19:18:04.260520,989,futex(0xb8892ed8, FUTEX_WAIT_PRIVATE, 0, NULL <unfinished ...>
19:18:04.285746,988,futex(0xb888aba0, FUTEX_WAIT_PRIVATE, 0, NULL <unfinished ...>
19:18:04.286367,987,futex(0xb888f7f0, FUTEX_WAIT_PRIVATE, 0, NULL <unfinished ...>
19:18:04.286727,61,select(24, [9 23], NULL, NULL, NULL) = 1 (in [23])
19:18:07.229862,61,ioctl(23, FIONREAD, [161]) = 0
19:18:07.231021,61,recvmsg(23, {msg_name(0)=NULL, msg_iov(1)=[{"7\n--runtime-init\n--setuid=10050\n"..., 4217}], msg_controllen=0, msg_flags=0}, MSG_NOSIGNAL) = 161
19:18:07.233266,61,ioctl(23, FIONREAD, [0]) = 0
19:18:07.234784,61,futex(0xb888f7f0, FUTEX_WAKE_PRIVATE, 1 <unfinished ...>
19:18:07.235114,987,<... futex resumed> ) = 0
19:18:07.235728,61,<... futex resumed> ) = 1
19:18:07.236042,987,futex(0xb888f7e0, FUTEX_WAIT_PRIVATE, 2, NULL <unfinished ...>
19:18:07.236495,61,futex(0xb888f7e0, FUTEX_WAKE_PRIVATE, 1 <unfinished ...>
19:18:07.236789,987,<... futex resumed> ) = -1 EAGAIN (Try again)
19:18:07.237122,61,<... futex resumed> ) = 0
19:18:07.237457,987,futex(0xb888f7e0, FUTEX_WAKE_PRIVATE, 1 <unfinished ...>
19:18:07.237662,61,futex(0xb875cda0, FUTEX_WAIT_PRIVATE, -152, NULL <unfinished ...>
19:18:07.249020,987,<... futex resumed> ) = 0
19:18:07.249660,987,futex(0xb875cda0, FUTEX_WAKE_PRIVATE, 1 <unfinished ...>
19:18:07.250591,61,<... futex resumed> ) = 0
19:18:07.250891,61,futex(0xb875cd90, FUTEX_WAIT_PRIVATE, 2, NULL <unfinished ...>
19:18:07.251285,987,<... futex resumed> ) = 1
19:18:07.251579,987,futex(0xb875cd90, FUTEX_WAKE_PRIVATE, 1 <unfinished ...>
19:18:07.251859,61,<... futex resumed> ) = 0
19:18:07.252153,61,futex(0xb875cd90, FUTEX_WAKE_PRIVATE, 1) = 0
19:18:07.252652,61,futex(0xb884e928, FUTEX_WAIT_PRIVATE, 2, NULL <unfinished ...>
19:18:07.252931,987,<... futex resumed> ) = 1
19:18:07.253238,987,futex(0xb884e928, FUTEX_WAKE_PRIVATE, 1 <unfinished ...>
19:18:07.254032,61,<... futex resumed> ) = 0
19:18:07.254333,61,futex(0xb884e928, FUTEX_WAKE_PRIVATE, 1) = 0
19:18:07.254822,61,futex(0xb888aba0, FUTEX_WAKE_PRIVATE, 1 <unfinished ...>
19:18:07.255114,988,<... futex resumed> ) = 0
19:18:07.255306,61,<... futex resumed> ) = 1
19:18:07.255625,988,futex(0xb888ab90, FUTEX_WAIT_PRIVATE, 2, NULL <unfinished ...>
19:18:07.255845,61,futex(0xb888ab90, FUTEX_WAKE_PRIVATE, 1 <unfinished ...>
19:18:07.256134,988,<... futex resumed> ) = -1 EAGAIN (Try again)
19:18:07.256328,61,<... futex resumed> ) = 0
19:18:07.256740,988,futex(0xb888ab90, FUTEX_WAKE_PRIVATE, 1 <unfinished ...>
19:18:07.256956,61,futex(0xb875cda0, FUTEX_WAIT_PRIVATE, -154, NULL <unfinished ...>
19:18:07.257246,988,<... futex resumed> ) = 0
19:18:07.257678,988,futex(0xb875cda0, FUTEX_WAKE_PRIVATE, 1) = 1
19:18:07.258084,61,<... futex resumed> ) = 0
19:18:07.258501,988,munmap(0xaf496000, 32768 <unfinished ...>
19:18:07.258793,61,futex(0xb8892ed8, FUTEX_WAKE_PRIVATE, 1 <unfinished ...>
19:18:07.259123,988,<... munmap resumed> ) = 0
19:18:07.259314,61,<... futex resumed> ) = 1
19:18:07.259674,989,<... futex resumed> ) = 0
19:18:07.259886,988,sigprocmask(SIG_SETMASK, ~[SEGV], <unfinished ...>
19:18:07.260836,61,futex(0xb875cda0, FUTEX_WAIT_PRIVATE, -156, NULL <unfinished ...>
19:18:07.261314,989,futex(0xb875cda0, FUTEX_WAKE_PRIVATE, 1 <unfinished ...>
19:18:07.261506,988,<... sigprocmask resumed> NULL) = 0
19:18:07.261743,61,<... futex resumed> ) = -1 EAGAIN (Try again)
19:18:07.262074,989,<... futex resumed> ) = 0
19:18:07.262286,988,munmap(0xaf396000, 1048576 <unfinished ...>
19:18:07.262500,61,futex(0xb875cd90, FUTEX_WAIT_PRIVATE, 2, NULL <unfinished ...>
19:18:07.262882,989,futex(0xb875cd90, FUTEX_WAKE_PRIVATE, 1 <unfinished ...>
19:18:07.263077,988,<... munmap resumed> ) = 0
19:18:07.263262,61,<... futex resumed> ) = -1 EAGAIN (Try again)
19:18:07.263582,989,<... futex resumed> ) = 0
19:18:07.263894,988,exit(0) = ?
19:18:07.278190,989,munmap(0xaf38e000, 32768) = 0
19:18:07.278783,989,sigprocmask(SIG_SETMASK, ~[SEGV], NULL) = 0
19:18:07.279317,989,munmap(0xaf28e000, 1048576) = 0
19:18:07.279898,989,exit(0) = ?
19:18:07.280533,987,<... futex resumed> ) = 1
19:18:07.280827,987,munmap(0xb0f07000, 32768) = 0
19:18:07.281317,987,sigprocmask(SIG_SETMASK, ~[SEGV], NULL) = 0
19:18:07.281789,987,munmap(0xaf49e000, 1048576) = 0
19:18:07.282271,987,exit(0) = ?
19:18:07.282818,61,futex(0xb875cd90, FUTEX_WAKE_PRIVATE, 1) = 0
19:18:07.283440,61,open("/proc/self/task", O_RDONLY|O_DIRECTORY) = 24
19:18:07.284635,61,getdents64(24, /* 3 entries */, 4200) = 72
19:18:07.285727,61,getdents64(24, /* 0 entries */, 4200) = 0
19:18:07.286209,61,close(24) = 0
19:18:07.286824,61,sigaction(SIGCHLD, {0xb68533dd, [], 0}, NULL, 0) = 0
19:18:07.287619,61,fork() = 1023
19:18:07.310739,61,mmap2(NULL, 32768, PROT_READ|PROT_WRITE, MAP_PRIVATE|MAP_ANONYMOUS, -1, 0) = 0xb0f07000
19:18:07.311482,61,madvise(0xb0f07000, 32768, 0xc /* MADV_??? */) = -1 EINVAL (Invalid argument)
19:18:07.312291,61,mmap2(NULL, 1048576, PROT_READ|PROT_WRITE, MAP_PRIVATE|MAP_ANONYMOUS|MAP_NORESERVE, -1, 0) = 0xaf49e000
19:18:07.312810,61,madvise(0xaf49e000, 1048576, 0xc /* MADV_??? */) = -1 EINVAL (Invalid argument)
19:18:07.313294,61,mprotect(0xaf49e000, 4096, PROT_NONE) = 0
19:18:07.313874,61,clone(child_stack=0xaf59df00, flags=CLONE_VM|CLONE_FS|CLONE_FILES|CLONE_SIGHAND|CLONE_THREAD|CLONE_SYSVSEM|0x400000) = 1024
19:18:07.316456,61,futex(0xb689b580, FUTEX_WAIT_PRIVATE, -324, NULL <unfinished ...>
19:18:07.316997,1023,gettid() = 1023
19:18:07.317562,1023,getuid32() = 0
19:18:07.318276,1023,open("/acct/uid/0/tasks", O_RDWR|O_CREAT, 0666) = 24
19:18:07.319306,1023,write(24, "0", 1) = 1
19:18:07.319983,1023,close(24) = 0
19:18:07.320740,1023,prctl(PR_SET_KEEPCAPS, 1) = 0
19:18:07.321435,1023,setgroups32(3, [3003, 1015, 1028]) = 0
19:18:07.322507,1023,setgid32(10050) = 0
19:18:07.323162,1023,open("/acct/uid/10050/tasks", O_RDWR|O_CREAT, 0666) = 24
19:18:07.323859,1023,write(24, "0", 1) = 1
19:18:07.324373,1023,close(24) = 0
19:18:07.324880,1023,setuid32(10050) = 0
19:18:07.325576,1023,personality(0xffffffff /* PER_??? */) = 8388608
19:18:07.337071,1024,set_tls(0xaf59df00, 0xb8778548, 0xaf59dffc, 0x40, 0xaf59df00) = 0
19:18:07.337755,1024,prctl(PR_SET_NAME, 0xaf59de8c, 0, 0, 0) = 0
19:18:07.338273,1024,gettid() = 1024
19:18:07.339039,1024,futex(0xb689b580, FUTEX_WAKE_PRIVATE, 2147483647) = 1
19:18:07.339512,1024,futex(0xb689b580, FUTEX_WAIT_PRIVATE, -326, NULL <unfinished ...>
19:18:07.339769,1023,personality(0x840000 /* PER_??? */) = 8388608
19:18:07.340254,1023,capset(0xbee6d794, 0xbee6d7a4) = 0
19:18:07.340780,1023,gettid() = 1023
19:18:07.341288,1023,access("/dev/cpuctl/tasks", F_OK) = 0
19:18:07.341941,1023,open("/dev/cpuctl/apps/tasks", O_WRONLY) = 24
19:18:07.342675,1023,open("/dev/cpuctl/apps/bg_non_interactive/tasks", O_WRONLY) = 25
19:18:07.343379,1023,futex(0xb6ef029c, FUTEX_WAKE_PRIVATE, 2147483647) = 0
19:18:07.343808,1023,write(24, "1023", 4) = 4
19:18:07.344261,61,<... futex resumed> ) = 0
19:18:07.344530,61,futex(0xb689b580, FUTEX_WAKE_PRIVATE, 2147483647 <unfinished ...>
19:18:07.344802,1024,<... futex resumed> ) = 0
19:18:07.345057,1024,futex(0xb689b57c, FUTEX_WAIT_PRIVATE, 2, NULL <unfinished ...>
19:18:07.345289,61,<... futex resumed> ) = 1
19:18:07.345542,61,futex(0xb689b57c, FUTEX_WAKE_PRIVATE, 1 <unfinished ...>
19:18:07.355044,1024,<... futex resumed> ) = 0
19:18:07.357884,1024,futex(0xb689b57c, FUTEX_WAKE_PRIVATE, 1) = 0
19:18:07.362630,1024,getpriority(PRIO_PROCESS, 1024) = 20
19:18:07.373807,1024,setpriority(PRIO_PROCESS, 1024, 0) = 0
19:18:07.375381,1024,sched_yield() = 0
19:18:07.375804,1024,nanosleep({0, 1000000}, <unfinished ...>
19:18:07.376247,1023,gettid( <unfinished ...>
19:18:07.376442,61,<... futex resumed> ) = 1
19:18:07.376937,61,mmap2(NULL, 32768, PROT_READ|PROT_WRITE, MAP_PRIVATE|MAP_ANONYMOUS, -1, 0) = 0xaf496000
19:18:07.377403,61,madvise(0xaf496000, 32768, 0xc /* MADV_??? */) = -1 EINVAL (Invalid argument)
19:18:07.377907,61,mmap2(NULL, 1048576, PROT_READ|PROT_WRITE, MAP_PRIVATE|MAP_ANONYMOUS|MAP_NORESERVE, -1, 0) = 0xaf396000
19:18:07.378358,61,madvise(0xaf396000, 1048576, 0xc /* MADV_??? */) = -1 EINVAL (Invalid argument)
19:18:07.378776,61,mprotect(0xaf396000, 4096, PROT_NONE) = 0
19:18:07.379244,61,clone( <unfinished ...>
19:18:07.380728,1024,<... nanosleep resumed> NULL) = 0
19:18:07.381185,1024,futex(0xb888aba0, FUTEX_WAIT_PRIVATE, 0, NULL <unfinished ...>
19:18:07.381427,61,<... clone resumed> child_stack=0xaf495f00, flags=CLONE_VM|CLONE_FS|CLONE_FILES|CLONE_SIGHAND|CLONE_THREAD|CLONE_SYSVSEM|0x400000) = 1025
19:18:07.381889,61,futex(0xb689b580, FUTEX_WAIT_PRIVATE, -328, NULL <unfinished ...>
19:18:07.382330,1025,set_tls(0xaf495f00, 0xb8773068, 0xaf495ffc, 0x40, 0xaf495f00) = 0
19:18:07.382880,1025,prctl(PR_SET_NAME, 0xaf495e8c, 0, 0, 0) = 0
19:18:07.383352,1025,gettid() = 1025
19:18:07.383934,1025,futex(0xb689b580, FUTEX_WAKE_PRIVATE, 2147483647 <unfinished ...>
19:18:07.384231,61,<... futex resumed> ) = 0
19:18:07.384492,61,futex(0xb689b57c, FUTEX_WAIT_PRIVATE, 2, NULL <unfinished ...>
19:18:07.384775,1025,<... futex resumed> ) = 1
19:18:07.385049,1025,futex(0xb689b57c, FUTEX_WAKE_PRIVATE, 1 <unfinished ...>
19:18:07.385322,61,<... futex resumed> ) = 0
19:18:07.385584,61,futex(0xb689b57c, FUTEX_WAKE_PRIVATE, 1) = 0
19:18:07.390867,61,futex(0xb689b580, FUTEX_WAKE_PRIVATE, 2147483647 <unfinished ...>
19:18:07.393909,1025,<... futex resumed> ) = 1
19:18:07.397011,1025,futex(0xb689b580, FUTEX_WAIT_PRIVATE, -330, NULL) = -1 EAGAIN (Try again)
19:18:07.410594,1025,futex(0xb689b57c, FUTEX_WAIT_PRIVATE, 2, NULL <unfinished ...>
19:18:07.410892,1023,<... gettid resumed> ) = 1023
19:18:07.411101,61,<... futex resumed> ) = 0
19:18:07.411368,61,futex(0xb689b57c, FUTEX_WAKE_PRIVATE, 1 <unfinished ...>
19:18:07.411627,1025,<... futex resumed> ) = 0
19:18:07.411885,1025,futex(0xb689b57c, FUTEX_WAKE_PRIVATE, 1) = 0
19:18:07.412529,1025,getpriority(PRIO_PROCESS, 1025) = 20
19:18:07.412944,1025,setpriority(PRIO_PROCESS, 1025, 0) = 0
19:18:07.413446,1025,sched_yield() = 0
19:18:07.413883,1025,nanosleep({0, 1000000}, <unfinished ...>
19:18:07.414198,61,<... futex resumed> ) = 1
19:18:07.414630,61,mmap2(NULL, 32768, PROT_READ|PROT_WRITE, MAP_PRIVATE|MAP_ANONYMOUS, -1, 0) = 0xaf38e000
19:18:07.415207,61,madvise(0xaf38e000, 32768, 0xc /* MADV_??? */) = -1 EINVAL (Invalid argument)
19:18:07.415690,61,mmap2(NULL, 1048576, PROT_READ|PROT_WRITE, MAP_PRIVATE|MAP_ANONYMOUS|MAP_NORESERVE, -1, 0) = 0xaf28e000
19:18:07.416182,61,madvise(0xaf28e000, 1048576, 0xc /* MADV_??? */) = -1 EINVAL (Invalid argument)
19:18:07.416603,61,mprotect(0xaf28e000, 4096, PROT_NONE) = 0
19:18:07.417233,61,clone( <unfinished ...>
19:18:07.417521,1025,<... nanosleep resumed> NULL) = 0
19:18:07.419489,61,<... clone resumed> child_stack=0xaf38df00, flags=CLONE_VM|CLONE_FS|CLONE_FILES|CLONE_SIGHAND|CLONE_THREAD|CLONE_SYSVSEM|0x400000) = 1026
19:18:07.419804,61,futex(0xb689b580, FUTEX_WAIT_PRIVATE, -332, NULL <unfinished ...>
19:18:07.420291,1026,set_tls(0xaf38df00, 0xb8849bb0, 0xaf38dffc, 0x40, 0xaf38df00) = 0
19:18:07.420827,1026,prctl(PR_SET_NAME, 0xaf38de8c, 0, 0, 0) = 0
19:18:07.421348,1026,gettid() = 1026
19:18:07.421852,1026,futex(0xb689b580, FUTEX_WAKE_PRIVATE, 2147483647 <unfinished ...>
19:18:07.424229,61,<... futex resumed> ) = 0
19:18:07.424513,61,futex(0xb689b57c, FUTEX_WAIT_PRIVATE, 2, NULL <unfinished ...>
19:18:07.425648,1026,<... futex resumed> ) = 1
19:18:07.425945,1026,futex(0xb689b57c, FUTEX_WAKE_PRIVATE, 1 <unfinished ...>
19:18:07.426228,61,<... futex resumed> ) = 0
19:18:07.426495,61,futex(0xb689b57c, FUTEX_WAKE_PRIVATE, 1) = 0
19:18:07.426912,61,futex(0xb689b580, FUTEX_WAKE_PRIVATE, 2147483647) = 0
19:18:07.427511,61,getpgid(0xe4) = 61
19:18:07.428000,61,setpgid(1023, 61) = 0
19:18:07.428588,61,sendmsg(23, {msg_name(0)=NULL, msg_iov(1)=[{"\0\0\3ÿ", 4}], msg_controllen=0, msg_flags=0}, MSG_NOSIGNAL) = 4
19:18:07.429530,61,sendmsg(23, {msg_name(0)=NULL, msg_iov(1)=[{"\0", 1}], msg_controllen=0, msg_flags=0}, MSG_NOSIGNAL) = 1
19:18:07.430326,61,select(24, [9 23], NULL, NULL, NULL <unfinished ...>
19:18:07.430681,1026,<... futex resumed> ) = 1
19:18:07.430962,1026,futex(0xb689b580, FUTEX_WAIT_PRIVATE, -334, NULL) = -1 EAGAIN (Try again)
19:18:07.431439,1026,getpriority(PRIO_PROCESS, 1026) = 20
19:18:07.431888,1026,setpriority(PRIO_PROCESS, 1026, 0) = 0
19:18:07.432444,1026,futex(0xb8892ed8, FUTEX_WAIT_PRIVATE, 0, NULL <unfinished ...>
19:18:07.433130,1025,futex(0xb888f7f0, FUTEX_WAIT_PRIVATE, 0, NULL <unfinished ...>
19:18:07.433509,1023,prctl(PR_SET_DUMPABLE, 1) = 0
19:18:07.437461,1023,setrlimit(RLIMIT_CORE, {rlim_cur=0, rlim_max=RLIM64_INFINITY}) = 0
19:18:07.457304,1023,sigaction(SIGCHLD, {SIG_DFL, , NULL, 0) = 0
19:18:07.465841,1023,clock_gettime(CLOCK_MONOTONIC, {105, 751248272}) = 0
19:18:07.467753,1023,mmap2(NULL, 1048576, PROT_READ|PROT_WRITE, MAP_PRIVATE|MAP_ANONYMOUS|MAP_NORESERVE, -1, 0) = 0xaf49e000
19:18:07.471364,1023,madvise(0xaf49e000, 1048576, 0xc /* MADV_??? */) = -1 EINVAL (Invalid argument)
19:18:07.472977,1023,mprotect(0xaf49e000, 4096, PROT_NONE) = 0
19:18:07.477420,1023,clone(child_stack=0xaf59df00, flags=CLONE_VM|CLONE_FS|CLONE_FILES|CLONE_SIGHAND|CLONE_THREAD|CLONE_SYSVSEM|0x400000) = 1027
19:18:07.483553,1023,futex(0xb689b580, FUTEX_WAIT_PRIVATE, -324, NULL <unfinished ...>
19:18:07.556227,1027,set_tls(0xaf59df00, 0xb8778548, 0xaf59dffc, 0x40, 0xaf59df00) = 0
19:18:07.556771,1027,prctl(PR_SET_NAME, 0xaf59deac, 0, 0, 0) = 0
19:18:07.557511,1027,mmap2(NULL, 32768, PROT_READ|PROT_WRITE, MAP_PRIVATE|MAP_ANONYMOUS, -1, 0) = 0xaf496000
19:18:07.558040,1027,madvise(0xaf496000, 32768, 0xc /* MADV_??? */) = -1 EINVAL (Invalid argument)
19:18:07.558601,1027,gettid() = 1027
19:18:07.560348,1027,getpriority(PRIO_PROCESS, 0) = 20
19:18:07.561805,1027,futex(0xb689b580, FUTEX_WAKE_PRIVATE, 2147483647 <unfinished ...>
19:18:07.562139,1023,<... futex resumed> ) = 0
19:18:07.562447,1023,futex(0xb689b57c, FUTEX_WAIT_PRIVATE, 2, NULL <unfinished ...>
19:18:07.562740,1027,<... futex resumed> ) = 1
19:18:07.563038,1027,futex(0xb689b57c, FUTEX_WAKE_PRIVATE, 1 <unfinished ...>
19:18:07.563338,1023,<... futex resumed> ) = 0
19:18:07.563638,1023,futex(0xb689b57c, FUTEX_WAKE_PRIVATE, 1) = 0
19:18:07.564587,1023,clock_gettime(CLOCK_MONOTONIC, {105, 849520850}) = 0
19:18:07.565164,1023,clock_gettime(CLOCK_MONOTONIC, {105, 850092180}) = 0
19:18:07.565945,1023,mmap2(NULL, 1048576, PROT_READ|PROT_WRITE, MAP_PRIVATE|MAP_ANONYMOUS|MAP_NORESERVE, -1, 0) = 0xaf396000
19:18:07.566487,1023,madvise(0xaf396000, 1048576, 0xc /* MADV_??? */) = -1 EINVAL (Invalid argument)
19:18:07.566994,1023,mprotect(0xaf396000, 4096, PROT_NONE) = 0
19:18:07.567548,1023,clone(child_stack=0xaf495f00, flags=CLONE_VM|CLONE_FS|CLONE_FILES|CLONE_SIGHAND|CLONE_THREAD|CLONE_SYSVSEM|0x400000) = 1028
19:18:07.569386,1023,futex(0xb689b580, FUTEX_WAIT_PRIVATE, -326, NULL <unfinished ...>
19:18:07.569682,1027,<... futex resumed> ) = 1
19:18:07.570117,1027,futex(0xb875a9a8, FUTEX_WAIT_PRIVATE, 0, NULL <unfinished ...>
19:18:07.570547,1028,set_tls(0xaf495f00, 0xb8773068, 0xaf495ffc, 0x40, 0xaf495f00) = 0
19:18:07.571018,1028,prctl(PR_SET_NAME, 0xaf495eac, 0, 0, 0) = 0
19:18:07.571509,1028,mmap2(NULL, 32768, PROT_READ|PROT_WRITE, MAP_PRIVATE|MAP_ANONYMOUS, -1, 0) = 0xaf38e000
19:18:07.572001,1028,madvise(0xaf38e000, 32768, 0xc /* MADV_??? */) = -1 EINVAL (Invalid argument)
19:18:07.572485,1028,gettid() = 1028
19:18:07.573240,1028,getpriority(PRIO_PROCESS, 0) = 20
19:18:07.573806,1028,futex(0xb689b580, FUTEX_WAKE_PRIVATE, 2147483647 <unfinished ...>
19:18:07.574117,1023,<... futex resumed> ) = 0
19:18:07.574409,1023,futex(0xb689b57c, FUTEX_WAIT_PRIVATE, 2, NULL <unfinished ...>
19:18:07.574739,1028,<... futex resumed> ) = 1
19:18:07.575024,1028,futex(0xb689b57c, FUTEX_WAKE_PRIVATE, 1 <unfinished ...>
19:18:07.575313,1023,<... futex resumed> ) = 0
19:18:07.575604,1023,futex(0xb689b57c, FUTEX_WAKE_PRIVATE, 1) = 0
19:18:07.576112,1023,clock_gettime(CLOCK_MONOTONIC, {105, 861034346}) = 0
19:18:07.576653,1023,clock_gettime(CLOCK_MONOTONIC, {105, 861573561}) = 0
19:18:07.577598,1023,mmap2(NULL, 1048576, PROT_READ|PROT_WRITE, MAP_PRIVATE|MAP_ANONYMOUS|MAP_NORESERVE, -1, 0 <unfinished ...>
19:18:07.586886,1028,<... futex resumed> ) = 1
19:18:07.588150,1023,<... mmap2 resumed> ) = 0xaf28e000
19:18:07.588478,1023,madvise(0xaf28e000, 1048576, 0xc /* MADV_??? */) = -1 EINVAL (Invalid argument)
19:18:07.589001,1023,mprotect(0xaf28e000, 4096, PROT_NONE) = 0
19:18:07.589593,1023,clone(child_stack=0xaf38df00, flags=CLONE_VM|CLONE_FS|CLONE_FILES|CLONE_SIGHAND|CLONE_THREAD|CLONE_SYSVSEM|0x400000) = 1029
19:18:07.593437,1023,futex(0xb689b580, FUTEX_WAIT_PRIVATE, -328, NULL <unfinished ...>
19:18:07.594405,1028,rt_sigtimedwait([QUIT USR1 RT_7 RT_15 RT_20 RT_21 RT_22 RT_23 RT_24 RT_26 RT_27 RT_29 RT_30], NULL, NULL, 8 <unfinished ...>
19:18:07.608278,1029,set_tls(0xaf38df00, 0xb8849bb0, 0xaf38dffc, 0x40, 0xaf38df00) = 0
19:18:07.608798,1029,prctl(PR_SET_NAME, 0xaf38deac, 0, 0, 0) = 0
19:18:07.610191,1029,mmap2(NULL, 32768, PROT_READ|PROT_WRITE, MAP_PRIVATE|MAP_ANONYMOUS, -1, 0) = 0xaf286000
19:18:07.610777,1029,madvise(0xaf286000, 32768, 0xc /* MADV_??? */) = -1 EINVAL (Invalid argument)
19:18:07.611267,1029,gettid() = 1029
19:18:07.611958,1029,getpriority(PRIO_PROCESS, 0) = 20
19:18:07.612534,1029,futex(0xb689b580, FUTEX_WAKE_PRIVATE, 2147483647 <unfinished ...>
19:18:07.612845,1023,<... futex resumed> ) = 0
19:18:07.613145,1023,futex(0xb689b57c, FUTEX_WAIT_PRIVATE, 2, NULL <unfinished ...>
19:18:07.613425,1029,<... futex resumed> ) = 1
19:18:07.613709,1029,futex(0xb689b57c, FUTEX_WAKE_PRIVATE, 1 <unfinished ...>
19:18:07.613992,1023,<... futex resumed> ) = 0
19:18:07.614290,1023,futex(0xb689b57c, FUTEX_WAKE_PRIVATE, 1) = 0
19:18:07.614768,1023,futex(0xb884d83c, FUTEX_WAIT_PRIVATE, 0, NULL <unfinished ...>
19:18:07.615043,1029,<... futex resumed> ) = 1
19:18:07.630359,1029,futex(0xb884d83c, FUTEX_WAKE_PRIVATE, 2147483647) = 1
19:18:07.630851,1023,<... futex resumed> ) = 0
19:18:07.631153,1023,futex(0xb884d838, FUTEX_WAIT_PRIVATE, 2, NULL <unfinished ...>
19:18:07.631468,1029,futex(0xb884d838, FUTEX_WAKE_PRIVATE, 1) = 1
19:18:07.631915,1023,<... futex resumed> ) = 0
19:18:07.632214,1023,futex(0xb884d838, FUTEX_WAKE_PRIVATE, 1) = 0
19:18:07.632692,1023,clock_gettime(CLOCK_MONOTONIC, {105, 917614848}) = 0
19:18:07.634414,1023,mmap2(NULL, 32768, PROT_READ|PROT_WRITE, MAP_PRIVATE|MAP_ANONYMOUS, -1, 0) = 0xaf27e000
19:18:07.651616,1023,madvise(0xaf27e000, 32768, 0xc /* MADV_??? */ <unfinished ...>
19:18:07.651902,1029,socket(PF_UNIX, SOCK_STREAM, 0 <unfinished ...>
19:18:07.652405,1023,<... madvise resumed> ) = -1 EINVAL (Invalid argument)
19:18:07.652742,1029,<... socket resumed> ) = 26
19:18:07.653128,1023,mmap2(NULL, 1048576, PROT_READ|PROT_WRITE, MAP_PRIVATE|MAP_ANONYMOUS|MAP_NORESERVE, -1, 0 <unfinished ...>
19:18:07.653443,1029,pipe( <unfinished ...>
19:18:07.653765,1023,<... mmap2 resumed> ) = 0xad2f1000
19:18:07.654058,1029,<... pipe resumed> [27, 28]) = 0
19:18:07.654451,1023,madvise(0xad2f1000, 1048576, 0xc /* MADV_??? */ <unfinished ...>
19:18:07.654747,1029,getpid( <unfinished ...>
19:18:07.655110,1023,<... madvise resumed> ) = -1 EINVAL (Invalid argument)
19:18:07.655374,1029,<... getpid resumed> ) = 1023
19:18:07.655732,1023,mprotect(0xad2f1000, 4096, PROT_NONE <unfinished ...>
19:18:07.656119,1029,connect(26, {sa_family=AF_UNIX, path=@"jdwp-control"...}, 15 <unfinished ...>
19:18:07.656807,1023,<... mprotect resumed> ) = 0
19:18:07.657706,1023,clone( <unfinished ...>
19:18:07.657966,1029,<... connect resumed> ) = 0
19:18:07.671024,1029,getsockopt(26, SOL_SOCKET, SO_PEERCRED, <unfinished ...>
19:18:07.671432,1023,<... clone resumed> child_stack=0xad3f0f00, flags=CLONE_VM|CLONE_FS|CLONE_FILES|CLONE_SIGHAND|CLONE_THREAD|CLONE_SYSVSEM|0x400000) = 1030
19:18:07.671750,1029,<... getsockopt resumed> {pid=68, uid=0, gid=0}, [12]) = 0
19:18:07.672329,1023,futex(0xb689b580, FUTEX_WAIT_PRIVATE, -330, NULL <unfinished ...>
19:18:07.672644,1029,sendto(26, "03ff", 4, 0, NULL, 0) = 4
19:18:07.673748,1029,recvmsg(26, <unfinished ...>
19:18:07.687162,1030,set_tls(0xad3f0f00, 0xb8855d00, 0xad3f0ffc, 0x40, 0xad3f0f00) = 0
19:18:07.688027,1030,prctl(PR_SET_NAME, 0xad3f0e8c, 0, 0, 0) = 0
19:18:07.688540,1030,gettid() = 1030
19:18:07.689184,1030,futex(0xb689b580, FUTEX_WAKE_PRIVATE, 2147483647 <unfinished ...>
19:18:07.689497,1023,<... futex resumed> ) = 0
19:18:07.689796,1023,futex(0xb689b57c, FUTEX_WAIT_PRIVATE, 2, NULL <unfinished ...>
19:18:07.690113,1030,<... futex resumed> ) = 1
19:18:07.690398,1030,futex(0xb689b57c, FUTEX_WAKE_PRIVATE, 1 <unfinished ...>
19:18:07.690685,1023,<... futex resumed> ) = 0
19:18:07.690981,1023,futex(0xb689b57c, FUTEX_WAKE_PRIVATE, 1) = 0
19:18:07.691468,1023,futex(0xb689b580, FUTEX_WAKE_PRIVATE, 2147483647) = 0
19:18:07.692304,1023,mmap2(NULL, 32768, PROT_READ|PROT_WRITE, MAP_PRIVATE|MAP_ANONYMOUS, -1, 0) = 0xad2e9000
19:18:07.692968,1023,madvise(0xad2e9000, 32768, 0xc /* MADV_??? */) = -1 EINVAL (Invalid argument)
19:18:07.693499,1023,mmap2(NULL, 1048576, PROT_READ|PROT_WRITE, MAP_PRIVATE|MAP_ANONYMOUS|MAP_NORESERVE, -1, 0) = 0xad1e9000
19:18:07.694040,1023,madvise(0xad1e9000, 1048576, 0xc /* MADV_??? */) = -1 EINVAL (Invalid argument)
19:18:07.694562,1023,mprotect(0xad1e9000, 4096, PROT_NONE) = 0
19:18:07.695127,1023,clone(child_stack=0xad2e8f00, flags=CLONE_VM|CLONE_FS|CLONE_FILES|CLONE_SIGHAND|CLONE_THREAD|CLONE_SYSVSEM|0x400000) = 1031
19:18:07.697384,1023,futex(0xb689b580, FUTEX_WAIT_PRIVATE, -334, NULL <unfinished ...>
19:18:07.697714,1030,<... futex resumed> ) = 1
19:18:07.698006,1030,futex(0xb689b580, FUTEX_WAIT_PRIVATE, -332, NULL) = -1 EAGAIN (Try again)
19:18:07.698511,1030,getpriority(PRIO_PROCESS, 1030) = 20
19:18:07.698983,1030,setpriority(PRIO_PROCESS, 1030, 0) = 0
19:18:07.699689,1030,futex(0xb8859788, FUTEX_WAIT_PRIVATE, 0, NULL <unfinished ...>
19:18:07.700145,1031,set_tls(0xad2e8f00, 0xb8870c58, 0xad2e8ffc, 0x40, 0xad2e8f00) = 0
19:18:07.700645,1031,prctl(PR_SET_NAME, 0xad2e8e8c, 0, 0, 0) = 0
19:18:07.701148,1031,gettid() = 1031
19:18:07.701635,1031,futex(0xb689b580, FUTEX_WAKE_PRIVATE, 2147483647 <unfinished ...>
19:18:07.701950,1023,<... futex resumed> ) = 0
19:18:07.702254,1023,futex(0xb689b57c, FUTEX_WAIT_PRIVATE, 2, NULL <unfinished ...>
19:18:07.703143,1031,<... futex resumed> ) = 1
19:18:07.703442,1031,futex(0xb689b57c, FUTEX_WAKE_PRIVATE, 1 <unfinished ...>
19:18:07.703740,1023,<... futex resumed> ) = 0
19:18:07.704041,1023,futex(0xb689b57c, FUTEX_WAKE_PRIVATE, 1) = 0
19:18:07.704536,1023,futex(0xb689b580, FUTEX_WAKE_PRIVATE, 2147483647) = 0
19:18:07.705474,1023,mmap2(NULL, 32768, PROT_READ|PROT_WRITE, MAP_PRIVATE|MAP_ANONYMOUS, -1, 0) = 0xad1e1000
19:18:07.706010,1023,madvise(0xad1e1000, 32768, 0xc /* MADV_??? */) = -1 EINVAL (Invalid argument)
19:18:07.717305,1031,<... futex resumed> ) = 1
19:18:07.717583,1023,mmap2(NULL, 1048576, PROT_READ|PROT_WRITE, MAP_PRIVATE|MAP_ANONYMOUS|MAP_NORESERVE, -1, 0 <unfinished ...>
19:18:07.717932,1031,futex(0xb689b580, FUTEX_WAIT_PRIVATE, -336, NULL <unfinished ...>
19:18:07.718253,1023,<... mmap2 resumed> ) = 0xad0e1000
19:18:07.718536,1031,<... futex resumed> ) = -1 EAGAIN (Try again)
19:18:07.718858,1023,madvise(0xad0e1000, 1048576, 0xc /* MADV_??? */ <unfinished ...>
19:18:07.719193,1031,getpriority(PRIO_PROCESS, 1031 <unfinished ...>
19:18:07.719481,1023,<... madvise resumed> ) = -1 EINVAL (Invalid argument)
19:18:07.719763,1031,<... getpriority resumed> ) = 20
19:18:07.720081,1023,mprotect(0xad0e1000, 4096, PROT_NONE <unfinished ...>
19:18:07.720388,1031,setpriority(PRIO_PROCESS, 1031, 0 <unfinished ...>
19:18:07.720692,1023,<... mprotect resumed> ) = 0
19:18:07.720974,1031,<... setpriority resumed> ) = 0
19:18:07.721344,1023,clone( <unfinished ...>
19:18:07.721758,1031,futex(0xb8874260, FUTEX_WAIT_PRIVATE, 0, NULL <unfinished ...>
19:18:07.725383,1023,<... clone resumed> child_stack=0xad1e0f00, flags=CLONE_VM|CLONE_FS|CLONE_FILES|CLONE_SIGHAND|CLONE_THREAD|CLONE_SYSVSEM|0x400000) = 1032
19:18:07.738626,1023,futex(0xb689b580, FUTEX_WAIT_PRIVATE, -338, NULL <unfinished ...>
19:18:07.795834,1032,set_tls(0xad1e0f00, 0xb889bd58, 0xad1e0ffc, 0x40, 0xad1e0f00) = 0
19:18:07.796414,1032,prctl(PR_SET_NAME, 0xad1e0e8c, 0, 0, 0) = 0
19:18:07.797302,1032,gettid() = 1032
19:18:07.797919,1032,futex(0xb689b580, FUTEX_WAKE_PRIVATE, 2147483647 <unfinished ...>
19:18:07.798248,1023,<... futex resumed> ) = 0
19:18:07.798553,1023,futex(0xb689b57c, FUTEX_WAIT_PRIVATE, 2, NULL <unfinished ...>
19:18:07.798840,1032,<... futex resumed> ) = 1
19:18:07.799138,1032,futex(0xb689b57c, FUTEX_WAKE_PRIVATE, 1 <unfinished ...>
19:18:07.799432,1023,<... futex resumed> ) = 0
19:18:07.799734,1023,futex(0xb689b57c, FUTEX_WAKE_PRIVATE, 1) = 0
19:18:07.800231,1023,futex(0xb689b580, FUTEX_WAKE_PRIVATE, 2147483647) = 0
19:18:07.802160,1023,close(23) = 0
19:18:07.803093,1023,close(9) = 0
19:18:07.804797,1023,open("/dev/binder", O_RDWR <unfinished ...>
19:18:07.805401,1032,<... futex resumed> ) = 1
19:18:07.805714,1032,futex(0xb689b580, FUTEX_WAIT_PRIVATE, -340, NULL) = -1 EAGAIN (Try again)
19:18:07.806261,1032,getpriority(PRIO_PROCESS, 1032) = 20
19:18:07.806742,1032,setpriority(PRIO_PROCESS, 1032, 0) = 0
19:18:07.807350,1032,futex(0xb887a5b8, FUTEX_WAIT_PRIVATE, 0, NULL <unfinished ...>
19:18:07.817895,1023,<... open resumed> ) = 9
19:18:07.824329,1023,fcntl64(9, F_SETFD, FD_CLOEXEC) = 0
19:18:07.826680,1023,ioctl(9, 0xc0046209, 0xbee6d638) = 0
19:18:07.827394,1023,ioctl(9, 0x40046205, 0xbee6d63c) = 0
19:18:07.827957,1023,mmap2(NULL, 1040384, PROT_READ, MAP_PRIVATE|MAP_NORESERVE, 9, 0) = 0xacfe3000
19:18:07.828600,1023,madvise(0xacfe3000, 1040384, 0xc /* MADV_??? */) = -1 EINVAL (Invalid argument)
19:18:07.829158,1023,prctl(PR_SET_NAME, 0xb8859851, 0, 0, 0) = 0
19:18:07.829690,1023,open("/sys/qemu_trace/process_name", O_RDWR) = 23
19:18:07.830498,1023,write(23, "com.igamepower.appmaster\0", 25) = 25
19:18:07.831217,1023,close(23) = 0
19:18:08.021057,1023,mmap2(NULL, 1048576, PROT_READ|PROT_WRITE, MAP_PRIVATE|MAP_ANONYMOUS|MAP_NORESERVE, -1, 0) = 0xacee3000
19:18:08.048269,1023,madvise(0xacee3000, 1048576, 0xc /* MADV_??? */) = -1 EINVAL (Invalid argument)
19:18:08.050180,1023,mprotect(0xacee3000, 4096, PROT_NONE) = 0
19:18:08.052155,1023,clone(child_stack=0xacfe2f00, flags=CLONE_VM|CLONE_FS|CLONE_FILES|CLONE_SIGHAND|CLONE_THREAD|CLONE_SYSVSEM|0x400000) = 1035
19:18:08.058882,1023,writev(3, [{"\4", 1}, {"dalvikvm\0", 9}, {"Turning on JNI app bug workaroun"..., 63}], 3) = 73
19:18:08.062476,1023,prctl(PR_SET_NAME, 0xb8830402, 0, 0, 0) = 0
19:18:08.063281,1023,open("/sys/qemu_trace/process_name", O_RDWR) = 23
19:18:08.064211,1023,write(23, "<pre-initialized>\0", 18) = 18
19:18:08.064864,1023,close(23) = 0
19:18:08.066655,1023,futex(0xb6edf0c0, FUTEX_WAKE_PRIVATE, 2147483647) = 0
19:18:08.067286,1023,pipe([23, 29]) = 0
19:18:08.067891,1023,fcntl64(23, F_SETFL, O_RDONLY|O_NONBLOCK) = 0
19:18:08.068813,1023,fcntl64(29, F_SETFL, O_RDONLY|O_NONBLOCK) = 0
19:18:08.069335,1023,epoll_create(0x8) = 30
19:18:08.070300,1023,epoll_ctl(0x1e, 0x1, 0x17, 0xbee6d300) = 0
19:18:08.075957,1035,set_tls(0xacfe2f00, 0xb8832a70, 0xacfe2ffc, 0x40, 0xacfe2f00) = 0
19:18:08.076539,1035,futex(0xb6f62698, FUTEX_WAIT_PRIVATE, 2, NULL <unfinished ...>
19:18:08.106832,1023,futex(0xb6f62698, FUTEX_WAKE_PRIVATE, 1 <unfinished ...>
19:18:08.107207,1035,<... futex resumed> ) = 0
19:18:08.107536,1035,futex(0xb6f62698, FUTEX_WAKE_PRIVATE, 1) = 0
19:18:08.107976,1035,setpriority(PRIO_PROCESS, 0, 0) = 0
19:18:08.108821,1035,futex(0xb6edf0b0, FUTEX_WAKE_PRIVATE, 2147483647) = 0
19:18:08.109377,1035,gettid() = 1035
19:18:08.109815,1035,write(24, "1035", 4) = 4
19:18:08.110408,1035,prctl(PR_SET_NAME, 0xb882d390, 0, 0, 0) = 0
19:18:08.110977,1035,mmap2(NULL, 32768, PROT_READ|PROT_WRITE, MAP_PRIVATE|MAP_ANONYMOUS, -1, 0) = 0xacedb000
19:18:08.111525,1035,madvise(0xacedb000, 32768, 0xc /* MADV_??? */) = -1 EINVAL (Invalid argument)
19:18:08.112153,1035,gettid() = 1035
19:18:08.112814,1035,getpriority(PRIO_PROCESS, 0) = 20
19:18:08.113417,1035,gettid() = 1035
19:18:08.113948,1035,gettid() = 1035
19:18:08.114513,1035,getpid() = 1023
19:18:08.114989,1035,getuid32() = 10050
19:18:08.115655,1023,<... futex resumed> ) = 1
19:18:08.116173,1023,gettid() = 1023
19:18:08.116633,1023,getpid() = 1023
19:18:08.117181,1023,getuid32() = 10050
19:18:08.119592,1023,getpid() = 1023
19:18:08.120111,1023,gettid() = 1023
19:18:08.120601,1023,clock_gettime(CLOCK_MONOTONIC, {106, 405521828}) = 0
19:18:08.121231,1023,ioctl(9, 0xc0186201, 0xbee6d1f0) = 0
19:18:08.122024,1023,clock_gettime(CLOCK_MONOTONIC, {106, 406984000}) = 0
19:18:08.123558,1023,getpid() = 1023
19:18:08.124829,1023,gettid() = 1023
19:18:08.125390,1023,clock_gettime(CLOCK_MONOTONIC, {106, 410367602}) = 0
19:18:08.151474,1023,ioctl(9, 0xc0186201 <unfinished ...>
19:18:08.151743,1035,write(24, "1035", 4 <unfinished ...>
19:18:08.152384,1023,<... ioctl resumed> , 0xbee6d1f0) = 0
19:18:08.159998,1023,ioctl(9, 0xc0186201 <unfinished ...>
19:18:08.177574,1035,<... write resumed> ) = 4
19:18:08.177981,1035,ioctl(9, 0xc0186201, 0xacfe2e28) = 0
19:18:08.178555,1035,mmap2(NULL, 1048576, PROT_READ|PROT_WRITE, MAP_PRIVATE|MAP_ANONYMOUS|MAP_NORESERVE, -1, 0) = 0xacddb000
19:18:08.179036,1035,madvise(0xacddb000, 1048576, 0xc /* MADV_??? */) = -1 EINVAL (Invalid argument)
19:18:08.179522,1035,mprotect(0xacddb000, 4096, PROT_NONE) = 0
19:18:08.180018,1035,clone(child_stack=0xacedaf00, flags=CLONE_VM|CLONE_FS|CLONE_FILES|CLONE_SIGHAND|CLONE_THREAD|CLONE_SYSVSEM|0x400000) = 1036
19:18:08.182938,1035,write(24, "1035", 4) = 4
19:18:08.183559,1035,getpriority(PRIO_PROCESS, 1035) = 20
19:18:08.187350,1036,set_tls(0xacedaf00, 0xb8817120, 0xacedaffc, 0x40, 0xacedaf00) = 0
19:18:08.187850,1036,setpriority(PRIO_PROCESS, 0, 0) = 0
19:18:08.188350,1036,gettid() = 1036
19:18:08.188804,1036,write(24, "1036", 4) = 4
19:18:08.189407,1036,prctl(PR_SET_NAME, 0xb8870f20, 0, 0, 0) = 0
19:18:08.190048,1036,mmap2(NULL, 32768, PROT_READ|PROT_WRITE, MAP_PRIVATE|MAP_ANONYMOUS, -1, 0) = 0xacdd3000
19:18:08.190585,1036,madvise(0xacdd3000, 32768, 0xc /* MADV_??? */) = -1 EINVAL (Invalid argument)
19:18:08.191141,1036,gettid() = 1036
19:18:08.191758,1036,getpriority(PRIO_PROCESS, 0) = 20
19:18:08.192360,1036,gettid() = 1036
19:18:08.192825,1036,gettid() = 1036
19:18:08.193317,1036,getpid() = 1023
19:18:08.193796,1036,getuid32() = 10050
19:18:08.194393,1036,write(24, "1036", 4) = 4
19:18:08.194901,1036,ioctl(9, 0xc0186201, 0xacedae28) = 0
19:18:08.195449,1036,mmap2(NULL, 1048576, PROT_READ|PROT_WRITE, MAP_PRIVATE|MAP_ANONYMOUS|MAP_NORESERVE, -1, 0) = 0xaccd3000
19:18:08.195921,1036,madvise(0xaccd3000, 1048576, 0xc /* MADV_??? */) = -1 EINVAL (Invalid argument)
19:18:08.196409,1036,mprotect(0xaccd3000, 4096, PROT_NONE) = 0
19:18:08.196894,1036,clone(child_stack=0xacdd2f00, flags=CLONE_VM|CLONE_FS|CLONE_FILES|CLONE_SIGHAND|CLONE_THREAD|CLONE_SYSVSEM|0x400000) = 1037
19:18:08.199532,1036,write(24, "1036", 4) = 4
19:18:08.200176,1036,ioctl(9, 0xc0186201 <unfinished ...>
19:18:08.210794,1037,set_tls(0xacdd2f00, 0xb8834188, 0xacdd2ffc, 0x40, 0xacdd2f00) = 0
19:18:08.211368,1037,setpriority(PRIO_PROCESS, 0, 0) = 0
19:18:08.211843,1037,gettid() = 1037
19:18:08.212371,1037,write(24, "1037", 4) = 4
19:18:08.212978,1037,prctl(PR_SET_NAME, 0xb8778d70, 0, 0, 0) = 0
19:18:08.213524,1037,mmap2(NULL, 32768, PROT_READ|PROT_WRITE, MAP_PRIVATE|MAP_ANONYMOUS, -1, 0) = 0xacccb000
19:18:08.214029,1037,madvise(0xacccb000, 32768, 0xc /* MADV_??? */) = -1 EINVAL (Invalid argument)
19:18:08.214569,1037,gettid() = 1037
19:18:08.215277,1037,getpriority(PRIO_PROCESS, 0) = 20
19:18:08.215857,1037,gettid() = 1037
19:18:08.227446,1035,clock_gettime(CLOCK_MONOTONIC, <unfinished ...>
19:18:08.240532,1037,gettid( <unfinished ...>
19:18:08.240781,1035,<... clock_gettime resumed> {106, 512440538}) = 0
19:18:08.246778,1037,<... gettid resumed> ) = 1037
19:18:08.247335,1037,getpid() = 1023
19:18:08.247828,1037,getuid32() = 10050
19:18:08.248431,1037,write(24, "1037", 4) = 4
19:18:08.249026,1037,ioctl(9, 0xc0186201, 0xacdd2e28) = 0
19:18:08.250138,1037,write(24, "1037", 4) = 4
19:18:08.250662,1037,ioctl(9, 0xc0186201 <unfinished ...>
19:18:08.271692,1035,clock_gettime(CLOCK_MONOTONIC, {106, 556686323}) = 0
19:18:08.272500,1035,write(24, "1035", 4) = 4
19:18:08.273145,1035,ioctl(9, 0xc0186201, 0xacfe2e28) = 0
19:18:08.273637,1035,write(24, "1035", 4) = 4
19:18:08.274198,1035,getpriority(PRIO_PROCESS, 1035) = 20
19:18:08.286219,1023,<... ioctl resumed> , 0xbee6d1f0) = 0
19:18:08.286569,1023,clock_gettime(CLOCK_MONOTONIC, {106, 571489794}) = 0
19:18:08.287170,1023,getpid() = 1023
19:18:08.288395,1023,open("/proc/1023/cmdline", O_RDONLY) = 31
19:18:08.302604,1023,fstat64(31, {st_mode=S_IFREG|0444, st_size=0, ...}) = 0
19:18:08.304204,1023,mprotect(0xb6584000, 4096, PROT_READ|PROT_WRITE) = 0
19:18:08.304729,1023,mprotect(0xb6584000, 4096, PROT_READ) = 0
19:18:08.305330,1023,read(31, "<pre-initialized>\0\0\0\0\0\0\0\0\0\0\0\0\0\0\0"..., 1024) = 76
19:18:08.306287,1023,close(31) = 0
19:18:08.306800,1023,ioctl(9, 0xc0186201, 0xbee6c110) = 0
19:18:08.307899,1023,ioctl(9, 0xc0186201, 0xbee6c110) = 0
19:18:08.320126,1023,writev(5, [{"$Ë\0\0", 4}, {"\3\5\2\34\0\0\0android.app.IActivityMana"..., 73}], 2) = 77
19:18:08.322238,1023,mprotect(0xb163d000, 8192, PROT_READ|PROT_WRITE) = 0
19:18:08.325398,1023,getpid() = 1023
19:18:08.325944,1023,getuid32() = 10050
19:18:08.389719,1023,getpid() = 1023
19:18:08.390561,1023,getuid32() = 10050
19:18:08.394484,1023,epoll_wait(0x1e, 0xbee6d1f8, 0x10, 0) = 0
19:18:08.395092,1023,clock_gettime(CLOCK_MONOTONIC, {106, 680026287}) = 0
19:18:08.396942,1023,open("/sys/kernel/debug/tracing/trace_marker", O_WRONLY) = -1 ENOENT (No such file or directory)
19:18:08.397810,1023,writev(3, [{"\6", 1}, {"Trace\0", 6}, {"error opening trace file: No suc"..., 56}], 3) = 63
19:18:08.399713,1023,getpid() = 1023
19:18:08.400282,1023,getuid32() = 10050
19:18:08.404604,1023,epoll_wait(0x1e, 0xbee6d1f8, 0x10, 0) = 0
19:18:08.405220,1023,clock_gettime(CLOCK_MONOTONIC, {106, 690145812}) = 0
19:18:08.406208,1023,prctl(PR_SET_NAME, 0xb8861d79, 0, 0, 0) = 0
19:18:08.406722,1023,open("/sys/qemu_trace/process_name", O_RDWR) = 31
19:18:08.407536,1023,write(31, "com.igamepower.appmaster\0", 25) = 25
19:18:08.417044,1023,close(31) = 0
19:18:08.421943,1023,ioctl(9, 0xc0186201, 0xbee6d0c8) = 0
19:18:08.423115,1023,ioctl(9, 0xc0186201, 0xbee6d108) = 0
19:18:08.425366,1023,ioctl(9, 0xc0186201, 0xbee6d0c8) = 0
19:18:08.426284,1023,dup(31) = 32
19:18:08.426810,1023,mmap2(NULL, 4096, PROT_READ, MAP_SHARED, 32, 0) = 0xaccca000
19:18:08.427366,1023,close(31) = 0
19:18:08.427840,1023,dup(32) = 31
19:18:08.429023,1023,getpid() = 1023
19:18:08.429506,1023,gettid() = 1023
19:18:08.429987,1023,clock_gettime(CLOCK_MONOTONIC, {106, 714914064}) = 0
19:18:08.430546,1023,ioctl(9, 0xc0186201, 0xbee6d1f0) = 0
19:18:08.432259,1023,ioctl(9, 0xc0186201 <unfinished ...>
19:18:08.448388,1035,clock_gettime(CLOCK_MONOTONIC, {106, 733343096}) = 0
19:18:08.449153,1035,write(24, "1035", 4) = 4
19:18:08.449735,1035,ioctl(9, 0xc0186201 <unfinished ...>
19:18:08.469119,1023,<... ioctl resumed> , 0xbee6d1f0) = 0
19:18:08.469472,1023,clock_gettime(CLOCK_MONOTONIC, {106, 754397014}) = 0
19:18:08.471812,1023,getuid32() = 10050
19:18:08.473682,1023,stat64("/system/framework/framework-res.apk", {st_mode=S_IFREG|0644, st_size=8749696, ...}) = 0
19:18:08.475549,1023,access("/vendor/overlay/framework/framework-res.apk", R_OK) = -1 ENOENT (No such file or directory)
19:18:08.478028,1023,stat64("/data/app/com.igamepower.appmaster-1.apk", {st_mode=S_IFREG|0644, st_size=219806, ...}) = 0
19:18:08.500607,1023,stat64("/system/framework/framework-res.apk", {st_mode=S_IFREG|0644, st_size=8749696, ...}) = 0
19:18:08.502097,1023,stat64("/data/app/com.igamepower.appmaster-1.apk", {st_mode=S_IFREG|0644, st_size=219806, ...}) = 0
19:18:08.503545,1023,open("/data/app/com.igamepower.appmaster-1.apk", O_RDONLY) = 33
19:18:08.504338,1023,_llseek(33, 0, [219806], SEEK_END) = 0
19:18:08.505221,1023,mmap2(NULL, 69632, PROT_READ|PROT_WRITE, MAP_PRIVATE|MAP_ANONYMOUS, -1, 0) = 0xaccb9000
19:18:08.548957,1023,madvise(0xaccb9000, 69632, 0xc /* MADV_??? */) = -1 EINVAL (Invalid argument)
19:18:08.567837,1023,_llseek(33, 0, [0], SEEK_SET) = 0
19:18:08.568464,1023,read(33, "PK\3\4", 4) = 4
19:18:08.569039,1023,_llseek(33, 154249, [154249], SEEK_SET) = 0
19:18:08.569601,1023,read(33, "{\22¾\213ÌóÄ\26ÉçCWzvgJøÇ®ð\217%\37\36Kü\234\21\36Kû\\"..., 65557) = 65557
19:18:08.570667,1023,munmap(0xaccb9000, 69632) = 0
19:18:08.571311,1023,mmap2(NULL, 6792, PROT_READ, MAP_SHARED, 33, 0x34) = 0xaccc8000
19:18:08.572036,1023,pread(33, "PK\3\4\n\0\0\0\0\0j\217\22?Ð¦\202\205\\D\0\0\\D\0\0\16\0\0\0", 30, 184833917583360) = 30
19:18:08.573027,1023,mmap2(NULL, 19619, PROT_READ, MAP_SHARED, 33, 0xa) = 0xaccc3000
19:18:08.574550,1023,gettimeofday({1738783088, 574730}, NULL) = 0
19:18:08.575780,1023,access("/data/data/com.igamepower.appmaster/cache", F_OK) = -1 ENOENT (No such file or directory)
19:18:08.577088,1023,access("/data/data/com.igamepower.appmaster/cache", F_OK) = -1 ENOENT (No such file or directory)
19:18:08.578338,1023,mkdir("/data/data/com.igamepower.appmaster/cache", 0700) = 0
19:18:08.579732,1023,chmod("/data/data/com.igamepower.appmaster/cache", 0771) = 0
19:18:08.580878,1023,getuid32() = 10050
19:18:08.581436,1023,getuid32() = 10050
19:18:08.639506,1023,getpid() = 1023
19:18:08.640134,1023,gettid() = 1023
19:18:08.640615,1023,clock_gettime(CLOCK_MONOTONIC, {106, 925537021}) = 0
19:18:08.641268,1023,ioctl(9, 0xc0186201, 0xbee6d1f0) = 0
19:18:08.642674,1023,clock_gettime(CLOCK_MONOTONIC, {106, 927593503}) = 0
19:18:08.644617,1023,access("/data/data/com.igamepower.appmaster/cache/com.android.renderscript.cache", F_OK) = -1 ENOENT (No such file or directory)
19:18:08.645746,1023,mkdir("/data/data/com.igamepower.appmaster/cache/com.android.renderscript.cache", 0700) = 0
19:18:08.658147,1023,getpid() = 1023
19:18:08.658693,1023,gettid() = 1023
19:18:08.659288,1023,clock_gettime(CLOCK_MONOTONIC, {106, 944211865}) = 0
19:18:08.659898,1023,ioctl(9, 0xc0186201, 0xbee6d1f0) = 0
19:18:08.660699,1023,clock_gettime(CLOCK_MONOTONIC, {106, 945652512}) = 0
19:18:08.662088,1023,getpid() = 1023
19:18:08.662600,1023,gettid() = 1023
19:18:08.663175,1023,clock_gettime(CLOCK_MONOTONIC, {106, 948097869}) = 0
19:18:08.663734,1023,ioctl(9, 0xc0186201, 0xbee6d1f0) = 0
19:18:08.677686,1023,clock_gettime(CLOCK_MONOTONIC, {106, 962660104}) = 0
19:18:08.680065,1023,writev(3, [{"\5", 1}, {"DroidBox\0", 9}, {"DroidBox: { \"DexClassLoader\": { "..., 87}], 3) = 97
19:18:08.683474,1023,access("/data/app/com.igamepower.appmaster-1.apk", F_OK) = 0
19:18:08.684358,1023,access("/data/app/com.igamepower.appmaster-1.apk", R_OK) = 0
19:18:08.685247,1023,stat64("/data/app/com.igamepower.appmaster-1.apk", {st_mode=S_IFREG|0644, st_size=219806, ...}) = 0
19:18:08.687274,1023,open("/data/app/com.igamepower.appmaster-1.apk", O_RDONLY) = 34
19:18:08.688201,1023,fstat64(34, {st_mode=S_IFREG|0644, st_size=219806, ...}) = 0
19:18:08.689294,1023,fstat64(34, {st_mode=S_IFREG|0644, st_size=219806, ...}) = 0
19:18:08.690442,1023,_llseek(34, 219784, [219784], SEEK_SET) = 0
19:18:08.691151,1023,read(34, "PK\5\6", 4) = 4
19:18:08.691701,1023,fgetxattr(34, "user.taint", 0xbee6d484, 4) = -1 ENODATA (No data available)
19:18:08.704488,1023,clock_gettime(CLOCK_MONOTONIC, {106, 989447677}) = 0
19:18:08.705110,1023,getpid() = 1023
19:18:08.705623,1023,readlink("/proc/1023/fd/34", "/data/app/com.igamepower.appmaster-1.apk"..., 120) = 40
19:18:08.737733,1023,read(34, "\0\0\0\0=\0=\0Æ\21\0\0ÂH\3\0\0\0", 18) = 18
19:18:08.738479,1023,fgetxattr(34, "user.taint", 0xbee6d484, 4) = -1 ENODATA (No data available)
19:18:08.740128,1023,clock_gettime(CLOCK_MONOTONIC, {107, 25061410}) = 0
19:18:08.740705,1023,getpid() = 1023
19:18:08.741303,1023,readlink("/proc/1023/fd/34", "/data/app/com.igamepower.appmaster-1.apk"..., 120) = 40
19:18:08.742481,1023,fstat64(34, {st_mode=S_IFREG|0644, st_size=219806, ...}) = 0
19:18:08.743719,1023,_llseek(34, 215234, [215234], SEEK_SET) = 0
19:18:08.744394,1023,read(34, "PK\1\2\24\0\24\0\10\0\10\0j\217\22?Û6\223j\31\7\0\0Ø\22\0\0\24\0\0\0"..., 4096) = 4096
19:18:08.745205,1023,fgetxattr(34, "user.taint", 0xbee6d484, 4) = -1 ENODATA (No data available)
19:18:08.759573,1023,clock_gettime(CLOCK_MONOTONIC, {107, 44549337}) = 0
19:18:08.760284,1023,getpid() = 1023
19:18:08.760802,1023,readlink("/proc/1023/fd/34", "/data/app/com.igamepower.appmaster-1.apk"..., 120) = 40
19:18:08.769093,1023,_llseek(34, 219330, [219330], SEEK_SET) = 0
19:18:08.769787,1023,read(34, "pi/folder.pngPK\1\2\n\0\n\0\0\0\0\0j\217\22?B\24õ"..., 476) = 476
19:18:08.770588,1023,fgetxattr(34, "user.taint", 0xbee6d484, 4) = -1 ENODATA (No data available)
19:18:08.772185,1023,clock_gettime(CLOCK_MONOTONIC, {107, 57112973}) = 0
19:18:08.772985,1023,getpid() = 1023
19:18:08.773908,1023,readlink("/proc/1023/fd/34", "/data/app/com.igamepower.appmaster-1.apk"..., 120) = 40
19:18:08.776541,1023,open("/data/app/com.igamepower.appmaster-1.apk", O_RDONLY) = 35
19:18:08.777462,1023,lseek(35, 0, SEEK_END) = 219806
19:18:08.778151,1023,mmap2(NULL, 69632, PROT_READ|PROT_WRITE, MAP_PRIVATE|MAP_ANONYMOUS, -1, 0) = 0xaccb2000
19:18:08.778800,1023,madvise(0xaccb2000, 69632, 0xc /* MADV_??? */) = -1 EINVAL (Invalid argument)
19:18:08.779462,1023,lseek(35, 154249, SEEK_SET) = 154249
19:18:08.779957,1023,read(35, "{\22¾\213ÌóÄ\26ÉçCWzvgJøÇ®ð\217%\37\36Kü\234\21\36Kû\\"..., 65557) = 65557
19:18:08.781085,1023,mmap2(NULL, 6792, PROT_READ, MAP_SHARED, 35, 0x34) = 0xaccb0000
19:18:08.781644,1023,munmap(0xaccb2000, 69632) = 0
19:18:08.782403,1023,fcntl64(35, F_GETFD) = 0
19:18:08.783080,1023,fcntl64(35, F_SETFD, FD_CLOEXEC) = 0
19:18:08.783591,1023,open("/data/app/com.igamepower.appmaster-1.odex", O_RDONLY) = -1 ENOENT (No such file or directory)
19:18:08.785149,1023,open("/data/dalvik-cache/data@app@com.igamepower.appmaster-1.apk@classes.dex", O_RDWR|O_CREAT, 0644) = -1 EACCES (Permission denied)
19:18:08.799764,1023,open("/data/dalvik-cache/data@app@com.igamepower.appmaster-1.apk@classes.dex", O_RDONLY) = 36
19:18:08.800852,1023,flock(36, LOCK_EX|LOCK_NB) = 0
19:18:08.801663,1023,fstat64(36, {st_mode=S_IFREG|0644, st_size=160592, ...}) = 0
19:18:08.802926,1023,stat64("/data/dalvik-cache/data@app@com.igamepower.appmaster-1.apk@classes.dex", {st_mode=S_IFREG|0644, st_size=160592, ...}) = 0
19:18:08.804462,1023,lseek(36, 0, SEEK_SET) = 0
19:18:08.804991,1023,read(36, "dey\n036\0(\0\0\0004e\2\0`e\2\0Ö\1\0\0008g\2\0\30\f\0\0"..., 40) = 40
19:18:08.805749,1023,lseek(36, 157024, SEEK_SET) = 157024
19:18:08.816442,1023,read(36, "h\217\22?Ú\23J\227\34\0\0\0\10\0\0\0\34\0\0\0/system/fram"..., 470) = 470
19:18:08.817568,1023,lseek(36, 0, SEEK_SET) = 0
19:18:08.818140,1023,lseek(36, 0, SEEK_CUR) = 0
19:18:08.818619,1023,lseek(36, 0, SEEK_END) = 160592
19:18:08.819141,1023,lseek(36, 0, SEEK_SET) = 0
19:18:08.819617,1023,mmap2(NULL, 160592, PROT_READ|PROT_WRITE, MAP_PRIVATE, 36, 0) = 0xacc88000
19:18:08.820209,1023,madvise(0xacc88000, 160592, 0xc /* MADV_??? */) = -1 EINVAL (Invalid argument)
19:18:08.820698,1023,mprotect(0xacc88000, 160592, PROT_READ) = 0
19:18:08.821336,1023,open("/dev/ashmem", O_RDWR) = 37
19:18:08.821949,1023,ioctl(37, 0x41007701, 0xbee6d254) = 0
19:18:08.822543,1023,ioctl(37, 0x40047703, 0x4000) = 0
19:18:08.823219,1023,mmap2(NULL, 16384, PROT_READ|PROT_WRITE, MAP_PRIVATE, 37, 0) = 0xb0f0b000
19:18:08.823833,1023,madvise(0xb0f0b000, 16384, 0xc /* MADV_??? */) = -1 EINVAL (Invalid argument)
19:18:08.824450,1023,close(37) = 0
19:18:08.825256,1023,flock(36, LOCK_UN) = 0
19:18:08.836676,1023,close(36) = 0
19:18:08.838127,1023,access("/data/data/com.igamepower.appmaster/lib", F_OK) = 0
19:18:08.838978,1023,access("/data/data/com.igamepower.appmaster/lib", R_OK) = 0
19:18:08.839789,1023,stat64("/data/data/com.igamepower.appmaster/lib", {st_mode=S_IFDIR|0755, st_size=4096, ...}) = 0
19:18:08.841885,1023,access("/vendor/lib", F_OK) = -1 ENOENT (No such file or directory)
19:18:08.843505,1023,access("/system/lib", F_OK) = 0
19:18:08.844187,1023,access("/system/lib", R_OK) = 0
19:18:08.844840,1023,stat64("/system/lib", {st_mode=S_IFDIR|0755, st_size=8192, ...}) = 0
19:18:08.867289,1023,getuid32() = 10050
19:18:08.868169,1023,getpid() = 1023
19:18:08.868681,1023,gettid() = 1023
19:18:08.869192,1023,clock_gettime(CLOCK_MONOTONIC, {107, 154121907}) = 0
19:18:08.869778,1023,ioctl(9, 0xc0186201, 0xbee6d1f0) = 0
19:18:08.873322,1023,ioctl(9, 0xc0186201, 0xbee6d1f0) = 0
19:18:08.873915,1023,clock_gettime(CLOCK_MONOTONIC, {107, 158856724}) = 0
19:18:08.877519,1023,gettimeofday({1738783088, 877704}, NULL) = 0
19:18:08.886269,1023,getpid() = 1023
19:18:08.886921,1023,getuid32() = 10050
19:18:08.887537,1023,epoll_wait(0x1e, 0xbee6d1f8, 0x10, 0) = 0
19:18:08.888147,1023,clock_gettime(CLOCK_MONOTONIC, {107, 173087450}) = 0
19:18:08.888864,1023,stat64("/system/framework/framework-res.apk", {st_mode=S_IFREG|0644, st_size=8749696, ...}) = 0
19:18:08.890310,1023,stat64("/data/app/com.igamepower.appmaster-1.apk", {st_mode=S_IFREG|0644, st_size=219806, ...}) = 0
19:18:08.893565,1023,mprotect(0xb163e000, 8192, PROT_READ|PROT_WRITE) = 0
19:18:08.897277,1023,mprotect(0xb163f000, 8192, PROT_READ|PROT_WRITE) = 0
19:18:08.902808,1023,gettimeofday({1738783088, 902999}, NULL) = 0
19:18:08.903804,1023,getuid32() = 10050
19:18:08.904427,1023,stat64("/system/framework/framework-res.apk", {st_mode=S_IFREG|0644, st_size=8749696, ...}) = 0
19:18:08.906048,1023,stat64("/data/app/com.igamepower.appmaster-1.apk", {st_mode=S_IFREG|0644, st_size=219806, ...}) = 0
19:18:08.914505,1023,getpid() = 1023
19:18:08.915078,1023,gettid() = 1023
19:18:08.915587,1023,clock_gettime(CLOCK_MONOTONIC, {107, 220718976}) = 0
19:18:08.936454,1023,ioctl(9, 0xc0186201, 0xbee6d1f0) = 0
19:18:08.937620,1023,ioctl(9, 0xc0186201, 0xbee6d1f0) = 0
19:18:08.938201,1023,clock_gettime(CLOCK_MONOTONIC, {107, 223135521}) = 0
19:18:08.939066,1023,getpid() = 1023
19:18:08.939633,1023,gettid() = 1023
19:18:08.940162,1023,clock_gettime(CLOCK_MONOTONIC, {107, 225092110}) = 0
19:18:08.940779,1023,ioctl(9, 0xc0186201, 0xbee6d1f0) = 0
19:18:08.941903,1023,ioctl(9, 0xc0186201, 0xbee6d1f0) = 0
19:18:08.942457,1023,clock_gettime(CLOCK_MONOTONIC, {107, 227387117}) = 0
19:18:08.945476,1023,getpid() = 1023
19:18:08.946006,1023,gettid() = 1023
19:18:08.946519,1023,clock_gettime(CLOCK_MONOTONIC, {107, 231448814}) = 0
19:18:08.947108,1023,ioctl(9, 0xc0186201, 0xbee6d1f0) = 0
19:18:08.947872,1023,clock_gettime(CLOCK_MONOTONIC, {107, 232803425}) = 0
19:18:08.949088,1023,getpid() = 1023
19:18:08.956952,1023,gettid() = 1023
19:18:08.957502,1023,clock_gettime(CLOCK_MONOTONIC, {107, 242432118}) = 0
19:18:08.958173,1023,ioctl(9, 0xc0186201, 0xbee6d1f0) = 0
19:18:08.959774,1023,ioctl(9, 0xc0186201, 0xbee6d1f0) = 0
19:18:08.960338,1023,clock_gettime(CLOCK_MONOTONIC, {107, 245268661}) = 0
19:18:08.964278,1023,pread(18, "PK\3\4\24\0\10\0\10\0\31\r\2208¿Ìm\4»\1\0\0 \3\0\0\34\0\0\0", 30, 13579900610936832) = 30
19:18:08.965149,1023,mmap2(NULL, 4302, PROT_READ, MAP_SHARED, 18, 0x303) = 0xb0f09000
19:18:08.998763,1023,munmap(0xb0f09000, 4302) = 0
19:18:09.009913,1023,clock_gettime(CLOCK_MONOTONIC, {107, 294882979}) = 0
19:18:09.011528,1023,pread(33, "PK\3\4\24\0\10\0\10\0j\217\22?\0\0\0\0\0\0\0\0\0\0\0\0\22\0\0\0", 30, 163556649598976) = 30
19:18:09.012335,1023,mmap2(NULL, 2036, PROT_READ, MAP_SHARED, 33, 0x9) = 0xb0f0a000
19:18:09.013270,1023,munmap(0xb0f0a000, 2036) = 0
19:18:09.019283,1023,pread(18, "PK\3\4\24\0\10\0\10\0\31\r\2208Ý_xè\31\1\0\0Ð\2\0\0 \0\0\0", 30, 13024484030152704) = 30
19:18:09.020199,1023,mmap2(NULL, 1802, PROT_READ, MAP_SHARED, 18, 0x2e4) = 0xb0f0a000
19:18:09.020991,1023,munmap(0xb0f0a000, 1802) = 0
19:18:09.022710,1023,pread(18, "PK\3\4\n\0\0\0\0\0\31\r\2208\210¾$.\230\0\0\0\230\0\0\0*\0\0\0", 30, 7372259823976448) = 30
19:18:09.023551,1023,mmap2(NULL, 488, PROT_READ, MAP_SHARED, 18, 0x1a3) = 0xb0f0a000
19:18:09.025255,1023,sigprocmask(SIG_BLOCK, [], [QUIT USR1 PIPE]) = 0
19:18:09.037242,1023,sigprocmask(SIG_BLOCK, [], [QUIT USR1 PIPE]) = 0
19:18:09.037869,1023,sigprocmask(SIG_BLOCK, [], [QUIT USR1 PIPE]) = 0
19:18:09.038792,1023,sigprocmask(SIG_BLOCK, [], [QUIT USR1 PIPE]) = 0
19:18:09.039763,1023,brk(0xb88a9000) = 0xb88a9000
19:18:09.043766,1023,munmap(0xb0f0a000, 488) = 0
19:18:09.045295,1023,pread(18, "PK\3\4\n\0\0\0\0\0\31\r\2208»\226\17F\222\0\0\0\222\0\0\0-\0\1\0", 30, 7377430964600832) = 30
19:18:09.056690,1023,mmap2(NULL, 1690, PROT_READ, MAP_SHARED, 18, 0x1a3) = 0xb0f0a000
19:18:09.057846,1023,sigprocmask(SIG_BLOCK, [], [QUIT USR1 PIPE]) = 0
19:18:09.059011,1023,sigprocmask(SIG_BLOCK, [], [QUIT USR1 PIPE]) = 0
19:18:09.059703,1023,sigprocmask(SIG_BLOCK, [], [QUIT USR1 PIPE]) = 0
19:18:09.060393,1023,sigprocmask(SIG_BLOCK, [], [QUIT USR1 PIPE]) = 0
19:18:09.062897,1023,munmap(0xb0f0a000, 1690) = 0
19:18:09.064195,1023,pread(18, "PK\3\4\n\0\0\0\0\0\31\r\22080y,&\230\0\0\0\230\0\0\0*\0\0\0", 30, 7368875389747200) = 30
19:18:09.065029,1023,mmap2(NULL, 3796, PROT_READ, MAP_SHARED, 18, 0x1a2) = 0xb0f0a000
19:18:09.066009,1023,sigprocmask(SIG_BLOCK, [], [QUIT USR1 PIPE]) = 0
19:18:09.075436,1023,sigprocmask(SIG_BLOCK, [], [QUIT USR1 PIPE]) = 0
19:18:09.076121,1023,sigprocmask(SIG_BLOCK, [], [QUIT USR1 PIPE]) = 0
19:18:09.076767,1023,sigprocmask(SIG_BLOCK, [], [QUIT USR1 PIPE]) = 0
19:18:09.079120,1023,munmap(0xb0f0a000, 3796) = 0
19:18:09.079928,1023,clock_gettime(CLOCK_MONOTONIC, {107, 364915475}) = 0
19:18:09.080940,1023,pread(18, "PK\3\4\24\0\10\0\10\0\31\r\2208Õb®\212\31\1\0\0Ð\2\0\0!\0\0\0", 30, 13027580701573120) = 30
19:18:09.081813,1023,mmap2(NULL, 2524, PROT_READ, MAP_SHARED, 18, 0x2e4) = 0xb0f0a000
19:18:09.083018,1023,munmap(0xb0f0a000, 2524) = 0
19:18:09.084746,1023,pread(18, "PK\3\4\n\0\0\0\0\0\31\r\2208\210¾$.\230\0\0\0\230\0\0\0+\0\3\0", 30, 7373221896650752) = 30
19:18:09.085841,1023,mmap2(NULL, 716, PROT_READ, MAP_SHARED, 18, 0x1a3) = 0xb0f0a000
19:18:09.101645,1023,sigprocmask(SIG_BLOCK, [], [QUIT USR1 PIPE]) = 0
19:18:09.102329,1023,sigprocmask(SIG_BLOCK, [], [QUIT USR1 PIPE]) = 0
19:18:09.102933,1023,sigprocmask(SIG_BLOCK, [], [QUIT USR1 PIPE]) = 0
19:18:09.103585,1023,sigprocmask(SIG_BLOCK, [], [QUIT USR1 PIPE]) = 0
19:18:09.105861,1023,munmap(0xb0f0a000, 716) = 0
19:18:09.106976,1023,pread(18, "PK\3\4\n\0\0\0\0\0\31\r\2208»\226\17F\222\0\0\0\222\0\0\0.\0\2\0", 30, 7379346520014848) = 30
19:18:09.107830,1023,mmap2(NULL, 2138, PROT_READ, MAP_SHARED, 18, 0x1a3) = 0xb0f0a000
19:18:09.108772,1023,sigprocmask(SIG_BLOCK, [], [QUIT USR1 PIPE]) = 0
19:18:09.109394,1023,sigprocmask(SIG_BLOCK, [], [QUIT USR1 PIPE]) = 0
19:18:09.109991,1023,sigprocmask(SIG_BLOCK, [], [QUIT USR1 PIPE]) = 0
19:18:09.110633,1023,sigprocmask(SIG_BLOCK, [], [QUIT USR1 PIPE]) = 0
19:18:09.112936,1023,munmap(0xb0f0a000, 2138) = 0
19:18:09.113982,1023,pread(18, "PK\3\4\n\0\0\0\0\0\31\r\22080y,&\230\0\0\0\230\0\0\0+\0\3\0", 30, 7369837462421504) = 30
19:18:09.114850,1023,mmap2(NULL, 4024, PROT_READ, MAP_SHARED, 18, 0x1a2) = 0xb0f0a000
19:18:09.116186,1023,sigprocmask(SIG_BLOCK, [], [QUIT USR1 PIPE]) = 0
19:18:09.116817,1023,sigprocmask(SIG_BLOCK, [], [QUIT USR1 PIPE]) = 0
19:18:09.118015,1023,sigprocmask(SIG_BLOCK, [], [QUIT USR1 PIPE]) = 0
19:18:09.118768,1023,sigprocmask(SIG_BLOCK, [], [QUIT USR1 PIPE]) = 0
19:18:09.120940,1023,munmap(0xb0f0a000, 4024) = 0
19:18:09.121659,1023,clock_gettime(CLOCK_MONOTONIC, {107, 406592627}) = 0
19:18:09.122653,1023,mprotect(0xb1640000, 8192, PROT_READ|PROT_WRITE) = 0
19:18:09.124273,1023,mprotect(0xb1641000, 8192, PROT_READ|PROT_WRITE) = 0
19:18:09.128216,1023,pread(33, "PK\3\4\n\0\0\0\0\0j\217\22?´rÄ}@\1\0\0@\1\0\0(\0\0\0", 30, 450593608957952) = 30
19:18:09.129057,1023,mmap2(NULL, 2902, PROT_READ, MAP_SHARED, 33, 0x19) = 0xb0f0a000
19:18:09.130160,1023,sigprocmask(SIG_BLOCK, [], [QUIT USR1 PIPE]) = 0
19:18:09.130992,1023,sigprocmask(SIG_BLOCK, [], [QUIT USR1 PIPE]) = 0
19:18:09.131603,1023,sigprocmask(SIG_BLOCK, [], [QUIT USR1 PIPE]) = 0
19:18:09.132379,1023,sigprocmask(SIG_BLOCK, [], [QUIT USR1 PIPE]) = 0
19:18:09.135100,1023,munmap(0xb0f0a000, 2902) = 0
19:18:09.137654,1023,mprotect(0xb1642000, 8192, PROT_READ|PROT_WRITE) = 0
19:18:09.140256,1023,pread(33, "PK\3\4\24\0\10\0\10\0j\217\22?\0\0\0\0\0\0\0\0\0\0\0\0!\0\0\0", 30, 382866269667328) = 30
19:18:09.141129,1023,mmap2(NULL, 3449, PROT_READ, MAP_SHARED, 33, 0x15) = 0xb0f0a000
19:18:09.141920,1023,munmap(0xb0f0a000, 3449) = 0
19:18:09.143292,1023,pread(33, "PK\3\4\n\0\0\0\0\0j\217\22?$P\205\211T\0\0\0T\0\0\0#\0\0\0", 30, 385095357693952) = 30
19:18:09.144089,1023,mmap2(NULL, 3795, PROT_READ, MAP_SHARED, 33, 0x15) = 0xb0f0a000
19:18:09.145016,1023,sigprocmask(SIG_BLOCK, [], [QUIT USR1 PIPE]) = 0
19:18:09.145686,1023,sigprocmask(SIG_BLOCK, [], [QUIT USR1 PIPE]) = 0
19:18:09.146331,1023,sigprocmask(SIG_BLOCK, [], [QUIT USR1 PIPE]) = 0
19:18:09.146943,1023,sigprocmask(SIG_BLOCK, [], [QUIT USR1 PIPE]) = 0
19:18:09.149792,1023,munmap(0xb0f0a000, 3795) = 0
19:18:09.151417,1023,pread(33, "PK\3\4\n\0\0\0\0\0j\217\22?@·SJt\0\0\0t\0\0\0#\0\0\0", 30, 384317968613376) = 30
19:18:09.152256,1023,mmap2(NULL, 3646, PROT_READ, MAP_SHARED, 33, 0x15) = 0xb0f0a000
19:18:09.153239,1023,sigprocmask(SIG_BLOCK, [], [QUIT USR1 PIPE]) = 0
19:18:09.153886,1023,sigprocmask(SIG_BLOCK, [], [QUIT USR1 PIPE]) = 0
19:18:09.154520,1023,sigprocmask(SIG_BLOCK, [], [QUIT USR1 PIPE]) = 0
19:18:09.155224,1023,sigprocmask(SIG_BLOCK, [], [QUIT USR1 PIPE]) = 0
19:18:09.158455,1023,munmap(0xb0f0a000, 3646) = 0
19:18:09.159729,1023,clock_gettime(CLOCK_MONOTONIC, {107, 444673501}) = 0
19:18:09.163252,1023,pread(33, "PK\3\4\n\0\0\0\0\0j\217\22?\25t-Ø£\t\0\0£\t\0\0\"\0\0\0", 30, 439723046731776) = 30
19:18:09.164083,1023,mmap2(NULL, 2512, PROT_READ, MAP_SHARED, 33, 0x19) = 0xb0f0a000
19:18:09.165024,1023,sigprocmask(SIG_BLOCK, [], [QUIT USR1 PIPE]) = 0
19:18:09.165653,1023,sigprocmask(SIG_BLOCK, [], [QUIT USR1 PIPE]) = 0
19:18:09.166257,1023,sigprocmask(SIG_BLOCK, [], [QUIT USR1 PIPE]) = 0
19:18:09.166868,1023,sigprocmask(SIG_BLOCK, [], [QUIT USR1 PIPE]) = 0
19:18:09.170842,1023,munmap(0xb0f0a000, 2512) = 0
19:18:09.176740,1023,clock_gettime(CLOCK_MONOTONIC, {107, 461710517}) = 0
19:18:09.178504,1023,pread(33, "PK\3\4\n\0\0\0\0\0j\217\22?[Ü(J)\3\0\0)\3\0\0!\0\0\0", 30, 482303352504320) = 30
19:18:09.179341,1023,mmap2(NULL, 2575, PROT_READ, MAP_SHARED, 33, 0x1b) = 0xb0f0a000
19:18:09.180321,1023,sigprocmask(SIG_BLOCK, [], [QUIT USR1 PIPE]) = 0
19:18:09.180974,1023,sigprocmask(SIG_BLOCK, [], [QUIT USR1 PIPE]) = 0
19:18:09.181606,1023,sigprocmask(SIG_BLOCK, [], [QUIT USR1 PIPE]) = 0
19:18:09.182253,1023,sigprocmask(SIG_BLOCK, [], [QUIT USR1 PIPE]) = 0
19:18:09.182896,1023,mprotect(0xb3de5000, 331776, PROT_READ|PROT_WRITE) = 0
19:18:09.183487,1023,mprotect(0xb3e36000, 41213952, PROT_NONE) = 0
19:18:09.187170,1023,munmap(0xb0f0a000, 2575) = 0
19:18:09.190451,1023,clock_gettime(CLOCK_MONOTONIC, {107, 475408492}) = 0
19:18:09.192208,1023,pread(33, "PK\3\4\n\0\0\0\0\0j\217\22?\204\22\6MA\5\0\0A\5\0\0#\0\0\0", 30, 476247448616960) = 30
19:18:09.193043,1023,mmap2(NULL, 1703, PROT_READ, MAP_SHARED, 33, 0x1b) = 0xb0f0a000
19:18:09.194030,1023,sigprocmask(SIG_BLOCK, [], [QUIT USR1 PIPE]) = 0
19:18:09.194688,1023,sigprocmask(SIG_BLOCK, [], [QUIT USR1 PIPE]) = 0
19:18:09.195321,1023,sigprocmask(SIG_BLOCK, [], [QUIT USR1 PIPE]) = 0
19:18:09.195964,1023,sigprocmask(SIG_BLOCK, [], [QUIT USR1 PIPE]) = 0
19:18:09.199244,1023,munmap(0xb0f0a000, 1703) = 0
19:18:09.217485,1023,clock_gettime(CLOCK_MONOTONIC, {107, 502456978}) = 0
19:18:09.219423,1023,pread(33, "PK\3\4\n\0\0\0\0\0j\217\22?52¯RÌ\6\0\0Ì\6\0\0#\0\0\0", 30, 452268646203392) = 30
19:18:09.220257,1023,mmap2(NULL, 4707, PROT_READ, MAP_SHARED, 33, 0x19) = 0xb0f09000
19:18:09.221262,1023,sigprocmask(SIG_BLOCK, [], [QUIT USR1 PIPE]) = 0
19:18:09.221920,1023,sigprocmask(SIG_BLOCK, [], [QUIT USR1 PIPE]) = 0
19:18:09.222551,1023,sigprocmask(SIG_BLOCK, [], [QUIT USR1 PIPE]) = 0
19:18:09.223198,1023,sigprocmask(SIG_BLOCK, [], [QUIT USR1 PIPE]) = 0
19:18:09.242960,1023,munmap(0xb0f09000, 4707) = 0
19:18:09.245381,1023,writev(3, [{"\4", 1}, {"MYHALL\0", 7}, {"CHANGED\0", 8}], 3) = 16
19:18:09.247120,1023,getpid() = 1023
19:18:09.247665,1023,gettid() = 1023
19:18:09.248199,1023,clock_gettime(CLOCK_MONOTONIC, {107, 533138175}) = 0
19:18:09.256914,1023,ioctl(9, 0xc0186201, 0xbee6d1f0) = 0
19:18:09.258426,1023,ioctl(9, 0xc0186201, 0xbee6d1f0) = 0
19:18:09.259263,1023,clock_gettime(CLOCK_MONOTONIC, {107, 544202879}) = 0
19:18:09.259861,1023,getpid() = 1023
19:18:09.260437,1023,open("/proc/1023/cmdline", O_RDONLY) = 36
19:18:09.261168,1023,fstat64(36, {st_mode=S_IFREG|0444, st_size=0, ...}) = 0
19:18:09.262272,1023,mprotect(0xb6584000, 4096, PROT_READ|PROT_WRITE) = 0
19:18:09.262913,1023,mprotect(0xb6584000, 4096, PROT_READ) = 0
19:18:09.263465,1023,read(36, "com.igamepower.appmaster\0\0\0\0\0\0\0\0"..., 1024) = 76
19:18:09.264212,1023,close(36) = 0
19:18:09.264745,1023,ioctl(9, 0xc0186201, 0xbee6c110) = 0
19:18:09.265729,1023,ioctl(9, 0xc0186201, 0xbee6c110) = 0
19:18:09.276471,1023,writev(5, [{"$Ë\0\0", 4}, {"\3\5\2\33\0\0\0android.view.IWindowManag"..., 79}], 2) = 83
19:18:09.278575,1023,getpid() = 1023
19:18:09.279125,1023,gettid() = 1023
19:18:09.279654,1023,clock_gettime(CLOCK_MONOTONIC, {107, 564593865}) = 0
19:18:09.280278,1023,ioctl(9, 0xc0186201, 0xbee6d1f0) = 0
19:18:09.281086,1023,clock_gettime(CLOCK_MONOTONIC, {107, 566024670}) = 0
19:18:09.282503,1023,getpid() = 1023
19:18:09.283043,1023,gettid() = 1023
19:18:09.284113,1023,clock_gettime(CLOCK_MONOTONIC, {107, 569044614}) = 0
19:18:09.284697,1023,ioctl(9, 0xc0186201, 0xbee6d1f0) = 0
19:18:09.286865,1023,ioctl(9, 0xc0186201, 0xbee6d1f0) = 0
19:18:09.298738,1023,clock_gettime(CLOCK_MONOTONIC, {107, 583680056}) = 0
19:18:09.301620,1023,getpid() = 1023
19:18:09.302152,1023,gettid() = 1023
19:18:09.302657,1023,clock_gettime(CLOCK_MONOTONIC, {107, 587586630}) = 0
19:18:09.303247,1023,ioctl(9, 0xc0186201, 0xbee6d1f0) = 0
19:18:09.304604,1023,ioctl(9, 0xc0186201, 0xbee6d1f0) = 0
19:18:09.306329,1023,clock_gettime(CLOCK_MONOTONIC, {107, 591262116}) = 0
19:18:09.308028,1023,getuid32() = 10050
19:18:09.316728,1023,getpid() = 1023
19:18:09.317539,1023,gettid() = 1023
19:18:09.318132,1023,clock_gettime(CLOCK_MONOTONIC, {107, 603063674}) = 0
19:18:09.318722,1023,ioctl(9, 0xc0186201, 0xbee6d1f0) = 0
19:18:09.321982,1023,ioctl(9, 0xc0186201, 0xbee6d1f0) = 0
19:18:09.322537,1023,clock_gettime(CLOCK_MONOTONIC, {107, 607467536}) = 0
19:18:09.333730,1023,mprotect(0xb1643000, 8192, PROT_READ|PROT_WRITE) = 0
19:18:09.335917,1023,writev(3, [{"\5", 1}, {"DroidBox\0", 9}, {"DroidBox: { \"ServiceStart\": { \"n"..., 81}], 3) = 91
19:18:09.338237,1023,getpid() = 1023
19:18:09.338778,1023,gettid() = 1023
19:18:09.339313,1023,clock_gettime(CLOCK_MONOTONIC, {107, 624252747}) = 0
19:18:09.339928,1023,ioctl(9, 0xc0186201, 0xbee6d1f0) = 0
19:18:09.345257,1023,ioctl(9, 0xc0186201 <unfinished ...>
19:18:09.350782,1036,<... ioctl resumed> , 0xacedae28) = 0
19:18:09.351182,1036,write(24, "1036", 4) = 4
19:18:09.351768,1036,getpriority(PRIO_PROCESS, 1036) = 20
19:18:09.357279,1023,<... ioctl resumed> , 0xbee6d1f0) = 0
19:18:09.357663,1023,clock_gettime(CLOCK_MONOTONIC, {107, 642599326}) = 0
19:18:09.358757,1023,writev(3, [{"\4", 1}, {"MYHALL\0", 7}, {"can't getStringExtra\0", 21}], 3) = 29
19:18:09.360245,1023,getuid32() = 10050
19:18:09.362376,1023,getpid() = 1023
19:18:09.362949,1023,gettid() = 1023
19:18:09.363534,1023,clock_gettime(CLOCK_MONOTONIC, {107, 648474621}) = 0
19:18:09.364172,1023,ioctl(9, 0xc0186201, 0xbee6d1f0) = 0
19:18:09.368006,1023,ioctl(9, 0xc0186201, 0xbee6d1f0) = 0
19:18:09.370847,1023,clock_gettime(CLOCK_MONOTONIC, {107, 655798799}) = 0
19:18:09.371891,1023,access("/data/data/com.igamepower.appmaster/cache", F_OK) = 0
19:18:09.373711,1023,mprotect(0xb1644000, 8192, PROT_READ|PROT_WRITE) = 0
19:18:09.375381,1023,pread(18, "PK\3\4\24\0\10\0\10\0\31\r\2208^Þ\n\3Õ\1\0\0à\3\0\0\34\0\0\0", 30, 13664146394447872) = 30
19:18:09.376232,1023,mmap2(NULL, 3463, PROT_READ, MAP_SHARED, 18, 0x308) = 0xb0f0a000
19:18:09.377104,1023,munmap(0xb0f0a000, 3463) = 0
19:18:09.378797,1023,pread(18, "PK\3\4\24\0\10\0\10\0\31\r\2208\7i`áE\1\0\0`\4\0\0\36\0\0\0", 30, 13030724617633792) = 30
19:18:09.379639,1023,mmap2(NULL, 3297, PROT_READ, MAP_SHARED, 18, 0x2e4) = 0xb0f0a000
19:18:09.386109,1036,clock_gettime(CLOCK_MONOTONIC, <unfinished ...>
19:18:09.396096,1023,munmap(0xb0f0a000, 3297 <unfinished ...>
19:18:09.396488,1036,<... clock_gettime resumed> {107, 681139626}) = 0
19:18:09.396914,1023,<... munmap resumed> ) = 0
19:18:09.397360,1036,write(24, "1036", 4 <unfinished ...>
19:18:09.398757,1023,pread(18, <unfinished ...>
19:18:09.399073,1036,<... write resumed> ) = 4
19:18:09.399391,1023,<... pread resumed> "PK\3\4\n\0\0\0\0\0\31\r\2208°\227Ø\205D\1\0\0D\1\0\0&\0\0\0", 30, 7386038079062016) = 30
19:18:09.414504,1036,ioctl(9, 0xc0186201 <unfinished ...>
19:18:09.414893,1023,mmap2(NULL, 3864, PROT_READ, MAP_SHARED, 18, 0x1a3 <unfinished ...>
19:18:09.415246,1036,<... ioctl resumed> , 0xacedae28) = 0
19:18:09.415579,1023,<... mmap2 resumed> ) = 0xb0f0a000
19:18:09.415904,1036,write(24, "1036", 4 <unfinished ...>
19:18:09.416782,1023,sigprocmask(SIG_BLOCK, [], <unfinished ...>
19:18:09.417140,1036,<... write resumed> ) = 4
19:18:09.417440,1023,<... sigprocmask resumed> [QUIT USR1 PIPE]) = 0
19:18:09.417839,1036,getpriority(PRIO_PROCESS, 1036 <unfinished ...>
19:18:09.418197,1023,sigprocmask(SIG_BLOCK, [], <unfinished ...>
19:18:09.418514,1036,<... getpriority resumed> ) = 20
19:18:09.418809,1023,<... sigprocmask resumed> [QUIT USR1 PIPE]) = 0
19:18:09.420397,1036,clock_gettime(CLOCK_MONOTONIC, <unfinished ...>
19:18:09.420737,1023,sigprocmask(SIG_BLOCK, [], <unfinished ...>
19:18:09.421065,1036,<... clock_gettime resumed> {107, 705714582}) = 0
19:18:09.421438,1023,<... sigprocmask resumed> [QUIT USR1 PIPE]) = 0
19:18:09.428181,1036,write(24, "1036", 4 <unfinished ...>
19:18:09.428494,1023,sigprocmask(SIG_BLOCK, [], <unfinished ...>
19:18:09.429897,1036,<... write resumed> ) = 4
19:18:09.430204,1023,<... sigprocmask resumed> [QUIT USR1 PIPE]) = 0
19:18:09.430555,1036,ioctl(9, 0xc0186201 <unfinished ...>
19:18:09.432527,1023,mprotect(0xb3de5000, 397312, PROT_READ|PROT_WRITE <unfinished ...>
19:18:09.432843,1036,<... ioctl resumed> , 0xacedae28) = 0
19:18:09.433175,1023,<... mprotect resumed> ) = 0
19:18:09.433479,1036,write(24, "1036", 4 <unfinished ...>
19:18:09.433842,1023,mprotect(0xb3e46000, 41148416, PROT_NONE <unfinished ...>
19:18:09.434144,1036,<... write resumed> ) = 4
19:18:09.434431,1023,<... mprotect resumed> ) = 0
19:18:09.434734,1036,getpriority(PRIO_PROCESS, 1036 <unfinished ...>
19:18:09.435784,1023,munmap(0xb0f0a000, 3864 <unfinished ...>
19:18:09.436069,1036,<... getpriority resumed> ) = 20
19:18:09.436392,1023,<... munmap resumed> ) = 0
19:18:09.440239,1023,pread(18, <unfinished ...>
19:18:09.441195,1036,clock_gettime(CLOCK_MONOTONIC, <unfinished ...>
19:18:09.441501,1023,<... pread resumed> "PK\3\4\n\0\0\0\0\0\31\r\2208\205ØÛ5 \1\0\0 \1\0\0$\0\0\0", 30, 7375910546178048) = 30
19:18:09.442033,1036,<... clock_gettime resumed> {107, 726696969}) = 0
19:18:09.442431,1023,mmap2(NULL, 1468, PROT_READ, MAP_SHARED, 18, 0x1a3 <unfinished ...>
19:18:09.443189,1036,write(24, "1036", 4 <unfinished ...>
19:18:09.443718,1023,<... mmap2 resumed> ) = 0xb0f0a000
19:18:09.444049,1036,<... write resumed> ) = 4
19:18:09.444789,1023,sigprocmask(SIG_BLOCK, [], <unfinished ...>
19:18:09.445169,1036,ioctl(9, 0xc0186201 <unfinished ...>
19:18:09.445458,1023,<... sigprocmask resumed> [QUIT USR1 PIPE]) = 0
19:18:09.445882,1023,sigprocmask(SIG_BLOCK, [], [QUIT USR1 PIPE]) = 0
19:18:09.456260,1023,sigprocmask(SIG_BLOCK, [], [QUIT USR1 PIPE]) = 0
19:18:09.456944,1023,sigprocmask(SIG_BLOCK, [], [QUIT USR1 PIPE]) = 0
19:18:09.459873,1023,munmap(0xb0f0a000, 1468) = 0
19:18:09.460986,1023,pread(18, "PK\3\4\n\0\0\0\0\0\31\r\2208Ú\27ÁÝ\30\1\0\0\30\1\0\0!\0\0\0", 30, 7367402215964672) = 30
19:18:09.461795,1023,mmap2(NULL, 3572, PROT_READ, MAP_SHARED, 18, 0x1a2) = 0xb0f0a000
19:18:09.462785,1023,sigprocmask(SIG_BLOCK, [], [QUIT USR1 PIPE]) = 0
19:18:09.463411,1023,sigprocmask(SIG_BLOCK, [], [QUIT USR1 PIPE]) = 0
19:18:09.464082,1023,sigprocmask(SIG_BLOCK, [], [QUIT USR1 PIPE]) = 0
19:18:09.464720,1023,sigprocmask(SIG_BLOCK, [], [QUIT USR1 PIPE]) = 0
19:18:09.467568,1023,munmap(0xb0f0a000, 3572) = 0
19:18:09.468939,1023,pread(18, "PK\3\4\n\0\0\0\0\0\31\r\2208bIÉ\35\20\1\0\0\20\1\0\0!\0\1\0", 30, 7370816714964992) = 30
19:18:09.469776,1023,mmap2(NULL, 4360, PROT_READ, MAP_SHARED, 18, 0x1a2) = 0xb0f09000
19:18:09.470792,1023,sigprocmask(SIG_BLOCK, [], [QUIT USR1 PIPE]) = 0
19:18:09.471448,1023,sigprocmask(SIG_BLOCK, [], [QUIT USR1 PIPE]) = 0
19:18:09.482677,1023,sigprocmask(SIG_BLOCK, [], [QUIT USR1 PIPE]) = 0
19:18:09.483349,1023,sigprocmask(SIG_BLOCK, [], [QUIT USR1 PIPE]) = 0
19:18:09.486096,1023,munmap(0xb0f09000, 4360) = 0
19:18:09.486817,1023,clock_gettime(CLOCK_MONOTONIC, {107, 771751203}) = 0
19:18:09.494094,1023,pread(18, "PK\3\4\24\0\10\0\10\0\31\r\2208i'%\236F\1\0\0`\4\0\0!\0\0\0", 30, 13036235060674560) = 30
19:18:09.494919,1023,mmap2(NULL, 488, PROT_READ, MAP_SHARED, 18, 0x2e5) = 0xb0f0a000
19:18:09.495704,1023,munmap(0xb0f0a000, 488) = 0
19:18:09.518356,1023,pread(18, "PK\3\4\n\0\0\0\0\0\31\r\2208\201\232\37ñ=\1\0\0=\1\0\0)\0\0\0", 30, 7390766838054912) = 30
19:18:09.519413,1023,mmap2(NULL, 865, PROT_READ, MAP_SHARED, 18, 0x1a4) = 0xb0f0a000
19:18:09.520401,1023,sigprocmask(SIG_BLOCK, [], [QUIT USR1 PIPE]) = 0
19:18:09.521030,1023,sigprocmask(SIG_BLOCK, [], [QUIT USR1 PIPE]) = 0
19:18:09.521637,1023,sigprocmask(SIG_BLOCK, [], [QUIT USR1 PIPE]) = 0
19:18:09.522284,1023,sigprocmask(SIG_BLOCK, [], [QUIT USR1 PIPE]) = 0
19:18:09.525641,1023,munmap(0xb0f0a000, 865) = 0
19:18:09.550435,1023,pread(18, "PK\3\4\n\0\0\0\0\0\31\r\2208Î¾\231\37T\1\0\0T\1\0\0'\0\0\0", 30, 7384281437437952) = 30
19:18:09.551290,1023,mmap2(NULL, 3472, PROT_READ, MAP_SHARED, 18, 0x1a3) = 0xb0f0a000
19:18:09.552252,1023,sigprocmask(SIG_BLOCK, [], [QUIT USR1 PIPE]) = 0
19:18:09.553284,1023,sigprocmask(SIG_BLOCK, [], [QUIT USR1 PIPE]) = 0
19:18:09.553901,1023,sigprocmask(SIG_BLOCK, [], [QUIT USR1 PIPE]) = 0
19:18:09.554656,1023,sigprocmask(SIG_BLOCK, [], [QUIT USR1 PIPE]) = 0
19:18:09.557459,1023,munmap(0xb0f0a000, 3472) = 0
19:18:09.559050,1023,clock_gettime(CLOCK_MONOTONIC, {107, 843987516}) = 0
19:18:09.560338,1023,pread(18, "PK\3\4\24\0\10\0\10\0\31\r\2208ìü$\237æ\0\0\0Ø\1\0\0#\0\0\0", 30, 1096457906028544) = 30
19:18:09.561133,1023,mmap2(NULL, 1632, PROT_READ, MAP_SHARED, 18, 0x3e) = 0xb0f0a000
19:18:09.561884,1023,munmap(0xb0f0a000, 1632) = 0
19:18:09.564219,1023,clock_gettime(CLOCK_MONOTONIC, {107, 849167151}) = 0
19:18:09.565446,1023,clock_gettime(CLOCK_MONOTONIC, {107, 850467702}) = 0
19:18:09.593789,1023,getuid32() = 10050
19:18:09.594825,1023,getpid() = 1023
19:18:09.595370,1023,gettid() = 1023
19:18:09.595899,1023,clock_gettime(CLOCK_MONOTONIC, {107, 880843085}) = 0
19:18:09.596519,1023,ioctl(9, 0xc0186201, 0xbee6d1f0) = 0
19:18:09.601164,1023,clock_gettime(CLOCK_MONOTONIC, {107, 886103576}) = 0
19:18:09.604430,1023,stat64("/system/framework/framework-res.apk", {st_mode=S_IFREG|0644, st_size=8749696, ...}) = 0
19:18:09.605748,1023,stat64("/data/app/com.igamepower.appmaster-1.apk", {st_mode=S_IFREG|0644, st_size=219806, ...}) = 0
19:18:09.608244,1023,gettimeofday({1738783089, 608426}, NULL) = 0
19:18:09.610058,1023,writev(3, [{"\4", 1}, {"MYHALL\0", 7}, {"onCreate\0", 9}], 3) = 17
19:18:09.611153,1023,mprotect(0xb3de5000, 462848, PROT_READ|PROT_WRITE) = 0
19:18:09.611825,1023,mprotect(0xb3e56000, 41082880, PROT_NONE) = 0
19:18:09.613188,1023,pread(18, "PK\3\4\24\0\10\0\10\0\31\r\2208¿Ìm\4»\1\0\0 \3\0\0\34\0\0\0", 30, 13579900610936832) = 30
19:18:09.614015,1023,mmap2(NULL, 4302, PROT_READ, MAP_SHARED, 18, 0x303) = 0xb0f09000
19:18:09.615272,1023,munmap(0xb0f09000, 4302) = 0
19:18:09.626634,1023,pread(33, "PK\3\4\24\0\10\0\10\0j\217\22?\0\0\0\0\0\0\0\0\0\0\0\0\23\0\0\0", 30, 121165322387456) = 30
19:18:09.627605,1023,mmap2(NULL, 4278, PROT_READ, MAP_SHARED, 33, 0x6) = 0xb0f09000
19:18:09.628479,1023,munmap(0xb0f09000, 4278) = 0
19:18:09.635980,1023,pread(18, "PK\3\4\n\0\0\0\0\0\31\r\2208§àüx\33\1\0\0\33\1\0\0003\0\1\0", 30, 6626009256296448) = 30
19:18:09.637024,1023,mmap2(NULL, 3007, PROT_READ, MAP_SHARED, 18, 0x178) = 0xb0f0a000
19:18:09.660407,1023,sigprocmask(SIG_BLOCK, [], [QUIT USR1 PIPE]) = 0
19:18:09.661102,1023,sigprocmask(SIG_BLOCK, [], [QUIT USR1 PIPE]) = 0
19:18:09.661704,1023,sigprocmask(SIG_BLOCK, [], [QUIT USR1 PIPE]) = 0
19:18:09.662356,1023,sigprocmask(SIG_BLOCK, [], [QUIT USR1 PIPE]) = 0
19:18:09.663101,1023,brk(0xb88b1000) = 0xb88b1000
19:18:09.665777,1023,munmap(0xb0f0a000, 3007) = 0
19:18:09.666739,1023,pread(18, "PK\3\4\n\0\0\0\0\0\31\r\2208e}|u\26\1\0\0\26\1\0\0001\0\2\0", 30, 6627576919359488) = 30
19:18:09.667581,1023,mmap2(NULL, 3366, PROT_READ, MAP_SHARED, 18, 0x178) = 0xb0f0a000
19:18:09.668558,1023,sigprocmask(SIG_BLOCK, [], [QUIT USR1 PIPE]) = 0
19:18:09.669213,1023,sigprocmask(SIG_BLOCK, [], [QUIT USR1 PIPE]) = 0
19:18:09.669840,1023,sigprocmask(SIG_BLOCK, [], [QUIT USR1 PIPE]) = 0
19:18:09.670510,1023,sigprocmask(SIG_BLOCK, [], [QUIT USR1 PIPE]) = 0
19:18:09.717508,1023,munmap(0xb0f0a000, 3366) = 0
19:18:09.724837,1023,pread(18, "PK\3\4\24\0\10\0\10\0\31\r\2208KåÁ·\27\1\0\0\f\3\0\0)\0\0\0", 30, 12809039880650752) = 30
19:18:09.729266,1023,mmap2(NULL, 799, PROT_READ, MAP_SHARED, 18, 0x2d8) = 0xb0f0a000
19:18:09.742501,1023,munmap(0xb0f0a000, 799) = 0
19:18:09.744586,1023,pread(18, "PK\3\4\n\0\0\0\0\0\31\r\2208b¦¼[¨\3\0\0¨\3\0\0006\0\1\0", 30, 3431451236237312) = 30
19:18:09.745409,1023,mmap2(NULL, 1248, PROT_READ, MAP_SHARED, 18, 0xc3) = 0xb0f0a000
19:18:09.760572,1023,sigprocmask(SIG_BLOCK, [], [QUIT USR1 PIPE]) = 0
19:18:09.761286,1023,sigprocmask(SIG_BLOCK, [], [QUIT USR1 PIPE]) = 0
19:18:09.761921,1023,sigprocmask(SIG_BLOCK, [], [QUIT USR1 PIPE]) = 0
19:18:09.762603,1023,sigprocmask(SIG_BLOCK, [], [QUIT USR1 PIPE]) = 0
19:18:09.766482,1023,futex(0xb875a9a8, FUTEX_WAKE_PRIVATE, 1 <unfinished ...>
19:18:09.766820,1027,<... futex resumed> ) = 0
19:18:09.767153,1027,futex(0xb689b5f4, FUTEX_WAIT_PRIVATE, 2, NULL <unfinished ...>
19:18:09.767469,1023,<... futex resumed> ) = 1
19:18:09.767792,1023,futex(0xb689b5f4, FUTEX_WAKE_PRIVATE, 1 <unfinished ...>
19:18:09.768108,1027,<... futex resumed> ) = 0
19:18:09.768428,1027,clock_gettime(CLOCK_MONOTONIC, {108, 53365865}) = 0
19:18:09.769036,1027,clock_gettime(CLOCK_MONOTONIC, {108, 53979627}) = 0
19:18:09.769631,1027,clock_gettime(CLOCK_MONOTONIC, {108, 54567685}) = 0
19:18:09.770224,1027,nanosleep({0, 10000000}, <unfinished ...>
19:18:09.770607,1023,<... futex resumed> ) = 1
19:18:09.770949,1023,futex(0xb689b58c, FUTEX_WAIT_PRIVATE, -434, NULL <unfinished ...>
19:18:09.782866,1027,<... nanosleep resumed> 0xaf59dd88) = 0
19:18:09.783379,1027,madvise(0xb2404000, 3107101, MADV_NORMAL) = 0
19:18:09.801409,1027,futex(0xb689b5f4, FUTEX_WAKE_PRIVATE, 1) = 0
19:18:09.801974,1027,futex(0xb689b58c, FUTEX_WAKE_PRIVATE, 2147483647 <unfinished ...>
19:18:09.802305,1023,<... futex resumed> ) = 0
19:18:09.802614,1023,futex(0xb689b588, FUTEX_WAIT_PRIVATE, 2, NULL <unfinished ...>
19:18:09.802908,1027,<... futex resumed> ) = 1
19:18:09.803219,1027,futex(0xb689b588, FUTEX_WAKE_PRIVATE, 1 <unfinished ...>
19:18:09.803518,1023,<... futex resumed> ) = 0
19:18:09.803822,1023,futex(0xb689b588, FUTEX_WAKE_PRIVATE, 1) = 0
19:18:09.805195,1023,munmap(0xb0f0a000, 1248) = 0
19:18:09.806324,1023,pread(18, "PK\3\4\n\0\0\0\0\0\31\r\2208àÅ\201'c\3\0\0c\3\0\0008\0\2\0", 30, 3435836397846528) = 30
19:18:09.807129,1023,mmap2(NULL, 2203, PROT_READ, MAP_SHARED, 18, 0xc3) = 0xb0f0a000
19:18:09.808069,1023,sigprocmask(SIG_BLOCK, [], [QUIT USR1 PIPE]) = 0
19:18:09.808693,1023,sigprocmask(SIG_BLOCK, [], [QUIT USR1 PIPE]) = 0
19:18:09.809298,1023,sigprocmask(SIG_BLOCK, [], [QUIT USR1 PIPE]) = 0
19:18:09.809937,1023,sigprocmask(SIG_BLOCK, [], [QUIT USR1 PIPE]) = 0
19:18:09.817847,1023,mprotect(0xb3de5000, 528384, PROT_READ|PROT_WRITE <unfinished ...>
19:18:09.818121,1027,<... futex resumed> ) = 1
19:18:09.818579,1023,<... mprotect resumed> ) = 0
19:18:09.818896,1027,clock_gettime(CLOCK_MONOTONIC, <unfinished ...>
19:18:09.819339,1023,mprotect(0xb3e66000, 41017344, PROT_NONE <unfinished ...>
19:18:09.819633,1027,<... clock_gettime resumed> {108, 104286790}) = 0
19:18:09.819998,1023,<... mprotect resumed> ) = 0
19:18:09.834603,1023,munmap(0xb0f0a000, 2203) = 0
19:18:09.838975,1023,pread(33, "PK\3\4\n\0\0\0\0\0j\217\22?\"+¼(\201\3\0\0\201\3\0\0#\0\0\0", 30, 385735307821056) = 30
19:18:09.861474,1023,mmap2(NULL, 4757, PROT_READ, MAP_SHARED, 33, 0x15) = 0xb0f09000
19:18:09.866671,1023,sigprocmask(SIG_BLOCK, [], [QUIT USR1 PIPE]) = 0
19:18:09.867311,1023,sigprocmask(SIG_BLOCK, [], [QUIT USR1 PIPE]) = 0
19:18:09.868343,1023,sigprocmask(SIG_BLOCK, [], [QUIT USR1 PIPE]) = 0
19:18:09.869258,1023,sigprocmask(SIG_BLOCK, [], [QUIT USR1 PIPE]) = 0
19:18:09.871964,1023,munmap(0xb0f09000, 4757) = 0
19:18:09.873351,1023,writev(3, [{"\4", 1}, {"MYHALL\0", 7}, {"HomeActivity::Oncreate\0", 23}], 3) = 31
19:18:09.887453,1023,mprotect(0xb1645000, 8192, PROT_READ|PROT_WRITE) = 0
19:18:09.896456,1023,pread(18, "PK\3\4\24\0\10\0\10\0\31\r\2208¯\6f²\"\2\0\0¸\4\0\0\36\0\0\0", 30, 13541237315338240) = 30
19:18:09.905869,1027,clock_gettime(CLOCK_MONOTONIC, <unfinished ...>
19:18:09.906295,1023,mmap2(NULL, 3597, PROT_READ, MAP_SHARED, 18, 0x301) = 0xb0f0a000
19:18:09.907097,1023,munmap(0xb0f0a000, 3597) = 0
19:18:09.909587,1023,clock_gettime(CLOCK_MONOTONIC, {108, 194512315}) = 0
19:18:09.910202,1023,futex(0xb689b5f8, FUTEX_WAIT_PRIVATE, -216, NULL <unfinished ...>
19:18:09.910708,1027,<... clock_gettime resumed> {108, 195370988}) = 0
19:18:09.915654,1027,futex(0xb689b58c, FUTEX_WAKE_PRIVATE, 2147483647) = 0
19:18:09.916206,1027,clock_gettime(CLOCK_MONOTONIC, {108, 201138116}) = 0
19:18:09.919253,1027,madvise(0xb3404000, 786432, MADV_DONTNEED) = 0
19:18:09.919844,1027,madvise(0xb2404000, 16777216, MADV_DONTNEED) = 0
19:18:09.920487,1027,futex(0xb689b5f8, FUTEX_WAKE_PRIVATE, 2147483647 <unfinished ...>
19:18:09.920814,1023,<... futex resumed> ) = 0
19:18:09.921166,1023,futex(0xb689b5f4, FUTEX_WAIT_PRIVATE, 2, NULL <unfinished ...>
19:18:09.921464,1027,<... futex resumed> ) = 1
19:18:09.921858,1027,futex(0xb8859788, FUTEX_WAKE_PRIVATE, 1 <unfinished ...>
19:18:09.922196,1030,<... futex resumed> ) = 0
19:18:09.922499,1030,futex(0xb8859778, FUTEX_WAIT_PRIVATE, 2, NULL <unfinished ...>
19:18:09.922795,1027,<... futex resumed> ) = 1
19:18:09.923183,1027,futex(0xb8859778, FUTEX_WAKE_PRIVATE, 1 <unfinished ...>
19:18:09.923467,1030,<... futex resumed> ) = 0
19:18:09.923756,1030,futex(0xb8859778, FUTEX_WAKE_PRIVATE, 1) = 0
19:18:09.924268,1030,futex(0xb8761628, FUTEX_WAIT_PRIVATE, 2, NULL <unfinished ...>
19:18:09.924550,1027,<... futex resumed> ) = 1
19:18:09.924844,1027,futex(0xb8761628, FUTEX_WAKE_PRIVATE, 1 <unfinished ...>
19:18:09.925165,1030,<... futex resumed> ) = 0
19:18:09.925461,1030,futex(0xb8761628, FUTEX_WAKE_PRIVATE, 1) = 0
19:18:09.948655,1030,futex(0xb8874260, FUTEX_WAKE_PRIVATE, 1 <unfinished ...>
19:18:09.948891,1027,<... futex resumed> ) = 1
19:18:09.949367,1030,<... futex resumed> ) = 1
19:18:09.949688,1027,clock_gettime(CLOCK_MONOTONIC, <unfinished ...>
19:18:09.950113,1031,<... futex resumed> ) = 0
19:18:09.950574,1027,<... clock_gettime resumed> {108, 235225750}) = 0
19:18:09.950967,1031,futex(0xb8874250, FUTEX_WAIT_PRIVATE, 2, NULL <unfinished ...>
19:18:09.951428,1030,futex(0xb8874250, FUTEX_WAKE_PRIVATE, 1 <unfinished ...>
19:18:09.951841,1027,writev(3, [{"\3", 1}, {"dalvikvm\0", 9}, {"GC_CONCURRENT freed 136K, 3% fre"..., 76}], 3 <unfinished ...>
19:18:09.952599,1031,<... futex resumed> ) = -1 EAGAIN (Try again)
19:18:09.952939,1030,<... futex resumed> ) = 0
19:18:09.953476,1031,futex(0xb8874250, FUTEX_WAKE_PRIVATE, 1 <unfinished ...>
19:18:09.954034,1030,futex(0xb8859788, FUTEX_WAIT_PRIVATE, -2, NULL <unfinished ...>
19:18:09.954730,1027,<... writev resumed> ) = 86
19:18:09.955001,1031,<... futex resumed> ) = 0
19:18:09.986366,1031,clock_gettime(CLOCK_MONOTONIC, <unfinished ...>
19:18:09.986631,1027,futex(0xb689b5f4, FUTEX_WAKE_PRIVATE, 1 <unfinished ...>
19:18:09.986952,1031,<... clock_gettime resumed> {108, 271602548}) = 0
19:18:09.987502,1027,<... futex resumed> ) = 1
19:18:09.987844,1031,futex(0xb887a5b8, FUTEX_WAKE_PRIVATE, 1 <unfinished ...>
19:18:09.988540,1023,<... futex resumed> ) = 0
19:18:09.988826,1027,clock_gettime(CLOCK_MONOTONIC, <unfinished ...>
19:18:09.989142,1031,<... futex resumed> ) = 1
19:18:09.989443,1023,clock_gettime(CLOCK_MONOTONIC, <unfinished ...>
19:18:09.989707,1027,<... clock_gettime resumed> {108, 274365058}) = 0
19:18:09.990065,1032,<... futex resumed> ) = 0
19:18:09.990487,1031,clock_gettime(CLOCK_MONOTONIC, <unfinished ...>
19:18:09.990760,1023,<... clock_gettime resumed> {108, 275413737}) = 0
19:18:09.991184,1027,clock_gettime(CLOCK_MONOTONIC, <unfinished ...>
19:18:09.991493,1032,futex(0xb887a5b8, FUTEX_WAIT_PRIVATE, -2, NULL <unfinished ...>
19:18:09.992241,1031,<... clock_gettime resumed> {108, 276902255}) = 0
19:18:09.992635,1023,writev(3, [{"\3", 1}, {"dalvikvm\0", 9}, {"WAIT_FOR_CONCURRENT_GC blocked 8"..., 36}], 3 <unfinished ...>
19:18:09.993418,1027,<... clock_gettime resumed> {108, 278060114}) = 0
19:18:09.993865,1031,futex(0xb887a5b8, FUTEX_WAKE_PRIVATE, 1 <unfinished ...>
19:18:09.994381,1027,futex(0xb875a9a8, FUTEX_WAIT_PRIVATE, -2, {4, 996304944} <unfinished ...>
19:18:09.994716,1031,<... futex resumed> ) = 1
19:18:09.995084,1023,<... writev resumed> ) = 46
19:18:09.995434,1032,<... futex resumed> ) = 0
19:18:09.995776,1031,clock_gettime(CLOCK_MONOTONIC, <unfinished ...>
19:18:09.996171,1023,futex(0xb689b5f4, FUTEX_WAKE_PRIVATE, 1 <unfinished ...>
19:18:10.009947,1032,futex(0xb887a5b8, FUTEX_WAIT_PRIVATE, -4, NULL <unfinished ...>
19:18:10.010197,1031,<... clock_gettime resumed> {108, 281123103}) = 0
19:18:10.010659,1023,<... futex resumed> ) = 0
19:18:10.011000,1031,futex(0xb887a5b8, FUTEX_WAKE_PRIVATE, 1 <unfinished ...>
19:18:10.012622,1023,pread(18, <unfinished ...>
19:18:10.012905,1031,<... futex resumed> ) = 1
19:18:10.013291,1023,<... pread resumed> "PK\3\4\24\0\10\0\10\0\31\r\2208ÎX(~E\0\0\0|\0\0\0 \0\0\0", 30, 928206857175040) = 30
19:18:10.013801,1032,<... futex resumed> ) = 0
19:18:10.014216,1031,clock_gettime(CLOCK_MONOTONIC, <unfinished ...>
19:18:10.014522,1023,mmap2(NULL, 3254, PROT_READ, MAP_SHARED, 18, 0x34 <unfinished ...>
19:18:10.014847,1032,futex(0xb887a5b8, FUTEX_WAIT_PRIVATE, -6, NULL <unfinished ...>
19:18:10.015599,1031,<... clock_gettime resumed> {108, 299793744}) = 0
19:18:10.016071,1023,<... mmap2 resumed> ) = 0xb0f0a000
19:18:10.016513,1031,futex(0xb887a5b8, FUTEX_WAKE_PRIVATE, 1 <unfinished ...>
19:18:10.016983,1023,munmap(0xb0f0a000, 3254 <unfinished ...>
19:18:10.017374,1031,<... futex resumed> ) = 1
19:18:10.017667,1023,<... munmap resumed> ) = 0
19:18:10.017980,1032,<... futex resumed> ) = 0
19:18:10.018367,1031,clock_gettime(CLOCK_MONOTONIC, <unfinished ...>
19:18:10.019294,1023,pread(18, <unfinished ...>
19:18:10.019597,1032,futex(0xb887a5b8, FUTEX_WAIT_PRIVATE, -8, NULL <unfinished ...>
19:18:10.019858,1031,<... clock_gettime resumed> {108, 304522158}) = 0
19:18:10.020262,1023,<... pread resumed> "PK\3\4\24\0\10\0\10\0\31\r\2208\177ÀE<\t\1\0\0000\2\0\0&\0\0\0", 30, 12943485241917440) = 30
19:18:10.020940,1031,futex(0xb887a5b8, FUTEX_WAKE_PRIVATE, 1 <unfinished ...>
19:18:10.021378,1023,mmap2(NULL, 3413, PROT_READ, MAP_SHARED, 18, 0x2df <unfinished ...>
19:18:10.021655,1031,<... futex resumed> ) = 1
19:18:10.022008,1023,<... mmap2 resumed> ) = 0xb0f0a000
19:18:10.022364,1032,<... futex resumed> ) = 0
19:18:10.022703,1031,clock_gettime(CLOCK_MONOTONIC, <unfinished ...>
19:18:10.023286,1023,munmap(0xb0f0a000, 3413 <unfinished ...>
19:18:10.023585,1032,futex(0xb887a5b8, FUTEX_WAIT_PRIVATE, -10, NULL <unfinished ...>
19:18:10.023844,1031,<... clock_gettime resumed> {108, 308509521}) = 0
19:18:10.024296,1023,<... munmap resumed> ) = 0
19:18:10.024617,1031,futex(0xb887a5b8, FUTEX_WAKE_PRIVATE, 1) = 1
19:18:10.026686,1032,<... futex resumed> ) = 0
19:18:10.027071,1031,clock_gettime(CLOCK_MONOTONIC, <unfinished ...>
19:18:10.027387,1032,futex(0xb887a5b8, FUTEX_WAIT_PRIVATE, -12, NULL <unfinished ...>
19:18:10.027653,1031,<... clock_gettime resumed> {108, 312316458}) = 0
19:18:10.028067,1031,futex(0xb887a5b8, FUTEX_WAKE_PRIVATE, 1) = 1
19:18:10.028530,1032,<... futex resumed> ) = 0
19:18:10.028879,1031,clock_gettime(CLOCK_MONOTONIC, <unfinished ...>
19:18:10.029223,1032,futex(0xb887a5b8, FUTEX_WAIT_PRIVATE, -14, NULL <unfinished ...>
19:18:10.029480,1031,<... clock_gettime resumed> {108, 314146126}) = 0
19:18:10.029856,1031,futex(0xb887a5b8, FUTEX_WAKE_PRIVATE, 1) = 1
19:18:10.030330,1032,<... futex resumed> ) = 0
19:18:10.030651,1031,clock_gettime(CLOCK_MONOTONIC, <unfinished ...>
19:18:10.030955,1032,futex(0xb887a5b8, FUTEX_WAIT_PRIVATE, -16, NULL <unfinished ...>
19:18:10.031257,1031,<... clock_gettime resumed> {108, 315920575}) = 0
19:18:10.031643,1031,futex(0xb887a5b8, FUTEX_WAKE_PRIVATE, 1) = 1
19:18:10.032129,1032,<... futex resumed> ) = 0
19:18:10.032469,1031,clock_gettime(CLOCK_MONOTONIC, <unfinished ...>
19:18:10.032766,1032,futex(0xb887a5b8, FUTEX_WAIT_PRIVATE, -18, NULL <unfinished ...>
19:18:10.033028,1031,<... clock_gettime resumed> {108, 317692210}) = 0
19:18:10.033484,1031,futex(0xb887a5b8, FUTEX_WAKE_PRIVATE, 1) = 1
19:18:10.033932,1032,<... futex resumed> ) = 0
19:18:10.034298,1031,clock_gettime(CLOCK_MONOTONIC, <unfinished ...>
19:18:10.034595,1032,futex(0xb887a5b8, FUTEX_WAIT_PRIVATE, -20, NULL <unfinished ...>
19:18:10.034859,1031,<... clock_gettime resumed> {108, 319522467}) = 0
19:18:10.035413,1031,futex(0xb887a5b8, FUTEX_WAKE_PRIVATE, 1) = 1
19:18:10.035922,1032,<... futex resumed> ) = 0
19:18:10.036255,1031,clock_gettime(CLOCK_MONOTONIC, <unfinished ...>
19:18:10.036545,1032,futex(0xb887a5b8, FUTEX_WAIT_PRIVATE, -22, NULL <unfinished ...>
19:18:10.036802,1031,<... clock_gettime resumed> {108, 321467753}) = 0
19:18:10.037278,1031,futex(0xb887a5b8, FUTEX_WAKE_PRIVATE, 1) = 1
19:18:10.037713,1032,<... futex resumed> ) = 0
19:18:10.038009,1031,clock_gettime(CLOCK_MONOTONIC, <unfinished ...>
19:18:10.038336,1032,futex(0xb887a5b8, FUTEX_WAIT_PRIVATE, -24, NULL <unfinished ...>
19:18:10.038592,1031,<... clock_gettime resumed> {108, 323258547}) = 0
19:18:10.038967,1031,futex(0xb887a5b8, FUTEX_WAKE_PRIVATE, 1) = 1
19:18:10.039443,1032,<... futex resumed> ) = 0
19:18:10.039740,1031,clock_gettime(CLOCK_MONOTONIC, <unfinished ...>
19:18:10.040070,1032,futex(0xb887a5b8, FUTEX_WAIT_PRIVATE, -26, NULL <unfinished ...>
19:18:10.040347,1031,<... clock_gettime resumed> {108, 325010270}) = 0
19:18:10.046986,1031,futex(0xb887a5b8, FUTEX_WAKE_PRIVATE, 1) = 1
19:18:10.047708,1032,<... futex resumed> ) = 0
19:18:10.048254,1031,clock_gettime(CLOCK_MONOTONIC, <unfinished ...>
19:18:10.048667,1032,futex(0xb887a5b8, FUTEX_WAIT_PRIVATE, -28, NULL <unfinished ...>
19:18:10.048990,1031,<... clock_gettime resumed> {108, 333645287}) = 0
19:18:10.049463,1031,futex(0xb887a5b8, FUTEX_WAKE_PRIVATE, 1) = 1
19:18:10.049953,1032,<... futex resumed> ) = 0
19:18:10.050438,1031,clock_gettime(CLOCK_MONOTONIC, <unfinished ...>
19:18:10.051198,1032,futex(0xb887a5b8, FUTEX_WAIT_PRIVATE, -30, NULL <unfinished ...>
19:18:10.051604,1031,<... clock_gettime resumed> {108, 336144682}) = 0
19:18:10.052277,1031,futex(0xb887a5b8, FUTEX_WAKE_PRIVATE, 1) = 1
19:18:10.052860,1032,<... futex resumed> ) = 0
19:18:10.053308,1031,clock_gettime(CLOCK_MONOTONIC, <unfinished ...>
19:18:10.053617,1032,futex(0xb887a5b8, FUTEX_WAIT_PRIVATE, -32, NULL <unfinished ...>
19:18:10.053878,1031,<... clock_gettime resumed> {108, 338540042}) = 0
19:18:10.054595,1031,futex(0xb887a5b8, FUTEX_WAKE_PRIVATE, 1) = 1
19:18:10.055237,1032,<... futex resumed> ) = 0
19:18:10.055540,1031,clock_gettime(CLOCK_MONOTONIC, <unfinished ...>
19:18:10.055831,1032,futex(0xb887a5b8, FUTEX_WAIT_PRIVATE, -34, NULL <unfinished ...>
19:18:10.056130,1031,<... clock_gettime resumed> {108, 340753491}) = 0
19:18:10.056548,1031,futex(0xb887a5b8, FUTEX_WAKE_PRIVATE, 1) = 1
19:18:10.057031,1032,<... futex resumed> ) = 0
19:18:10.057396,1031,clock_gettime(CLOCK_MONOTONIC, <unfinished ...>
19:18:10.057714,1032,futex(0xb887a5b8, FUTEX_WAIT_PRIVATE, -36, NULL <unfinished ...>
19:18:10.057997,1031,<... clock_gettime resumed> {108, 342653837}) = 0
19:18:10.058454,1031,futex(0xb887a5b8, FUTEX_WAKE_PRIVATE, 1 <unfinished ...>
19:18:10.058850,1032,<... futex resumed> ) = 0
19:18:10.059187,1032,futex(0xb887a5a8, FUTEX_WAIT_PRIVATE, 2, NULL <unfinished ...>
19:18:10.059657,1023,pread(18, "PK\3\4\n\0\0\0\0\0\31\r\2208Î0u)\17\v\0\0\17\v\0\0&\0\0\0", 30, 6816078739013632) = 30
19:18:10.060960,1023,mmap2(NULL, 4739, PROT_READ, MAP_SHARED, 18, 0x183) = 0xb0f09000
19:18:10.062176,1023,sigprocmask(SIG_BLOCK, [], [QUIT USR1 PIPE]) = 0
19:18:10.062919,1023,sigprocmask(SIG_BLOCK, [], [QUIT USR1 PIPE]) = 0
19:18:10.063580,1023,sigprocmask(SIG_BLOCK, [], [QUIT USR1 PIPE]) = 0
19:18:10.064252,1023,sigprocmask(SIG_BLOCK, [], [QUIT USR1 PIPE]) = 0
19:18:10.065185,1023,brk(0xb88b6000) = 0xb88b6000
19:18:10.069690,1023,munmap(0xb0f09000, 4739) = 0
19:18:10.074385,1023,pread(18, "PK\3\4\24\0\10\0\10\0\31\r\22085\204ì]\223\1\0\0`\3\0\0000\0\0\0", 30, 13582121109028864) = 30
19:18:10.075367,1023,mmap2(NULL, 703, PROT_READ, MAP_SHARED, 18, 0x304) = 0xb0f0a000
19:18:10.076181,1023,munmap(0xb0f0a000, 703) = 0
19:18:10.079229,1031,<... futex resumed> ) = 1
19:18:10.079546,1031,futex(0xb887a5a8, FUTEX_WAKE_PRIVATE, 1 <unfinished ...>
19:18:10.079842,1032,<... futex resumed> ) = 0
19:18:10.080183,1032,futex(0xb887a5a8, FUTEX_WAKE_PRIVATE, 1) = 0
19:18:10.080779,1032,futex(0xb8759450, FUTEX_WAIT_PRIVATE, 2, NULL <unfinished ...>
19:18:10.081116,1031,<... futex resumed> ) = 1
19:18:10.081412,1031,futex(0xb8759450, FUTEX_WAKE_PRIVATE, 1 <unfinished ...>
19:18:10.081731,1032,<... futex resumed> ) = 0
19:18:10.082044,1032,futex(0xb8759450, FUTEX_WAKE_PRIVATE, 1) = 0
19:18:10.082787,1032,clock_gettime(CLOCK_MONOTONIC, {108, 367714105}) = 0
19:18:10.083435,1032,clock_gettime(CLOCK_MONOTONIC, {108, 368361247}) = 0
19:18:10.083982,1032,clock_gettime(CLOCK_MONOTONIC, {108, 368958671}) = 0
19:18:10.084589,1032,futex(0xb887a5b8, FUTEX_WAIT_PRIVATE, -38, {9, 974402576} <unfinished ...>
19:18:10.084979,1031,<... futex resumed> ) = 1
19:18:10.085357,1031,clock_gettime(CLOCK_MONOTONIC, {108, 370292113}) = 0
19:18:10.085959,1031,clock_gettime(CLOCK_MONOTONIC, {108, 370968885}) = 0
19:18:10.095973,1031,clock_gettime(CLOCK_MONOTONIC, <unfinished ...>
19:18:10.096275,1023,pread(18, <unfinished ...>
19:18:10.096644,1031,<... clock_gettime resumed> {108, 381295274}) = 0
19:18:10.097016,1023,<... pread resumed> "PK\3\4\24\0\10\0\10\0\31\r\2208-}\203#°\4\0\0D\21\0\0\33\0\0\0", 30, 13203133194829824) = 30
19:18:10.097713,1031,sched_yield( <unfinished ...>
19:18:10.098034,1023,mmap2(NULL, 3351, PROT_READ, MAP_SHARED, 18, 0x2ee) = 0xb0f0a000
19:18:10.099517,1023,munmap(0xb0f0a000, 3351) = 0
19:18:10.103506,1023,pread(18, "PK\3\4\n\0\0\0\0\0\31\r\2208D@\21V\202\3\0\0\202\3\0\0$\0\1\0", 30, 3679623036534784) = 30
19:18:10.104506,1023,mmap2(NULL, 1630, PROT_READ, MAP_SHARED, 18, 0xd1) = 0xb0f0a000
19:18:10.105551,1023,sigprocmask(SIG_BLOCK, [], <unfinished ...>
19:18:10.122279,1031,<... sched_yield resumed> ) = 0
19:18:10.122577,1023,<... sigprocmask resumed> [QUIT USR1 PIPE]) = 0
19:18:10.123137,1031,clock_gettime(CLOCK_MONOTONIC, <unfinished ...>
19:18:10.123534,1023,sigprocmask(SIG_BLOCK, [], <unfinished ...>
19:18:10.123825,1031,<... clock_gettime resumed> {108, 408487773}) = 0
19:18:10.124211,1023,<... sigprocmask resumed> [QUIT USR1 PIPE]) = 0
19:18:10.124592,1031,clock_gettime(CLOCK_MONOTONIC, <unfinished ...>
19:18:10.125012,1023,sigprocmask(SIG_BLOCK, [], <unfinished ...>
19:18:10.125361,1031,<... clock_gettime resumed> {108, 410020486}) = 0
19:18:10.125739,1023,<... sigprocmask resumed> [QUIT USR1 PIPE]) = 0
19:18:10.126140,1031,clock_gettime(CLOCK_MONOTONIC, <unfinished ...>
19:18:10.126643,1023,sigprocmask(SIG_BLOCK, [], <unfinished ...>
19:18:10.127133,1031,<... clock_gettime resumed> {108, 411722125}) = 0
19:18:10.127477,1023,<... sigprocmask resumed> [QUIT USR1 PIPE]) = 0
19:18:10.127837,1031,clock_gettime(CLOCK_MONOTONIC, {108, 413008687}) = 0
19:18:10.128645,1031,clock_gettime(CLOCK_MONOTONIC, {108, 413567461}) = 0
19:18:10.129253,1031,clock_gettime(CLOCK_MONOTONIC, {108, 414172765}) = 0
19:18:10.129795,1031,clock_gettime(CLOCK_MONOTONIC, {108, 414772233}) = 0
19:18:10.130475,1031,clock_gettime(CLOCK_MONOTONIC, {108, 415395616}) = 0
19:18:10.131566,1031,clock_gettime(CLOCK_MONOTONIC, {108, 416499355}) = 0
19:18:10.132252,1031,clock_gettime(CLOCK_MONOTONIC, {108, 417185923}) = 0
19:18:10.132878,1031,clock_gettime(CLOCK_MONOTONIC, {108, 417862281}) = 0
19:18:10.133575,1031,clock_gettime(CLOCK_MONOTONIC, {108, 418540823}) = 0
19:18:10.134258,1031,clock_gettime(CLOCK_MONOTONIC, {108, 419193364}) = 0
19:18:10.134896,1031,clock_gettime(CLOCK_MONOTONIC, {108, 419887875}) = 0
19:18:10.135527,1031,clock_gettime(CLOCK_MONOTONIC, {108, 420452264}) = 0
19:18:10.136144,1031,clock_gettime(CLOCK_MONOTONIC, {108, 421070199}) = 0
19:18:10.136740,1031,clock_gettime(CLOCK_MONOTONIC, {108, 421734461}) = 0
19:18:10.137400,1031,clock_gettime(CLOCK_MONOTONIC, {108, 422334428}) = 0
19:18:10.138058,1031,clock_gettime(CLOCK_MONOTONIC, {108, 422992444}) = 0
19:18:10.138652,1031,clock_gettime(CLOCK_MONOTONIC, {108, 423588231}) = 0
19:18:10.139253,1031,clock_gettime(CLOCK_MONOTONIC, {108, 424188682}) = 0
19:18:10.139848,1031,clock_gettime(CLOCK_MONOTONIC, {108, 424781794}) = 0
19:18:10.140448,1031,clock_gettime(CLOCK_MONOTONIC, {108, 425382277}) = 0
19:18:10.141049,1031,clock_gettime(CLOCK_MONOTONIC, {108, 425986128}) = 0
19:18:10.141823,1031,clock_gettime(CLOCK_MONOTONIC, {108, 426763408}) = 0
19:18:10.142433,1031,clock_gettime(CLOCK_MONOTONIC, {108, 427368874}) = 0
19:18:10.143066,1031,clock_gettime(CLOCK_MONOTONIC, {108, 428001889}) = 0
19:18:10.143664,1031,clock_gettime(CLOCK_MONOTONIC, {108, 428601315}) = 0
19:18:10.152916,1031,clock_gettime(CLOCK_MONOTONIC, {108, 437938333}) = 0
19:18:10.153602,1031,clock_gettime(CLOCK_MONOTONIC, {108, 438564501}) = 0
19:18:10.154249,1031,clock_gettime(CLOCK_MONOTONIC, {108, 439202581}) = 0
19:18:10.154987,1031,clock_gettime(CLOCK_MONOTONIC, {108, 439988752}) = 0
19:18:10.155612,1031,clock_gettime(CLOCK_MONOTONIC, {108, 440531916}) = 0
19:18:10.156210,1031,clock_gettime(CLOCK_MONOTONIC, {108, 441129728}) = 0
19:18:10.156749,1031,clock_gettime(CLOCK_MONOTONIC, {108, 441667846}) = 0
19:18:10.157326,1031,clock_gettime(CLOCK_MONOTONIC, {108, 442245682}) = 0
19:18:10.157866,1031,clock_gettime(CLOCK_MONOTONIC, {108, 442784802}) = 0
19:18:10.158445,1031,clock_gettime(CLOCK_MONOTONIC, <unfinished ...>
19:18:10.161415,1023,munmap(0xb0f0a000, 1630) = 0
19:18:10.165870,1023,pread(18, "PK\3\4\n\0\0\0\0\0\31\r\2208\212\22F\30\204\0\0\0\204\0\0\0/\0\1\0", 30, 3187698957287424) = 30
19:18:10.166734,1023,mmap2(NULL, 1028, PROT_READ, MAP_SHARED, 18, 0xb5 <unfinished ...>
19:18:10.178195,1031,<... clock_gettime resumed> {108, 451969356}) = 0
19:18:10.178560,1023,<... mmap2 resumed> ) = 0xb0f0a000
19:18:10.178879,1031,futex(0xb8839218, FUTEX_WAIT_PRIVATE, 2, NULL <unfinished ...>
19:18:10.179381,1023,futex(0xb8839218, FUTEX_WAKE_PRIVATE, 1 <unfinished ...>
19:18:10.179716,1031,<... futex resumed> ) = -1 EAGAIN (Try again)
19:18:10.180013,1023,<... futex resumed> ) = 0
19:18:10.180364,1031,futex(0xb8839218, FUTEX_WAKE_PRIVATE, 1 <unfinished ...>
19:18:10.180927,1023,sigprocmask(SIG_BLOCK, [], <unfinished ...>
19:18:10.181311,1031,<... futex resumed> ) = 0
19:18:10.181576,1023,<... sigprocmask resumed> [QUIT USR1 PIPE]) = 0
19:18:10.181919,1031,clock_gettime(CLOCK_MONOTONIC, <unfinished ...>
19:18:10.182280,1023,sigprocmask(SIG_BLOCK, [], <unfinished ...>
19:18:10.182733,1031,<... clock_gettime resumed> {108, 467322211}) = 0
19:18:10.183165,1023,<... sigprocmask resumed> [QUIT USR1 PIPE]) = 0
19:18:10.183525,1031,futex(0xb8874260, FUTEX_WAIT_PRIVATE, -2, NULL <unfinished ...>
19:18:10.183873,1023,sigprocmask(SIG_BLOCK, [], [QUIT USR1 PIPE]) = 0
19:18:10.184577,1023,sigprocmask(SIG_BLOCK, [], [QUIT USR1 PIPE]) = 0
19:18:10.186850,1023,munmap(0xb0f0a000, 1028) = 0
19:18:10.210179,1023,pread(18, "PK\3\4\n\0\0\0\0\0\31\r\2208þi\tdÃ\5\0\0Ã\5\0\0 \0\1\0", 30, 1566756824940544) = 30
19:18:10.211041,1023,mmap2(NULL, 1783, PROT_READ, MAP_SHARED, 18, 0x59) = 0xb0f0a000
19:18:10.211924,1023,sigprocmask(SIG_BLOCK, [], [QUIT USR1 PIPE]) = 0
19:18:10.212505,1023,sigprocmask(SIG_BLOCK, [], [QUIT USR1 PIPE]) = 0
19:18:10.213062,1023,sigprocmask(SIG_BLOCK, [], [QUIT USR1 PIPE]) = 0
19:18:10.213667,1023,sigprocmask(SIG_BLOCK, [], [QUIT USR1 PIPE]) = 0
19:18:10.214307,1023,mprotect(0xb3de5000, 659456, PROT_READ|PROT_WRITE) = 0
19:18:10.214834,1023,mprotect(0xb3e86000, 40886272, PROT_NONE) = 0
19:18:10.218379,1023,mprotect(0xb3de5000, 856064, PROT_READ|PROT_WRITE) = 0
19:18:10.218925,1023,mprotect(0xb3eb6000, 40689664, PROT_NONE) = 0
19:18:10.223688,1023,munmap(0xb0f0a000, 1783) = 0
19:18:10.226528,1023,pread(18, "PK\3\4\24\0\10\0\10\0\31\r\2208\202³Ï[l\1\0\0à\4\0\0\34\0\0\0", 30, 12723621571067904) = 30
19:18:10.227334,1023,mmap2(NULL, 1463, PROT_READ, MAP_SHARED, 18, 0x2d3) = 0xb0f0a000
19:18:10.228116,1023,munmap(0xb0f0a000, 1463) = 0
19:18:10.229578,1023,pread(18, "PK\3\4\n\0\0\0\0\0\31\r\2208Þ\t\25U¹\2\0\0¹\2\0\0*\0\3\0", 30, 1821482745331712) = 30
19:18:10.230399,1023,mmap2(NULL, 2981, PROT_READ, MAP_SHARED, 18, 0x67) = 0xb0f0a000
19:18:10.231284,1023,sigprocmask(SIG_BLOCK, [], [QUIT USR1 PIPE]) = 0
19:18:10.237576,1023,sigprocmask(SIG_BLOCK, [], [QUIT USR1 PIPE]) = 0
19:18:10.239739,1023,sigprocmask(SIG_BLOCK, [], [QUIT USR1 PIPE]) = 0
19:18:10.240459,1023,sigprocmask(SIG_BLOCK, [], [QUIT USR1 PIPE]) = 0
19:18:10.244713,1023,munmap(0xb0f0a000, 2981) = 0
19:18:10.245810,1023,pread(18, "PK\3\4\n\0\0\0\0\0\31\r\2208ÈÂ\26w\235\2\0\0\235\2\0\0002\0\3\0", 30, 1824798460084224) = 30
19:18:10.258684,1023,mmap2(NULL, 3733, PROT_READ, MAP_SHARED, 18, 0x67) = 0xb0f0a000
19:18:10.259636,1023,sigprocmask(SIG_BLOCK, [], [QUIT USR1 PIPE]) = 0
19:18:10.260235,1023,sigprocmask(SIG_BLOCK, [], [QUIT USR1 PIPE]) = 0
19:18:10.260802,1023,sigprocmask(SIG_BLOCK, [], [QUIT USR1 PIPE]) = 0
19:18:10.261412,1023,sigprocmask(SIG_BLOCK, [], [QUIT USR1 PIPE]) = 0
19:18:10.264541,1023,munmap(0xb0f0a000, 3733) = 0
19:18:10.265601,1023,pread(18, "PK\3\4\n\0\0\0\0\0\31\r\2208SO\237\204Ì\2\0\0Ì\2\0\0+\0\2\0", 30, 1836875908120576) = 30
19:18:10.266392,1023,mmap2(NULL, 2488, PROT_READ, MAP_SHARED, 18, 0x68) = 0xb0f0a000
19:18:10.267323,1023,sigprocmask(SIG_BLOCK, [], [QUIT USR1 PIPE]) = 0
19:18:10.267890,1023,sigprocmask(SIG_BLOCK, [], [QUIT USR1 PIPE]) = 0
19:18:10.287596,1023,sigprocmask(SIG_BLOCK, [], [QUIT USR1 PIPE]) = 0
19:18:10.288345,1023,sigprocmask(SIG_BLOCK, [], [QUIT USR1 PIPE]) = 0
19:18:10.291981,1023,munmap(0xb0f0a000, 2488) = 0
19:18:10.293162,1023,pread(18, "PK\3\4\n\0\0\0\0\0\31\r\2208\16\21¬õ\17\2\0\0\17\2\0\0,\0\3\0", 30, 1847381398126592) = 30
19:18:10.294021,1023,mmap2(NULL, 651, PROT_READ, MAP_SHARED, 18, 0x69) = 0xb0f0a000
19:18:10.295094,1023,sigprocmask(SIG_BLOCK, [], [QUIT USR1 PIPE]) = 0
19:18:10.295856,1023,sigprocmask(SIG_BLOCK, [], [QUIT USR1 PIPE]) = 0
19:18:10.296470,1023,sigprocmask(SIG_BLOCK, [], [QUIT USR1 PIPE]) = 0
19:18:10.297087,1023,sigprocmask(SIG_BLOCK, [], [QUIT USR1 PIPE]) = 0
19:18:10.300196,1023,munmap(0xb0f0a000, 651) = 0
19:18:10.301483,1023,pread(18, "PK\3\4\n\0\0\0\0\0\31\r\22082½Î\22ä\2\0\0ä\2\0\0:\0\3\0", 30, 1828028275490816) = 30
19:18:10.302271,1023,mmap2(NULL, 4564, PROT_READ, MAP_SHARED, 18, 0x67) = 0xb0f09000
19:18:10.303196,1023,sigprocmask(SIG_BLOCK, [], [QUIT USR1 PIPE]) = 0
19:18:10.303782,1023,sigprocmask(SIG_BLOCK, [], [QUIT USR1 PIPE]) = 0
19:18:10.304405,1023,sigprocmask(SIG_BLOCK, [], [QUIT USR1 PIPE]) = 0
19:18:10.323465,1023,sigprocmask(SIG_BLOCK, [], [QUIT USR1 PIPE]) = 0
19:18:10.326268,1023,futex(0xb875a9a8, FUTEX_WAKE_PRIVATE, 1 <unfinished ...>
19:18:10.327399,1027,<... futex resumed> ) = 0
19:18:10.327609,1023,<... futex resumed> ) = 1
19:18:10.329215,1027,futex(0xb689b5f4, FUTEX_WAIT_PRIVATE, 2, NULL <unfinished ...>
19:18:10.329448,1023,futex(0xb689b5f4, FUTEX_WAKE_PRIVATE, 1 <unfinished ...>
19:18:10.330562,1027,<... futex resumed> ) = -1 EAGAIN (Try again)
19:18:10.330767,1023,<... futex resumed> ) = 0
19:18:10.331915,1027,clock_gettime(CLOCK_MONOTONIC, <unfinished ...>
19:18:10.332675,1023,futex(0xb689b5f4, FUTEX_WAIT_PRIVATE, 2, NULL <unfinished ...>
19:18:10.333328,1027,<... clock_gettime resumed> {108, 617599970}) = 0
19:18:10.336026,1027,madvise(0xb2404000, 3232429, MADV_NORMAL) = 0
19:18:10.343172,1027,futex(0xb689b5f4, FUTEX_WAKE_PRIVATE, 1 <unfinished ...>
19:18:10.343565,1023,<... futex resumed> ) = 0
19:18:10.344004,1023,futex(0xb689b58c, FUTEX_WAIT_PRIVATE, -438, NULL <unfinished ...>
19:18:10.344490,1027,<... futex resumed> ) = 1
19:18:10.344872,1027,futex(0xb689b58c, FUTEX_WAKE_PRIVATE, 2147483647 <unfinished ...>
19:18:10.345268,1023,<... futex resumed> ) = 0
19:18:10.345646,1023,futex(0xb689b588, FUTEX_WAIT_PRIVATE, 2, NULL <unfinished ...>
19:18:10.346139,1027,<... futex resumed> ) = 1
19:18:10.346623,1027,futex(0xb689b588, FUTEX_WAKE_PRIVATE, 1) = 0
19:18:10.347408,1027,clock_gettime(CLOCK_MONOTONIC, {108, 632457992}) = 0
19:18:10.356077,1023,<... futex resumed> ) = -1 EAGAIN (Try again)
19:18:10.356436,1023,futex(0xb689b588, FUTEX_WAKE_PRIVATE, 1) = 0
19:18:10.357057,1023,futex(0xb689b5f4, FUTEX_WAKE_PRIVATE, 1) = 0
19:18:10.357872,1023,munmap(0xb0f09000, 4564) = 0
19:18:10.359150,1023,clock_gettime(CLOCK_MONOTONIC, {108, 644090904}) = 0
19:18:10.360027,1023,clock_gettime(CLOCK_MONOTONIC, {108, 644996208}) = 0
19:18:10.362865,1023,clock_gettime(CLOCK_MONOTONIC, {108, 647824298}) = 0
19:18:10.363624,1023,clock_gettime(CLOCK_MONOTONIC, {108, 648916263}) = 0
19:18:10.378557,1023,clock_gettime(CLOCK_MONOTONIC, {108, 663581871}) = 0
19:18:10.379623,1023,clock_gettime(CLOCK_MONOTONIC, {108, 664644501}) = 0
19:18:10.385001,1023,pread(18, "PK\3\4\n\0\0\0\0\0\31\r\2208&LÒ\212õ\2\0\0õ\2\0\0&\0\3\0", 30, 6387462477709312) = 30
19:18:10.385904,1023,mmap2(NULL, 1177, PROT_READ, MAP_SHARED, 18, 0x16b) = 0xb0f0a000
19:18:10.394134,1027,clock_gettime(CLOCK_MONOTONIC, {108, 679086773}) = 0
19:18:10.397943,1023,futex(0xb689b58c, FUTEX_WAIT_PRIVATE, -440, NULL <unfinished ...>
19:18:10.399087,1027,futex(0xb689b58c, FUTEX_WAKE_PRIVATE, 2147483647 <unfinished ...>
19:18:10.399672,1023,<... futex resumed> ) = 0
19:18:10.399975,1023,futex(0xb689b588, FUTEX_WAIT_PRIVATE, 2, NULL <unfinished ...>
19:18:10.400358,1027,<... futex resumed> ) = 1
19:18:10.400822,1027,futex(0xb689b588, FUTEX_WAKE_PRIVATE, 1 <unfinished ...>
19:18:10.401228,1023,<... futex resumed> ) = 0
19:18:10.401569,1023,futex(0xb689b588, FUTEX_WAKE_PRIVATE, 1) = 0
19:18:10.402556,1023,sigprocmask(SIG_BLOCK, [], [QUIT USR1 PIPE]) = 0
19:18:10.403214,1023,sigprocmask(SIG_BLOCK, [], [QUIT USR1 PIPE]) = 0
19:18:10.403799,1023,sigprocmask(SIG_BLOCK, [], [QUIT USR1 PIPE]) = 0
19:18:10.404468,1023,sigprocmask(SIG_BLOCK, [], [QUIT USR1 PIPE]) = 0
19:18:10.406705,1027,<... futex resumed> ) = 1
19:18:10.407019,1027,clock_gettime(CLOCK_MONOTONIC, {108, 691989871}) = 0
19:18:10.408589,1027,madvise(0xb34c4000, 786432, MADV_DONTNEED) = 0
19:18:10.409264,1027,madvise(0xb2404000, 16777216, MADV_DONTNEED) = 0
19:18:10.409822,1027,futex(0xb689b5f8, FUTEX_WAKE_PRIVATE, 2147483647) = 0
19:18:10.410417,1027,futex(0xb8859788, FUTEX_WAKE_PRIVATE, 1 <unfinished ...>
19:18:10.410851,1030,<... futex resumed> ) = 0
19:18:10.411192,1030,futex(0xb8859778, FUTEX_WAIT_PRIVATE, 2, NULL <unfinished ...>
19:18:10.411480,1027,<... futex resumed> ) = 1
19:18:10.411773,1027,futex(0xb8859778, FUTEX_WAKE_PRIVATE, 1 <unfinished ...>
19:18:10.412060,1030,<... futex resumed> ) = 0
19:18:10.412347,1030,futex(0xb8859778, FUTEX_WAKE_PRIVATE, 1) = 0
19:18:10.412819,1030,futex(0xb8761628, FUTEX_WAIT_PRIVATE, 2, NULL <unfinished ...>
19:18:10.413109,1027,<... futex resumed> ) = 1
19:18:10.413403,1027,futex(0xb8761628, FUTEX_WAKE_PRIVATE, 1 <unfinished ...>
19:18:10.413682,1030,<... futex resumed> ) = 0
19:18:10.413977,1030,futex(0xb8761628, FUTEX_WAKE_PRIVATE, 1) = 0
19:18:10.414472,1030,futex(0xb8874260, FUTEX_WAKE_PRIVATE, 1) = 1
19:18:10.414929,1031,<... futex resumed> ) = 0
19:18:10.415379,1030,futex(0xb8859788, FUTEX_WAIT_PRIVATE, -4, NULL <unfinished ...>
19:18:10.415694,1031,clock_gettime(CLOCK_MONOTONIC, {108, 700642507}) = 0
19:18:10.416336,1031,clock_gettime(CLOCK_MONOTONIC, {108, 701264671}) = 0
19:18:10.416906,1031,clock_gettime(CLOCK_MONOTONIC, {108, 701864673}) = 0
19:18:10.417519,1031,clock_gettime(CLOCK_MONOTONIC, {108, 702446966}) = 0
19:18:10.418133,1031,clock_gettime(CLOCK_MONOTONIC, {108, 703060840}) = 0
19:18:10.418701,1031,clock_gettime(CLOCK_MONOTONIC, {108, 703628368}) = 0
19:18:10.419275,1031,clock_gettime(CLOCK_MONOTONIC, {108, 704201459}) = 0
19:18:10.419842,1031,clock_gettime(CLOCK_MONOTONIC, {108, 704768871}) = 0
19:18:10.420415,1031,clock_gettime(CLOCK_MONOTONIC, {108, 705342852}) = 0
19:18:10.420982,1031,clock_gettime(CLOCK_MONOTONIC, {108, 705916221}) = 0
19:18:10.421557,1031,clock_gettime(CLOCK_MONOTONIC, {108, 706483524}) = 0
19:18:10.422130,1031,clock_gettime(CLOCK_MONOTONIC, {108, 707057391}) = 0
19:18:10.422697,1031,clock_gettime(CLOCK_MONOTONIC, {108, 708309113}) = 0
19:18:10.423990,1031,clock_gettime(CLOCK_MONOTONIC, {108, 708934751}) = 0
19:18:10.424598,1031,clock_gettime(CLOCK_MONOTONIC, {108, 709534252}) = 0
19:18:10.425202,1031,clock_gettime(CLOCK_MONOTONIC, {108, 710138788}) = 0
19:18:10.425797,1031,clock_gettime(CLOCK_MONOTONIC, {108, 710732251}) = 0
19:18:10.426399,1031,clock_gettime(CLOCK_MONOTONIC, {108, 711338198}) = 0
19:18:10.426974,1031,clock_gettime(CLOCK_MONOTONIC, {108, 711956822}) = 0
19:18:10.427598,1031,clock_gettime(CLOCK_MONOTONIC, {108, 712523306}) = 0
19:18:10.428198,1031,clock_gettime(CLOCK_MONOTONIC, {108, 713124788}) = 0
19:18:10.428762,1031,clock_gettime(CLOCK_MONOTONIC, {108, 713688929}) = 0
19:18:10.429364,1031,clock_gettime(CLOCK_MONOTONIC, {108, 714288840}) = 0
19:18:10.429927,1031,clock_gettime(CLOCK_MONOTONIC, {108, 714890224}) = 0
19:18:10.430529,1031,clock_gettime(CLOCK_MONOTONIC, {108, 715454924}) = 0
19:18:10.431166,1031,clock_gettime(CLOCK_MONOTONIC, {108, 716091453}) = 0
19:18:10.431730,1031,clock_gettime(CLOCK_MONOTONIC, {108, 716655423}) = 0
19:18:10.432326,1031,futex(0xb8874260, FUTEX_WAIT_PRIVATE, -4, NULL <unfinished ...>
19:18:10.432618,1027,<... futex resumed> ) = 1
19:18:10.475528,1023,futex(0xb689b5f4, FUTEX_WAIT_PRIVATE, 2, NULL <unfinished ...>
19:18:10.477194,1027,clock_gettime(CLOCK_MONOTONIC, {108, 762154571}) = 0
19:18:10.477861,1027,writev(3, [{"\3", 1}, {"dalvikvm\0", 9}, {"GC_CONCURRENT freed 126K, 3% fre"..., 77}], 3) = 87
19:18:10.479194,1027,futex(0xb689b5f4, FUTEX_WAKE_PRIVATE, 1) = 1
19:18:10.479708,1023,<... futex resumed> ) = 0
19:18:10.480067,1027,clock_gettime(CLOCK_MONOTONIC, <unfinished ...>
19:18:10.480371,1023,futex(0xb689b5f4, FUTEX_WAKE_PRIVATE, 1 <unfinished ...>
19:18:10.480627,1027,<... clock_gettime resumed> {108, 765290848}) = 0
19:18:10.480988,1023,<... futex resumed> ) = 0
19:18:10.481314,1027,clock_gettime(CLOCK_MONOTONIC, <unfinished ...>
19:18:10.482418,1023,munmap(0xb0f0a000, 1177 <unfinished ...>
19:18:10.482685,1027,<... clock_gettime resumed> {108, 767344693}) = 0
19:18:10.483170,1023,<... munmap resumed> ) = 0
19:18:10.483471,1027,futex(0xb875a9a8, FUTEX_WAIT_PRIVATE, -4, {4, 997946155} <unfinished ...>
19:18:10.484621,1023,pread(18, "PK\3\4\n\0\0\0\0\0\31\r\2208¿\25¢\34r\2\0\0r\2\0\0)\0\1\0", 30, 6341158435291136) = 30
19:18:10.485556,1023,mmap2(NULL, 2554, PROT_READ, MAP_SHARED, 18, 0x168) = 0xb0f0a000
19:18:10.486546,1023,sigprocmask(SIG_BLOCK, [], [QUIT USR1 PIPE]) = 0
19:18:10.487224,1023,sigprocmask(SIG_BLOCK, [], [QUIT USR1 PIPE]) = 0
19:18:10.487799,1023,sigprocmask(SIG_BLOCK, [], [QUIT USR1 PIPE]) = 0
19:18:10.488461,1023,sigprocmask(SIG_BLOCK, [], [QUIT USR1 PIPE]) = 0
19:18:10.491775,1023,munmap(0xb0f0a000, 2554) = 0
19:18:10.493712,1023,mprotect(0xb1646000, 8192, PROT_READ|PROT_WRITE) = 0
19:18:10.495110,1023,getpid() = 1023
19:18:10.495643,1023,gettid() = 1023
19:18:10.496171,1023,clock_gettime(CLOCK_MONOTONIC, {108, 781094684}) = 0
19:18:10.496739,1023,ioctl(9, 0xc0186201, 0xbee6d1f0) = 0
19:18:10.498254,1023,clock_gettime(CLOCK_MONOTONIC, {108, 783182086}) = 0
19:18:10.499981,1023,getpid() = 1023
19:18:10.500520,1023,gettid() = 1023
19:18:10.517309,1023,clock_gettime(CLOCK_MONOTONIC, {108, 802236069}) = 0
19:18:10.517916,1023,ioctl(9, 0xc0186201, 0xbee6d1f0) = 0
19:18:10.520181,1023,ioctl(9, 0xc0186201, 0xbee6d1f0) = 0
19:18:10.520706,1023,clock_gettime(CLOCK_MONOTONIC, {108, 805625073}) = 0
19:18:10.522019,1023,getpid() = 1023
19:18:10.522548,1023,gettid() = 1023
19:18:10.523056,1023,clock_gettime(CLOCK_MONOTONIC, {108, 807994240}) = 0
19:18:10.523633,1023,ioctl(9, 0xc0186201, 0xbee6d1f0) = 0
19:18:10.524726,1023,ioctl(9, 0xc0186201, 0xbee6d1f0) = 0
19:18:10.525305,1023,clock_gettime(CLOCK_MONOTONIC, {108, 810229846}) = 0
19:18:10.528132,1023,ioctl(9, 0xc0186201, 0xbee6d150) = 0
19:18:10.529382,1023,ioctl(9, 0xc0186201, 0xbee6d150) = 0
19:18:10.530083,1023,ioctl(9, 0xc0186201, 0xbee6d158) = 0
19:18:10.530890,1023,ioctl(9, 0xc0186201, 0xbee6d158) = 0
19:18:10.531456,1023,dup(36) = 37
19:18:10.531963,1023,setsockopt(37, SOL_SOCKET, SO_SNDBUF, [4096], 4) = 0
19:18:10.532719,1023,setsockopt(37, SOL_SOCKET, SO_RCVBUF, [4096], 4) = 0
19:18:10.533311,1023,fcntl64(37, F_SETFL, O_RDONLY|O_NONBLOCK) = 0
19:18:10.533843,1023,close(36) = 0
19:18:10.534410,1023,epoll_ctl(0x1e, 0x1, 0x25, 0xbee6d2a8) = 0
19:18:10.535311,1023,mprotect(0xb1647000, 8192, PROT_READ|PROT_WRITE) = 0
19:18:10.536334,1023,getpid() = 1023
19:18:10.536868,1023,gettid() = 1023
19:18:10.537440,1023,clock_gettime(CLOCK_MONOTONIC, {108, 822364253}) = 0
19:18:10.538091,1023,ioctl(9, 0xc0186201, 0xbee6d1f0) = 0
19:18:10.538826,1023,clock_gettime(CLOCK_MONOTONIC, {108, 823750058}) = 0
19:18:10.539920,1023,getpid() = 1023
19:18:10.540451,1023,gettid() = 1023
19:18:10.540937,1023,clock_gettime(CLOCK_MONOTONIC, {108, 825914185}) = 0
19:18:10.541560,1023,ioctl(9, 0xc0186201, 0xbee6d1f0) = 0
19:18:10.542700,1023,ioctl(9, 0xc0186201, 0xbee6d1f0) = 0
19:18:10.543274,1023,clock_gettime(CLOCK_MONOTONIC, {108, 828203372}) = 0
19:18:10.544447,1023,clock_gettime(CLOCK_MONOTONIC, {108, 829380507}) = 0
19:18:10.545123,1023,clock_gettime(CLOCK_MONOTONIC, {108, 830053002}) = 0
19:18:10.545805,1023,mmap2(NULL, 69632, PROT_READ|PROT_WRITE, MAP_PRIVATE|MAP_ANONYMOUS, -1, 0) = 0xaccb2000
19:18:10.546511,1023,madvise(0xaccb2000, 69632, 0xc /* MADV_??? */) = -1 EINVAL (Invalid argument)
19:18:10.548010,1023,recvfrom(37, 0xbee6c9a8, 24, 64, 0, 0) = -1 EAGAIN (Try again)
19:18:10.548654,1023,ioctl(9, 0xc0186201, 0xbee6d178) = 0
19:18:10.549466,1023,clock_gettime(CLOCK_MONOTONIC, {108, 834456827}) = 0
19:18:10.551773,1023,getpid() = 1023
19:18:10.552321,1023,gettid() = 1023
19:18:10.552818,1023,clock_gettime(CLOCK_MONOTONIC, {108, 837746764}) = 0
19:18:10.553430,1023,ioctl(9, 0xc0186201, 0xbee6d1f0) = 0
19:18:10.556813,1023,ioctl(9, 0xc0186201, 0xbee6d1f0) = 0
19:18:10.561881,1037,<... ioctl resumed> , 0xacdd2e28) = 0
19:18:10.563049,1023,clock_gettime(CLOCK_MONOTONIC, <unfinished ...>
19:18:10.563356,1037,write(24, "1037", 4 <unfinished ...>
19:18:10.565232,1023,<... clock_gettime resumed> {108, 849873040}) = 0
19:18:10.565630,1037,<... write resumed> ) = 4
19:18:10.566814,1023,dup(36 <unfinished ...>
19:18:10.567131,1037,getpriority(PRIO_PROCESS, 1037 <unfinished ...>
19:18:10.567542,1023,<... dup resumed> ) = 38
19:18:10.567815,1037,<... getpriority resumed> ) = 20
19:18:10.572014,1023,fcntl64(38, F_SETFL, O_RDONLY|O_NONBLOCK <unfinished ...>
19:18:10.572578,1037,clock_gettime(CLOCK_MONOTONIC, <unfinished ...>
19:18:10.573514,1023,<... fcntl64 resumed> ) = 0
19:18:10.573820,1037,<... clock_gettime resumed> {108, 858484839}) = 0
19:18:10.575787,1023,close(36 <unfinished ...>
19:18:10.576233,1037,write(24, "1037", 4 <unfinished ...>
19:18:10.577085,1023,<... close resumed> ) = 0
19:18:10.577385,1037,<... write resumed> ) = 4
19:18:10.580593,1023,epoll_ctl(0x1e, 0x1, 0x26, 0xbee6d288 <unfinished ...>
19:18:10.580922,1037,ioctl(9, 0xc0186201 <unfinished ...>
19:18:10.581944,1023,<... epoll_ctl resumed> ) = 0
19:18:10.590620,1023,access("/data/data/com.igamepower.appmaster/cache/igamepower_file/1000", F_OK) = -1 ENOENT (No such file or directory)
19:18:10.595938,1023,mmap2(NULL, 32768, PROT_READ|PROT_WRITE, MAP_PRIVATE|MAP_ANONYMOUS, -1, 0) = 0xacc80000
19:18:10.596773,1023,madvise(0xacc80000, 32768, 0xc /* MADV_??? */) = -1 EINVAL (Invalid argument)
19:18:10.597332,1023,mmap2(NULL, 1048576, PROT_READ|PROT_WRITE, MAP_PRIVATE|MAP_ANONYMOUS|MAP_NORESERVE, -1, 0) = 0xacb80000
19:18:10.597854,1023,madvise(0xacb80000, 1048576, 0xc /* MADV_??? */) = -1 EINVAL (Invalid argument)
19:18:10.598436,1023,mprotect(0xacb80000, 4096, PROT_NONE) = 0
19:18:10.598991,1023,clone(child_stack=0xacc7ff00, flags=CLONE_VM|CLONE_FS|CLONE_FILES|CLONE_SIGHAND|CLONE_THREAD|CLONE_SYSVSEM|0x400000) = 1041
19:18:10.604061,1023,futex(0xb689b580, FUTEX_WAIT_PRIVATE, -342, NULL <unfinished ...>
19:18:10.619264,1041,set_tls(0xacc7ff00, 0xb88347a8, 0xacc7fffc, 0x40, 0xacc7ff00) = 0
19:18:10.619766,1041,prctl(PR_SET_NAME, 0xacc7fe8c, 0, 0, 0) = 0
19:18:10.620240,1041,gettid() = 1041
19:18:10.620698,1041,futex(0xb689b580, FUTEX_WAKE_PRIVATE, 2147483647 <unfinished ...>
19:18:10.621010,1023,<... futex resumed> ) = 0
19:18:10.621375,1023,futex(0xb689b57c, FUTEX_WAIT_PRIVATE, 2, NULL <unfinished ...>
19:18:10.621667,1041,<... futex resumed> ) = 1
19:18:10.621977,1041,futex(0xb689b57c, FUTEX_WAKE_PRIVATE, 1 <unfinished ...>
19:18:10.622283,1023,<... futex resumed> ) = 0
19:18:10.622593,1023,futex(0xb689b57c, FUTEX_WAKE_PRIVATE, 1) = 0
19:18:10.623105,1023,futex(0xb689b580, FUTEX_WAKE_PRIVATE, 2147483647) = 0
19:18:10.624224,1023,pread(18, "PK\3\4\24\0\10\0\10\0\31\r\2208^Þ\n\3Õ\1\0\0à\3\0\0\34\0\0\0", 30, 13664146394447872) = 30
19:18:10.625023,1023,mmap2(NULL, 3463, PROT_READ, MAP_SHARED, 18, 0x308) = 0xb0f0a000
19:18:10.625903,1023,munmap(0xb0f0a000, 3463) = 0
19:18:10.627308,1023,pread(18, "PK\3\4\24\0\10\0\10\0\31\r\2208\7i`áE\1\0\0`\4\0\0\36\0\0\0", 30, 13030724617633792) = 30
19:18:10.628154,1023,mmap2(NULL, 3297, PROT_READ, MAP_SHARED, 18, 0x2e4) = 0xb0f0a000
19:18:10.628881,1023,munmap(0xb0f0a000, 3297) = 0
19:18:10.630292,1023,pread(18, "PK\3\4\n\0\0\0\0\0\31\r\2208°\227Ø\205D\1\0\0D\1\0\0&\0\0\0", 30, 7386038079062016) = 30
19:18:10.631086,1023,mmap2(NULL, 3864, PROT_READ, MAP_SHARED, 18, 0x1a3) = 0xb0f0a000
19:18:10.632015,1023,sigprocmask(SIG_BLOCK, [], [QUIT USR1 PIPE]) = 0
19:18:10.632702,1023,sigprocmask(SIG_BLOCK, [], [QUIT USR1 PIPE]) = 0
19:18:10.635820,1041,<... futex resumed> ) = 1
19:18:10.636268,1023,sigprocmask(SIG_BLOCK, [], [QUIT USR1 PIPE]) = 0
19:18:10.636915,1023,sigprocmask(SIG_BLOCK, [], [QUIT USR1 PIPE]) = 0
19:18:10.639477,1023,munmap(0xb0f0a000, 3864) = 0
19:18:10.640510,1023,pread(18, "PK\3\4\n\0\0\0\0\0\31\r\2208\205ØÛ5 \1\0\0 \1\0\0$\0\0\0", 30, 7375910546178048) = 30
19:18:10.641343,1023,mmap2(NULL, 1468, PROT_READ, MAP_SHARED, 18, 0x1a3) = 0xb0f0a000
19:18:10.642301,1023,sigprocmask(SIG_BLOCK, [], [QUIT USR1 PIPE]) = 0
19:18:10.642883,1023,sigprocmask(SIG_BLOCK, [], [QUIT USR1 PIPE]) = 0
19:18:10.643481,1023,sigprocmask(SIG_BLOCK, [], [QUIT USR1 PIPE]) = 0
19:18:10.644158,1023,sigprocmask(SIG_BLOCK, [], [QUIT USR1 PIPE]) = 0
19:18:10.646967,1041,futex(0xb689b580, FUTEX_WAIT_PRIVATE, -344, NULL) = -1 EAGAIN (Try again)
19:18:10.647503,1041,getpriority(PRIO_PROCESS, 1041) = 20
19:18:10.647952,1041,setpriority(PRIO_PROCESS, 1041, 0) = 0
19:18:10.648572,1041,futex(0xb87611a4, FUTEX_WAIT_PRIVATE, 2, NULL <unfinished ...>
19:18:10.649009,1023,futex(0xb87611a4, FUTEX_WAKE_PRIVATE, 1 <unfinished ...>
19:18:10.649300,1041,<... futex resumed> ) = 0
19:18:10.649577,1041,futex(0xb87611a4, FUTEX_WAKE_PRIVATE, 1) = 0
19:18:10.650517,1041,writev(3, [{"\4", 1}, {"HttpRequest\0", 12}, {"doPost url_1:http://client.mustm"..., 59}], 3) = 72
19:18:10.651682,1041,writev(3, [{"\4", 1}, {"HttpRequest\0", 12}, {"doPost url_2:http://client.mustm"..., 59}], 3) = 72
19:18:10.654624,1041,gettimeofday({1738783090, 654804}, NULL) = 0
19:18:10.655483,1041,gettimeofday({1738783090, 655653}, NULL) = 0
19:18:10.656804,1041,gettimeofday({1738783090, 656976}, NULL) = 0
19:18:10.658417,1023,<... futex resumed> ) = 1
19:18:10.659438,1023,munmap(0xb0f0a000, 1468) = 0
19:18:10.661157,1023,clock_gettime(CLOCK_MONOTONIC, {108, 946084788}) = 0
19:18:10.665421,1023,clock_gettime(CLOCK_MONOTONIC, {108, 950348641}) = 0
19:18:10.667025,1023,clock_gettime(CLOCK_MONOTONIC, {108, 951991703}) = 0
19:18:10.671020,1023,clock_gettime(CLOCK_MONOTONIC, {108, 955986285}) = 0
19:18:10.672262,1023,mprotect(0xb1648000, 8192, PROT_READ|PROT_WRITE) = 0
19:18:10.674707,1023,clock_gettime(CLOCK_MONOTONIC, {108, 959681794}) = 0
19:18:10.685250,1041,writev(3, [{"\4", 1}, {"HttpRequest\0", 12}, {"doPost retry:0\0", 15}], 3) = 28
19:18:10.698962,1041,mprotect(0xb1649000, 8192, PROT_READ|PROT_WRITE) = 0
19:18:10.707440,1023,clock_gettime(CLOCK_MONOTONIC, {108, 992404679}) = 0
19:18:10.708845,1023,mprotect(0xb164a000, 8192, PROT_READ|PROT_WRITE) = 0
19:18:10.710914,1023,mprotect(0xb3de5000, 921600, PROT_READ|PROT_WRITE) = 0
19:18:10.711515,1023,mprotect(0xb3ec6000, 40624128, PROT_NONE) = 0
19:18:10.712329,1023,clock_gettime(CLOCK_MONOTONIC, {108, 997261515}) = 0
19:18:10.717299,1023,clock_gettime(CLOCK_MONOTONIC, {109, 2236842}) = 0
19:18:10.718647,1023,mprotect(0xb164b000, 8192, PROT_READ|PROT_WRITE) = 0
19:18:10.720814,1023,clock_gettime(CLOCK_MONOTONIC, {109, 5749982}) = 0
19:18:10.730785,1041,gettimeofday({1738783090, 730970}, NULL) = 0
19:18:10.732898,1041,getpid() = 1023
19:18:10.733448,1041,socket(PF_UNIX, SOCK_STREAM, 0) = 36
19:18:10.734087,1041,setsockopt(36, SOL_SOCKET, SO_REUSEADDR, [1], 4) = 0
19:18:10.734602,1041,connect(36, {sa_family=AF_UNIX, path="/dev/socket/dnsproxyd"}, 110 <unfinished ...>
19:18:10.750525,1023,clock_gettime(CLOCK_MONOTONIC, {109, 35875658}) = 0
19:18:10.751490,1041,<... connect resumed> ) = 0
19:18:10.752498,1023,clock_gettime(CLOCK_MONOTONIC, <unfinished ...>
19:18:10.752790,1041,fcntl64(36, F_GETFL <unfinished ...>
19:18:10.753148,1023,<... clock_gettime resumed> {109, 37777135}) = 0
19:18:10.753483,1041,<... fcntl64 resumed> ) = 0x2 (flags O_RDWR)
19:18:10.755285,1023,mmap2(NULL, 32768, PROT_READ|PROT_WRITE, MAP_PRIVATE|MAP_ANONYMOUS, -1, 0 <unfinished ...>
19:18:10.755621,1041,fstat64(36, <unfinished ...>
19:18:10.755968,1023,<... mmap2 resumed> ) = 0xacb78000
19:18:10.756295,1041,<... fstat64 resumed> {st_mode=S_IFSOCK|0777, st_size=0, ...}) = 0
19:18:10.757291,1023,madvise(0xacb78000, 32768, 0xc /* MADV_??? */ <unfinished ...>
19:18:10.778908,1041,mprotect(0xb6584000, 4096, PROT_READ|PROT_WRITE <unfinished ...>
19:18:10.779149,1023,<... madvise resumed> ) = -1 EINVAL (Invalid argument)
19:18:10.779436,1041,<... mprotect resumed> ) = 0
19:18:10.779755,1023,mmap2(NULL, 1048576, PROT_READ|PROT_WRITE, MAP_PRIVATE|MAP_ANONYMOUS|MAP_NORESERVE, -1, 0 <unfinished ...>
19:18:10.780095,1041,mprotect(0xb6584000, 4096, PROT_READ <unfinished ...>
19:18:10.780387,1023,<... mmap2 resumed> ) = 0xaca78000
19:18:10.780648,1041,<... mprotect resumed> ) = 0
19:18:10.780941,1023,madvise(0xaca78000, 1048576, 0xc /* MADV_??? */ <unfinished ...>
19:18:10.781343,1041,write(36, "getaddrinfo client.mustmobile.co"..., 47 <unfinished ...>
19:18:10.781786,1023,<... madvise resumed> ) = -1 EINVAL (Invalid argument)
19:18:10.785001,1023,mprotect(0xaca78000, 4096, PROT_NONE <unfinished ...>
19:18:10.785292,1041,<... write resumed> ) = 47
19:18:10.785573,1023,<... mprotect resumed> ) = 0
19:18:10.785857,1041,read(36, <unfinished ...>
19:18:10.786275,1023,clone(child_stack=0xacb77f00, flags=CLONE_VM|CLONE_FS|CLONE_FILES|CLONE_SIGHAND|CLONE_THREAD|CLONE_SYSVSEM|0x400000) = 1043
19:18:10.789354,1023,futex(0xb689b580, FUTEX_WAIT_PRIVATE, -346, NULL <unfinished ...>
19:18:10.797644,1043,set_tls(0xacb77f00, 0xb881d900, 0xacb77ffc, 0x40, 0xacb77f00) = 0
19:18:10.798354,1043,prctl(PR_SET_NAME, 0xacb77e8c, 0, 0, 0) = 0
19:18:10.798929,1043,gettid() = 1043
19:18:10.799458,1043,futex(0xb689b580, FUTEX_WAKE_PRIVATE, 2147483647 <unfinished ...>
19:18:10.799766,1023,<... futex resumed> ) = 0
19:18:10.800103,1023,futex(0xb689b57c, FUTEX_WAIT_PRIVATE, 2, NULL <unfinished ...>
19:18:10.800374,1043,<... futex resumed> ) = 1
19:18:10.800650,1043,futex(0xb689b57c, FUTEX_WAKE_PRIVATE, 1 <unfinished ...>
19:18:10.800986,1023,<... futex resumed> ) = 0
19:18:10.801494,1023,futex(0xb689b57c, FUTEX_WAKE_PRIVATE, 1) = 0
19:18:10.802026,1023,futex(0xb689b580, FUTEX_WAKE_PRIVATE, 2147483647) = 0
19:18:10.802988,1023,writev(5, [{"Fu\0\0", 4}, {"\2%\0\0\0com.igamepower.appmaster.Ho"..., 43}], 2) = 47
19:18:10.803977,1023,writev(5, [{"Fu\0\0", 4}, {"\2\37\0\0\0com.igamepower.appmaster.My"..., 37}], 2) = 41
19:18:10.806287,1023,getpid() = 1023
19:18:10.820144,1043,<... futex resumed> ) = 1
19:18:10.820545,1023,gettid( <unfinished ...>
19:18:10.820825,1043,futex(0xb689b580, FUTEX_WAIT_PRIVATE, -348, NULL <unfinished ...>
19:18:10.821188,1023,<... gettid resumed> ) = 1023
19:18:10.821444,1043,<... futex resumed> ) = -1 EAGAIN (Try again)
19:18:10.821737,1023,clock_gettime(CLOCK_MONOTONIC, <unfinished ...>
19:18:10.822018,1043,getpriority(PRIO_PROCESS, 1043 <unfinished ...>
19:18:10.822382,1023,<... clock_gettime resumed> {109, 107037169}) = 0
19:18:10.822700,1043,<... getpriority resumed> ) = 20
19:18:10.823011,1023,ioctl(9, 0xc0186201 <unfinished ...>
19:18:10.823328,1043,setpriority(PRIO_PROCESS, 1043, 0) = 0
19:18:10.824347,1043,writev(3, [{"\4", 1}, {"HttpRequest\0", 12}, {"doPost url_1:http://client.mustm"..., 60}], 3 <unfinished ...>
19:18:10.825115,1023,<... ioctl resumed> , 0xbee6d1f0) = 0
19:18:10.825581,1023,clock_gettime(CLOCK_MONOTONIC, <unfinished ...>
19:18:10.825862,1043,<... writev resumed> ) = 73
19:18:10.826208,1023,<... clock_gettime resumed> {109, 110837467}) = 0
19:18:10.837520,1043,writev(3, [{"\4", 1}, {"HttpRequest\0", 12}, {"doPost url_2:http://client.mustm"..., 60}], 3 <unfinished ...>
19:18:10.838645,1023,getpid() = 1023
19:18:10.839280,1043,<... writev resumed> ) = 73
19:18:10.839599,1023,gettid( <unfinished ...>
19:18:10.839980,1043,mprotect(0xb3de5000, 987136, PROT_READ|PROT_WRITE <unfinished ...>
19:18:10.840286,1023,<... gettid resumed> ) = 1023
19:18:10.840598,1043,<... mprotect resumed> ) = 0
19:18:10.840913,1023,clock_gettime(CLOCK_MONOTONIC, <unfinished ...>
19:18:10.841211,1043,mprotect(0xb3ed6000, 40558592, PROT_NONE <unfinished ...>
19:18:10.841511,1023,<... clock_gettime resumed> {109, 126158644}) = 0
19:18:10.841859,1043,<... mprotect resumed> ) = 0
19:18:10.842190,1023,ioctl(9, 0xc0186201 <unfinished ...>
19:18:10.843066,1043,gettimeofday( <unfinished ...>
19:18:10.843413,1023,<... ioctl resumed> , 0xbee6d1f0) = 0
19:18:10.843694,1043,<... gettimeofday resumed> {1738783090, 843601}, NULL) = 0
19:18:10.844632,1023,ioctl(9, 0xc0186201 <unfinished ...>
19:18:10.845345,1043,gettimeofday( <unfinished ...>
19:18:10.848336,1023,<... ioctl resumed> , 0xbee6d1f0) = 0
19:18:10.848678,1043,<... gettimeofday resumed> {1738783090, 848582}, NULL) = 0
19:18:10.849134,1023,clock_gettime(CLOCK_MONOTONIC, <unfinished ...>
19:18:10.851940,1043,writev(3, [{"\4", 1}, {"HttpRequest\0", 12}, {"doPost retry:0\0", 15}], 3 <unfinished ...>
19:18:10.852665,1023,<... clock_gettime resumed> {109, 137297913}) = 0
19:18:10.853626,1023,clock_gettime(CLOCK_MONOTONIC, <unfinished ...>
19:18:10.853917,1043,<... writev resumed> ) = 28
19:18:10.854229,1023,<... clock_gettime resumed> {109, 138873020}) = 0
19:18:10.859141,1043,gettimeofday( <unfinished ...>
19:18:10.860926,1023,clock_gettime(CLOCK_MONOTONIC, <unfinished ...>
19:18:10.861322,1043,<... gettimeofday resumed> {1738783090, 861198}, NULL) = 0
19:18:10.861705,1023,<... clock_gettime resumed> {109, 146352452}) = 0
19:18:10.865644,1023,clock_gettime(CLOCK_MONOTONIC, <unfinished ...>
19:18:10.878517,1043,getpid( <unfinished ...>
19:18:10.878834,1023,<... clock_gettime resumed> {109, 151429576}) = 0
19:18:10.879221,1043,<... getpid resumed> ) = 1023
19:18:10.881108,1023,getpid( <unfinished ...>
19:18:10.881450,1043,socket(PF_UNIX, SOCK_STREAM, 0 <unfinished ...>
19:18:10.881743,1023,<... getpid resumed> ) = 1023
19:18:10.882083,1043,<... socket resumed> ) = 39
19:18:10.882401,1023,gettid( <unfinished ...>
19:18:10.882689,1043,setsockopt(39, SOL_SOCKET, SO_REUSEADDR, [1], 4 <unfinished ...>
19:18:10.883016,1023,<... gettid resumed> ) = 1023
19:18:10.883304,1043,<... setsockopt resumed> ) = 0
19:18:10.883618,1023,clock_gettime(CLOCK_MONOTONIC, <unfinished ...>
19:18:10.883909,1043,connect(39, {sa_family=AF_UNIX, path="/dev/socket/dnsproxyd"}, 110 <unfinished ...>
19:18:10.884904,1023,<... clock_gettime resumed> {109, 169550524}) = 0
19:18:10.885556,1023,ioctl(9, 0xc0186201 <unfinished ...>
19:18:10.900892,1043,<... connect resumed> ) = 0
19:18:10.901376,1023,<... ioctl resumed> , 0xbee6d1f0) = 0
19:18:10.901716,1043,fcntl64(39, F_GETFL <unfinished ...>
19:18:10.906475,1023,ioctl(9, 0xc0186201 <unfinished ...>
19:18:10.906782,1043,<... fcntl64 resumed> ) = 0x2 (flags O_RDWR)
19:18:10.907194,1043,fstat64(39, {st_mode=S_IFSOCK|0777, st_size=0, ...}) = 0
19:18:10.908405,1043,mprotect(0xb6584000, 4096, PROT_READ|PROT_WRITE) = 0
19:18:10.908935,1043,mprotect(0xb6584000, 4096, PROT_READ) = 0
19:18:10.909510,1043,write(39, "getaddrinfo client.mustmobile.co"..., 47) = 47
19:18:10.911006,1043,read(39, <unfinished ...>
19:18:10.922074,1023,<... ioctl resumed> , 0xbee6d1f0) = 0
19:18:10.922472,1023,clock_gettime(CLOCK_MONOTONIC, {109, 207722325}) = 0
19:18:10.923846,1023,dup(40) = 41
19:18:10.924397,1023,fcntl64(41, F_SETFL, O_RDONLY|O_NONBLOCK) = 0
19:18:10.924970,1023,close(40) = 0
19:18:10.925894,1023,epoll_ctl(0x1e, 0x1, 0x29, 0xbee6d288) = 0
19:18:10.926866,1023,getpid() = 1023
19:18:10.927394,1023,getuid32() = 10050
19:18:10.927944,1023,epoll_wait(0x1e, 0xbee6d1f8, 0x10, 0) = 2
19:18:10.933059,1023,recvfrom(38, "\1\0\0\0\0\0\0\0\7\0\0\0\0\0\0\0@\2u¼\30\0\0\0ÿÿÿÿ\1\1\0\0"..., 1240, MSG_DONTWAIT, NULL, NULL) = 64
19:18:10.937976,1023,writev(3, [{"\3", 1}, {"InputEventConsistencyVerifier\0", 30}, {"KeyEvent: ACTION_UP but key was "..., 279}], 3) = 310
19:18:10.941925,1023,clock_gettime(CLOCK_MONOTONIC, {109, 226886462}) = 0
19:18:10.944249,1023,sendto(38, "\3\0\0\0\0\0\0\0\7\0\0\0\0Êæ¾", 16, MSG_DONTWAIT|MSG_NOSIGNAL, NULL, 0) = 16
19:18:10.946963,1023,recvfrom(38, 0xb88738b0, 1240, 64, 0, 0) = -1 EAGAIN (Try again)
19:18:10.948824,1023,recvfrom(37, "nysv\0\0\0\0&û6W\31\0\0\0\233\3\0\0\224Â'¸", 24, MSG_DONTWAIT, NULL, NULL) = 24
19:18:10.951054,1023,recvfrom(37, 0xbee6c828, 24, 64, 0, 0) = -1 EAGAIN (Try again)
19:18:10.953237,1023,clock_gettime(CLOCK_MONOTONIC, {109, 238429963}) = 0
19:18:10.957123,1023,clock_gettime(CLOCK_MONOTONIC, {109, 242086959}) = 0
19:18:10.957966,1023,stat64("/system/framework/framework-res.apk", {st_mode=S_IFREG|0644, st_size=8749696, ...}) = 0
19:18:10.961124,1023,stat64("/data/app/com.igamepower.appmaster-1.apk", {st_mode=S_IFREG|0644, st_size=219806, ...}) = 0
19:18:10.964135,1023,mprotect(0xb164c000, 8192, PROT_READ|PROT_WRITE) = 0
19:18:10.967758,1023,gettimeofday({1738783090, 967939}, NULL) = 0
19:18:10.968504,1023,writev(3, [{"\6", 1}, {"GameService\0", 12}, {"new GameService::OnCreate\0", 26}], 3) = 39
19:18:10.969664,1023,mmap2(NULL, 32768, PROT_READ|PROT_WRITE, MAP_PRIVATE|MAP_ANONYMOUS, -1, 0) = 0xaca70000
19:18:10.970236,1023,madvise(0xaca70000, 32768, 0xc /* MADV_??? */) = -1 EINVAL (Invalid argument)
19:18:10.970778,1023,mmap2(NULL, 1048576, PROT_READ|PROT_WRITE, MAP_PRIVATE|MAP_ANONYMOUS|MAP_NORESERVE, -1, 0) = 0xac970000
19:18:10.971334,1023,madvise(0xac970000, 1048576, 0xc /* MADV_??? */) = -1 EINVAL (Invalid argument)
19:18:10.971860,1023,mprotect(0xac970000, 4096, PROT_NONE) = 0
19:18:10.972436,1023,clone(child_stack=0xaca6ff00, flags=CLONE_VM|CLONE_FS|CLONE_FILES|CLONE_SIGHAND|CLONE_THREAD|CLONE_SYSVSEM|0x400000) = 1045
19:18:10.975755,1023,futex(0xb689b580, FUTEX_WAIT_PRIVATE, -350, NULL <unfinished ...>
19:18:10.995397,1045,set_tls(0xaca6ff00, 0xb8872bc8, 0xaca6fffc, 0x40, 0xaca6ff00) = 0
19:18:10.996592,1045,prctl(PR_SET_NAME, 0xaca6fe8c, 0, 0, 0) = 0
19:18:10.997138,1045,gettid() = 1045
19:18:10.997661,1045,futex(0xb689b580, FUTEX_WAKE_PRIVATE, 2147483647 <unfinished ...>
19:18:10.998004,1023,<... futex resumed> ) = 0
19:18:10.998339,1023,futex(0xb689b57c, FUTEX_WAIT_PRIVATE, 2, NULL <unfinished ...>
19:18:10.998640,1045,<... futex resumed> ) = 1
19:18:10.998947,1045,futex(0xb689b57c, FUTEX_WAKE_PRIVATE, 1 <unfinished ...>
19:18:10.999270,1023,<... futex resumed> ) = 0
19:18:10.999602,1023,futex(0xb689b57c, FUTEX_WAKE_PRIVATE, 1) = 0
19:18:11.000150,1023,futex(0xb689b580, FUTEX_WAKE_PRIVATE, 2147483647) = 0
19:18:11.000751,1023,mmap2(NULL, 32768, PROT_READ|PROT_WRITE, MAP_PRIVATE|MAP_ANONYMOUS, -1, 0) = 0xac968000
19:18:11.001335,1023,madvise(0xac968000, 32768, 0xc /* MADV_??? */) = -1 EINVAL (Invalid argument)
19:18:11.001898,1023,mmap2(NULL, 1048576, PROT_READ|PROT_WRITE, MAP_PRIVATE|MAP_ANONYMOUS|MAP_NORESERVE, -1, 0) = 0xac868000
19:18:11.002478,1023,madvise(0xac868000, 1048576, 0xc /* MADV_??? */) = -1 EINVAL (Invalid argument)
19:18:11.003034,1023,mprotect(0xac868000, 4096, PROT_NONE) = 0
19:18:11.003640,1023,clone(child_stack=0xac967f00, flags=CLONE_VM|CLONE_FS|CLONE_FILES|CLONE_SIGHAND|CLONE_THREAD|CLONE_SYSVSEM|0x400000) = 1046
19:18:11.006394,1023,futex(0xb689b580, FUTEX_WAIT_PRIVATE, -354, NULL <unfinished ...>
19:18:11.009485,1045,<... futex resumed> ) = 1
19:18:11.009812,1045,futex(0xb689b580, FUTEX_WAIT_PRIVATE, -352, NULL) = -1 EAGAIN (Try again)
19:18:11.010703,1045,getpriority(PRIO_PROCESS, 1045) = 20
19:18:11.011201,1045,setpriority(PRIO_PROCESS, 1045, 0) = 0
19:18:11.011854,1045,writev(3, [{"\4", 1}, {"GameService\0", 12}, {"Start Thread: getNetworkType\0", 29}], 3) = 42
19:18:11.013040,1045,gettid() = 1045
19:18:11.013536,1045,getpid() = 1023
19:18:11.014020,1045,getuid32() = 10050
19:18:11.014635,1045,getpid() = 1023
19:18:11.015126,1045,gettid() = 1045
19:18:11.015618,1045,ioctl(9, 0xc0186201, 0xaca6f920) = 0
19:18:11.018520,1045,getpid() = 1023
19:18:11.019019,1045,gettid() = 1045
19:18:11.019517,1045,ioctl(9, 0xc0186201, 0xaca6f920) = 0
19:18:11.022392,1045,mprotect(0xb164d000, 8192, PROT_READ|PROT_WRITE) = 0
19:18:11.023880,1045,getpid() = 1023
19:18:11.024386,1045,gettid() = 1045
19:18:11.024878,1045,ioctl(9, 0xc0186201, 0xaca6f920) = 0
19:18:11.029014,1045,ioctl(9, 0xc0186201 <unfinished ...>
19:18:11.029537,1046,set_tls(0xac967f00, 0xb8872c08, 0xac967ffc, 0x40, 0xac967f00) = 0
19:18:11.030087,1046,prctl(PR_SET_NAME, 0xac967e8c, 0, 0, 0) = 0
19:18:11.030623,1046,gettid() = 1046
19:18:11.031149,1046,futex(0xb689b580, FUTEX_WAKE_PRIVATE, 2147483647 <unfinished ...>
19:18:11.031494,1023,<... futex resumed> ) = 0
19:18:11.031821,1023,futex(0xb689b57c, FUTEX_WAIT_PRIVATE, 2, NULL <unfinished ...>
19:18:11.032130,1046,<... futex resumed> ) = 1
19:18:11.032441,1046,futex(0xb689b57c, FUTEX_WAKE_PRIVATE, 1 <unfinished ...>
19:18:11.032762,1023,<... futex resumed> ) = 0
19:18:11.033100,1023,futex(0xb689b57c, FUTEX_WAKE_PRIVATE, 1) = 0
19:18:11.033695,1023,futex(0xb689b580, FUTEX_WAKE_PRIVATE, 2147483647) = 0
19:18:11.036599,1046,<... futex resumed> ) = 1
19:18:11.036918,1046,futex(0xb689b580, FUTEX_WAIT_PRIVATE, -356, NULL) = -1 EAGAIN (Try again)
19:18:11.037452,1046,getpriority(PRIO_PROCESS, 1046) = 20
19:18:11.038007,1046,setpriority(PRIO_PROCESS, 1046, 0) = 0
19:18:11.038689,1046,writev(3, [{"\4", 1}, {"GameService\0", 12}, {"wait\0", 5}], 3) = 18
19:18:11.039693,1046,futex(0xb8892570, FUTEX_WAIT_PRIVATE, 0, NULL <unfinished ...>
19:18:11.040481,1023,getpid() = 1023
19:18:11.041009,1023,gettid() = 1023
19:18:11.041536,1023,clock_gettime(CLOCK_MONOTONIC, {109, 326468080}) = 0
19:18:11.042142,1023,ioctl(9, 0xc0186201, 0xbee6d1f0) = 0
19:18:11.044662,1023,clock_gettime(CLOCK_MONOTONIC, {109, 329599749}) = 0
19:18:11.046407,1023,getpid() = 1023
19:18:11.046936,1023,gettid() = 1023
19:18:11.056885,1023,clock_gettime(CLOCK_MONOTONIC, <unfinished ...>
19:18:11.057150,1045,<... ioctl resumed> , 0xaca6f920) = 0
19:18:11.057496,1023,<... clock_gettime resumed> {109, 342119798}) = 0
19:18:11.059005,1045,getpid( <unfinished ...>
19:18:11.059365,1023,ioctl(9, 0xc0186201 <unfinished ...>
19:18:11.059655,1045,<... getpid resumed> ) = 1023
19:18:11.060278,1023,<... ioctl resumed> , 0xbee6d1f0) = 0
19:18:11.060602,1045,gettid( <unfinished ...>
19:18:11.062756,1023,ioctl(9, 0xc0186201 <unfinished ...>
19:18:11.063047,1045,<... gettid resumed> ) = 1045
19:18:11.063360,1023,<... ioctl resumed> , 0xbee6d1f0) = 0
19:18:11.063669,1045,ioctl(9, 0xc0186201, 0xaca6f920) = 0
19:18:11.064902,1023,clock_gettime(CLOCK_MONOTONIC, <unfinished ...>
19:18:11.066313,1045,ioctl(9, 0xc0186201 <unfinished ...>
19:18:11.066707,1023,<... clock_gettime resumed> {109, 351349594}) = 0
19:18:11.067883,1023,stat64("/data/data/com.igamepower.appmaster/databases", 0xbee6d2e0) = -1 ENOENT (No such file or directory)
19:18:11.069049,1023,mkdir("/data/data/com.igamepower.appmaster/databases", 0700) = 0
19:18:11.070364,1023,chmod("/data/data/com.igamepower.appmaster/databases", 0771) = 0
19:18:11.071848,1023,mprotect(0xb164e000, 8192, PROT_READ|PROT_WRITE) = 0
19:18:11.075503,1023,mprotect(0xb164f000, 8192, PROT_READ|PROT_WRITE) = 0
19:18:11.077338,1023,stat64("/data/data/com.igamepower.appmaster/databases/game_service_package.db", 0xbee6cd68) = -1 ENOENT (No such file or directory)
19:18:11.087985,1045,<... ioctl resumed> , 0xaca6f920) = 0
19:18:11.089636,1045,getpid() = 1023
19:18:11.090312,1045,gettid() = 1045
19:18:11.090906,1045,ioctl(9, 0xc0186201, 0xaca6f920) = 0
19:18:11.093133,1045,ioctl(9, 0xc0186201, 0xaca6f920) = 0
19:18:11.094726,1045,getpid() = 1023
19:18:11.095269,1045,gettid() = 1045
19:18:11.095761,1045,ioctl(9, 0xc0186201, 0xaca6f920) = 0
19:18:11.097042,1045,ioctl(9, 0xc0186201 <unfinished ...>
19:18:11.097530,1023,open("/data/data/com.igamepower.appmaster/databases/game_service_package.db", O_RDWR|O_CREAT, 0600) = 40
19:18:11.098922,1023,fcntl64(40, F_GETFD) = 0
19:18:11.099661,1023,fcntl64(40, F_SETFD, FD_CLOEXEC) = 0
19:18:11.100279,1023,fstat64(40, {st_mode=S_IFREG|0600, st_size=0, ...}) = 0
19:18:11.101490,1023,pread(40, "", 100, 3069335896) = 0
19:18:11.102565,1023,brk(0xb88bd000) = 0xb88bd000
19:18:11.105115,1023,stat64("/system/usr/icu/usrdt48l.dat", 0xbee6c9f8) = -1 ENOENT (No such file or directory)
19:18:11.116960,1045,<... ioctl resumed> , 0xaca6f920) = 0
19:18:11.117483,1023,stat64("/system/usr/icu/usrdt48l.dat", <unfinished ...>
19:18:11.119097,1045,getpid( <unfinished ...>
19:18:11.119439,1023,<... stat64 resumed> 0xbee6c9f8) = -1 ENOENT (No such file or directory)
19:18:11.119746,1045,<... getpid resumed> ) = 1023
19:18:11.120208,1023,stat64("/system/usr/icu/usrdt48l.dat", <unfinished ...>
19:18:11.120714,1045,gettid( <unfinished ...>
19:18:11.121042,1023,<... stat64 resumed> 0xbee6c9f8) = -1 ENOENT (No such file or directory)
19:18:11.121334,1045,<... gettid resumed> ) = 1045
19:18:11.122439,1023,statfs64("/data", 88, <unfinished ...>
19:18:11.122863,1045,ioctl(9, 0xc0186201 <unfinished ...>
19:18:11.123241,1023,<... statfs64 resumed> {???}) = 0
19:18:11.123603,1045,<... ioctl resumed> , 0xaca6f920) = 0
19:18:11.125033,1023,gettimeofday( <unfinished ...>
19:18:11.126633,1045,ioctl(9, 0xc0186201 <unfinished ...>
19:18:11.126946,1023,<... gettimeofday resumed> {1738783091, 126828}, NULL) = 0
19:18:11.127850,1023,gettimeofday({1738783091, 128033}, NULL) = 0
19:18:11.130064,1023,gettimeofday({1738783091, 130245}, NULL) = 0
19:18:11.130877,1023,gettimeofday({1738783091, 131087}, NULL) = 0
19:18:11.131937,1023,gettimeofday({1738783091, 132123}, NULL) = 0
19:18:11.132665,1023,gettimeofday({1738783091, 132840}, NULL) = 0
19:18:11.133562,1023,gettimeofday({1738783091, 133739}, NULL) = 0
19:18:11.136535,1023,gettimeofday({1738783091, 136714}, NULL) = 0
19:18:11.137536,1023,fcntl64(40, F_SETLK, {type=F_RDLCK, whence=SEEK_SET, start=1073741824, len=1}) = 0
19:18:11.138324,1023,fcntl64(40, F_SETLK, {type=F_RDLCK, whence=SEEK_SET, start=1073741826, len=510}) = 0
19:18:11.138996,1023,fcntl64(40, F_SETLK, {type=F_UNLCK, whence=SEEK_SET, start=1073741824, len=1}) = 0
19:18:11.139676,1023,access("/data/data/com.igamepower.appmaster/databases/game_service_package.db-journal", F_OK) = -1 ENOENT (No such file or directory)
19:18:11.140735,1023,fstat64(40, {st_mode=S_IFREG|0600, st_size=0, ...}) = 0
19:18:11.150635,1023,unlink("/data/data/com.igamepower.appmaster/databases/game_service_package.db-wal") = -1 ENOENT (No such file or directory)
19:18:11.151748,1023,fstat64(40, {st_mode=S_IFREG|0600, st_size=0, ...}) = 0
19:18:11.153645,1023,fcntl64(40, F_SETLK, {type=F_UNLCK, whence=SEEK_SET, start=0, len=0}) = 0
19:18:11.154951,1023,gettimeofday({1738783091, 155145}, NULL) = 0
19:18:11.155783,1023,gettimeofday({1738783091, 155970}, NULL) = 0
19:18:11.156897,1023,gettimeofday({1738783091, 157091}, NULL) = 0
19:18:11.157664,1023,mprotect(0xb3de5000, 1052672, PROT_READ|PROT_WRITE) = 0
19:18:11.158281,1023,mprotect(0xb3ee6000, 40493056, PROT_NONE) = 0
19:18:11.159322,1023,gettimeofday({1738783091, 159509}, NULL) = 0
19:18:11.160316,1023,gettimeofday({1738783091, 160501}, NULL) = 0
19:18:11.161426,1023,gettimeofday({1738783091, 161614}, NULL) = 0
19:18:11.162369,1023,gettimeofday({1738783091, 162554}, NULL) = 0
19:18:11.163183,1023,gettimeofday({1738783091, 163368}, NULL) = 0
19:18:11.164176,1023,gettimeofday({1738783091, 164361}, NULL) = 0
19:18:11.165162,1023,gettimeofday({1738783091, 165349}, NULL) = 0
19:18:11.166111,1023,gettimeofday({1738783091, 166297}, NULL) = 0
19:18:11.166913,1023,gettimeofday({1738783091, 167104}, NULL) = 0
19:18:11.167873,1023,gettimeofday({1738783091, 168064}, NULL) = 0
19:18:11.169292,1023,stat64("/system/usr/icu/usrdt48l.dat", 0xbee69e50) = -1 ENOENT (No such file or directory)
19:18:11.170422,1023,stat64("/system/usr/icu/usrdt48l.dat", 0xbee69e10) = -1 ENOENT (No such file or directory)
19:18:11.171861,1023,gettimeofday({1738783091, 172055}, NULL) = 0
19:18:11.173297,1023,fcntl64(40, F_SETLK, {type=F_RDLCK, whence=SEEK_SET, start=1073741824, len=1}) = 0
19:18:11.174019,1023,fcntl64(40, F_SETLK, {type=F_RDLCK, whence=SEEK_SET, start=1073741826, len=510}) = 0
19:18:11.174728,1023,fcntl64(40, F_SETLK, {type=F_UNLCK, whence=SEEK_SET, start=1073741824, len=1}) = 0
19:18:11.175436,1023,access("/data/data/com.igamepower.appmaster/databases/game_service_package.db-journal", F_OK) = -1 ENOENT (No such file or directory)
19:18:11.177330,1023,fstat64(40, {st_mode=S_IFREG|0600, st_size=0, ...}) = 0
19:18:11.178584,1023,fstat64(40, {st_mode=S_IFREG|0600, st_size=0, ...}) = 0
19:18:11.179717,1023,unlink("/data/data/com.igamepower.appmaster/databases/game_service_package.db-wal") = -1 ENOENT (No such file or directory)
19:18:11.180730,1023,fstat64(40, {st_mode=S_IFREG|0600, st_size=0, ...}) = 0
19:18:11.181877,1023,fcntl64(40, F_SETLK, {type=F_WRLCK, whence=SEEK_SET, start=1073741825, len=1}) = 0
19:18:11.182609,1023,stat64("/data/data/com.igamepower.appmaster/databases/game_service_package.db", {st_mode=S_IFREG|0600, st_size=0, ...}) = 0
19:18:11.184209,1023,umask(0) = 077
19:18:11.184810,1023,open("/data/data/com.igamepower.appmaster/databases/game_service_package.db-journal", O_RDWR|O_CREAT, 0600) = 42
19:18:11.186039,1023,umask(077) = 0
19:18:11.186584,1023,fchown32(42, 10050, 10050) = 0
19:18:11.187305,1023,fcntl64(42, F_GETFD) = 0
19:18:11.187854,1023,fcntl64(42, F_SETFD, FD_CLOEXEC) = 0
19:18:11.188428,1023,open("/dev/urandom", O_RDONLY) = 43
19:18:11.189130,1023,read(43, "Ê}°\237X­È\224µª0¸,ä÷V÷¸×Ð\217&z\20ÓLÏUw<\213!"..., 256) = 256
19:18:11.190079,1023,close(43) = 0
19:18:11.190657,1023,pwrite(42, "\0\0\0\0\0\0\0\0\0\0\0\0N\215½\210\0\0\0\0\0\0\2\0\0\0\20\0\0\0\0\0"..., 512, 3069335932) = 512
19:18:11.192478,1023,fcntl64(40, F_SETLK, {type=F_WRLCK, whence=SEEK_SET, start=1073741824, len=1}) = 0
19:18:11.193205,1023,fcntl64(40, F_SETLK, {type=F_WRLCK, whence=SEEK_SET, start=1073741826, len=510}) = 0
19:18:11.193939,1023,pread(42, "", 8, 2202092591448) = 0
19:18:11.194549,1023,fdatasync(42 <unfinished ...>
19:18:11.197277,1045,<... ioctl resumed> , 0xaca6f920) = 0
19:18:11.198573,1045,getpid() = 1023
19:18:11.199081,1045,gettid() = 1045
19:18:11.199577,1045,ioctl(9, 0xc0186201, 0xaca6f920) = 0
19:18:11.201401,1045,ioctl(9, 0xc0186201, 0xaca6f920) = 0
19:18:11.202995,1045,getpid() = 1023
19:18:11.203503,1045,gettid() = 1045
19:18:11.203998,1045,ioctl(9, 0xc0186201, 0xaca6f920) = 0
19:18:11.205895,1045,ioctl(9, 0xc0186201, 0xaca6f920) = 0
19:18:11.207285,1045,getpid() = 1023
19:18:11.207779,1045,gettid() = 1045
19:18:11.208278,1045,ioctl(9, 0xc0186201, 0xaca6f920) = 0
19:18:11.209998,1045,ioctl(9, 0xc0186201, 0xaca6f920) = 0
19:18:11.212391,1045,getpid() = 1023
19:18:11.212916,1045,gettid() = 1045
19:18:11.213440,1045,ioctl(9, 0xc0186201, 0xaca6f920) = 0
19:18:11.237810,1045,ioctl(9, 0xc0186201 <unfinished ...>
19:18:11.238189,1023,<... fdatasync resumed> ) = 0
19:18:11.238490,1045,<... ioctl resumed> , 0xaca6f920) = 0
19:18:11.238842,1023,open("/data/data/com.igamepower.appmaster/databases", O_RDONLY <unfinished ...>
19:18:11.240380,1045,getpid( <unfinished ...>
19:18:11.240732,1023,<... open resumed> ) = 43
19:18:11.241006,1045,<... getpid resumed> ) = 1023
19:18:11.241359,1023,fcntl64(43, F_GETFD <unfinished ...>
19:18:11.241660,1045,gettid( <unfinished ...>
19:18:11.241946,1023,<... fcntl64 resumed> ) = 0
19:18:11.242245,1045,<... gettid resumed> ) = 1045
19:18:11.242570,1023,fcntl64(43, F_SETFD, FD_CLOEXEC <unfinished ...>
19:18:11.242879,1045,ioctl(9, 0xc0186201 <unfinished ...>
19:18:11.243179,1023,<... fcntl64 resumed> ) = 0
19:18:11.243496,1045,<... ioctl resumed> , 0xaca6f920) = 0
19:18:11.243818,1023,fdatasync(43 <unfinished ...>
19:18:11.245521,1045,ioctl(9, 0xc0186201, 0xaca6f920) = 0
19:18:11.247089,1045,getpid() = 1023
19:18:11.247588,1045,gettid() = 1045
19:18:11.248089,1045,ioctl(9, 0xc0186201, 0xaca6f920) = 0
19:18:11.249972,1045,ioctl(9, 0xc0186201, 0xaca6f920) = 0
19:18:11.251443,1045,getpid() = 1023
19:18:11.251939,1045,gettid() = 1045
19:18:11.253259,1045,ioctl(9, 0xc0186201, 0xaca6f920) = 0
19:18:11.255038,1045,ioctl(9, 0xc0186201, 0xaca6f920) = 0
19:18:11.256525,1045,getpid() = 1023
19:18:11.257023,1045,gettid() = 1045
19:18:11.257522,1045,ioctl(9, 0xc0186201, 0xaca6f920) = 0
19:18:11.258910,1045,ioctl(9, 0xc0186201 <unfinished ...>
19:18:11.259973,1023,<... fdatasync resumed> ) = 0
19:18:11.260313,1023,close(43) = 0
19:18:11.260857,1023,pwrite(42, "ÙÕ\5ù ¡c×\0\0\0\0", 12, 3069335932) = 12
19:18:11.261603,1023,fdatasync(42) = 0
19:18:11.262481,1023,pwrite(40, "SQLite format 3\0\20\0\1\1\0@ \0\0\0\1\0\0\0\3"..., 4096, 3069335932) = 4096
19:18:11.263362,1023,pwrite(40, "\1\0\0\0\0\0\0\0\0\0\0\0\0\0\0\0\0\0\0\0\0\0\0\0\0\0\0\0\0\0\0\0"..., 4096, 17595255380348) = 4096
19:18:11.264244,1023,pwrite(40, "\r\0\0\0\0\20\0\0\0\0\0\0\0\0\0\0\0\0\0\0\0\0\0\0\0\0\0\0\0\0\0\0"..., 4096, 35187441424764) = 4096
19:18:11.265154,1023,fdatasync(40) = 0
19:18:11.267247,1023,pwrite(42, "\0\0\0\0\0\0\0\0\0\0\0\0\0\0\0\0\0\0\0\0\0\0\0\0\0\0\0\0", 28, 3069335932) = 28
19:18:11.268128,1023,fdatasync(42) = 0
19:18:11.268939,1023,fstat64(42, {st_mode=S_IFREG|0600, st_size=512, ...}) = 0
19:18:11.270106,1023,fcntl64(40, F_SETLK, {type=F_RDLCK, whence=SEEK_SET, start=1073741826, len=510}) = 0
19:18:11.270818,1023,fcntl64(40, F_SETLK, {type=F_UNLCK, whence=SEEK_SET, start=1073741824, len=2}) = 0
19:18:11.271531,1023,close(42) = 0
19:18:11.272106,1023,fcntl64(40, F_SETLK, {type=F_UNLCK, whence=SEEK_SET, start=0, len=0}) = 0
19:18:11.272893,1023,gettimeofday({1738783091, 273081}, NULL) = 0
19:18:11.273678,1023,gettimeofday({1738783091, 273863}, NULL) = 0
19:18:11.275600,1023,fcntl64(40, F_SETLK, {type=F_RDLCK, whence=SEEK_SET, start=1073741824, len=1}) = 0
19:18:11.276300,1023,fcntl64(40, F_SETLK, {type=F_RDLCK, whence=SEEK_SET, start=1073741826, len=510}) = 0
19:18:11.276968,1023,fcntl64(40, F_SETLK, {type=F_UNLCK, whence=SEEK_SET, start=1073741824, len=1}) = 0
19:18:11.277645,1023,access("/data/data/com.igamepower.appmaster/databases/game_service_package.db-journal", F_OK) = 0
19:18:11.278674,1023,stat64("/data/data/com.igamepower.appmaster/databases/game_service_package.db-journal", {st_mode=S_IFREG|0600, st_size=512, ...}) = 0
19:18:11.286662,1023,fcntl64(40, F_GETLK, {type=F_UNLCK, whence=SEEK_SET, start=1073741825, len=1, pid=0}) = 0
19:18:11.287376,1023,fstat64(40, {st_mode=S_IFREG|0600, st_size=12288, ...}) = 0
19:18:11.288479,1023,stat64("/data/data/com.igamepower.appmaster/databases/game_service_package.db", {st_mode=S_IFREG|0600, st_size=12288, ...}) = 0
19:18:11.289978,1023,umask(0) = 077
19:18:11.290746,1023,open("/data/data/com.igamepower.appmaster/databases/game_service_package.db-journal", O_RDONLY) = 42
19:18:11.291770,1023,umask(077) = 0
19:18:11.292295,1023,fchown32(42, 10050, 10050) = 0
19:18:11.292887,1023,fcntl64(42, F_GETFD) = 0
19:18:11.293415,1023,fcntl64(42, F_SETFD, FD_CLOEXEC) = 0
19:18:11.293944,1023,pread(42, "\0", 1, 3069335896) = 1
19:18:11.294543,1023,close(42) = 0
19:18:11.295088,1023,fstat64(40, {st_mode=S_IFREG|0600, st_size=12288, ...}) = 0
19:18:11.309739,1045,<... ioctl resumed> , 0xaca6f920) = 0
19:18:11.310129,1023,pread(40, <unfinished ...>
19:18:11.311463,1045,getpid( <unfinished ...>
19:18:11.311780,1023,<... pread resumed> "\0\0\0\1\0\0\0\3\0\0\0\0\0\0\0\0", 16, 106148551000) = 16
19:18:11.312234,1045,<... getpid resumed> ) = 1023
19:18:11.312577,1023,fstat64(40, <unfinished ...>
19:18:11.312890,1045,gettid( <unfinished ...>
19:18:11.313202,1023,<... fstat64 resumed> {st_mode=S_IFREG|0600, st_size=12288, ...}) = 0
19:18:11.314076,1045,<... gettid resumed> ) = 1045
19:18:11.314417,1023,access("/data/data/com.igamepower.appmaster/databases/game_service_package.db-wal", F_OK <unfinished ...>
19:18:11.315680,1045,ioctl(9, 0xc0186201 <unfinished ...>
19:18:11.316020,1023,<... access resumed> ) = -1 ENOENT (No such file or directory)
19:18:11.316363,1045,<... ioctl resumed> , 0xaca6f920) = 0
19:18:11.348208,1023,fstat64(40, <unfinished ...>
19:18:11.348561,1045,ioctl(9, 0xc0186201 <unfinished ...>
19:18:11.348874,1023,<... fstat64 resumed> {st_mode=S_IFREG|0600, st_size=12288, ...}) = 0
19:18:11.349739,1045,<... ioctl resumed> , 0xaca6f920) = 0
19:18:11.350302,1023,fcntl64(40, F_SETLK, {type=F_UNLCK, whence=SEEK_SET, start=0, len=0} <unfinished ...>
19:18:11.351740,1045,getpid( <unfinished ...>
19:18:11.352068,1023,<... fcntl64 resumed> ) = 0
19:18:11.352363,1045,<... getpid resumed> ) = 1023
19:18:11.352723,1023,gettimeofday( <unfinished ...>
19:18:11.353018,1045,gettid( <unfinished ...>
19:18:11.353312,1023,<... gettimeofday resumed> {1738783091, 353198}, NULL) = 0
19:18:11.353665,1045,<... gettid resumed> ) = 1045
19:18:11.354107,1023,gettimeofday( <unfinished ...>
19:18:11.354412,1045,ioctl(9, 0xc0186201 <unfinished ...>
19:18:11.354707,1023,<... gettimeofday resumed> {1738783091, 354594}, NULL) = 0
19:18:11.355150,1045,<... ioctl resumed> , 0xaca6f920) = 0
19:18:11.355805,1023,gettimeofday( <unfinished ...>
19:18:11.357463,1045,ioctl(9, 0xc0186201 <unfinished ...>
19:18:11.357768,1023,<... gettimeofday resumed> {1738783091, 357652}, NULL) = 0
19:18:11.358150,1045,<... ioctl resumed> , 0xaca6f920) = 0
19:18:11.358579,1023,gettimeofday({1738783091, 359897}, NULL) = 0
19:18:11.360809,1023,fcntl64(40, F_SETLK, {type=F_RDLCK, whence=SEEK_SET, start=1073741824, len=1}) = 0
19:18:11.361541,1023,fcntl64(40, F_SETLK, {type=F_RDLCK, whence=SEEK_SET, start=1073741826, len=510}) = 0
19:18:11.362259,1023,fcntl64(40, F_SETLK, {type=F_UNLCK, whence=SEEK_SET, start=1073741824, len=1}) = 0
19:18:11.362929,1023,access("/data/data/com.igamepower.appmaster/databases/game_service_package.db-journal", F_OK) = 0
19:18:11.363944,1023,stat64("/data/data/com.igamepower.appmaster/databases/game_service_package.db-journal", {st_mode=S_IFREG|0600, st_size=512, ...}) = 0
19:18:11.365500,1023,fcntl64(40, F_GETLK, {type=F_UNLCK, whence=SEEK_SET, start=1073741825, len=1, pid=0}) = 0
19:18:11.366167,1023,fstat64(40, {st_mode=S_IFREG|0600, st_size=12288, ...}) = 0
19:18:11.367263,1023,stat64("/data/data/com.igamepower.appmaster/databases/game_service_package.db", {st_mode=S_IFREG|0600, st_size=12288, ...}) = 0
19:18:11.368758,1023,umask(0) = 077
19:18:11.369283,1023,open("/data/data/com.igamepower.appmaster/databases/game_service_package.db-journal", O_RDONLY) = 42
19:18:11.370298,1023,umask(077) = 0
19:18:11.376697,1023,fchown32(42, 10050, 10050) = 0
19:18:11.377363,1023,fcntl64(42, F_GETFD) = 0
19:18:11.377925,1023,fcntl64(42, F_SETFD, FD_CLOEXEC) = 0
19:18:11.378466,1023,pread(42, "\0", 1, 3069335896) = 1
19:18:11.379069,1023,close(42) = 0
19:18:11.379610,1023,fstat64(40, {st_mode=S_IFREG|0600, st_size=12288, ...}) = 0
19:18:11.380702,1023,pread(40, "\0\0\0\1\0\0\0\3\0\0\0\0\0\0\0\0", 16, 106148551000) = 16
19:18:11.381388,1023,fstat64(40, {st_mode=S_IFREG|0600, st_size=12288, ...}) = 0
19:18:11.382475,1023,access("/data/data/com.igamepower.appmaster/databases/game_service_package.db-wal", F_OK) = -1 ENOENT (No such file or directory)
19:18:11.383453,1023,fstat64(40, {st_mode=S_IFREG|0600, st_size=12288, ...}) = 0
19:18:11.384798,1023,fcntl64(40, F_SETLK, {type=F_WRLCK, whence=SEEK_SET, start=1073741825, len=1}) = 0
19:18:11.385551,1023,stat64("/data/data/com.igamepower.appmaster/databases/game_service_package.db", {st_mode=S_IFREG|0600, st_size=12288, ...}) = 0
19:18:11.399777,1045,getpid( <unfinished ...>
19:18:11.400123,1023,umask(0 <unfinished ...>
19:18:11.400395,1045,<... getpid resumed> ) = 1023
19:18:11.400689,1023,<... umask resumed> ) = 077
19:18:11.400989,1045,gettid( <unfinished ...>
19:18:11.401417,1023,open("/data/data/com.igamepower.appmaster/databases/game_service_package.db-journal", O_RDWR|O_CREAT, 0600 <unfinished ...>
19:18:11.402224,1045,<... gettid resumed> ) = 1045
19:18:11.402591,1023,<... open resumed> ) = 42
19:18:11.403359,1045,ioctl(9, 0xc0186201 <unfinished ...>
19:18:11.403705,1023,umask(077 <unfinished ...>
19:18:11.404058,1045,<... ioctl resumed> , 0xaca6f920) = 0
19:18:11.404367,1023,<... umask resumed> ) = 0
19:18:11.405577,1045,ioctl(9, 0xc0186201 <unfinished ...>
19:18:11.405934,1023,fchown32(42, 10050, 10050) = 0
19:18:11.406683,1023,fcntl64(42, F_GETFD) = 0
19:18:11.407220,1023,fcntl64(42, F_SETFD, FD_CLOEXEC) = 0
19:18:11.407762,1023,pwrite(42, "\0\0\0\0\0\0\0\0\0\0\0\0Þ¹uK\0\0\0\3\0\0\2\0\0\0\20\0\0\0\0\0"..., 512, 3069335932) = 512
19:18:11.408621,1023,pwrite(42, "\0\0\0\3", 4, 2202092591484) = 4
19:18:11.409292,1023,pwrite(42, "\r\0\0\0\0\20\0\0\0\0\0\0\0\0\0\0\0\0\0\0\0\0\0\0\0\0\0\0\0\0\0\0"..., 4096, 2219272460668) = 4096
19:18:11.410269,1023,pwrite(42, "Þ¹uK", 4, 19811458505084) = 4
19:18:11.411012,1023,gettimeofday({1738783091, 411197}, NULL) = 0
19:18:11.411770,1023,gettimeofday({1738783091, 411947}, NULL) = 0
19:18:11.413045,1023,gettimeofday({1738783091, 413431}, NULL) = 0
19:18:11.414157,1023,gettimeofday({1738783091, 414395}, NULL) = 0
19:18:11.415513,1023,gettimeofday({1738783091, 415702}, NULL) = 0
19:18:11.416259,1023,gettimeofday({1738783091, 416445}, NULL) = 0
19:18:11.417125,1023,fcntl64(40, F_SETLK, {type=F_WRLCK, whence=SEEK_SET, start=1073741824, len=1}) = 0
19:18:11.417843,1023,fcntl64(40, F_SETLK, {type=F_WRLCK, whence=SEEK_SET, start=1073741826, len=510}) = 0
19:18:11.418574,1023,pwrite(42, "\0\0\0\1", 4, 19828638374268) = 4
19:18:11.419285,1023,pwrite(42, "SQLite format 3\0\20\0\1\1\0@ \0\0\0\1\0\0\0\3"..., 4096, 19845818243452) = 4096
19:18:11.420226,1023,pwrite(42, "Þ¹uK", 4, 37438004287868) = 4
19:18:11.420917,1023,pread(42, "", 8, 39585487935832) = 0
19:18:11.421525,1023,fdatasync(42) = 0
19:18:11.423406,1023,open("/data/data/com.igamepower.appmaster/databases", O_RDONLY) = 43
19:18:11.426565,1023,fcntl64(43, F_GETFD) = 0
19:18:11.427148,1023,fcntl64(43, F_SETFD, FD_CLOEXEC) = 0
19:18:11.427701,1023,fdatasync(43) = 0
19:18:11.428656,1023,close(43) = 0
19:18:11.429228,1023,pwrite(42, "ÙÕ\5ù ¡c×\0\0\0\2", 12, 3069335932) = 12
19:18:11.429988,1023,fdatasync(42) = 0
19:18:11.430829,1023,pwrite(40, "SQLite format 3\0\20\0\1\1\0@ \0\0\0\2\0\0\0\3"..., 4096, 3069335932) = 4096
19:18:11.431699,1023,pwrite(40, "\r\0\0\0\1\17÷\0\17÷\0\0\0\0\0\0\0\0\0\0\0\0\0\0\0\0\0\0\0\0\0\0"..., 4096, 35187441424764) = 4096
19:18:11.432583,1023,fdatasync(40) = 0
19:18:11.433469,1023,pwrite(42, "\0\0\0\0\0\0\0\0\0\0\0\0\0\0\0\0\0\0\0\0\0\0\0\0\0\0\0\0", 28, 3069335932) = 28
19:18:11.434318,1023,fdatasync(42) = 0
19:18:11.435103,1023,fstat64(42, {st_mode=S_IFREG|0600, st_size=8720, ...}) = 0
19:18:11.436260,1023,fcntl64(40, F_SETLK, {type=F_RDLCK, whence=SEEK_SET, start=1073741826, len=510}) = 0
19:18:11.436966,1023,fcntl64(40, F_SETLK, {type=F_UNLCK, whence=SEEK_SET, start=1073741824, len=2}) = 0
19:18:11.437678,1023,close(42) = 0
19:18:11.438251,1023,fcntl64(40, F_SETLK, {type=F_UNLCK, whence=SEEK_SET, start=0, len=0}) = 0
19:18:11.439040,1023,gettimeofday({1738783091, 439224}, NULL) = 0
19:18:11.441936,1045,<... ioctl resumed> , 0xaca6f920) = 0
19:18:11.443285,1045,getpid() = 1023
19:18:11.444244,1045,gettid() = 1045
19:18:11.444742,1045,ioctl(9, 0xc0186201, 0xaca6f920) = 0
19:18:11.446234,1045,ioctl(9, 0xc0186201 <unfinished ...>
19:18:11.447133,1023,chmod("/data/data/com.igamepower.appmaster/databases/game_service_package.db", 0660) = 0
19:18:11.448621,1045,<... ioctl resumed> , 0xaca6f920) = 0
19:18:11.449855,1045,getpid() = 1023
19:18:11.450359,1045,gettid() = 1045
19:18:11.450851,1045,ioctl(9, 0xc0186201, 0xaca6f920) = 0
19:18:11.452662,1045,ioctl(9, 0xc0186201, 0xaca6f920) = 0
19:18:11.454139,1045,getpid() = 1023
19:18:11.454637,1045,gettid() = 1045
19:18:11.455137,1045,ioctl(9, 0xc0186201, 0xaca6f920) = 0
19:18:11.456965,1045,ioctl(9, 0xc0186201, 0xaca6f920) = 0
19:18:11.458439,1045,getpid() = 1023
19:18:11.458949,1045,gettid() = 1045
19:18:11.459449,1045,ioctl(9, 0xc0186201, 0xaca6f920) = 0
19:18:11.461297,1045,ioctl(9, 0xc0186201, 0xaca6f920) = 0
19:18:11.462759,1045,getpid() = 1023
19:18:11.463958,1045,gettid() = 1045
19:18:11.464472,1045,ioctl(9, 0xc0186201, 0xaca6f920) = 0
19:18:11.466314,1045,ioctl(9, 0xc0186201, 0xaca6f920) = 0
19:18:11.467715,1045,getpid() = 1023
19:18:11.468215,1045,gettid() = 1045
19:18:11.468706,1045,ioctl(9, 0xc0186201, 0xaca6f920) = 0
19:18:11.470422,1045,ioctl(9, 0xc0186201, 0xaca6f920) = 0
19:18:11.471891,1045,getpid() = 1023
19:18:11.472394,1045,gettid() = 1045
19:18:11.472886,1045,ioctl(9, 0xc0186201, 0xaca6f920) = 0
19:18:11.474122,1045,ioctl(9, 0xc0186201 <unfinished ...>
19:18:11.475607,1023,gettimeofday({1738783091, 475920}, NULL) = 0
19:18:11.485871,1045,<... ioctl resumed> , 0xaca6f920) = 0
19:18:11.486170,1023,gettimeofday( <unfinished ...>
19:18:11.487460,1045,getpid( <unfinished ...>
19:18:11.487771,1023,<... gettimeofday resumed> {1738783091, 487650}, NULL) = 0
19:18:11.488181,1045,<... getpid resumed> ) = 1023
19:18:11.488825,1023,gettimeofday( <unfinished ...>
19:18:11.489143,1045,gettid( <unfinished ...>
19:18:11.489444,1023,<... gettimeofday resumed> {1738783091, 489325}, NULL) = 0
19:18:11.489813,1045,<... gettid resumed> ) = 1045
19:18:11.491264,1023,fcntl64(40, F_SETLK, {type=F_RDLCK, whence=SEEK_SET, start=1073741824, len=1} <unfinished ...>
19:18:11.491730,1045,ioctl(9, 0xc0186201 <unfinished ...>
19:18:11.492250,1023,<... fcntl64 resumed> ) = 0
19:18:11.492584,1045,<... ioctl resumed> , 0xaca6f920) = 0
19:18:11.492924,1023,fcntl64(40, F_SETLK, {type=F_RDLCK, whence=SEEK_SET, start=1073741826, len=510} <unfinished ...>
19:18:11.494684,1045,ioctl(9, 0xc0186201 <unfinished ...>
19:18:11.495030,1023,<... fcntl64 resumed> ) = 0
19:18:11.495334,1045,<... ioctl resumed> , 0xaca6f920) = 0
19:18:11.495669,1023,fcntl64(40, F_SETLK, {type=F_UNLCK, whence=SEEK_SET, start=1073741824, len=1} <unfinished ...>
19:18:11.497161,1045,getpid( <unfinished ...>
19:18:11.497494,1023,<... fcntl64 resumed> ) = 0
19:18:11.497781,1045,<... getpid resumed> ) = 1023
19:18:11.498130,1023,access("/data/data/com.igamepower.appmaster/databases/game_service_package.db-journal", F_OK <unfinished ...>
19:18:11.512018,1045,gettid( <unfinished ...>
19:18:11.512376,1023,<... access resumed> ) = 0
19:18:11.512652,1045,<... gettid resumed> ) = 1045
19:18:11.512975,1023,stat64("/data/data/com.igamepower.appmaster/databases/game_service_package.db-journal", <unfinished ...>
19:18:11.513757,1045,ioctl(9, 0xc0186201 <unfinished ...>
19:18:11.514097,1023,<... stat64 resumed> {st_mode=S_IFREG|0600, st_size=8720, ...}) = 0
19:18:11.514976,1045,<... ioctl resumed> , 0xaca6f920) = 0
19:18:11.515314,1023,fcntl64(40, F_GETLK <unfinished ...>
19:18:11.516964,1045,ioctl(9, 0xc0186201, 0xaca6f920) = 0
19:18:11.553734,1023,<... fcntl64 resumed> , {type=F_UNLCK, whence=SEEK_SET, start=1073741825, len=1, pid=0}) = 0
19:18:11.555324,1045,getpid( <unfinished ...>
19:18:11.555668,1023,fstat64(40, <unfinished ...>
19:18:11.555955,1045,<... getpid resumed> ) = 1023
19:18:11.556281,1023,<... fstat64 resumed> {st_mode=S_IFREG|0660, st_size=12288, ...}) = 0
19:18:11.557191,1045,gettid( <unfinished ...>
19:18:11.557528,1023,stat64("/data/data/com.igamepower.appmaster/databases/game_service_package.db", <unfinished ...>
19:18:11.558221,1045,<... gettid resumed> ) = 1045
19:18:11.558933,1023,<... stat64 resumed> {st_mode=S_IFREG|0660, st_size=12288, ...}) = 0
19:18:11.559813,1045,ioctl(9, 0xc0186201 <unfinished ...>
19:18:11.560142,1023,umask(0 <unfinished ...>
19:18:11.560472,1045,<... ioctl resumed> , 0xaca6f920) = 0
19:18:11.560766,1023,<... umask resumed> ) = 077
19:18:11.562437,1045,ioctl(9, 0xc0186201 <unfinished ...>
19:18:11.562766,1023,open("/data/data/com.igamepower.appmaster/databases/game_service_package.db-journal", O_RDONLY <unfinished ...>
19:18:11.563565,1045,<... ioctl resumed> , 0xaca6f920) = 0
19:18:11.563920,1023,<... open resumed> ) = 42
19:18:11.565218,1045,getpid( <unfinished ...>
19:18:11.565539,1023,umask(077 <unfinished ...>
19:18:11.565809,1045,<... getpid resumed> ) = 1023
19:18:11.566108,1023,<... umask resumed> ) = 0
19:18:11.566416,1045,gettid( <unfinished ...>
19:18:11.566738,1023,fchown32(42, 10050, 10050 <unfinished ...>
19:18:11.587836,1045,<... gettid resumed> ) = 1045
19:18:11.588150,1023,<... fchown32 resumed> ) = 0
19:18:11.588474,1045,ioctl(9, 0xc0186201 <unfinished ...>
19:18:11.588812,1023,fcntl64(42, F_GETFD <unfinished ...>
19:18:11.589164,1045,<... ioctl resumed> , 0xaca6f920) = 0
19:18:11.589477,1023,<... fcntl64 resumed> ) = 0
19:18:11.591277,1045,ioctl(9, 0xc0186201 <unfinished ...>
19:18:11.591619,1023,fcntl64(42, F_SETFD, FD_CLOEXEC <unfinished ...>
19:18:11.591928,1045,<... ioctl resumed> , 0xaca6f920) = 0
19:18:11.592244,1023,<... fcntl64 resumed> ) = 0
19:18:11.593515,1045,getpid( <unfinished ...>
19:18:11.593852,1023,pread(42, <unfinished ...>
19:18:11.594142,1045,<... getpid resumed> ) = 1023
19:18:11.594465,1023,<... pread resumed> "\0", 1, 3069335896) = 1
19:18:11.594877,1045,gettid( <unfinished ...>
19:18:11.595212,1023,close(42 <unfinished ...>
19:18:11.595491,1045,<... gettid resumed> ) = 1045
19:18:11.595811,1023,<... close resumed> ) = 0
19:18:11.596134,1045,ioctl(9, 0xc0186201 <unfinished ...>
19:18:11.596472,1023,fstat64(40, <unfinished ...>
19:18:11.596800,1045,<... ioctl resumed> , 0xaca6f920) = 0
19:18:11.597123,1023,<... fstat64 resumed> {st_mode=S_IFREG|0660, st_size=12288, ...}) = 0
19:18:11.599326,1045,ioctl(9, 0xc0186201 <unfinished ...>
19:18:11.599675,1023,pread(40, <unfinished ...>
19:18:11.599977,1045,<... ioctl resumed> , 0xaca6f920) = 0
19:18:11.600308,1023,<... pread resumed> "\0\0\0\2\0\0\0\3\0\0\0\0\0\0\0\0", 16, 106148551000) = 16
19:18:11.602254,1023,fstat64(40, {st_mode=S_IFREG|0660, st_size=12288, ...}) = 0
19:18:11.603369,1023,access("/data/data/com.igamepower.appmaster/databases/game_service_package.db-wal", F_OK) = -1 ENOENT (No such file or directory)
19:18:11.604352,1023,fstat64(40, {st_mode=S_IFREG|0660, st_size=12288, ...}) = 0
19:18:11.605463,1023,fcntl64(40, F_SETLK, {type=F_WRLCK, whence=SEEK_SET, start=1073741825, len=1}) = 0
19:18:11.606183,1023,futex(0xb6f62698, FUTEX_WAIT_PRIVATE, 2, NULL <unfinished ...>
19:18:11.611693,1045,futex(0xb6f62698, FUTEX_WAKE_PRIVATE, 1 <unfinished ...>
19:18:11.612035,1023,<... futex resumed> ) = 0
19:18:11.612371,1023,futex(0xb6f62698, FUTEX_WAKE_PRIVATE, 1) = 0
19:18:11.612908,1023,stat64("/data/data/com.igamepower.appmaster/databases/game_service_package.db", {st_mode=S_IFREG|0660, st_size=12288, ...}) = 0
19:18:11.614431,1023,umask(0) = 077
19:18:11.614952,1023,open("/data/data/com.igamepower.appmaster/databases/game_service_package.db-journal", O_RDWR|O_CREAT, 0660) = 42
19:18:11.615978,1023,umask(077) = 0
19:18:11.616502,1023,fchown32(42, 10050, 10050) = 0
19:18:11.617104,1023,fcntl64(42, F_GETFD) = 0
19:18:11.617625,1023,fcntl64(42, F_SETFD, FD_CLOEXEC) = 0
19:18:11.618165,1023,pwrite(42, "\0\0\0\0\0\0\0\0\0\0\0\0ÕE\235q\0\0\0\3\0\0\2\0\0\0\20\0\0\0\0\0"..., 512, 3069335932) = 512
19:18:11.619016,1023,pwrite(42, "\0\0\0\1", 4, 2202092591484) = 4
19:18:11.619657,1023,pwrite(42, "SQLite format 3\0\20\0\1\1\0@ \0\0\0\2\0\0\0\3"..., 4096, 2219272460668) = 4096
19:18:11.620477,1023,pwrite(42, "ÕE\235q", 4, 19811458505084) = 4
19:18:11.621221,1023,pwrite(42, "\0\0\0\2", 4, 19828638374268) = 4
19:18:11.621860,1023,pwrite(42, "\1\0\0\0\0\0\0\0\0\0\0\0\0\0\0\0\0\0\0\0\0\0\0\0\0\0\0\0\0\0\0\0"..., 4096, 19845818243452) = 4096
19:18:11.622712,1023,pwrite(42, "ÕE\235q", 4, 37438004287868) = 4
19:18:11.624363,1023,fcntl64(40, F_SETLK, {type=F_WRLCK, whence=SEEK_SET, start=1073741824, len=1}) = 0
19:18:11.625061,1023,fcntl64(40, F_SETLK, {type=F_WRLCK, whence=SEEK_SET, start=1073741826, len=510}) = 0
19:18:11.625759,1023,pread(42, "", 8, 39585487935832) = 0
19:18:11.626345,1023,fdatasync(42) = 0
19:18:11.656201,1023,open("/data/data/com.igamepower.appmaster/databases", O_RDONLY <unfinished ...>
19:18:11.656698,1045,<... futex resumed> ) = 1
19:18:11.658115,1023,<... open resumed> ) = 43
19:18:11.658853,1045,getpid( <unfinished ...>
19:18:11.660317,1023,fcntl64(43, F_GETFD <unfinished ...>
19:18:11.660655,1045,<... getpid resumed> ) = 1023
19:18:11.661571,1023,<... fcntl64 resumed> ) = 0
19:18:11.661882,1045,gettid( <unfinished ...>
19:18:11.662740,1023,fcntl64(43, F_SETFD, FD_CLOEXEC <unfinished ...>
19:18:11.663097,1045,<... gettid resumed> ) = 1045
19:18:11.665390,1023,<... fcntl64 resumed> ) = 0
19:18:11.665734,1045,ioctl(9, 0xc0186201 <unfinished ...>
19:18:11.666693,1023,fdatasync(43 <unfinished ...>
19:18:11.667037,1045,<... ioctl resumed> , 0xaca6f920) = 0
19:18:11.668329,1045,ioctl(9, 0xc0186201, 0xaca6f920) = 0
19:18:11.670769,1023,<... fdatasync resumed> ) = 0
19:18:11.671995,1045,getpid( <unfinished ...>
19:18:11.672321,1023,close(43 <unfinished ...>
19:18:11.672591,1045,<... getpid resumed> ) = 1023
19:18:11.672900,1023,<... close resumed> ) = 0
19:18:11.673205,1045,gettid( <unfinished ...>
19:18:11.673543,1023,pwrite(42, "ÙÕ\5ù ¡c×\0\0\0\2", 12, 3069335932 <unfinished ...>
19:18:11.673929,1045,<... gettid resumed> ) = 1045
19:18:11.674440,1045,ioctl(9, 0xc0186201 <unfinished ...>
19:18:11.674839,1023,<... pwrite resumed> ) = 12
19:18:11.675172,1045,<... ioctl resumed> , 0xaca6f920) = 0
19:18:11.675494,1023,fdatasync(42 <unfinished ...>
19:18:11.676995,1045,ioctl(9, 0xc0186201, 0xaca6f920) = 0
19:18:11.677824,1023,<... fdatasync resumed> ) = 0
19:18:11.679126,1045,getpid( <unfinished ...>
19:18:11.679459,1023,pwrite(40, "SQLite format 3\0\20\0\1\1\0@ \0\0\0\3\0\0\0\5"..., 4096, 3069335932 <unfinished ...>
19:18:11.679957,1045,<... getpid resumed> ) = 1023
19:18:11.680338,1023,<... pwrite resumed> ) = 4096
19:18:11.680648,1045,gettid( <unfinished ...>
19:18:11.680962,1023,pwrite(40, "\1\0\0\0\0\1\0\0\0\0\1\0\0\0\0\0\0\0\0\0\0\0\0\0\0\0\0\0\0\0\0\0"..., 4096, 17595255380348 <unfinished ...>
19:18:11.681495,1045,<... gettid resumed> ) = 1045
19:18:11.681835,1023,<... pwrite resumed> ) = 4096
19:18:11.682156,1045,ioctl(9, 0xc0186201 <unfinished ...>
19:18:11.682475,1023,pwrite(40, "\r\0\0\0\0\20\0\0\0\0\0\0\0\0\0\0\0\0\0\0\0\0\0\0\0\0\0\0\0\0\0\0"..., 4096, 52779627469180 <unfinished ...>
19:18:11.683053,1045,<... ioctl resumed> , 0xaca6f920) = 0
19:18:11.683446,1023,<... pwrite resumed> ) = 4096
19:18:11.685012,1045,ioctl(9, 0xc0186201 <unfinished ...>
19:18:11.685346,1023,pwrite(40, "\n\0\0\0\0\20\0\0\0\0\0\0\0\0\0\0\0\0\0\0\0\0\0\0\0\0\0\0\0\0\0\0"..., 4096, 70371813513596 <unfinished ...>
19:18:11.685893,1045,<... ioctl resumed> , 0xaca6f920) = 0
19:18:11.686290,1023,<... pwrite resumed> ) = 4096
19:18:11.687540,1023,fdatasync(40) = 0
19:18:11.689412,1023,pwrite(42, "\0\0\0\0\0\0\0\0\0\0\0\0\0\0\0\0\0\0\0\0\0\0\0\0\0\0\0\0", 28, 3069335932) = 28
19:18:11.690341,1023,fdatasync(42) = 0
19:18:11.691145,1023,fstat64(42, {st_mode=S_IFREG|0600, st_size=8720, ...}) = 0
19:18:11.692313,1023,fcntl64(40, F_SETLK, {type=F_RDLCK, whence=SEEK_SET, start=1073741826, len=510}) = 0
19:18:11.693037,1023,fcntl64(40, F_SETLK, {type=F_UNLCK, whence=SEEK_SET, start=1073741824, len=2}) = 0
19:18:11.693748,1023,close(42) = 0
19:18:11.694321,1023,fcntl64(40, F_SETLK, {type=F_UNLCK, whence=SEEK_SET, start=0, len=0}) = 0
19:18:11.695134,1023,gettimeofday({1738783091, 695319}, NULL) = 0
19:18:11.695975,1023,writev(3, [{"\4", 1}, {"GameService\0", 12}, {"create db in onCreate\0", 22}], 3) = 35
19:18:11.697431,1023,gettimeofday({1738783091, 697619}, NULL) = 0
19:18:11.698802,1023,gettimeofday({1738783091, 698991}, NULL) = 0
19:18:11.699671,1023,gettimeofday({1738783091, 699857}, NULL) = 0
19:18:11.700864,1023,fcntl64(40, F_SETLK, {type=F_RDLCK, whence=SEEK_SET, start=1073741824, len=1}) = 0
19:18:11.701587,1023,fcntl64(40, F_SETLK, {type=F_RDLCK, whence=SEEK_SET, start=1073741826, len=510}) = 0
19:18:11.702293,1023,fcntl64(40, F_SETLK, {type=F_UNLCK, whence=SEEK_SET, start=1073741824, len=1}) = 0
19:18:11.702994,1023,access("/data/data/com.igamepower.appmaster/databases/game_service_package.db-journal", F_OK) = 0
19:18:11.704066,1023,stat64("/data/data/com.igamepower.appmaster/databases/game_service_package.db-journal", {st_mode=S_IFREG|0600, st_size=8720, ...}) = 0
19:18:11.705691,1023,fcntl64(40, F_GETLK, {type=F_UNLCK, whence=SEEK_SET, start=1073741825, len=1, pid=0}) = 0
19:18:11.706390,1023,fstat64(40, {st_mode=S_IFREG|0660, st_size=20480, ...}) = 0
19:18:11.707537,1023,stat64("/data/data/com.igamepower.appmaster/databases/game_service_package.db", {st_mode=S_IFREG|0660, st_size=20480, ...}) = 0
19:18:11.709113,1023,umask(0) = 077
19:18:11.709658,1023,open("/data/data/com.igamepower.appmaster/databases/game_service_package.db-journal", O_RDONLY) = 42
19:18:11.710727,1023,umask(077) = 0
19:18:11.711273,1023,fchown32(42, 10050, 10050) = 0
19:18:11.711891,1023,fcntl64(42, F_GETFD) = 0
19:18:11.712441,1023,fcntl64(42, F_SETFD, FD_CLOEXEC) = 0
19:18:11.712994,1023,pread(42, "\0", 1, 3069335896) = 1
19:18:11.713617,1023,close(42) = 0
19:18:11.749453,1023,fstat64(40, <unfinished ...>
19:18:11.749749,1045,getpid( <unfinished ...>
19:18:11.750095,1023,<... fstat64 resumed> {st_mode=S_IFREG|0660, st_size=20480, ...}) = 0
19:18:11.750976,1045,<... getpid resumed> ) = 1023
19:18:11.751334,1023,pread(40, <unfinished ...>
19:18:11.751649,1045,gettid( <unfinished ...>
19:18:11.751966,1023,<... pread resumed> "\0\0\0\3\0\0\0\5\0\0\0\0\0\0\0\0", 16, 106148551000) = 16
19:18:11.752416,1045,<... gettid resumed> ) = 1045
19:18:11.752756,1023,fstat64(40, <unfinished ...>
19:18:11.753085,1045,ioctl(9, 0xc0186201 <unfinished ...>
19:18:11.753400,1023,<... fstat64 resumed> {st_mode=S_IFREG|0660, st_size=20480, ...}) = 0
19:18:11.754336,1045,<... ioctl resumed> , 0xaca6f920) = 0
19:18:11.754682,1023,access("/data/data/com.igamepower.appmaster/databases/game_service_package.db-wal", F_OK <unfinished ...>
19:18:11.756755,1045,ioctl(9, 0xc0186201 <unfinished ...>
19:18:11.757124,1023,<... access resumed> ) = -1 ENOENT (No such file or directory)
19:18:11.757437,1045,<... ioctl resumed> , 0xaca6f920) = 0
19:18:11.757777,1023,fstat64(40, <unfinished ...>
19:18:11.759171,1045,getpid( <unfinished ...>
19:18:11.759486,1023,<... fstat64 resumed> {st_mode=S_IFREG|0660, st_size=20480, ...}) = 0
19:18:11.760366,1045,<... getpid resumed> ) = 1023
19:18:11.760728,1023,fcntl64(40, F_SETLK, {type=F_WRLCK, whence=SEEK_SET, start=1073741825, len=1} <unfinished ...>
19:18:11.761177,1045,gettid( <unfinished ...>
19:18:11.761501,1023,<... fcntl64 resumed> ) = 0
19:18:11.761784,1045,<... gettid resumed> ) = 1045
19:18:11.762158,1023,stat64("/data/data/com.igamepower.appmaster/databases/game_service_package.db", <unfinished ...>
19:18:11.762885,1045,ioctl(9, 0xc0186201 <unfinished ...>
19:18:11.763238,1023,<... stat64 resumed> {st_mode=S_IFREG|0660, st_size=20480, ...}) = 0
19:18:11.764159,1045,<... ioctl resumed> , 0xaca6f920) = 0
19:18:11.764500,1023,umask(0 <unfinished ...>
19:18:11.766268,1045,ioctl(9, 0xc0186201 <unfinished ...>
19:18:11.766579,1023,<... umask resumed> ) = 077
19:18:11.766883,1045,<... ioctl resumed> , 0xaca6f920) = 0
19:18:11.767222,1023,open("/data/data/com.igamepower.appmaster/databases/game_service_package.db-journal", O_RDWR|O_CREAT, 0660 <unfinished ...>
19:18:11.768942,1045,getpid( <unfinished ...>
19:18:11.769317,1023,<... open resumed> ) = 42
19:18:11.769603,1045,<... getpid resumed> ) = 1023
19:18:11.769938,1023,umask(077 <unfinished ...>
19:18:11.770251,1045,gettid( <unfinished ...>
19:18:11.770546,1023,<... umask resumed> ) = 0
19:18:11.770825,1045,<... gettid resumed> ) = 1045
19:18:11.771163,1023,fchown32(42, 10050, 10050 <unfinished ...>
19:18:11.771495,1045,ioctl(9, 0xc0186201 <unfinished ...>
19:18:11.771861,1023,<... fchown32 resumed> ) = 0
19:18:11.772197,1045,<... ioctl resumed> , 0xaca6f920) = 0
19:18:11.772534,1023,fcntl64(42, F_GETFD <unfinished ...>
19:18:11.774143,1045,ioctl(9, 0xc0186201 <unfinished ...>
19:18:11.774460,1023,<... fcntl64 resumed> ) = 0
19:18:11.774763,1045,<... ioctl resumed> , 0xaca6f920) = 0
19:18:11.775102,1023,fcntl64(42, F_SETFD, FD_CLOEXEC <unfinished ...>
19:18:11.776452,1045,getpid( <unfinished ...>
19:18:11.776760,1023,<... fcntl64 resumed> ) = 0
19:18:11.777051,1045,<... getpid resumed> ) = 1023
19:18:11.777399,1023,pwrite(42, "\0\0\0\0\0\0\0\0\0\0\0\0Ê\6(\26\0\0\0\5\0\0\2\0\0\0\20\0\0\0\0\0"..., 512, 3069335932 <unfinished ...>
19:18:11.796189,1045,gettid( <unfinished ...>
19:18:11.796554,1023,<... pwrite resumed> ) = 512
19:18:11.796885,1045,<... gettid resumed> ) = 1045
19:18:11.797231,1023,pwrite(42, "\0\0\0\1", 4, 2202092591484 <unfinished ...>
19:18:11.797622,1045,ioctl(9, 0xc0186201 <unfinished ...>
19:18:11.797995,1023,<... pwrite resumed> ) = 4
19:18:11.798349,1045,<... ioctl resumed> , 0xaca6f920) = 0
19:18:11.798736,1023,pwrite(42, "SQLite format 3\0\20\0\1\1\0@ \0\0\0\3\0\0\0\5"..., 4096, 2219272460668 <unfinished ...>
19:18:11.800894,1045,ioctl(9, 0xc0186201 <unfinished ...>
19:18:11.801270,1023,<... pwrite resumed> ) = 4096
19:18:11.801620,1045,<... ioctl resumed> , 0xaca6f920) = 0
19:18:11.801947,1023,pwrite(42, "Ê\6(\213", 4, 19811458505084 <unfinished ...>
19:18:11.803489,1045,getpid( <unfinished ...>
19:18:11.803827,1023,<... pwrite resumed> ) = 4
19:18:11.804109,1045,<... getpid resumed> ) = 1023
19:18:11.804537,1023,pwrite(42, "\0\0\0\2", 4, 19828638374268 <unfinished ...>
19:18:11.804934,1045,gettid( <unfinished ...>
19:18:11.805276,1023,<... pwrite resumed> ) = 4
19:18:11.805562,1045,<... gettid resumed> ) = 1045
19:18:11.805895,1023,pwrite(42, "\1\0\0\0\0\1\0\0\0\0\1\0\0\0\0\0\0\0\0\0\0\0\0\0\0\0\0\0\0\0\0\0"..., 4096, 19845818243452 <unfinished ...>
19:18:11.806491,1045,ioctl(9, 0xc0186201 <unfinished ...>
19:18:11.806857,1023,<... pwrite resumed> ) = 4096
19:18:11.807203,1045,<... ioctl resumed> , 0xaca6f920) = 0
19:18:11.807541,1023,pwrite(42, "Ê\6(\26", 4, 37438004287868 <unfinished ...>
19:18:11.809305,1045,ioctl(9, 0xc0186201 <unfinished ...>
19:18:11.809660,1023,<... pwrite resumed> ) = 4
19:18:11.809967,1045,<... ioctl resumed> , 0xaca6f920) = 0
19:18:11.811131,1023,fcntl64(40, F_SETLK, {type=F_WRLCK, whence=SEEK_SET, start=1073741824, len=1} <unfinished ...>
19:18:11.812660,1045,getpid( <unfinished ...>
19:18:11.812998,1023,<... fcntl64 resumed> ) = 0
19:18:11.813292,1045,<... getpid resumed> ) = 1023
19:18:11.813629,1023,fcntl64(40, F_SETLK, {type=F_WRLCK, whence=SEEK_SET, start=1073741826, len=510} <unfinished ...>
19:18:11.814082,1045,gettid( <unfinished ...>
19:18:11.814403,1023,<... fcntl64 resumed> ) = 0
19:18:11.814684,1045,<... gettid resumed> ) = 1045
19:18:11.815051,1023,pread(42, <unfinished ...>
19:18:11.815369,1045,ioctl(9, 0xc0186201 <unfinished ...>
19:18:11.815686,1023,<... pread resumed> "", 8, 39585487935832) = 0
19:18:11.816068,1045,<... ioctl resumed> , 0xaca6f920) = 0
19:18:11.816406,1023,fdatasync(42 <unfinished ...>
19:18:11.818056,1045,ioctl(9, 0xc0186201, 0xaca6f920) = 0
19:18:11.819087,1023,<... fdatasync resumed> ) = 0
19:18:11.820347,1045,getpid( <unfinished ...>
19:18:11.820703,1023,open("/data/data/com.igamepower.appmaster/databases", O_RDONLY <unfinished ...>
19:18:11.821276,1045,<... getpid resumed> ) = 1023
19:18:11.821645,1023,<... open resumed> ) = 43
19:18:11.821962,1045,gettid( <unfinished ...>
19:18:11.822293,1023,fcntl64(43, F_GETFD <unfinished ...>
19:18:11.822576,1045,<... gettid resumed> ) = 1045
19:18:11.822882,1023,<... fcntl64 resumed> ) = 0
19:18:11.823205,1045,ioctl(9, 0xc0186201 <unfinished ...>
19:18:11.823537,1023,fcntl64(43, F_SETFD, FD_CLOEXEC <unfinished ...>
19:18:11.823870,1045,<... ioctl resumed> , 0xaca6f920) = 0
19:18:11.824187,1023,<... fcntl64 resumed> ) = 0
19:18:11.825718,1045,ioctl(9, 0xc0186201 <unfinished ...>
19:18:11.826065,1023,fdatasync(43 <unfinished ...>
19:18:11.826364,1045,<... ioctl resumed> , 0xaca6f920) = 0
19:18:11.827744,1045,getpid() = 1023
19:18:11.828866,1023,<... fdatasync resumed> ) = 0
19:18:11.829192,1045,gettid( <unfinished ...>
19:18:11.861195,1023,close(43 <unfinished ...>
19:18:11.861509,1045,<... gettid resumed> ) = 1045
19:18:11.861802,1023,<... close resumed> ) = 0
19:18:11.862182,1045,ioctl(9, 0xc0186201 <unfinished ...>
19:18:11.862481,1023,pwrite(42, "ÙÕ\5ù ¡c×\0\0\0\2", 12, 3069335932 <unfinished ...>
19:18:11.862887,1045,<... ioctl resumed> , 0xaca6f920) = 0
19:18:11.863304,1023,<... pwrite resumed> ) = 12
19:18:11.864983,1045,ioctl(9, 0xc0186201 <unfinished ...>
19:18:11.865326,1023,fdatasync(42 <unfinished ...>
19:18:11.865592,1045,<... ioctl resumed> , 0xaca6f920) = 0
19:18:11.878494,1045,getpid( <unfinished ...>
19:18:11.878736,1023,<... fdatasync resumed> ) = 0
19:18:11.879004,1045,<... getpid resumed> ) = 1023
19:18:11.879362,1023,pwrite(40, "SQLite format 3\0\20\0\1\1\0@ \0\0\0\4\0\0\0\6"..., 4096, 3069335932 <unfinished ...>
19:18:11.879850,1045,gettid( <unfinished ...>
19:18:11.880238,1023,<... pwrite resumed> ) = 4096
19:18:11.880495,1045,<... gettid resumed> ) = 1045
19:18:11.880793,1023,pwrite(40, "\1\0\0\0\0\1\0\0\0\0\1\0\0\0\0\1\0\0\0\0\0\0\0\0\0\0\0\0\0\0\0\0"..., 4096, 17595255380348 <unfinished ...>
19:18:11.881393,1045,ioctl(9, 0xc0186201 <unfinished ...>
19:18:11.881741,1023,<... pwrite resumed> ) = 4096
19:18:11.882082,1045,<... ioctl resumed> , 0xaca6f920) = 0
19:18:11.882406,1023,pwrite(40, "\n\0\0\0\0\20\0\0\0\0\0\0\0\0\0\0\0\0\0\0\0\0\0\0\0\0\0\0\0\0\0\0"..., 4096, 87963999558012 <unfinished ...>
19:18:11.884190,1045,ioctl(9, 0xc0186201 <unfinished ...>
19:18:11.884562,1023,<... pwrite resumed> ) = 4096
19:18:11.884865,1045,<... ioctl resumed> , 0xaca6f920) = 0
19:18:11.903982,1045,getpid( <unfinished ...>
19:18:11.904265,1023,fdatasync(40 <unfinished ...>
19:18:11.904535,1045,<... getpid resumed> ) = 1023
19:18:11.905418,1045,gettid() = 1045
19:18:11.906600,1023,<... fdatasync resumed> ) = 0
19:18:11.906894,1045,ioctl(9, 0xc0186201 <unfinished ...>
19:18:11.907253,1023,pwrite(42, "\0\0\0\0\0\0\0\0\0\0\0\0\0\0\0\0\0\0\0\0\0\0\0\0\0\0\0\0", 28, 3069335932 <unfinished ...>
19:18:11.907783,1045,<... ioctl resumed> , 0xaca6f920) = 0
19:18:11.908229,1023,<... pwrite resumed> ) = 28
19:18:11.915395,1045,ioctl(9, 0xc0186201 <unfinished ...>
19:18:11.915668,1023,fdatasync(42 <unfinished ...>
19:18:11.915956,1045,<... ioctl resumed> , 0xaca6f920) = 0
19:18:11.917537,1045,getpid( <unfinished ...>
19:18:11.917844,1023,<... fdatasync resumed> ) = 0
19:18:11.918146,1045,<... getpid resumed> ) = 1023
19:18:11.918457,1023,fstat64(42, <unfinished ...>
19:18:11.918743,1045,gettid( <unfinished ...>
19:18:11.919049,1023,<... fstat64 resumed> {st_mode=S_IFREG|0600, st_size=8720, ...}) = 0
19:18:11.919863,1045,<... gettid resumed> ) = 1045
19:18:11.920269,1023,fcntl64(40, F_SETLK, {type=F_RDLCK, whence=SEEK_SET, start=1073741826, len=510} <unfinished ...>
19:18:11.920687,1045,ioctl(9, 0xc0186201 <unfinished ...>
19:18:11.920991,1023,<... fcntl64 resumed> ) = 0
19:18:11.921342,1045,<... ioctl resumed> , 0xaca6f920) = 0
19:18:11.921653,1023,fcntl64(40, F_SETLK, {type=F_UNLCK, whence=SEEK_SET, start=1073741824, len=2} <unfinished ...>
19:18:11.923556,1045,ioctl(9, 0xc0186201 <unfinished ...>
19:18:11.923927,1023,<... fcntl64 resumed> ) = 0
19:18:11.924232,1045,<... ioctl resumed> , 0xaca6f920) = 0
19:18:11.924550,1023,close(42 <unfinished ...>
19:18:11.925850,1045,getpid( <unfinished ...>
19:18:11.926190,1023,<... close resumed> ) = 0
19:18:11.926453,1045,<... getpid resumed> ) = 1023
19:18:11.926766,1023,fcntl64(40, F_SETLK, {type=F_UNLCK, whence=SEEK_SET, start=0, len=0} <unfinished ...>
19:18:11.927240,1045,gettid( <unfinished ...>
19:18:11.927532,1023,<... fcntl64 resumed> ) = 0
19:18:11.927791,1045,<... gettid resumed> ) = 1045
19:18:11.928279,1023,gettimeofday( <unfinished ...>
19:18:11.938575,1045,ioctl(9, 0xc0186201 <unfinished ...>
19:18:11.938836,1023,<... gettimeofday resumed> {1738783091, 929286}, NULL) = 0
19:18:11.939339,1045,<... ioctl resumed> , 0xaca6f920) = 0
19:18:11.939956,1023,gettimeofday( <unfinished ...>
19:18:11.941838,1045,ioctl(9, 0xc0186201 <unfinished ...>
19:18:11.942316,1023,<... gettimeofday resumed> {1738783091, 942131}, NULL) = 0
19:18:11.942771,1045,<... ioctl resumed> , 0xaca6f920) = 0
19:18:11.943780,1023,gettimeofday( <unfinished ...>
19:18:11.945075,1045,getpid( <unfinished ...>
19:18:11.945401,1023,<... gettimeofday resumed> {1738783091, 945289}, NULL) = 0
19:18:11.945745,1045,<... getpid resumed> ) = 1023
19:18:11.946422,1023,gettimeofday( <unfinished ...>
19:18:11.946750,1045,gettid( <unfinished ...>
19:18:11.947171,1023,<... gettimeofday resumed> {1738783091, 947011}, NULL) = 0
19:18:11.947512,1045,<... gettid resumed> ) = 1045
19:18:11.948430,1023,fcntl64(40, F_SETLK, {type=F_RDLCK, whence=SEEK_SET, start=1073741824, len=1} <unfinished ...>
19:18:11.948853,1045,ioctl(9, 0xc0186201 <unfinished ...>
19:18:11.949202,1023,<... fcntl64 resumed> ) = 0
19:18:11.949519,1045,<... ioctl resumed> , 0xaca6f920) = 0
19:18:11.949831,1023,fcntl64(40, F_SETLK, {type=F_RDLCK, whence=SEEK_SET, start=1073741826, len=510} <unfinished ...>
19:18:11.951694,1045,ioctl(9, 0xc0186201 <unfinished ...>
19:18:11.952057,1023,<... fcntl64 resumed> ) = 0
19:18:11.952351,1045,<... ioctl resumed> , 0xaca6f920) = 0
19:18:11.952661,1023,fcntl64(40, F_SETLK, {type=F_UNLCK, whence=SEEK_SET, start=1073741824, len=1} <unfinished ...>
19:18:11.954100,1045,getpid( <unfinished ...>
19:18:11.954405,1023,<... fcntl64 resumed> ) = 0
19:18:11.954667,1045,<... getpid resumed> ) = 1023
19:18:11.954981,1023,access("/data/data/com.igamepower.appmaster/databases/game_service_package.db-journal", F_OK <unfinished ...>
19:18:11.955728,1045,gettid( <unfinished ...>
19:18:11.956088,1023,<... access resumed> ) = 0
19:18:11.956348,1045,<... gettid resumed> ) = 1045
19:18:11.956654,1023,stat64("/data/data/com.igamepower.appmaster/databases/game_service_package.db-journal", <unfinished ...>
19:18:11.957403,1045,ioctl(9, 0xc0186201 <unfinished ...>
19:18:11.957719,1023,<... stat64 resumed> {st_mode=S_IFREG|0600, st_size=8720, ...}) = 0
19:18:11.986671,1045,<... ioctl resumed> , 0xaca6f920) = 0
19:18:11.987046,1023,fcntl64(40, F_GETLK <unfinished ...>
19:18:11.987363,1045,ioctl(9, 0xc0186201 <unfinished ...>
19:18:11.987663,1023,<... fcntl64 resumed> , {type=F_UNLCK, whence=SEEK_SET, start=1073741825, len=1, pid=0}) = 0
19:18:11.988108,1045,<... ioctl resumed> , 0xaca6f920) = 0
19:18:11.988420,1023,fstat64(40, <unfinished ...>
19:18:11.989731,1045,getpid( <unfinished ...>
19:18:11.990044,1023,<... fstat64 resumed> {st_mode=S_IFREG|0660, st_size=24576, ...}) = 0
19:18:11.990858,1045,<... getpid resumed> ) = 1023
19:18:11.991236,1023,stat64("/data/data/com.igamepower.appmaster/databases/game_service_package.db", <unfinished ...>
19:18:11.991947,1045,gettid( <unfinished ...>
19:18:11.992451,1023,<... stat64 resumed> {st_mode=S_IFREG|0660, st_size=24576, ...}) = 0
19:18:11.993506,1045,<... gettid resumed> ) = 1045
19:18:11.993895,1023,umask(0 <unfinished ...>
19:18:11.994344,1045,ioctl(9, 0xc0186201 <unfinished ...>
19:18:11.994691,1023,<... umask resumed> ) = 077
19:18:11.994994,1045,<... ioctl resumed> , 0xaca6f920) = 0
19:18:11.995336,1023,open("/data/data/com.igamepower.appmaster/databases/game_service_package.db-journal", O_RDONLY <unfinished ...>
19:18:11.997324,1045,ioctl(9, 0xc0186201 <unfinished ...>
19:18:11.997672,1023,<... open resumed> ) = 42
19:18:11.997953,1045,<... ioctl resumed> , 0xaca6f920) = 0
19:18:11.998298,1023,umask(077 <unfinished ...>
19:18:11.999607,1045,getpid( <unfinished ...>
19:18:11.999934,1023,<... umask resumed> ) = 0
19:18:12.000233,1045,<... getpid resumed> ) = 1023
19:18:12.000538,1023,fchown32(42, 10050, 10050 <unfinished ...>
19:18:12.000861,1045,gettid( <unfinished ...>
19:18:12.001244,1023,<... fchown32 resumed> ) = 0
19:18:12.001501,1045,<... gettid resumed> ) = 1045
19:18:12.001803,1023,fcntl64(42, F_GETFD <unfinished ...>
19:18:12.002132,1045,ioctl(9, 0xc0186201 <unfinished ...>
19:18:12.002408,1023,<... fcntl64 resumed> ) = 0
19:18:12.002709,1045,<... ioctl resumed> , 0xaca6f920) = 0
19:18:12.003011,1023,fcntl64(42, F_SETFD, FD_CLOEXEC <unfinished ...>
19:18:12.004578,1045,ioctl(9, 0xc0186201 <unfinished ...>
19:18:12.004864,1023,<... fcntl64 resumed> ) = 0
19:18:12.005194,1045,<... ioctl resumed> , 0xaca6f920) = 0
19:18:12.005510,1023,pread(42, <unfinished ...>
19:18:12.006695,1045,getpid( <unfinished ...>
19:18:12.006986,1023,<... pread resumed> "\0", 1, 3069335896) = 1
19:18:12.007344,1045,<... getpid resumed> ) = 1023
19:18:12.007652,1023,close(42 <unfinished ...>
19:18:12.007931,1045,gettid( <unfinished ...>
19:18:12.008250,1023,<... close resumed> ) = 0
19:18:12.008505,1045,<... gettid resumed> ) = 1045
19:18:12.008813,1023,fstat64(40, <unfinished ...>
19:18:12.009154,1045,ioctl(9, 0xc0186201 <unfinished ...>
19:18:12.009445,1023,<... fstat64 resumed> {st_mode=S_IFREG|0660, st_size=24576, ...}) = 0
19:18:12.010344,1045,<... ioctl resumed> , 0xaca6f920) = 0
19:18:12.010657,1023,pread(40, <unfinished ...>
19:18:12.011663,1045,ioctl(9, 0xc0186201 <unfinished ...>
19:18:12.011958,1023,<... pread resumed> "\0\0\0\4\0\0\0\6\0\0\0\0\0\0\0\0", 16, 106148551000) = 16
19:18:12.012827,1023,fstat64(40, {st_mode=S_IFREG|0660, st_size=24576, ...}) = 0
19:18:12.014696,1023,access("/data/data/com.igamepower.appmaster/databases/game_service_package.db-wal", F_OK) = -1 ENOENT (No such file or directory)
19:18:12.016895,1023,fstat64(40, {st_mode=S_IFREG|0660, st_size=24576, ...}) = 0
19:18:12.017992,1023,fcntl64(40, F_SETLK, {type=F_WRLCK, whence=SEEK_SET, start=1073741825, len=1}) = 0
19:18:12.025999,1023,stat64("/data/data/com.igamepower.appmaster/databases/game_service_package.db", {st_mode=S_IFREG|0660, st_size=24576, ...}) = 0
19:18:12.027485,1023,umask(0) = 077
19:18:12.027979,1023,open("/data/data/com.igamepower.appmaster/databases/game_service_package.db-journal", O_RDWR|O_CREAT, 0660) = 42
19:18:12.029023,1023,umask(077) = 0
19:18:12.029498,1023,fchown32(42, 10050, 10050) = 0
19:18:12.030109,1023,fcntl64(42, F_GETFD) = 0
19:18:12.030589,1023,fcntl64(42, F_SETFD, FD_CLOEXEC) = 0
19:18:12.031085,1023,pwrite(42, "\0\0\0\0\0\0\0\0\0\0\0\0ä¼~9\0\0\0\6\0\0\2\0\0\0\20\0\0\0\0\0"..., 512, 3069335932) = 512
19:18:12.031865,1023,pwrite(42, "\0\0\0\1", 4, 2202092591484) = 4
19:18:12.032480,1023,pwrite(42, "SQLite format 3\0\20\0\1\1\0@ \0\0\0\4\0\0\0\6"..., 4096, 2219272460668) = 4096
19:18:12.033260,1023,pwrite(42, "ä¼~®", 4, 19811458505084) = 4
19:18:12.034437,1023,pwrite(42, "\0\0\0\2", 4, 19828638374268) = 4
19:18:12.035105,1023,pwrite(42, "\1\0\0\0\0\1\0\0\0\0\1\0\0\0\0\1\0\0\0\0\0\0\0\0\0\0\0\0\0\0\0\0"..., 4096, 19845818243452) = 4096
19:18:12.035936,1023,pwrite(42, "ä¼~9", 4, 37438004287868) = 4
19:18:12.037327,1023,fcntl64(40, F_SETLK, {type=F_WRLCK, whence=SEEK_SET, start=1073741824, len=1}) = 0
19:18:12.037988,1023,fcntl64(40, F_SETLK, {type=F_WRLCK, whence=SEEK_SET, start=1073741826, len=510}) = 0
19:18:12.038663,1023,pread(42, "", 8, 39585487935832) = 0
19:18:12.039282,1023,fdatasync(42) = 0
19:18:12.040253,1023,open("/data/data/com.igamepower.appmaster/databases", O_RDONLY) = 43
19:18:12.041077,1023,fcntl64(43, F_GETFD) = 0
19:18:12.045652,1045,<... ioctl resumed> , 0xaca6f920) = 0
19:18:12.046034,1023,fcntl64(43, F_SETFD, FD_CLOEXEC <unfinished ...>
19:18:12.047367,1045,getpid( <unfinished ...>
19:18:12.047640,1023,<... fcntl64 resumed> ) = 0
19:18:12.047891,1045,<... getpid resumed> ) = 1023
19:18:12.048224,1023,fdatasync(43 <unfinished ...>
19:18:12.048496,1045,gettid() = 1045
19:18:12.049629,1045,ioctl(9, 0xc0186201 <unfinished ...>
19:18:12.049909,1023,<... fdatasync resumed> ) = 0
19:18:12.050250,1045,<... ioctl resumed> , 0xaca6f920) = 0
19:18:12.050546,1023,close(43 <unfinished ...>
19:18:12.052647,1045,ioctl(9, 0xc0186201 <unfinished ...>
19:18:12.052941,1023,<... close resumed> ) = 0
19:18:12.053247,1045,<... ioctl resumed> , 0xaca6f920) = 0
19:18:12.053541,1023,pwrite(42, "ÙÕ\5ù ¡c×\0\0\0\2", 12, 3069335932 <unfinished ...>
19:18:12.054901,1045,getpid( <unfinished ...>
19:18:12.055299,1023,<... pwrite resumed> ) = 12
19:18:12.055554,1045,<... getpid resumed> ) = 1023
19:18:12.055849,1023,fdatasync(42 <unfinished ...>
19:18:12.056191,1045,gettid() = 1045
19:18:12.067165,1023,<... fdatasync resumed> ) = 0
19:18:12.067493,1045,ioctl(9, 0xc0186201 <unfinished ...>
19:18:12.068323,1023,pwrite(40, "SQLite format 3\0\20\0\1\1\0@ \0\0\0\5\0\0\0\7"..., 4096, 3069335932 <unfinished ...>
19:18:12.068846,1045,<... ioctl resumed> , 0xaca6f920) = 0
19:18:12.069260,1023,<... pwrite resumed> ) = 4096
19:18:12.071073,1045,ioctl(9, 0xc0186201 <unfinished ...>
19:18:12.071398,1023,pwrite(40, "\1\0\0\0\0\1\0\0\0\0\1\0\0\0\0\1\0\0\0\0\1\0\0\0\0\0\0\0\0\0\0\0"..., 4096, 17595255380348 <unfinished ...>
19:18:12.071905,1045,<... ioctl resumed> , 0xaca6f920) = 0
19:18:12.072279,1023,<... pwrite resumed> ) = 4096
19:18:12.073688,1045,getpid( <unfinished ...>
19:18:12.074090,1023,pwrite(40, "\n\0\0\0\0\20\0\0\0\0\0\0\0\0\0\0\0\0\0\0\0\0\0\0\0\0\0\0\0\0\0\0"..., 4096, 105556185602428 <unfinished ...>
19:18:12.074658,1045,<... getpid resumed> ) = 1023
19:18:12.075124,1023,<... pwrite resumed> ) = 4096
19:18:12.075411,1045,gettid( <unfinished ...>
19:18:12.075705,1023,fdatasync(40 <unfinished ...>
19:18:12.075950,1045,<... gettid resumed> ) = 1045
19:18:12.085947,1045,ioctl(9, 0xc0186201 <unfinished ...>
19:18:12.086294,1023,<... fdatasync resumed> ) = 0
19:18:12.086803,1045,<... ioctl resumed> , 0xaca6f920) = 0
19:18:12.087217,1023,pwrite(42, "\0\0\0\0\0\0\0\0\0\0\0\0\0\0\0\0\0\0\0\0\0\0\0\0\0\0\0\0", 28, 3069335932 <unfinished ...>
19:18:12.089619,1045,ioctl(9, 0xc0186201 <unfinished ...>
19:18:12.090157,1023,<... pwrite resumed> ) = 28
19:18:12.090461,1045,<... ioctl resumed> , 0xaca6f920) = 0
19:18:12.090789,1023,fdatasync(42 <unfinished ...>
19:18:12.092175,1045,getpid() = 1023
19:18:12.093022,1023,<... fdatasync resumed> ) = 0
19:18:12.093352,1045,gettid( <unfinished ...>
19:18:12.093658,1023,fstat64(42, <unfinished ...>
19:18:12.094323,1045,<... gettid resumed> ) = 1045
19:18:12.094718,1023,<... fstat64 resumed> {st_mode=S_IFREG|0600, st_size=8720, ...}) = 0
19:18:12.095648,1045,ioctl(9, 0xc0186201 <unfinished ...>
19:18:12.095974,1023,fcntl64(40, F_SETLK, {type=F_RDLCK, whence=SEEK_SET, start=1073741826, len=510} <unfinished ...>
19:18:12.106665,1045,<... ioctl resumed> , 0xaca6f920) = 0
19:18:12.107002,1023,<... fcntl64 resumed> ) = 0
19:18:12.107380,1045,ioctl(9, 0xc0186201 <unfinished ...>
19:18:12.107693,1023,fcntl64(40, F_SETLK, {type=F_UNLCK, whence=SEEK_SET, start=1073741824, len=2} <unfinished ...>
19:18:12.108143,1045,<... ioctl resumed> , 0xaca6f920) = 0
19:18:12.108462,1023,<... fcntl64 resumed> ) = 0
19:18:12.109877,1045,getpid( <unfinished ...>
19:18:12.110333,1023,close(42 <unfinished ...>
19:18:12.110714,1045,<... getpid resumed> ) = 1023
19:18:12.111024,1023,<... close resumed> ) = 0
19:18:12.111405,1045,gettid( <unfinished ...>
19:18:12.111711,1023,fcntl64(40, F_SETLK, {type=F_UNLCK, whence=SEEK_SET, start=0, len=0} <unfinished ...>
19:18:12.112119,1045,<... gettid resumed> ) = 1045
19:18:12.112436,1023,<... fcntl64 resumed> ) = 0
19:18:12.112749,1045,ioctl(9, 0xc0186201 <unfinished ...>
19:18:12.113219,1023,gettimeofday( <unfinished ...>
19:18:12.113539,1045,<... ioctl resumed> , 0xaca6f920) = 0
19:18:12.113844,1023,<... gettimeofday resumed> {1738783092, 113730}, NULL) = 0
19:18:12.115717,1045,ioctl(9, 0xc0186201, 0xaca6f920) = 0
19:18:12.117978,1045,getpid() = 1023
19:18:12.118499,1045,gettid() = 1045
19:18:12.119400,1045,ioctl(9, 0xc0186201, 0xaca6f920) = 0
19:18:12.121278,1045,ioctl(9, 0xc0186201, 0xaca6f920) = 0
19:18:12.122810,1045,getpid() = 1023
19:18:12.123326,1045,gettid() = 1045
19:18:12.123779,1045,ioctl(9, 0xc0186201, 0xaca6f920) = 0
19:18:12.125713,1045,ioctl(9, 0xc0186201, 0xaca6f920) = 0
19:18:12.138429,1045,getpid() = 1023
19:18:12.138892,1045,gettid() = 1045
19:18:12.139404,1045,ioctl(9, 0xc0186201, 0xaca6f920) = 0
19:18:12.141227,1045,ioctl(9, 0xc0186201, 0xaca6f920) = 0
19:18:12.142787,1045,getpid() = 1023
19:18:12.143305,1045,gettid() = 1045
19:18:12.143758,1045,ioctl(9, 0xc0186201, 0xaca6f920) = 0
19:18:12.145459,1045,ioctl(9, 0xc0186201, 0xaca6f920) = 0
19:18:12.146707,1023,mmap2(NULL, 32768, PROT_READ|PROT_WRITE, MAP_PRIVATE|MAP_ANONYMOUS, -1, 0) = 0xac860000
19:18:12.147254,1023,madvise(0xac860000, 32768, 0xc /* MADV_??? */) = -1 EINVAL (Invalid argument)
19:18:12.147762,1023,mmap2(NULL, 1048576, PROT_READ|PROT_WRITE, MAP_PRIVATE|MAP_ANONYMOUS|MAP_NORESERVE, -1, 0) = 0xac760000
19:18:12.148303,1023,madvise(0xac760000, 1048576, 0xc /* MADV_??? */) = -1 EINVAL (Invalid argument)
19:18:12.148809,1023,mprotect(0xac760000, 4096, PROT_NONE) = 0
19:18:12.149371,1023,clone(child_stack=0xac85ff00, flags=CLONE_VM|CLONE_FS|CLONE_FILES|CLONE_SIGHAND|CLONE_THREAD|CLONE_SYSVSEM|0x400000) = 1047
19:18:12.152316,1023,futex(0xb689b580, FUTEX_WAIT_PRIVATE, -358, NULL <unfinished ...>
19:18:12.152825,1047,set_tls(0xac85ff00, 0xb887e2f8, 0xac85fffc, 0x40, 0xac85ff00) = 0
19:18:12.153776,1047,prctl(PR_SET_NAME, 0xac85fe8c, 0, 0, 0) = 0
19:18:12.154357,1047,gettid() = 1047
19:18:12.154819,1047,futex(0xb689b580, FUTEX_WAKE_PRIVATE, 2147483647 <unfinished ...>
19:18:12.155163,1023,<... futex resumed> ) = 0
19:18:12.155455,1023,futex(0xb689b57c, FUTEX_WAIT_PRIVATE, 2, NULL <unfinished ...>
19:18:12.155723,1047,<... futex resumed> ) = 1
19:18:12.155995,1047,futex(0xb689b57c, FUTEX_WAKE_PRIVATE, 1 <unfinished ...>
19:18:12.156319,1023,<... futex resumed> ) = 0
19:18:12.156614,1023,futex(0xb689b57c, FUTEX_WAKE_PRIVATE, 1) = 0
19:18:12.157138,1023,futex(0xb689b580, FUTEX_WAKE_PRIVATE, 2147483647) = 0
19:18:12.157932,1023,futex(0xb875cda0, FUTEX_WAIT_PRIVATE, -158, NULL <unfinished ...>
19:18:12.158247,1047,<... futex resumed> ) = 1
19:18:12.158523,1047,futex(0xb689b580, FUTEX_WAIT_PRIVATE, -360, NULL) = -1 EAGAIN (Try again)
19:18:12.159007,1047,getpriority(PRIO_PROCESS, 1047) = 20
19:18:12.159508,1047,setpriority(PRIO_PROCESS, 1047, 0) = 0
19:18:12.160126,1047,access("/data/data/com.igamepower.appmaster/shared_prefs/GameService.xml.bak", F_OK) = -1 ENOENT (No such file or directory)
19:18:12.161234,1047,access("/data/data/com.igamepower.appmaster/shared_prefs/GameService.xml", F_OK <unfinished ...>
19:18:12.170009,1045,getpid( <unfinished ...>
19:18:12.170414,1047,<... access resumed> ) = -1 ENOENT (No such file or directory)
19:18:12.170748,1045,<... getpid resumed> ) = 1023
19:18:12.171485,1047,stat64("/data/data/com.igamepower.appmaster/shared_prefs/GameService.xml", <unfinished ...>
19:18:12.172164,1045,gettid( <unfinished ...>
19:18:12.172436,1047,<... stat64 resumed> 0xac85fa00) = -1 ENOENT (No such file or directory)
19:18:12.172697,1045,<... gettid resumed> ) = 1045
19:18:12.173056,1047,futex(0xb875cda0, FUTEX_WAKE_PRIVATE, 1 <unfinished ...>
19:18:12.173374,1045,ioctl(9, 0xc0186201 <unfinished ...>
19:18:12.173640,1047,<... futex resumed> ) = 1
19:18:12.173950,1045,<... ioctl resumed> , 0xaca6f920) = 0
19:18:12.174283,1023,<... futex resumed> ) = 0
19:18:12.174913,1047,munmap(0xac860000, 32768 <unfinished ...>
19:18:12.176535,1045,ioctl(9, 0xc0186201 <unfinished ...>
19:18:12.176998,1023,mmap2(NULL, 32768, PROT_READ|PROT_WRITE, MAP_PRIVATE|MAP_ANONYMOUS, -1, 0 <unfinished ...>
19:18:12.177374,1047,<... munmap resumed> ) = 0
19:18:12.177647,1045,<... ioctl resumed> , 0xaca6f920) = 0
19:18:12.187062,1023,<... mmap2 resumed> ) = 0xac860000
19:18:12.187365,1047,sigprocmask(SIG_SETMASK, ~[SEGV], <unfinished ...>
19:18:12.187609,1045,access("/data/data/com.igamepower.appmaster/shared_prefs/GameService.xml", F_OK <unfinished ...>
19:18:12.188342,1023,madvise(0xac860000, 32768, 0xc /* MADV_??? */ <unfinished ...>
19:18:12.188609,1047,<... sigprocmask resumed> NULL) = 0
19:18:12.188901,1045,<... access resumed> ) = -1 ENOENT (No such file or directory)
19:18:12.189231,1023,<... madvise resumed> ) = -1 EINVAL (Invalid argument)
19:18:12.189510,1047,munmap(0xac760000, 1048576 <unfinished ...>
19:18:12.190308,1045,open("/data/data/com.igamepower.appmaster/shared_prefs/GameService.xml", O_WRONLY|O_CREAT|O_TRUNC, 0600 <unfinished ...>
19:18:12.191050,1023,mmap2(NULL, 1048576, PROT_READ|PROT_WRITE, MAP_PRIVATE|MAP_ANONYMOUS|MAP_NORESERVE, -1, 0 <unfinished ...>
19:18:12.191406,1047,<... munmap resumed> ) = 0
19:18:12.191700,1045,<... open resumed> ) = -1 ENOENT (No such file or directory)
19:18:12.191990,1023,<... mmap2 resumed> ) = 0xac760000
19:18:12.192357,1047,exit(0) = ?
19:18:12.194837,1045,mkdir("/data/data/com.igamepower.appmaster/shared_prefs", 0700 <unfinished ...>
19:18:12.195477,1023,madvise(0xac760000, 1048576, 0xc /* MADV_??? */ <unfinished ...>
19:18:12.196257,1045,<... mkdir resumed> ) = 0
19:18:12.196545,1023,<... madvise resumed> ) = -1 EINVAL (Invalid argument)
19:18:12.196997,1045,chmod("/data/data/com.igamepower.appmaster/shared_prefs", 0771 <unfinished ...>
19:18:12.197589,1023,mprotect(0xac760000, 4096, PROT_NONE <unfinished ...>
19:18:12.197923,1045,<... chmod resumed> ) = 0
19:18:12.198257,1023,<... mprotect resumed> ) = 0
19:18:12.198668,1045,open("/data/data/com.igamepower.appmaster/shared_prefs/GameService.xml", O_WRONLY|O_CREAT|O_TRUNC, 0600 <unfinished ...>
19:18:12.199424,1023,clone( <unfinished ...>
19:18:12.199864,1045,<... open resumed> ) = 42
19:18:12.200669,1045,fstat64(42, <unfinished ...>
19:18:12.200954,1023,<... clone resumed> child_stack=0xac85ff00, flags=CLONE_VM|CLONE_FS|CLONE_FILES|CLONE_SIGHAND|CLONE_THREAD|CLONE_SYSVSEM|0x400000) = 1048
19:18:12.201311,1045,<... fstat64 resumed> {st_mode=S_IFREG|0600, st_size=0, ...}) = 0
19:18:12.202196,1023,futex(0xb689b580, FUTEX_WAIT_PRIVATE, -362, NULL <unfinished ...>
19:18:12.202682,1045,mprotect(0xb3de5000, 1118208, PROT_READ|PROT_WRITE) = 0
19:18:12.203291,1045,mprotect(0xb3ef6000, 40427520, PROT_NONE) = 0
19:18:12.219943,1048,set_tls(0xac85ff00, 0xb887e2f8, 0xac85fffc, 0x40, 0xac85ff00) = 0
19:18:12.220498,1048,prctl(PR_SET_NAME, 0xac85fe8c, 0, 0, 0) = 0
19:18:12.220971,1048,gettid() = 1048
19:18:12.221472,1048,futex(0xb689b580, FUTEX_WAKE_PRIVATE, 2147483647 <unfinished ...>
19:18:12.221778,1023,<... futex resumed> ) = 0
19:18:12.222076,1023,futex(0xb689b57c, FUTEX_WAIT_PRIVATE, 2, NULL <unfinished ...>
19:18:12.222345,1048,<... futex resumed> ) = 1
19:18:12.222619,1048,futex(0xb689b57c, FUTEX_WAKE_PRIVATE, 1 <unfinished ...>
19:18:12.222917,1023,<... futex resumed> ) = 0
19:18:12.223260,1023,futex(0xb689b57c, FUTEX_WAKE_PRIVATE, 1) = 0
19:18:12.223759,1023,futex(0xb689b580, FUTEX_WAKE_PRIVATE, 2147483647) = 0
19:18:12.224965,1023,getpid() = 1023
19:18:12.225512,1023,gettid() = 1023
19:18:12.226010,1023,clock_gettime(CLOCK_MONOTONIC, {110, 510973981}) = 0
19:18:12.226625,1023,ioctl(9, 0xc0186201, 0xbee6d1f0) = 0
19:18:12.227390,1023,clock_gettime(CLOCK_MONOTONIC, {110, 512317914}) = 0
19:18:12.228621,1023,writev(3, [{"\4", 1}, {"GameService\0", 12}, {"sendFirstUse\0", 13}], 3) = 26
19:18:12.229890,1023,getpid() = 1023
19:18:12.230405,1023,gettid() = 1023
19:18:12.230961,1023,clock_gettime(CLOCK_MONOTONIC, {110, 515890308}) = 0
19:18:12.231524,1023,ioctl(9, 0xc0186201, 0xbee6d1f0) = 0
19:18:12.232299,1023,clock_gettime(CLOCK_MONOTONIC, {110, 517221622}) = 0
19:18:12.233388,1023,mprotect(0xb1650000, 8192, PROT_READ|PROT_WRITE) = 0
19:18:12.259166,1023,getpid() = 1023
19:18:12.260216,1023,gettid() = 1023
19:18:12.260733,1023,clock_gettime(CLOCK_MONOTONIC, {110, 545712968}) = 0
19:18:12.261401,1023,ioctl(9, 0xc0186201, 0xbee6d1f0) = 0
19:18:12.262654,1023,ioctl(9, 0xc0186201, 0xbee6d1f0) = 0
19:18:12.264745,1023,clock_gettime(CLOCK_MONOTONIC, {110, 549699491}) = 0
19:18:12.265729,1023,getpid() = 1023
19:18:12.266299,1023,gettid() = 1023
19:18:12.266784,1023,clock_gettime(CLOCK_MONOTONIC, {110, 551705251}) = 0
19:18:12.267413,1023,ioctl(9, 0xc0186201, 0xbee6d1f0) = 0
19:18:12.268215,1023,clock_gettime(CLOCK_MONOTONIC, <unfinished ...>
19:18:12.276720,1048,<... futex resumed> ) = 1
19:18:12.277069,1023,<... clock_gettime resumed> {110, 553142749}) = 0
19:18:12.279665,1048,futex(0xb689b580, FUTEX_WAIT_PRIVATE, -364, NULL <unfinished ...>
19:18:12.280402,1023,getpid( <unfinished ...>
19:18:12.280670,1048,<... futex resumed> ) = -1 EAGAIN (Try again)
19:18:12.280947,1023,<... getpid resumed> ) = 1023
19:18:12.281293,1048,getpriority(PRIO_PROCESS, 1048 <unfinished ...>
19:18:12.281590,1023,gettid( <unfinished ...>
19:18:12.281835,1048,<... getpriority resumed> ) = 20
19:18:12.283917,1023,<... gettid resumed> ) = 1023
19:18:12.284290,1048,setpriority(PRIO_PROCESS, 1048, 0 <unfinished ...>
19:18:12.284597,1023,clock_gettime(CLOCK_MONOTONIC, <unfinished ...>
19:18:12.284856,1048,<... setpriority resumed> ) = 0
19:18:12.285168,1023,<... clock_gettime resumed> {110, 569808769}) = 0
19:18:12.285853,1048,gettimeofday({1738783092, 288285}, NULL) = 0
19:18:12.288738,1023,ioctl(9, 0xc0186201 <unfinished ...>
19:18:12.289578,1048,gettimeofday( <unfinished ...>
19:18:12.289910,1023,<... ioctl resumed> , 0xbee6d1f0) = 0
19:18:12.290274,1048,<... gettimeofday resumed> {1738783092, 290187}, NULL) = 0
19:18:12.291404,1023,ioctl(9, 0xc0186201 <unfinished ...>
19:18:12.291924,1048,gettimeofday({1738783092, 292872}, NULL) = 0
19:18:12.294705,1048,fcntl64(40, F_SETLK, {type=F_RDLCK, whence=SEEK_SET, start=1073741824, len=1} <unfinished ...>
19:18:12.295213,1023,<... ioctl resumed> , 0xbee6d1f0) = 0
19:18:12.295498,1048,<... fcntl64 resumed> ) = 0
19:18:12.295812,1023,clock_gettime(CLOCK_MONOTONIC, <unfinished ...>
19:18:12.296161,1048,fcntl64(40, F_SETLK, {type=F_RDLCK, whence=SEEK_SET, start=1073741826, len=510} <unfinished ...>
19:18:12.296546,1023,<... clock_gettime resumed> {110, 581198168}) = 0
19:18:12.296896,1048,<... fcntl64 resumed> ) = 0
19:18:12.297590,1023,getpid( <unfinished ...>
19:18:12.297873,1048,fcntl64(40, F_SETLK, {type=F_UNLCK, whence=SEEK_SET, start=1073741824, len=1}) = 0
19:18:12.325322,1045,clock_gettime(CLOCK_MONOTONIC, <unfinished ...>
19:18:12.325531,1023,<... getpid resumed> ) = 1023
19:18:12.326624,1048,access("/data/data/com.igamepower.appmaster/databases/game_service_package.db-journal", F_OK <unfinished ...>
19:18:12.328170,1045,<... clock_gettime resumed> {110, 612743147}) = 0
19:18:12.328580,1023,gettid( <unfinished ...>
19:18:12.328896,1048,<... access resumed> ) = 0
19:18:12.329261,1045,getpid( <unfinished ...>
19:18:12.329538,1023,<... gettid resumed> ) = 1023
19:18:12.329831,1048,stat64("/data/data/com.igamepower.appmaster/databases/game_service_package.db-journal", <unfinished ...>
19:18:12.330569,1045,<... getpid resumed> ) = 1023
19:18:12.331001,1023,clock_gettime(CLOCK_MONOTONIC, <unfinished ...>
19:18:12.331342,1048,<... stat64 resumed> {st_mode=S_IFREG|0600, st_size=8720, ...}) = 0
19:18:12.332273,1045,readlink("/proc/1023/fd/42", <unfinished ...>
19:18:12.332726,1023,<... clock_gettime resumed> {110, 617375833}) = 0
19:18:12.333181,1048,fcntl64(40, F_GETLK <unfinished ...>
19:18:12.333557,1045,<... readlink resumed> "/data/data/com.igamepower.appmaster/shared_prefs/GameService.xml"..., 120) = 64
19:18:12.334432,1023,ioctl(9, 0xc0186201 <unfinished ...>
19:18:12.334763,1048,<... fcntl64 resumed> , {type=F_UNLCK, whence=SEEK_SET, start=1073741825, len=1, pid=0}) = 0
19:18:12.338000,1048,fstat64(40, {st_mode=S_IFREG|0660, st_size=28672, ...}) = 0
19:18:12.339685,1023,<... ioctl resumed> , 0xbee6d1f0) = 0
19:18:12.339996,1048,stat64("/data/data/com.igamepower.appmaster/databases/game_service_package.db", <unfinished ...>
19:18:12.340748,1023,clock_gettime(CLOCK_MONOTONIC, <unfinished ...>
19:18:12.341094,1048,<... stat64 resumed> {st_mode=S_IFREG|0660, st_size=28672, ...}) = 0
19:18:12.341914,1023,<... clock_gettime resumed> {110, 626563345}) = 0
19:18:12.342650,1048,umask(0 <unfinished ...>
19:18:12.343356,1023,getpid( <unfinished ...>
19:18:12.343637,1048,<... umask resumed> ) = 077
19:18:12.343905,1023,<... getpid resumed> ) = 1023
19:18:12.344241,1048,open("/data/data/com.igamepower.appmaster/databases/game_service_package.db-journal", O_RDONLY <unfinished ...>
19:18:12.344988,1023,gettid( <unfinished ...>
19:18:12.345659,1048,<... open resumed> ) = 43
19:18:12.345899,1023,<... gettid resumed> ) = 1023
19:18:12.347095,1048,umask(077 <unfinished ...>
19:18:12.347318,1045,writev(3, [{"\5", 1}, {"dalvikvm\0", 9}, {"DroidBox: { \"FdAccess\": { \"path\""..., 188}], 3 <unfinished ...>
19:18:12.348139,1023,clock_gettime(CLOCK_MONOTONIC, <unfinished ...>
19:18:12.349124,1048,<... umask resumed> ) = 0
19:18:12.349322,1023,<... clock_gettime resumed> {110, 633412031}) = 0
19:18:12.349934,1048,fchown32(43, 10050, 10050 <unfinished ...>
19:18:12.350189,1045,<... writev resumed> ) = 198
19:18:12.350407,1023,ioctl(9, 0xc0186201 <unfinished ...>
19:18:12.359396,1048,<... fchown32 resumed> ) = 0
19:18:12.359639,1045,writev(3, [{"\5", 1}, {"DroidBox\0", 9}, {"DroidBox: { \"FileRW\": { \"operati"..., 280}], 3 <unfinished ...>
19:18:12.360312,1023,<... ioctl resumed> , 0xbee6d1f0) = 0
19:18:12.362329,1048,fcntl64(43, F_GETFD <unfinished ...>
19:18:12.362564,1023,ioctl(9, 0xc0186201 <unfinished ...>
19:18:12.364551,1048,<... fcntl64 resumed> ) = 0
19:18:12.364771,1045,<... writev resumed> ) = 290
19:18:12.364972,1023,<... ioctl resumed> , 0xbee6d1f0) = 0
19:18:12.367854,1048,fcntl64(43, F_SETFD, FD_CLOEXEC <unfinished ...>
19:18:12.368158,1045,write(42, "<?xml version='1.0' encoding='ut"..., 122 <unfinished ...>
19:18:12.368531,1023,clock_gettime(CLOCK_MONOTONIC, <unfinished ...>
19:18:12.372809,1048,<... fcntl64 resumed> ) = 0
19:18:12.373319,1045,<... write resumed> ) = 122
19:18:12.373604,1023,<... clock_gettime resumed> {110, 658257129}) = 0
19:18:12.373970,1048,pread(43, <unfinished ...>
19:18:12.374435,1045,fsync(42 <unfinished ...>
19:18:12.376313,1023,open("/proc/cpuinfo", O_RDONLY <unfinished ...>
19:18:12.376692,1048,<... pread resumed> "\0", 1, 3069335896) = 1
19:18:12.377656,1023,<... open resumed> ) = 44
19:18:12.377959,1048,close(43) = 0
19:18:12.381075,1023,fstat64(44, <unfinished ...>
19:18:12.381763,1048,fstat64(40, <unfinished ...>
19:18:12.382126,1023,<... fstat64 resumed> {st_mode=S_IFREG|0444, st_size=0, ...}) = 0
19:18:12.383091,1048,<... fstat64 resumed> {st_mode=S_IFREG|0660, st_size=28672, ...}) = 0
19:18:12.384551,1023,mprotect(0xb3de5000, 1183744, PROT_READ|PROT_WRITE <unfinished ...>
19:18:12.384872,1048,pread(40, <unfinished ...>
19:18:12.385235,1023,<... mprotect resumed> ) = 0
19:18:12.385517,1048,<... pread resumed> "\0\0\0\5\0\0\0\7\0\0\0\0\0\0\0\0", 16, 106148551000) = 16
19:18:12.385972,1023,mprotect(0xb3f06000, 40361984, PROT_NONE <unfinished ...>
19:18:12.386314,1048,fstat64(40, <unfinished ...>
19:18:12.386601,1023,<... mprotect resumed> ) = 0
19:18:12.386870,1048,<... fstat64 resumed> {st_mode=S_IFREG|0660, st_size=28672, ...}) = 0
19:18:12.387871,1023,futex(0xb875a9a8, FUTEX_WAKE_PRIVATE, 1 <unfinished ...>
19:18:12.388223,1048,access("/data/data/com.igamepower.appmaster/databases/game_service_package.db-wal", F_OK <unfinished ...>
19:18:12.388934,1023,<... futex resumed> ) = 1
19:18:12.389247,1048,<... access resumed> ) = -1 ENOENT (No such file or directory)
19:18:12.389533,1027,<... futex resumed> ) = 0
19:18:12.389876,1023,futex(0xb875a9a8, FUTEX_WAKE_PRIVATE, 1 <unfinished ...>
19:18:12.390173,1048,fstat64(40, <unfinished ...>
19:18:12.390478,1027,futex(0xb689b5f4, FUTEX_WAIT_PRIVATE, 2, NULL <unfinished ...>
19:18:12.390763,1023,<... futex resumed> ) = 0
19:18:12.391054,1048,<... fstat64 resumed> {st_mode=S_IFREG|0660, st_size=28672, ...}) = 0
19:18:12.391963,1023,futex(0xb689b5f4, FUTEX_WAKE_PRIVATE, 1 <unfinished ...>
19:18:12.392341,1048,fcntl64(40, F_SETLK, {type=F_UNLCK, whence=SEEK_SET, start=0, len=0} <unfinished ...>
19:18:12.392776,1023,<... futex resumed> ) = 1
19:18:12.393085,1048,<... fcntl64 resumed> ) = 0
19:18:12.393361,1027,<... futex resumed> ) = 0
19:18:12.393714,1023,futex(0xb875a9a8, FUTEX_WAKE_PRIVATE, 1 <unfinished ...>
19:18:12.394118,1048,gettimeofday( <unfinished ...>
19:18:12.394436,1027,futex(0xb689b5f4, FUTEX_WAIT_PRIVATE, 2, NULL <unfinished ...>
19:18:12.394721,1023,<... futex resumed> ) = 0
19:18:12.395001,1048,<... gettimeofday resumed> {1738783092, 394911}, NULL) = 0
19:18:12.395428,1023,futex(0xb689b5f4, FUTEX_WAKE_PRIVATE, 1 <unfinished ...>
19:18:12.395858,1048,futex(0xb875a9a8, FUTEX_WAKE_PRIVATE, 1 <unfinished ...>
19:18:12.396199,1023,<... futex resumed> ) = 1
19:18:12.396469,1048,<... futex resumed> ) = 0
19:18:12.396750,1027,<... futex resumed> ) = 0
19:18:12.397194,1023,ioctl(44, FIONREAD <unfinished ...>
19:18:12.397510,1048,futex(0xb875a9a8, FUTEX_WAKE_PRIVATE, 1 <unfinished ...>
19:18:12.397820,1027,futex(0xb689b5f4, FUTEX_WAIT_PRIVATE, 2, NULL <unfinished ...>
19:18:12.398145,1023,<... ioctl resumed> , [0]) = 0
19:18:12.398506,1048,<... futex resumed> ) = 0
19:18:12.398976,1023,read(44, <unfinished ...>
19:18:12.399278,1048,futex(0xb689b5f4, FUTEX_WAKE_PRIVATE, 1 <unfinished ...>
19:18:12.399662,1023,<... read resumed> "Processor\t: ARMv7 Processor rev "..., 8192) = 277
19:18:12.400210,1048,<... futex resumed> ) = 1
19:18:12.400553,1023,fgetxattr(44, "user.taint" <unfinished ...>
19:18:12.400927,1027,<... futex resumed> ) = 0
19:18:12.401266,1048,writev(3, [{"\4", 1}, {"GameService\0", 12}, {"create db in run\0", 17}], 3 <unfinished ...>
19:18:12.401979,1023,<... fgetxattr resumed> , 0xbee6d484, 4) = -1 EOPNOTSUPP (Operation not supported on transport endpoint)
19:18:12.402351,1027,clock_gettime(CLOCK_MONOTONIC, <unfinished ...>
19:18:12.403405,1023,futex(0xb689b5f4, FUTEX_WAIT_PRIVATE, 2, NULL <unfinished ...>
19:18:12.416804,1048,<... writev resumed> ) = 30
19:18:12.417039,1045,<... fsync resumed> ) = 0
19:18:12.417250,1027,<... clock_gettime resumed> {110, 688963745}) = 0
19:18:12.417722,1048,futex(0xb689b5f4, FUTEX_WAIT_PRIVATE, 2, NULL <unfinished ...>
19:18:12.418179,1045,fstat64(42, <unfinished ...>
19:18:12.418619,1027,madvise(0xb2404000, 3332373, MADV_NORMAL <unfinished ...>
19:18:12.419038,1045,<... fstat64 resumed> {st_mode=S_IFREG|0600, st_size=122, ...}) = 0
19:18:12.420394,1027,<... madvise resumed> ) = 0
19:18:12.420712,1045,futex(0xb689b58c, FUTEX_WAIT_PRIVATE, -442, NULL <unfinished ...>
19:18:12.436821,1027,futex(0xb689b5f4, FUTEX_WAKE_PRIVATE, 1 <unfinished ...>
19:18:12.437280,1023,<... futex resumed> ) = 0
19:18:12.437599,1023,futex(0xb689b58c, FUTEX_WAIT_PRIVATE, -442, NULL <unfinished ...>
19:18:12.437901,1027,<... futex resumed> ) = 1
19:18:12.438257,1027,futex(0xb689b58c, FUTEX_WAKE_PRIVATE, 2147483647 <unfinished ...>
19:18:12.438562,1045,<... futex resumed> ) = 0
19:18:12.438842,1023,<... futex resumed> ) = 0
19:18:12.439184,1045,futex(0xb689b588, FUTEX_WAIT_PRIVATE, 2, NULL <unfinished ...>
19:18:12.439499,1023,futex(0xb689b588, FUTEX_WAIT_PRIVATE, 2, NULL <unfinished ...>
19:18:12.439812,1027,<... futex resumed> ) = 2
19:18:12.440167,1027,futex(0xb689b588, FUTEX_WAKE_PRIVATE, 1 <unfinished ...>
19:18:12.440449,1045,<... futex resumed> ) = 0
19:18:12.440737,1045,futex(0xb689b588, FUTEX_WAKE_PRIVATE, 1) = 1
19:18:12.441265,1023,<... futex resumed> ) = 0
19:18:12.441574,1045,futex(0xb689b5f4, FUTEX_WAIT_PRIVATE, 2, NULL <unfinished ...>
19:18:12.441903,1023,futex(0xb689b588, FUTEX_WAKE_PRIVATE, 1) = 0
19:18:12.442470,1023,futex(0xb689b5f4, FUTEX_WAKE_PRIVATE, 1) = 1
19:18:12.442937,1048,<... futex resumed> ) = 0
19:18:12.444210,1023,clock_gettime(CLOCK_MONOTONIC, <unfinished ...>
19:18:12.444512,1048,futex(0xb689b5f4, FUTEX_WAKE_PRIVATE, 1 <unfinished ...>
19:18:12.444799,1023,<... clock_gettime resumed> {110, 729445287}) = 0
19:18:12.445183,1048,<... futex resumed> ) = 1
19:18:12.445501,1023,getpid( <unfinished ...>
19:18:12.445757,1045,<... futex resumed> ) = 0
19:18:12.446237,1048,gettimeofday( <unfinished ...>
19:18:12.446514,1023,<... getpid resumed> ) = 1023
19:18:12.446812,1045,futex(0xb689b5f4, FUTEX_WAKE_PRIVATE, 1 <unfinished ...>
19:18:12.447081,1048,<... gettimeofday resumed> {1738783092, 446986}, NULL) = 0
19:18:12.447497,1023,readlink("/proc/1023/fd/44", <unfinished ...>
19:18:12.447869,1045,<... futex resumed> ) = 0
19:18:12.448557,1048,gettimeofday( <unfinished ...>
19:18:12.449007,1023,<... readlink resumed> "/proc/cpuinfo"..., 120) = 13
19:18:12.449499,1045,close(42 <unfinished ...>
19:18:12.449774,1048,<... gettimeofday resumed> {1738783092, 449678}, NULL) = 0
19:18:12.450244,1023,writev(3, [{"\5", 1}, {"dalvikvm\0", 9}, {"DroidBox: { \"FdAccess\": { \"path\""..., 87}], 3 <unfinished ...>
19:18:12.457430,1048,gettimeofday( <unfinished ...>
19:18:12.457610,1045,<... close resumed> ) = 0
19:18:12.457804,1027,<... futex resumed> ) = 1
19:18:12.458298,1048,<... gettimeofday resumed> {1738783092, 458204}, NULL) = 0
19:18:12.458763,1045,chmod("/data/data/com.igamepower.appmaster/shared_prefs/GameService.xml", 0660 <unfinished ...>
19:18:12.459566,1027,clock_gettime(CLOCK_MONOTONIC, <unfinished ...>
19:18:12.459840,1023,<... writev resumed> ) = 97
19:18:12.460479,1048,fcntl64(40, F_SETLK, {type=F_RDLCK, whence=SEEK_SET, start=1073741824, len=1} <unfinished ...>
19:18:12.461003,1045,<... chmod resumed> ) = 0
19:18:12.461312,1027,<... clock_gettime resumed> {110, 745970030}) = 0
19:18:12.463750,1023,writev(3, [{"\5", 1}, {"DroidBox\0", 9}, {"DroidBox: { \"FileRW\": { \"operati"..., 280}], 3 <unfinished ...>
19:18:12.484665,1048,<... fcntl64 resumed> ) = 0
19:18:12.484887,1045,stat64("/data/data/com.igamepower.appmaster/shared_prefs/GameService.xml", <unfinished ...>
19:18:12.485694,1048,fcntl64(40, F_SETLK, {type=F_RDLCK, whence=SEEK_SET, start=1073741826, len=510} <unfinished ...>
19:18:12.486158,1045,<... stat64 resumed> {st_mode=S_IFREG|0660, st_size=122, ...}) = 0
19:18:12.486943,1023,<... writev resumed> ) = 290
19:18:12.495740,1048,<... fcntl64 resumed> ) = 0
19:18:12.495958,1045,lstat64("/data/data/com.igamepower.appmaster/shared_prefs/GameService.xml.bak", <unfinished ...>
19:18:12.497047,1023,ioctl(44, FIONREAD <unfinished ...>
19:18:12.497403,1048,fcntl64(40, F_SETLK, {type=F_UNLCK, whence=SEEK_SET, start=1073741824, len=1} <unfinished ...>
19:18:12.497925,1045,<... lstat64 resumed> 0xaca6fa00) = -1 ENOENT (No such file or directory)
19:18:12.498263,1023,<... ioctl resumed> , [-277]) = 0
19:18:12.498577,1048,<... fcntl64 resumed> ) = 0
19:18:12.499217,1045,clock_gettime(CLOCK_MONOTONIC, <unfinished ...>
19:18:12.500763,1023,fstat64(44, <unfinished ...>
19:18:12.501113,1048,access("/data/data/com.igamepower.appmaster/databases/game_service_package.db-journal", F_OK <unfinished ...>
19:18:12.501810,1045,<... clock_gettime resumed> {110, 786476647}) = 0
19:18:12.502215,1023,<... fstat64 resumed> {st_mode=S_IFREG|0444, st_size=0, ...}) = 0
19:18:12.503489,1048,<... access resumed> ) = 0
19:18:12.503781,1045,clock_gettime(CLOCK_MONOTONIC, <unfinished ...>
19:18:12.504226,1023,close(44 <unfinished ...>
19:18:12.504503,1048,stat64("/data/data/com.igamepower.appmaster/databases/game_service_package.db-journal", <unfinished ...>
19:18:12.505215,1045,<... clock_gettime resumed> {110, 789882777}) = 0
19:18:12.505590,1023,<... close resumed> ) = 0
19:18:12.505876,1048,<... stat64 resumed> {st_mode=S_IFREG|0600, st_size=8720, ...}) = 0
19:18:12.517666,1045,futex(0xb8862e28, FUTEX_WAIT_PRIVATE, 0, {599, 996593870} <unfinished ...>
19:18:12.518009,1023,writev(3, [{"\4", 1}, {"GameService\0", 12}, {"ready to send\0", 14}], 3 <unfinished ...>
19:18:12.519216,1048,fcntl64(40, F_GETLK, {type=F_UNLCK, whence=SEEK_SET, start=1073741825, len=1, pid=0}) = 0
19:18:12.520057,1023,<... writev resumed> ) = 27
19:18:12.520361,1048,fstat64(40, <unfinished ...>
19:18:12.520767,1023,getuid32( <unfinished ...>
19:18:12.521061,1048,<... fstat64 resumed> {st_mode=S_IFREG|0660, st_size=28672, ...}) = 0
19:18:12.521890,1023,<... getuid32 resumed> ) = 10050
19:18:12.522243,1048,stat64("/data/data/com.igamepower.appmaster/databases/game_service_package.db", <unfinished ...>
19:18:12.523246,1023,getpid( <unfinished ...>
19:18:12.523555,1048,<... stat64 resumed> {st_mode=S_IFREG|0660, st_size=28672, ...}) = 0
19:18:12.524423,1023,<... getpid resumed> ) = 1023
19:18:12.524726,1048,umask(0 <unfinished ...>
19:18:12.525063,1023,gettid( <unfinished ...>
19:18:12.525339,1048,<... umask resumed> ) = 077
19:18:12.525626,1023,<... gettid resumed> ) = 1023
19:18:12.525923,1048,open("/data/data/com.igamepower.appmaster/databases/game_service_package.db-journal", O_RDONLY <unfinished ...>
19:18:12.526711,1023,clock_gettime(CLOCK_MONOTONIC, <unfinished ...>
19:18:12.527136,1048,<... open resumed> ) = 42
19:18:12.527422,1023,<... clock_gettime resumed> {110, 812072900}) = 0
19:18:12.527782,1048,umask(077 <unfinished ...>
19:18:12.528165,1023,ioctl(9, 0xc0186201 <unfinished ...>
19:18:12.528429,1048,<... umask resumed> ) = 0
19:18:12.528767,1023,<... ioctl resumed> , 0xbee6d1f0) = 0
19:18:12.529065,1048,fchown32(42, 10050, 10050 <unfinished ...>
19:18:12.532470,1023,ioctl(9, 0xc0186201 <unfinished ...>
19:18:12.532819,1048,<... fchown32 resumed> ) = 0
19:18:12.533136,1023,<... ioctl resumed> , 0xbee6d1f0) = 0
19:18:12.533436,1048,fcntl64(42, F_GETFD <unfinished ...>
19:18:12.533767,1023,clock_gettime(CLOCK_MONOTONIC, <unfinished ...>
19:18:12.534042,1048,<... fcntl64 resumed> ) = 0
19:18:12.534357,1023,<... clock_gettime resumed> {110, 819005425}) = 0
19:18:12.534749,1048,fcntl64(42, F_SETFD, FD_CLOEXEC <unfinished ...>
19:18:12.540338,1023,gettimeofday( <unfinished ...>
19:18:12.540625,1048,<... fcntl64 resumed> ) = 0
19:18:12.540907,1023,<... gettimeofday resumed> {1738783092, 540800}, NULL) = 0
19:18:12.541313,1048,pread(42, <unfinished ...>
19:18:12.542062,1023,gettimeofday( <unfinished ...>
19:18:12.542346,1048,<... pread resumed> "\0", 1, 3069335896) = 1
19:18:12.542679,1023,<... gettimeofday resumed> {1738783092, 542573}, NULL) = 0
19:18:12.543092,1048,close(42 <unfinished ...>
19:18:12.544960,1023,writev(3, [{"\4", 1}, {"GameService\0", 12}, {"prepare post\0", 13}], 3 <unfinished ...>
19:18:12.545628,1048,<... close resumed> ) = 0
19:18:12.570435,1048,fstat64(40, <unfinished ...>
19:18:12.570772,1027,clock_gettime(CLOCK_MONOTONIC, <unfinished ...>
19:18:12.570962,1023,<... writev resumed> ) = 26
19:18:12.575561,1048,<... fstat64 resumed> {st_mode=S_IFREG|0660, st_size=28672, ...}) = 0
19:18:12.576588,1027,<... clock_gettime resumed> {110, 861241462}) = 0
19:18:12.577125,1023,writev(3, [{"\4", 1}, {"GameService\0", 12}, {"already post\0", 13}], 3 <unfinished ...>
19:18:12.595094,1048,pread(40, <unfinished ...>
19:18:12.599412,1027,futex(0xb689b58c, FUTEX_WAKE_PRIVATE, 2147483647 <unfinished ...>
19:18:12.600412,1048,<... pread resumed> "\0\0\0\5\0\0\0\7\0\0\0\0\0\0\0\0", 16, 106148551000) = 16
19:18:12.600831,1027,<... futex resumed> ) = 0
19:18:12.601177,1023,<... writev resumed> ) = 26
19:18:12.605941,1048,fstat64(40, <unfinished ...>
19:18:12.606292,1027,clock_gettime(CLOCK_MONOTONIC, <unfinished ...>
19:18:12.606644,1023,futex(0xb8892570, FUTEX_WAKE_PRIVATE, 1 <unfinished ...>
19:18:12.616666,1048,<... fstat64 resumed> {st_mode=S_IFREG|0660, st_size=28672, ...}) = 0
19:18:12.617462,1027,<... clock_gettime resumed> {110, 902117551}) = 0
19:18:12.629544,1048,access("/data/data/com.igamepower.appmaster/databases/game_service_package.db-wal", F_OK <unfinished ...>
19:18:12.634100,1027,madvise(0xb3404000, 786432, MADV_DONTNEED <unfinished ...>
19:18:12.634419,1023,<... futex resumed> ) = 1
19:18:12.635703,1048,<... access resumed> ) = -1 ENOENT (No such file or directory)
19:18:12.636159,1027,<... madvise resumed> ) = 0
19:18:12.636464,1046,<... futex resumed> ) = 0
19:18:12.637343,1023,gettimeofday( <unfinished ...>
19:18:12.638042,1048,fstat64(40, <unfinished ...>
19:18:12.638366,1027,madvise(0xb2404000, 16777216, MADV_DONTNEED <unfinished ...>
19:18:12.639427,1046,writev(3, [{"\4", 1}, {"GameService\0", 12}, {"Post to: http://client.mustmobil"..., 58}], 3 <unfinished ...>
19:18:12.640195,1023,<... gettimeofday resumed> {1738783092, 640081}, NULL) = 0
19:18:12.640548,1048,<... fstat64 resumed> {st_mode=S_IFREG|0660, st_size=28672, ...}) = 0
19:18:12.641463,1027,<... madvise resumed> ) = 0
19:18:12.644471,1023,access("/data/data/com.igamepower.appmaster/shared_prefs/GameService.xml", F_OK <unfinished ...>
19:18:12.645252,1048,fcntl64(40, F_SETLK, {type=F_UNLCK, whence=SEEK_SET, start=0, len=0} <unfinished ...>
19:18:12.645670,1027,futex(0xb689b5f8, FUTEX_WAKE_PRIVATE, 2147483647 <unfinished ...>
19:18:12.645967,1046,<... writev resumed> ) = 71
19:18:12.646325,1023,<... access resumed> ) = 0
19:18:12.646602,1048,<... fcntl64 resumed> ) = 0
19:18:12.646873,1027,<... futex resumed> ) = 0
19:18:12.647198,1046,futex(0xb689b5f4, FUTEX_WAIT_PRIVATE, 2, NULL <unfinished ...>
19:18:12.647547,1023,access("/data/data/com.igamepower.appmaster/shared_prefs/GameService.xml.bak", F_OK <unfinished ...>
19:18:12.650240,1027,futex(0xb8859788, FUTEX_WAKE_PRIVATE, 1 <unfinished ...>
19:18:12.650625,1023,<... access resumed> ) = -1 ENOENT (No such file or directory)
19:18:12.650982,1027,<... futex resumed> ) = 1
19:18:12.651336,1023,futex(0xb689b5f4, FUTEX_WAIT_PRIVATE, 2, NULL <unfinished ...>
19:18:12.651612,1030,<... futex resumed> ) = 0
19:18:12.651984,1027,clock_gettime(CLOCK_MONOTONIC, <unfinished ...>
19:18:12.653969,1030,futex(0xb8874260, FUTEX_WAKE_PRIVATE, 1 <unfinished ...>
19:18:12.654359,1027,<... clock_gettime resumed> {110, 938989275}) = 0
19:18:12.654711,1030,<... futex resumed> ) = 1
19:18:12.655110,1027,writev(3, [{"\3", 1}, {"dalvikvm\0", 9}, {"GC_CONCURRENT freed 264K, 4% fre"..., 77}], 3 <unfinished ...>
19:18:12.655759,1031,<... futex resumed> ) = 0
19:18:12.656251,1030,futex(0xb8859788, FUTEX_WAIT_PRIVATE, -6, NULL <unfinished ...>
19:18:12.656697,1031,clock_gettime(CLOCK_MONOTONIC, <unfinished ...>
19:18:12.656984,1027,<... writev resumed> ) = 87
19:18:12.674703,1031,<... clock_gettime resumed> {110, 942599290}) = 0
19:18:12.679219,1031,clock_gettime(CLOCK_MONOTONIC, <unfinished ...>
19:18:12.679450,1027,futex(0xb689b5f4, FUTEX_WAKE_PRIVATE, 1 <unfinished ...>
19:18:12.680404,1046,<... futex resumed> ) = 0
19:18:12.680656,1031,<... clock_gettime resumed> {110, 964391211}) = 0
19:18:12.680955,1027,<... futex resumed> ) = 1
19:18:12.681312,1046,futex(0xb689b5f4, FUTEX_WAKE_PRIVATE, 1 <unfinished ...>
19:18:12.681660,1031,clock_gettime(CLOCK_MONOTONIC, <unfinished ...>
19:18:12.681979,1027,clock_gettime(CLOCK_MONOTONIC, <unfinished ...>
19:18:12.682328,1046,<... futex resumed> ) = 1
19:18:12.682596,1031,<... clock_gettime resumed> {110, 967258254}) = 0
19:18:12.682934,1027,<... clock_gettime resumed> {110, 967592994}) = 0
19:18:12.683437,1023,<... futex resumed> ) = 0
19:18:12.684669,1046,writev(3, [{"\4", 1}, {"GameService\0", 12}, {"parameter: [uid=357242043237511,"..., 320}], 3 <unfinished ...>
19:18:12.685923,1031,clock_gettime(CLOCK_MONOTONIC, <unfinished ...>
19:18:12.686227,1027,clock_gettime(CLOCK_MONOTONIC, <unfinished ...>
19:18:12.686428,1023,futex(0xb689b5f4, FUTEX_WAKE_PRIVATE, 1 <unfinished ...>
19:18:12.694931,1046,<... writev resumed> ) = 333
19:18:12.695215,1031,<... clock_gettime resumed> {110, 971450702}) = 0
19:18:12.695473,1027,<... clock_gettime resumed> {110, 971478482}) = 0
19:18:12.695722,1023,<... futex resumed> ) = 0
19:18:12.699220,1031,clock_gettime(CLOCK_MONOTONIC, <unfinished ...>
19:18:12.699534,1027,futex(0xb875a9a8, FUTEX_WAIT_PRIVATE, -14, {4, 996114512} <unfinished ...>
19:18:12.700283,1023,rename("/data/data/com.igamepower.appmaster/shared_prefs/GameService.xml", "/data/data/com.igamepower.appmaster/shared_prefs/GameService.xml.bak" <unfinished ...>
19:18:12.701294,1031,<... clock_gettime resumed> {110, 985948611}) = 0
19:18:12.701894,1023,<... rename resumed> ) = 0
19:18:12.702264,1031,clock_gettime(CLOCK_MONOTONIC, <unfinished ...>
19:18:12.702857,1023,open("/data/data/com.igamepower.appmaster/shared_prefs/GameService.xml", O_WRONLY|O_CREAT|O_TRUNC, 0600 <unfinished ...>
19:18:12.703616,1031,<... clock_gettime resumed> {110, 988237483}) = 0
19:18:12.704253,1023,<... open resumed> ) = 42
19:18:12.704588,1031,clock_gettime(CLOCK_MONOTONIC, <unfinished ...>
19:18:12.705078,1023,fstat64(42, <unfinished ...>
19:18:12.705348,1031,<... clock_gettime resumed> {110, 990006141}) = 0
19:18:12.705699,1023,<... fstat64 resumed> {st_mode=S_IFREG|0600, st_size=0, ...}) = 0
19:18:12.706599,1031,clock_gettime(CLOCK_MONOTONIC, <unfinished ...>
19:18:12.709930,1023,clock_gettime(CLOCK_MONOTONIC, <unfinished ...>
19:18:12.710253,1031,<... clock_gettime resumed> {110, 994905306}) = 0
19:18:12.716648,1023,<... clock_gettime resumed> {110, 995210337}) = 0
19:18:12.717123,1031,clock_gettime(CLOCK_MONOTONIC, <unfinished ...>
19:18:12.717497,1023,getpid( <unfinished ...>
19:18:12.717763,1031,<... clock_gettime resumed> {111, 2420863}) = 0
19:18:12.718165,1023,<... getpid resumed> ) = 1023
19:18:12.718486,1031,clock_gettime(CLOCK_MONOTONIC, <unfinished ...>
19:18:12.718826,1023,readlink("/proc/1023/fd/42", <unfinished ...>
19:18:12.719283,1031,<... clock_gettime resumed> {111, 3936913}) = 0
19:18:12.719731,1023,<... readlink resumed> "/data/data/com.igamepower.appmaster/shared_prefs/GameService.xml"..., 120) = 64
19:18:12.720423,1031,clock_gettime(CLOCK_MONOTONIC, <unfinished ...>
19:18:12.720844,1023,writev(3, [{"\5", 1}, {"dalvikvm\0", 9}, {"DroidBox: { \"FdAccess\": { \"path\""..., 188}], 3 <unfinished ...>
19:18:12.721573,1031,<... clock_gettime resumed> {111, 6225810}) = 0
19:18:12.722133,1031,clock_gettime(CLOCK_MONOTONIC, <unfinished ...>
19:18:12.722429,1023,<... writev resumed> ) = 198
19:18:12.722719,1031,<... clock_gettime resumed> {111, 7374165}) = 0
19:18:12.725086,1023,writev(3, [{"\5", 1}, {"DroidBox\0", 9}, {"DroidBox: { \"DataLeak\": { \"sink\""..., 315}], 3 <unfinished ...>
19:18:12.725859,1031,clock_gettime(CLOCK_MONOTONIC, {111, 12147247}) = 0
19:18:12.727991,1023,<... writev resumed> ) = 325
19:18:12.728413,1031,clock_gettime(CLOCK_MONOTONIC, <unfinished ...>
19:18:12.728769,1023,fgetxattr(42, "user.taint" <unfinished ...>
19:18:12.729176,1031,<... clock_gettime resumed> {111, 13833724}) = 0
19:18:12.729537,1023,<... fgetxattr resumed> , 0xbee6d44c, 4) = -1 ENODATA (No data available)
19:18:12.729866,1031,clock_gettime(CLOCK_MONOTONIC, <unfinished ...>
19:18:12.730221,1023,writev(3, [{"\4", 1}, {"dalvikvm\0", 9}, {"TaintLog: addTaintFile(42): addi"..., 73}], 3 <unfinished ...>
19:18:12.730875,1031,<... clock_gettime resumed> {111, 15532594}) = 0
19:18:12.731749,1031,clock_gettime(CLOCK_MONOTONIC, <unfinished ...>
19:18:12.732036,1023,<... writev resumed> ) = 83
19:18:12.732306,1031,<... clock_gettime resumed> {111, 16967582}) = 0
19:18:12.732697,1023,fsetxattr(42, "user.taint", "\x08\x1c\x00\x00", 4, 0 <unfinished ...>
19:18:12.733425,1031,clock_gettime(CLOCK_MONOTONIC, <unfinished ...>
19:18:12.734739,1023,<... fsetxattr resumed> ) = 0
19:18:12.735029,1031,<... clock_gettime resumed> {111, 19677942}) = 0
19:18:12.735474,1023,write(42, "<?xml version='1.0' encoding='ut"..., 785 <unfinished ...>
19:18:12.735969,1031,clock_gettime(CLOCK_MONOTONIC, <unfinished ...>
19:18:12.736436,1023,<... write resumed> ) = 785
19:18:12.736718,1031,<... clock_gettime resumed> {111, 21377073}) = 0
19:18:12.739307,1031,clock_gettime(CLOCK_MONOTONIC, {111, 25269124}) = 0
19:18:12.741060,1031,clock_gettime(CLOCK_MONOTONIC, {111, 26196226}) = 0
19:18:12.742064,1031,clock_gettime(CLOCK_MONOTONIC, {111, 27117132}) = 0
19:18:12.743110,1031,clock_gettime(CLOCK_MONOTONIC, {111, 28040838}) = 0
19:18:12.743739,1031,clock_gettime(CLOCK_MONOTONIC, {111, 28671850}) = 0
19:18:12.744388,1031,clock_gettime(CLOCK_MONOTONIC, {111, 29320985}) = 0
19:18:12.745007,1031,clock_gettime(CLOCK_MONOTONIC, {111, 29983881}) = 0
19:18:12.745698,1031,gettid() = 1031
19:18:12.746242,1031,getpid() = 1023
19:18:12.746741,1031,getuid32() = 10050
19:18:12.747341,1031,ioctl(9, 0xc0186201, 0xad2e8a58) = 0
19:18:12.747973,1031,clock_gettime(CLOCK_MONOTONIC, {111, 32911423}) = 0
19:18:12.748591,1031,clock_gettime(CLOCK_MONOTONIC, {111, 33524250}) = 0
19:18:12.749205,1031,clock_gettime(CLOCK_MONOTONIC, {111, 34138386}) = 0
19:18:12.749829,1031,clock_gettime(CLOCK_MONOTONIC, {111, 34762346}) = 0
19:18:12.750445,1031,clock_gettime(CLOCK_MONOTONIC, {111, 35378685}) = 0
19:18:12.751099,1031,clock_gettime(CLOCK_MONOTONIC, {111, 36036111}) = 0
19:18:12.751721,1031,futex(0xb8874260, FUTEX_WAIT_PRIVATE, -6, NULL <unfinished ...>
19:18:12.766568,1048,gettimeofday({1738783092, 766780}, NULL) = 0
19:18:12.767489,1048,gettimeofday({1738783092, 767663}, NULL) = 0
19:18:12.768384,1048,gettimeofday({1738783092, 768556}, NULL) = 0
19:18:12.769171,1048,gettimeofday({1738783092, 769343}, NULL) = 0
19:18:12.770001,1048,fcntl64(40, F_SETLK, {type=F_RDLCK, whence=SEEK_SET, start=1073741824, len=1}) = 0
19:18:12.770634,1048,fcntl64(40, F_SETLK, {type=F_RDLCK, whence=SEEK_SET, start=1073741826, len=510}) = 0
19:18:12.771271,1048,fcntl64(40, F_SETLK, {type=F_UNLCK, whence=SEEK_SET, start=1073741824, len=1}) = 0
19:18:12.771898,1048,access("/data/data/com.igamepower.appmaster/databases/game_service_package.db-journal", F_OK) = 0
19:18:12.772861,1048,stat64("/data/data/com.igamepower.appmaster/databases/game_service_package.db-journal", {st_mode=S_IFREG|0600, st_size=8720, ...}) = 0
19:18:12.774366,1048,fcntl64(40, F_GETLK, {type=F_UNLCK, whence=SEEK_SET, start=1073741825, len=1, pid=0}) = 0
19:18:12.775013,1048,fstat64(40, {st_mode=S_IFREG|0660, st_size=28672, ...}) = 0
19:18:12.776121,1048,stat64("/data/data/com.igamepower.appmaster/databases/game_service_package.db", {st_mode=S_IFREG|0660, st_size=28672, ...}) = 0
19:18:12.777562,1048,umask(0) = 077
19:18:12.778034,1048,open("/data/data/com.igamepower.appmaster/databases/game_service_package.db-journal", O_RDONLY) = 43
19:18:12.778977,1048,umask(077) = 0
19:18:12.779447,1048,fchown32(43, 10050, 10050) = 0
19:18:12.779990,1048,fcntl64(43, F_GETFD) = 0
19:18:12.780496,1048,fcntl64(43, F_SETFD, FD_CLOEXEC <unfinished ...>
19:18:12.792674,1046,gettimeofday( <unfinished ...>
19:18:12.793018,1023,fsync(42 <unfinished ...>
19:18:12.793320,1048,<... fcntl64 resumed> ) = 0
19:18:12.793594,1046,<... gettimeofday resumed> {1738783092, 793499}, NULL) = 0
19:18:12.794539,1048,pread(43, "\0", 1, 3069335896) = 1
19:18:12.796957,1023,<... fsync resumed> ) = 0
19:18:12.797317,1048,close(43 <unfinished ...>
19:18:12.797684,1023,fstat64(42, <unfinished ...>
19:18:12.797963,1048,<... close resumed> ) = 0
19:18:12.798312,1023,<... fstat64 resumed> {st_mode=S_IFREG|0600, st_size=785, ...}) = 0
19:18:12.799221,1048,fstat64(40, <unfinished ...>
19:18:12.799629,1023,close(42 <unfinished ...>
19:18:12.799937,1048,<... fstat64 resumed> {st_mode=S_IFREG|0660, st_size=28672, ...}) = 0
19:18:12.801239,1023,<... close resumed> ) = 0
19:18:12.801540,1048,pread(40, <unfinished ...>
19:18:12.801941,1023,chmod("/data/data/com.igamepower.appmaster/shared_prefs/GameService.xml", 0660 <unfinished ...>
19:18:12.802809,1048,<... pread resumed> "\0\0\0\5\0\0\0\7\0\0\0\0\0\0\0\0", 16, 106148551000) = 16
19:18:12.803433,1023,<... chmod resumed> ) = 0
19:18:12.803719,1048,fstat64(40, <unfinished ...>
19:18:12.804143,1023,stat64("/data/data/com.igamepower.appmaster/shared_prefs/GameService.xml", <unfinished ...>
19:18:12.804725,1048,<... fstat64 resumed> {st_mode=S_IFREG|0660, st_size=28672, ...}) = 0
19:18:12.805640,1023,<... stat64 resumed> {st_mode=S_IFREG|0660, st_size=785, ...}) = 0
19:18:12.816736,1048,access("/data/data/com.igamepower.appmaster/databases/game_service_package.db-wal", F_OK <unfinished ...>
19:18:12.818214,1023,lstat64("/data/data/com.igamepower.appmaster/shared_prefs/GameService.xml.bak", <unfinished ...>
19:18:12.818873,1048,<... access resumed> ) = -1 ENOENT (No such file or directory)
19:18:12.819387,1023,<... lstat64 resumed> {st_mode=S_IFREG|0660, st_size=122, ...}) = 0
19:18:12.820273,1048,fstat64(40, <unfinished ...>
19:18:12.820571,1023,unlink("/data/data/com.igamepower.appmaster/shared_prefs/GameService.xml.bak" <unfinished ...>
19:18:12.821278,1048,<... fstat64 resumed> {st_mode=S_IFREG|0660, st_size=28672, ...}) = 0
19:18:12.822552,1023,<... unlink resumed> ) = 0
19:18:12.822961,1048,fcntl64(40, F_SETLK, {type=F_UNLCK, whence=SEEK_SET, start=0, len=0} <unfinished ...>
19:18:12.823652,1023,mmap2(NULL, 32768, PROT_READ|PROT_WRITE, MAP_PRIVATE|MAP_ANONYMOUS, -1, 0 <unfinished ...>
19:18:12.823989,1048,<... fcntl64 resumed> ) = 0
19:18:12.824344,1023,<... mmap2 resumed> ) = 0xac758000
19:18:12.824752,1048,gettimeofday( <unfinished ...>
19:18:12.825084,1023,madvise(0xac758000, 32768, 0xc /* MADV_??? */ <unfinished ...>
19:18:12.825382,1048,<... gettimeofday resumed> {1738783092, 825294}, NULL) = 0
19:18:12.825829,1023,<... madvise resumed> ) = -1 EINVAL (Invalid argument)
19:18:12.826549,1048,mprotect(0xb1651000, 8192, PROT_READ|PROT_WRITE <unfinished ...>
19:18:12.826905,1023,mmap2(NULL, 1048576, PROT_READ|PROT_WRITE, MAP_PRIVATE|MAP_ANONYMOUS|MAP_NORESERVE, -1, 0 <unfinished ...>
19:18:12.827285,1048,<... mprotect resumed> ) = 0
19:18:12.827570,1023,<... mmap2 resumed> ) = 0xac658000
19:18:12.828556,1048,stat64("/data/data/com.igamepower.appmaster/databases", <unfinished ...>
19:18:12.829163,1023,madvise(0xac658000, 1048576, 0xc /* MADV_??? */ <unfinished ...>
19:18:12.829471,1048,<... stat64 resumed> {st_mode=S_IFDIR|0771, st_size=4096, ...}) = 0
19:18:12.830341,1023,<... madvise resumed> ) = -1 EINVAL (Invalid argument)
19:18:12.831049,1048,stat64("/data/data/com.igamepower.appmaster/databases/game_service_folderdb.db", <unfinished ...>
19:18:12.831707,1023,mprotect(0xac658000, 4096, PROT_NONE <unfinished ...>
19:18:12.832057,1048,<... stat64 resumed> 0xac85f498) = -1 ENOENT (No such file or directory)
19:18:12.832380,1023,<... mprotect resumed> ) = 0
19:18:12.832668,1048,open("/data/data/com.igamepower.appmaster/databases/game_service_folderdb.db", O_RDWR|O_CREAT, 0600 <unfinished ...>
19:18:12.833415,1023,clone( <unfinished ...>
19:18:12.833845,1048,<... open resumed> ) = 42
19:18:12.836225,1048,fcntl64(42, F_GETFD <unfinished ...>
19:18:12.836543,1023,<... clone resumed> child_stack=0xac757f00, flags=CLONE_VM|CLONE_FS|CLONE_FILES|CLONE_SIGHAND|CLONE_THREAD|CLONE_SYSVSEM|0x400000) = 1049
19:18:12.836845,1048,<... fcntl64 resumed> ) = 0
19:18:12.837285,1023,futex(0xb689b580, FUTEX_WAIT_PRIVATE, -366, NULL <unfinished ...>
19:18:12.837691,1048,fcntl64(42, F_SETFD, FD_CLOEXEC) = 0
19:18:12.838296,1048,fstat64(42, {st_mode=S_IFREG|0600, st_size=0, ...}) = 0
19:18:12.839440,1048,pread(42, "", 100, 3069335896) = 0
19:18:12.840334,1048,brk(0xb88cd000) = 0xb88cd000
19:18:12.841729,1048,gettimeofday({1738783092, 841922}, NULL) = 0
19:18:12.842723,1048,gettimeofday({1738783092, 842912}, NULL) = 0
19:18:12.843516,1048,gettimeofday({1738783092, 843704}, NULL) = 0
19:18:12.844435,1048,gettimeofday({1738783092, 844625}, NULL) = 0
19:18:12.845128,1048,gettimeofday({1738783092, 845316}, NULL) = 0
19:18:12.846024,1048,gettimeofday({1738783092, 846213}, NULL) = 0
19:18:12.878519,1049,set_tls(0xac757f00, 0xb888b8a8, 0xac757ffc, 0x40, 0xac757f00) = 0
19:18:12.879122,1049,prctl(PR_SET_NAME, 0xac757e8c, 0, 0, 0) = 0
19:18:12.879663,1049,gettid() = 1049
19:18:12.880201,1049,futex(0xb689b580, FUTEX_WAKE_PRIVATE, 2147483647 <unfinished ...>
19:18:12.880554,1023,<... futex resumed> ) = 0
19:18:12.880891,1023,futex(0xb689b57c, FUTEX_WAIT_PRIVATE, 2, NULL <unfinished ...>
19:18:12.881203,1049,<... futex resumed> ) = 1
19:18:12.881517,1049,futex(0xb689b57c, FUTEX_WAKE_PRIVATE, 1 <unfinished ...>
19:18:12.881847,1023,<... futex resumed> ) = 0
19:18:12.882191,1023,futex(0xb689b57c, FUTEX_WAKE_PRIVATE, 1) = 0
19:18:12.882747,1023,futex(0xb689b580, FUTEX_WAKE_PRIVATE, 2147483647) = 0
19:18:12.883369,1023,mmap2(NULL, 32768, PROT_READ|PROT_WRITE, MAP_PRIVATE|MAP_ANONYMOUS, -1, 0) = 0xac650000
19:18:12.883973,1023,madvise(0xac650000, 32768, 0xc /* MADV_??? */) = -1 EINVAL (Invalid argument)
19:18:12.884562,1023,mmap2(NULL, 1048576, PROT_READ|PROT_WRITE, MAP_PRIVATE|MAP_ANONYMOUS|MAP_NORESERVE, -1, 0) = 0xac550000
19:18:12.885161,1023,madvise(0xac550000, 1048576, 0xc /* MADV_??? */) = -1 EINVAL (Invalid argument)
19:18:12.885730,1023,mprotect(0xac550000, 4096, PROT_NONE) = 0
19:18:12.886357,1023,clone(child_stack=0xac64ff00, flags=CLONE_VM|CLONE_FS|CLONE_FILES|CLONE_SIGHAND|CLONE_THREAD|CLONE_SYSVSEM|0x400000) = 1050
19:18:12.889038,1023,futex(0xb689b580, FUTEX_WAIT_PRIVATE, -370, NULL <unfinished ...>
19:18:12.889388,1049,<... futex resumed> ) = 1
19:18:12.889696,1049,futex(0xb689b580, FUTEX_WAIT_PRIVATE, -368, NULL) = -1 EAGAIN (Try again)
19:18:12.890302,1049,getpriority(PRIO_PROCESS, 1049) = 20
19:18:12.890809,1049,setpriority(PRIO_PROCESS, 1049, 0) = 0
19:18:12.891506,1049,writev(3, [{"\4", 1}, {"GameService\0", 12}, {"Start Thread: doTimerGetConfig\0", 31}], 3) = 44
19:18:12.892834,1049,clock_gettime(CLOCK_MONOTONIC, {111, 177794391}) = 0
19:18:12.893539,1049,clock_gettime(CLOCK_MONOTONIC, {111, 178488157}) = 0
19:18:12.894165,1049,clock_gettime(CLOCK_MONOTONIC, {111, 179113470}) = 0
19:18:12.894757,1049,futex(0xb88893e8, FUTEX_WAIT_PRIVATE, 0, {7199, 999374687} <unfinished ...>
19:18:12.895342,1050,set_tls(0xac64ff00, 0xb8851938, 0xac64fffc, 0x40, 0xac64ff00) = 0
19:18:12.895884,1050,prctl(PR_SET_NAME, 0xac64fe8c, 0, 0, 0) = 0
19:18:12.896431,1050,gettid() = 1050
19:18:12.896958,1050,futex(0xb689b580, FUTEX_WAKE_PRIVATE, 2147483647 <unfinished ...>
19:18:12.897344,1023,<... futex resumed> ) = 0
19:18:12.897684,1023,futex(0xb689b57c, FUTEX_WAIT_PRIVATE, 2, NULL <unfinished ...>
19:18:12.897990,1050,<... futex resumed> ) = 1
19:18:12.898312,1050,futex(0xb689b57c, FUTEX_WAKE_PRIVATE, 1 <unfinished ...>
19:18:12.898642,1023,<... futex resumed> ) = 0
19:18:12.898982,1023,futex(0xb689b57c, FUTEX_WAKE_PRIVATE, 1) = 0
19:18:12.899550,1023,futex(0xb689b580, FUTEX_WAKE_PRIVATE, 2147483647) = 0
19:18:12.900171,1023,mmap2(NULL, 32768, PROT_READ|PROT_WRITE, MAP_PRIVATE|MAP_ANONYMOUS, -1, 0) = 0xac548000
19:18:12.900775,1023,madvise(0xac548000, 32768, 0xc /* MADV_??? */) = -1 EINVAL (Invalid argument)
19:18:12.901371,1023,mmap2(NULL, 1048576, PROT_READ|PROT_WRITE, MAP_PRIVATE|MAP_ANONYMOUS|MAP_NORESERVE, -1, 0) = 0xac448000
19:18:12.901970,1023,madvise(0xac448000, 1048576, 0xc /* MADV_??? */) = -1 EINVAL (Invalid argument)
19:18:12.902551,1023,mprotect(0xac448000, 4096, PROT_NONE) = 0
19:18:12.903191,1023,clone( <unfinished ...>
19:18:12.912442,1050,<... futex resumed> ) = 1
19:18:12.912703,1048,gettimeofday( <unfinished ...>
19:18:12.912906,1046,getpid( <unfinished ...>
19:18:12.914918,1050,futex(0xb689b580, FUTEX_WAIT_PRIVATE, -372, NULL <unfinished ...>
19:18:12.915234,1048,<... gettimeofday resumed> {1738783092, 915132}, NULL) = 0
19:18:12.915604,1046,<... getpid resumed> ) = 1023
19:18:12.915910,1023,<... clone resumed> child_stack=0xac547f00, flags=CLONE_VM|CLONE_FS|CLONE_FILES|CLONE_SIGHAND|CLONE_THREAD|CLONE_SYSVSEM|0x400000) = 1051
19:18:12.916225,1050,<... futex resumed> ) = -1 EAGAIN (Try again)
19:18:12.916826,1048,fcntl64(42, F_SETLK, {type=F_RDLCK, whence=SEEK_SET, start=1073741824, len=1} <unfinished ...>
19:18:12.926621,1050,getpriority(PRIO_PROCESS, 1050 <unfinished ...>
19:18:12.926895,1046,socket(PF_UNIX, SOCK_STREAM, 0 <unfinished ...>
19:18:12.927165,1023,futex(0xb689b580, FUTEX_WAIT_PRIVATE, -374, NULL <unfinished ...>
19:18:12.927510,1048,<... fcntl64 resumed> ) = 0
19:18:12.927805,1050,<... getpriority resumed> ) = 20
19:18:12.928174,1046,<... socket resumed> ) = 43
19:18:12.928528,1048,fcntl64(42, F_SETLK, {type=F_RDLCK, whence=SEEK_SET, start=1073741826, len=510} <unfinished ...>
19:18:12.929019,1050,setpriority(PRIO_PROCESS, 1050, 0 <unfinished ...>
19:18:12.929335,1046,setsockopt(43, SOL_SOCKET, SO_REUSEADDR, [1], 4 <unfinished ...>
19:18:12.929681,1048,<... fcntl64 resumed> ) = 0
19:18:12.929978,1050,<... setpriority resumed> ) = 0
19:18:12.930438,1046,<... setsockopt resumed> ) = 0
19:18:12.930780,1048,fcntl64(42, F_SETLK, {type=F_UNLCK, whence=SEEK_SET, start=1073741824, len=1} <unfinished ...>
19:18:12.931395,1050,writev(3, [{"\4", 1}, {"GameService\0", 12}, {"Start Thread: getCurrentTime\0", 29}], 3 <unfinished ...>
19:18:12.932226,1046,connect(43, {sa_family=AF_UNIX, path="/dev/socket/dnsproxyd"}, 110 <unfinished ...>
19:18:12.933355,1048,<... fcntl64 resumed> ) = 0
19:18:12.934096,1048,access("/data/data/com.igamepower.appmaster/databases/game_service_folderdb.db-journal", F_OK <unfinished ...>
19:18:12.934801,1050,<... writev resumed> ) = 42
19:18:12.935135,1046,<... connect resumed> ) = 0
19:18:12.935493,1048,<... access resumed> ) = -1 ENOENT (No such file or directory)
19:18:12.946122,1050,clock_gettime(CLOCK_MONOTONIC, <unfinished ...>
19:18:12.946551,1048,fstat64(42, <unfinished ...>
19:18:12.946762,1046,fcntl64(43, F_GETFL <unfinished ...>
19:18:12.947119,1050,<... clock_gettime resumed> {111, 231719013}) = 0
19:18:12.947546,1051,set_tls(0xac547f00, 0xb8851998, 0xac547ffc, 0x40, 0xac547f00 <unfinished ...>
19:18:12.947848,1048,<... syscall_197 resumed> ) = 0
19:18:12.948171,1046,<... syscall_221 resumed> ) = 0x2
19:18:12.948491,1050,clock_gettime(CLOCK_MONOTONIC, <unfinished ...>
19:18:12.948764,1051,<... open resumed> ) = 0
19:18:12.949081,1048,unlink("/data/data/com.igamepower.appmaster/databases/game_service_folderdb.db-wal" <unfinished ...>
19:18:12.949848,1046,fstat64(43, <unfinished ...>
19:18:12.950147,1050,<... clock_gettime resumed> {111, 234802956}) = 0
19:18:12.950593,1051,prctl(PR_SET_NAME, 0xac547e8c, 0, 0, 0 <unfinished ...>
19:18:12.950958,1048,<... unlink resumed> ) = -1 ENOENT (No such file or directory)
19:18:12.951274,1046,<... fstat64 resumed> {st_mode=S_IFSOCK|0777, st_size=0, ...}) = 0
19:18:12.952182,1050,futex(0xb8882488, FUTEX_WAIT_PRIVATE, 0, {14, 996916057} <unfinished ...>
19:18:12.952582,1051,<... prctl resumed> ) = 0
19:18:12.952969,1048,fstat64(42, <unfinished ...>
19:18:12.953301,1046,mprotect(0xb6584000, 4096, PROT_READ|PROT_WRITE <unfinished ...>
19:18:12.953657,1051,gettid( <unfinished ...>
19:18:12.953942,1048,<... fstat64 resumed> {st_mode=S_IFREG|0600, st_size=0, ...}) = 0
19:18:12.954843,1046,<... mprotect resumed> ) = 0
19:18:12.955137,1051,<... gettid resumed> ) = 1051
19:18:12.973373,1048,fcntl64(42, F_SETLK, {type=F_UNLCK, whence=SEEK_SET, start=0, len=0} <unfinished ...>
19:18:12.973749,1051,futex(0xb689b580, FUTEX_WAKE_PRIVATE, 2147483647 <unfinished ...>
19:18:12.973988,1046,mprotect(0xb6584000, 4096, PROT_READ <unfinished ...>
19:18:12.974337,1048,<... fcntl64 resumed> ) = 0
19:18:12.974645,1051,<... futex resumed> ) = 1
19:18:12.974954,1046,<... mprotect resumed> ) = 0
19:18:12.975815,1048,gettimeofday( <unfinished ...>
19:18:12.976139,1023,<... futex resumed> ) = 0
19:18:12.976461,1051,futex(0xb689b580, FUTEX_WAIT_PRIVATE, -376, NULL <unfinished ...>
19:18:12.976840,1046,write(43, "getaddrinfo client.mustmobile.co"..., 47 <unfinished ...>
19:18:12.977336,1048,<... gettimeofday resumed> {1738783092, 977228}, NULL) = 0
19:18:12.977771,1023,futex(0xb689b580, FUTEX_WAKE_PRIVATE, 2147483647 <unfinished ...>
19:18:12.978091,1051,<... futex resumed> ) = -1 EAGAIN (Try again)
19:18:12.979592,1048,gettimeofday( <unfinished ...>
19:18:12.979911,1023,<... futex resumed> ) = 0
19:18:12.980239,1051,futex(0xb689b57c, FUTEX_WAIT_PRIVATE, 2, NULL <unfinished ...>
19:18:12.980547,1046,<... write resumed> ) = 47
19:18:12.980844,1048,<... gettimeofday resumed> {1738783092, 980744}, NULL) = 0
19:18:12.981286,1023,futex(0xb689b57c, FUTEX_WAKE_PRIVATE, 1 <unfinished ...>
19:18:12.981581,1051,<... futex resumed> ) = -1 EAGAIN (Try again)
19:18:12.981918,1046,read(43, <unfinished ...>
19:18:12.982658,1048,gettimeofday( <unfinished ...>
19:18:12.982976,1023,<... futex resumed> ) = 0
19:18:12.983304,1051,futex(0xb689b57c, FUTEX_WAKE_PRIVATE, 1 <unfinished ...>
19:18:12.983638,1048,<... gettimeofday resumed> {1738783092, 983536}, NULL) = 0
19:18:12.984350,1023,access("/data/data/com.igamepower.appmaster/files", F_OK <unfinished ...>
19:18:12.984893,1051,<... futex resumed> ) = 0
19:18:12.985517,1048,gettimeofday( <unfinished ...>
19:18:12.985914,1023,<... access resumed> ) = -1 ENOENT (No such file or directory)
19:18:12.986253,1051,getpriority(PRIO_PROCESS, 1051 <unfinished ...>
19:18:12.986554,1048,<... gettimeofday resumed> {1738783092, 986451}, NULL) = 0
19:18:12.987176,1023,access("/data/data/com.igamepower.appmaster/files", F_OK <unfinished ...>
19:18:12.987716,1051,<... getpriority resumed> ) = 20
19:18:12.988406,1048,gettimeofday( <unfinished ...>
19:18:12.988753,1023,<... access resumed> ) = -1 ENOENT (No such file or directory)
19:18:12.989084,1051,setpriority(PRIO_PROCESS, 1051, 0 <unfinished ...>
19:18:12.989387,1048,<... gettimeofday resumed> {1738783092, 989282}, NULL) = 0
19:18:12.989984,1023,mkdir("/data/data/com.igamepower.appmaster/files", 0700 <unfinished ...>
19:18:12.997103,1051,<... setpriority resumed> ) = 0
19:18:12.997331,1048,gettimeofday( <unfinished ...>
19:18:12.999921,1023,<... mkdir resumed> ) = 0
19:18:13.000425,1051,writev(3, [{"\4", 1}, {"GameService\0", 12}, {"Start Thread\0", 13}], 3 <unfinished ...>
19:18:13.001070,1048,<... gettimeofday resumed> {1738783093, 959}, NULL) = 0
19:18:13.001577,1023,chmod("/data/data/com.igamepower.appmaster/files", 0771 <unfinished ...>
19:18:13.002825,1048,gettimeofday( <unfinished ...>
19:18:13.003226,1023,<... chmod resumed> ) = 0
19:18:13.003508,1051,<... writev resumed> ) = 26
19:18:13.003790,1048,<... gettimeofday resumed> {1738783093, 3694}, NULL) = 0
19:18:13.004339,1023,access("/data/data/com.igamepower.appmaster/files", F_OK <unfinished ...>
19:18:13.004917,1051,clock_gettime(CLOCK_MONOTONIC, <unfinished ...>
19:18:13.005384,1048,gettimeofday( <unfinished ...>
19:18:13.005716,1023,<... access resumed> ) = 0
19:18:13.005994,1051,<... clock_gettime resumed> {111, 290658866}) = 0
19:18:13.006355,1048,<... gettimeofday resumed> {1738783093, 6258}, NULL) = 0
19:18:13.007313,1051,clock_gettime(CLOCK_MONOTONIC, <unfinished ...>
19:18:13.007960,1048,gettimeofday( <unfinished ...>
19:18:13.008245,1051,<... clock_gettime resumed> {111, 292904623}) = 0
19:18:13.008602,1048,<... gettimeofday resumed> {1738783093, 8505}, NULL) = 0
19:18:13.009042,1051,futex(0xb888b030, FUTEX_WAIT_PRIVATE, 0, {14399, 997754243} <unfinished ...>
19:18:13.011109,1048,gettimeofday({1738783093, 11365}, NULL) = 0
19:18:13.012157,1048,gettimeofday({1738783093, 12347}, NULL) = 0
19:18:13.013881,1048,gettimeofday({1738783093, 14081}, NULL) = 0
19:18:13.014808,1048,gettimeofday({1738783093, 14988}, NULL) = 0
19:18:13.028077,1023,access("/data/data/com.igamepower.appmaster/files/gbfm.sh", F_OK <unfinished ...>
19:18:13.029764,1048,gettimeofday( <unfinished ...>
19:18:13.030175,1023,<... access resumed> ) = -1 ENOENT (No such file or directory)
19:18:13.030470,1048,<... gettimeofday resumed> {1738783093, 30370}, NULL) = 0
19:18:13.031319,1023,pread(33, <unfinished ...>
19:18:13.032360,1048,fcntl64(42, F_SETLK, {type=F_RDLCK, whence=SEEK_SET, start=1073741824, len=1} <unfinished ...>
19:18:13.032862,1023,<... pread resumed> "PK\3\4\n\0\0\0\0\0\225\235\20?êÈ\232TÌ6\0\0Ì6\0\0\17\0\4\0", 30, 19924353286144) = 30
19:18:13.033421,1048,<... fcntl64 resumed> ) = 0
19:18:13.033765,1023,mmap2(NULL, 14620, PROT_READ, MAP_SHARED, 33, 0x1 <unfinished ...>
19:18:13.034097,1048,fcntl64(42, F_SETLK, {type=F_RDLCK, whence=SEEK_SET, start=1073741826, len=510} <unfinished ...>
19:18:13.034577,1023,<... mmap2 resumed> ) = 0xb0f07000
19:18:13.034876,1048,<... fcntl64 resumed> ) = 0
19:18:13.041631,1048,fcntl64(42, F_SETLK, {type=F_UNLCK, whence=SEEK_SET, start=1073741824, len=1}) = 0
19:18:13.042325,1048,access("/data/data/com.igamepower.appmaster/databases/game_service_folderdb.db-journal", F_OK) = -1 ENOENT (No such file or directory)
19:18:13.043353,1048,fstat64(42, {st_mode=S_IFREG|0600, st_size=0, ...}) = 0
19:18:13.044458,1048,fstat64(42, {st_mode=S_IFREG|0600, st_size=0, ...}) = 0
19:18:13.045552,1048,unlink("/data/data/com.igamepower.appmaster/databases/game_service_folderdb.db-wal") = -1 ENOENT (No such file or directory)
19:18:13.046555,1048,fstat64(42, {st_mode=S_IFREG|0600, st_size=0, ...}) = 0
19:18:13.047661,1048,fcntl64(42, F_SETLK, {type=F_WRLCK, whence=SEEK_SET, start=1073741825, len=1}) = 0
19:18:13.048356,1048,stat64("/data/data/com.igamepower.appmaster/databases/game_service_folderdb.db", {st_mode=S_IFREG|0600, st_size=0, ...}) = 0
19:18:13.059644,1048,umask(0) = 077
19:18:13.060160,1048,open("/data/data/com.igamepower.appmaster/databases/game_service_folderdb.db-journal", O_RDWR|O_CREAT, 0600) = 44
19:18:13.061414,1048,umask(077) = 0
19:18:13.061919,1048,fchown32(44, 10050, 10050) = 0
19:18:13.062564,1048,fcntl64(44, F_GETFD) = 0
19:18:13.063119,1048,fcntl64(44, F_SETFD, FD_CLOEXEC) = 0
19:18:13.063698,1048,pwrite(44, "\0\0\0\0\0\0\0\0\0\0\0\0P­Î£\0\0\0\0\0\0\2\0\0\0\20\0\0\0\0\0"..., 512, 3069335932) = 512
19:18:13.086550,1048,fcntl64(42, F_SETLK, {type=F_WRLCK, whence=SEEK_SET, start=1073741824, len=1}) = 0
19:18:13.101969,1048,fcntl64(42, F_SETLK, {type=F_WRLCK, whence=SEEK_SET, start=1073741826, len=510}) = 0
19:18:13.102835,1048,pread(44, "", 8, 2202092591448) = 0
19:18:13.103442,1048,fdatasync(44) = 0
19:18:13.112549,1048,open("/data/data/com.igamepower.appmaster/databases", O_RDONLY) = 45
19:18:13.113401,1048,fcntl64(45, F_GETFD) = 0
19:18:13.113908,1048,fcntl64(45, F_SETFD, FD_CLOEXEC) = 0
19:18:13.114423,1048,fdatasync(45) = 0
19:18:13.127237,1048,close(45) = 0
19:18:13.129550,1048,pwrite(44, "ÙÕ\5ù ¡c×\0\0\0\0", 12, 3069335932) = 12
19:18:13.130755,1048,fdatasync(44) = 0
19:18:13.132060,1048,pwrite(42, "SQLite format 3\0\20\0\1\1\0@ \0\0\0\1\0\0\0\3"..., 4096, 3069335932) = 4096
19:18:13.132945,1048,pwrite(42, "\1\0\0\0\0\0\0\0\0\0\0\0\0\0\0\0\0\0\0\0\0\0\0\0\0\0\0\0\0\0\0\0"..., 4096, 17595255380348) = 4096
19:18:13.133811,1048,pwrite(42, "\r\0\0\0\0\20\0\0\0\0\0\0\0\0\0\0\0\0\0\0\0\0\0\0\0\0\0\0\0\0\0\0"..., 4096, 35187441424764) = 4096
19:18:13.134679,1048,fdatasync(42) = 0
19:18:13.138022,1048,pwrite(44, "\0\0\0\0\0\0\0\0\0\0\0\0\0\0\0\0\0\0\0\0\0\0\0\0\0\0\0\0", 28, 3069335932) = 28
19:18:13.138936,1048,fdatasync(44) = 0
19:18:13.139707,1048,fstat64(44, {st_mode=S_IFREG|0600, st_size=512, ...}) = 0
19:18:13.140785,1048,fcntl64(42, F_SETLK, {type=F_RDLCK, whence=SEEK_SET, start=1073741826, len=510}) = 0
19:18:13.141446,1048,fcntl64(42, F_SETLK, {type=F_UNLCK, whence=SEEK_SET, start=1073741824, len=2}) = 0
19:18:13.142105,1048,close(44) = 0
19:18:13.142628,1048,fcntl64(42, F_SETLK, {type=F_UNLCK, whence=SEEK_SET, start=0, len=0}) = 0
19:18:13.143372,1048,gettimeofday({1738783093, 143552}, NULL) = 0
19:18:13.144078,1048,gettimeofday({1738783093, 144258}, NULL) = 0
19:18:13.145302,1048,fcntl64(42, F_SETLK, {type=F_RDLCK, whence=SEEK_SET, start=1073741824, len=1}) = 0
19:18:13.145958,1048,fcntl64(42, F_SETLK, {type=F_RDLCK, whence=SEEK_SET, start=1073741826, len=510}) = 0
19:18:13.146608,1048,fcntl64(42, F_SETLK, {type=F_UNLCK, whence=SEEK_SET, start=1073741824, len=1}) = 0
19:18:13.147260,1048,access("/data/data/com.igamepower.appmaster/databases/game_service_folderdb.db-journal", F_OK) = 0
19:18:13.148235,1048,stat64("/data/data/com.igamepower.appmaster/databases/game_service_folderdb.db-journal", {st_mode=S_IFREG|0600, st_size=512, ...}) = 0
19:18:13.149726,1048,fcntl64(42, F_GETLK, {type=F_UNLCK, whence=SEEK_SET, start=1073741825, len=1, pid=0}) = 0
19:18:13.150372,1048,fstat64(42, {st_mode=S_IFREG|0600, st_size=12288, ...}) = 0
19:18:13.151430,1048,stat64("/data/data/com.igamepower.appmaster/databases/game_service_folderdb.db", {st_mode=S_IFREG|0600, st_size=12288, ...}) = 0
19:18:13.156284,1048,umask(0) = 077
19:18:13.156827,1048,open("/data/data/com.igamepower.appmaster/databases/game_service_folderdb.db-journal", O_RDONLY) = 44
19:18:13.157819,1048,umask(077) = 0
19:18:13.158323,1048,fchown32(44, 10050, 10050) = 0
19:18:13.158901,1048,fcntl64(44, F_GETFD) = 0
19:18:13.159410,1048,fcntl64(44, F_SETFD, FD_CLOEXEC) = 0
19:18:13.159917,1048,pread(44, "\0", 1, 3069335896) = 1
19:18:13.160494,1048,close(44) = 0
19:18:13.161145,1048,fstat64(42, {st_mode=S_IFREG|0600, st_size=12288, ...}) = 0
19:18:13.162203,1048,pread(42, "\0\0\0\1\0\0\0\3\0\0\0\0\0\0\0\0", 16, 106148551000) = 16
19:18:13.162906,1048,fstat64(42, {st_mode=S_IFREG|0600, st_size=12288, ...}) = 0
19:18:13.163959,1048,access("/data/data/com.igamepower.appmaster/databases/game_service_folderdb.db-wal", F_OK) = -1 ENOENT (No such file or directory)
19:18:13.164930,1048,fstat64(42, {st_mode=S_IFREG|0600, st_size=12288, ...}) = 0
19:18:13.180161,1048,fcntl64(42, F_SETLK, {type=F_UNLCK, whence=SEEK_SET, start=0, len=0}) = 0
19:18:13.180863,1048,gettimeofday({1738783093, 181051}, NULL) = 0
19:18:13.181555,1048,gettimeofday({1738783093, 181736}, NULL) = 0
19:18:13.182456,1048,gettimeofday({1738783093, 182638}, NULL) = 0
19:18:13.183128,1048,gettimeofday({1738783093, 183308}, NULL) = 0
19:18:13.183978,1048,fcntl64(42, F_SETLK, {type=F_RDLCK, whence=SEEK_SET, start=1073741824, len=1}) = 0
19:18:13.184635,1048,fcntl64(42, F_SETLK, {type=F_RDLCK, whence=SEEK_SET, start=1073741826, len=510}) = 0
19:18:13.185284,1048,fcntl64(42, F_SETLK, {type=F_UNLCK, whence=SEEK_SET, start=1073741824, len=1}) = 0
19:18:13.185928,1048,access("/data/data/com.igamepower.appmaster/databases/game_service_folderdb.db-journal", F_OK) = 0
19:18:13.197205,1048,stat64("/data/data/com.igamepower.appmaster/databases/game_service_folderdb.db-journal", {st_mode=S_IFREG|0600, st_size=512, ...}) = 0
19:18:13.198902,1048,fcntl64(42, F_GETLK, {type=F_UNLCK, whence=SEEK_SET, start=1073741825, len=1, pid=0}) = 0
19:18:13.199591,1048,fstat64(42, {st_mode=S_IFREG|0600, st_size=12288, ...}) = 0
19:18:13.200697,1048,stat64("/data/data/com.igamepower.appmaster/databases/game_service_folderdb.db", {st_mode=S_IFREG|0600, st_size=12288, ...}) = 0
19:18:13.202269,1048,umask(0) = 077
19:18:13.202795,1048,open("/data/data/com.igamepower.appmaster/databases/game_service_folderdb.db-journal", O_RDONLY) = 44
19:18:13.203824,1048,umask(077) = 0
19:18:13.204350,1048,fchown32(44, 10050, 10050) = 0
19:18:13.204953,1048,fcntl64(44, F_GETFD) = 0
19:18:13.205485,1048,fcntl64(44, F_SETFD, FD_CLOEXEC) = 0
19:18:13.206022,1048,pread(44, "\0", 1, 3069335896) = 1
19:18:13.206618,1048,close(44) = 0
19:18:13.207165,1048,fstat64(42, {st_mode=S_IFREG|0600, st_size=12288, ...}) = 0
19:18:13.208262,1048,pread(42, "\0\0\0\1\0\0\0\3\0\0\0\0\0\0\0\0", 16, 106148551000) = 16
19:18:13.208952,1048,fstat64(42, {st_mode=S_IFREG|0600, st_size=12288, ...}) = 0
19:18:13.210055,1048,access("/data/data/com.igamepower.appmaster/databases/game_service_folderdb.db-wal", F_OK) = -1 ENOENT (No such file or directory)
19:18:13.211069,1048,fstat64(42, {st_mode=S_IFREG|0600, st_size=12288, ...}) = 0
19:18:13.212185,1048,fcntl64(42, F_SETLK, {type=F_WRLCK, whence=SEEK_SET, start=1073741825, len=1}) = 0
19:18:13.217510,1048,stat64("/data/data/com.igamepower.appmaster/databases/game_service_folderdb.db", {st_mode=S_IFREG|0600, st_size=12288, ...}) = 0
19:18:13.219100,1048,umask(0) = 077
19:18:13.219626,1048,open("/data/data/com.igamepower.appmaster/databases/game_service_folderdb.db-journal", O_RDWR|O_CREAT, 0600) = 44
19:18:13.220661,1048,umask(077) = 0
19:18:13.221185,1048,fchown32(44, 10050, 10050) = 0
19:18:13.221782,1048,fcntl64(44, F_GETFD) = 0
19:18:13.222311,1048,fcntl64(44, F_SETFD, FD_CLOEXEC) = 0
19:18:13.222849,1048,pwrite(44, "\0\0\0\0\0\0\0\0\0\0\0\0`\20Õ>\0\0\0\3\0\0\2\0\0\0\20\0\0\0\0\0"..., 512, 3069335932) = 512
19:18:13.223721,1048,pwrite(44, "\0\0\0\3", 4, 2202092591484) = 4
19:18:13.224401,1048,pwrite(44, "\r\0\0\0\0\20\0\0\0\0\0\0\0\0\0\0\0\0\0\0\0\0\0\0\0\0\0\0\0\0\0\0"..., 4096, 2219272460668) = 4096
19:18:13.225345,1048,pwrite(44, "`\20Õ>", 4, 19811458505084) = 4
19:18:13.226113,1048,gettimeofday({1738783093, 226301}, NULL) = 0
19:18:13.226841,1048,gettimeofday({1738783093, 227035}, NULL) = 0
19:18:13.228025,1048,gettimeofday({1738783093, 228216}, NULL) = 0
19:18:13.228723,1048,gettimeofday({1738783093, 228912}, NULL) = 0
19:18:13.229627,1048,gettimeofday({1738783093, 229816}, NULL) = 0
19:18:13.230325,1048,gettimeofday({1738783093, 230514}, NULL) = 0
19:18:13.231149,1048,fcntl64(42, F_SETLK, {type=F_WRLCK, whence=SEEK_SET, start=1073741824, len=1}) = 0
19:18:13.231833,1048,fcntl64(42, F_SETLK, {type=F_WRLCK, whence=SEEK_SET, start=1073741826, len=510}) = 0
19:18:13.232536,1048,pwrite(44, "\0\0\0\1", 4, 19828638374268) = 4
19:18:13.233219,1048,pwrite(44, "SQLite format 3\0\20\0\1\1\0@ \0\0\0\1\0\0\0\3"..., 4096, 19845818243452) = 4096
19:18:13.234133,1048,pwrite(44, "`\20Õ>", 4, 37438004287868) = 4
19:18:13.234805,1048,pread(44, "", 8, 39585487935832) = 0
19:18:13.235390,1048,fdatasync(44) = 0
19:18:13.237169,1048,open("/data/data/com.igamepower.appmaster/databases", O_RDONLY) = 45
19:18:13.238040,1048,fcntl64(45, F_GETFD) = 0
19:18:13.238571,1048,fcntl64(45, F_SETFD, FD_CLOEXEC) = 0
19:18:13.239107,1048,fdatasync(45) = 0
19:18:13.239964,1048,close(45) = 0
19:18:13.257561,1048,pwrite(44, "ÙÕ\5ù ¡c×\0\0\0\2", 12, 3069335932) = 12
19:18:13.258300,1048,fdatasync(44) = 0
19:18:13.259113,1048,pwrite(42, "SQLite format 3\0\20\0\1\1\0@ \0\0\0\2\0\0\0\3"..., 4096, 3069335932) = 4096
19:18:13.259925,1048,pwrite(42, "\r\0\0\0\1\17÷\0\17÷\0\0\0\0\0\0\0\0\0\0\0\0\0\0\0\0\0\0\0\0\0\0"..., 4096, 35187441424764) = 4096
19:18:13.260750,1048,fdatasync(42) = 0
19:18:13.261578,1048,pwrite(44, "\0\0\0\0\0\0\0\0\0\0\0\0\0\0\0\0\0\0\0\0\0\0\0\0\0\0\0\0", 28, 3069335932) = 28
19:18:13.262397,1048,fdatasync(44) = 0
19:18:13.263129,1048,fstat64(44, {st_mode=S_IFREG|0600, st_size=8720, ...}) = 0
19:18:13.264199,1048,fcntl64(42, F_SETLK, {type=F_RDLCK, whence=SEEK_SET, start=1073741826, len=510}) = 0
19:18:13.264850,1048,fcntl64(42, F_SETLK, {type=F_UNLCK, whence=SEEK_SET, start=1073741824, len=2}) = 0
19:18:13.265506,1048,close(44) = 0
19:18:13.266034,1048,fcntl64(42, F_SETLK, {type=F_UNLCK, whence=SEEK_SET, start=0, len=0}) = 0
19:18:13.266754,1048,gettimeofday({1738783093, 266934}, NULL) = 0
19:18:13.267531,1048,chmod("/data/data/com.igamepower.appmaster/databases/game_service_folderdb.db", 0660) = 0
19:18:13.268718,1048,gettimeofday({1738783093, 268900}, NULL) = 0
19:18:13.269627,1048,gettimeofday({1738783093, 269809}, NULL) = 0
19:18:13.270426,1048,gettimeofday({1738783093, 270607}, NULL) = 0
19:18:13.271241,1048,fcntl64(42, F_SETLK, {type=F_RDLCK, whence=SEEK_SET, start=1073741824, len=1}) = 0
19:18:13.271891,1048,fcntl64(42, F_SETLK, {type=F_RDLCK, whence=SEEK_SET, start=1073741826, len=510}) = 0
19:18:13.287413,1048,fcntl64(42, F_SETLK, {type=F_UNLCK, whence=SEEK_SET, start=1073741824, len=1}) = 0
19:18:13.288113,1048,access("/data/data/com.igamepower.appmaster/databases/game_service_folderdb.db-journal", F_OK) = 0
19:18:13.289082,1048,stat64("/data/data/com.igamepower.appmaster/databases/game_service_folderdb.db-journal", {st_mode=S_IFREG|0600, st_size=8720, ...}) = 0
19:18:13.290579,1048,fcntl64(42, F_GETLK, {type=F_UNLCK, whence=SEEK_SET, start=1073741825, len=1, pid=0}) = 0
19:18:13.291222,1048,fstat64(42, {st_mode=S_IFREG|0660, st_size=12288, ...}) = 0
19:18:13.292651,1048,stat64("/data/data/com.igamepower.appmaster/databases/game_service_folderdb.db", {st_mode=S_IFREG|0660, st_size=12288, ...}) = 0
19:18:13.294132,1048,umask(0) = 077
19:18:13.294633,1048,open("/data/data/com.igamepower.appmaster/databases/game_service_folderdb.db-journal", O_RDONLY) = 44
19:18:13.295699,1048,umask(077) = 0
19:18:13.296204,1048,fchown32(44, 10050, 10050) = 0
19:18:13.296779,1048,fcntl64(44, F_GETFD) = 0
19:18:13.297287,1048,fcntl64(44, F_SETFD, FD_CLOEXEC) = 0
19:18:13.297794,1048,pread(44, "\0", 1, 3069335896) = 1
19:18:13.298488,1048,close(44) = 0
19:18:13.299012,1048,fstat64(42, {st_mode=S_IFREG|0660, st_size=12288, ...}) = 0
19:18:13.300064,1048,pread(42, "\0\0\0\2\0\0\0\3\0\0\0\0\0\0\0\0", 16, 106148551000) = 16
19:18:13.300718,1048,fstat64(42, {st_mode=S_IFREG|0660, st_size=12288, ...}) = 0
19:18:13.301769,1048,access("/data/data/com.igamepower.appmaster/databases/game_service_folderdb.db-wal", F_OK) = -1 ENOENT (No such file or directory)
19:18:13.302737,1048,fstat64(42, {st_mode=S_IFREG|0660, st_size=12288, ...}) = 0
19:18:13.303884,1048,fcntl64(42, F_SETLK, {type=F_UNLCK, whence=SEEK_SET, start=0, len=0}) = 0
19:18:13.304575,1048,gettimeofday({1738783093, 304754}, NULL) = 0
19:18:13.305389,1048,gettimeofday({1738783093, 305570}, NULL) = 0
19:18:13.306210,1048,fcntl64(42, F_SETLK, {type=F_RDLCK, whence=SEEK_SET, start=1073741824, len=1}) = 0
19:18:13.306859,1048,fcntl64(42, F_SETLK, {type=F_RDLCK, whence=SEEK_SET, start=1073741826, len=510}) = 0
19:18:13.307507,1048,fcntl64(42, F_SETLK, {type=F_UNLCK, whence=SEEK_SET, start=1073741824, len=1}) = 0
19:18:13.308156,1048,access("/data/data/com.igamepower.appmaster/databases/game_service_folderdb.db-journal", F_OK) = 0
19:18:13.321036,1048,stat64("/data/data/com.igamepower.appmaster/databases/game_service_folderdb.db-journal", {st_mode=S_IFREG|0600, st_size=8720, ...}) = 0
19:18:13.322546,1048,fcntl64(42, F_GETLK, {type=F_UNLCK, whence=SEEK_SET, start=1073741825, len=1, pid=0}) = 0
19:18:13.323193,1048,fstat64(42, {st_mode=S_IFREG|0660, st_size=12288, ...}) = 0
19:18:13.324252,1048,stat64("/data/data/com.igamepower.appmaster/databases/game_service_folderdb.db", {st_mode=S_IFREG|0660, st_size=12288, ...}) = 0
19:18:13.325700,1048,umask(0) = 077
19:18:13.326244,1048,open("/data/data/com.igamepower.appmaster/databases/game_service_folderdb.db-journal", O_RDONLY) = 44
19:18:13.337778,1048,umask(077) = 0
19:18:13.338287,1048,fchown32(44, 10050, 10050) = 0
19:18:13.338863,1048,fcntl64(44, F_GETFD) = 0
19:18:13.339371,1048,fcntl64(44, F_SETFD, FD_CLOEXEC) = 0
19:18:13.339879,1048,pread(44, "\0", 1, 3069335896) = 1
19:18:13.340453,1048,close(44) = 0
19:18:13.340968,1048,fstat64(42, {st_mode=S_IFREG|0660, st_size=12288, ...}) = 0
19:18:13.342026,1048,pread(42, "\0\0\0\2\0\0\0\3\0\0\0\0\0\0\0\0", 16, 106148551000) = 16
19:18:13.342683,1048,fstat64(42, {st_mode=S_IFREG|0660, st_size=12288, ...}) = 0
19:18:13.344117,1048,access("/data/data/com.igamepower.appmaster/databases/game_service_folderdb.db-wal", F_OK) = -1 ENOENT (No such file or directory)
19:18:13.345168,1048,fstat64(42, {st_mode=S_IFREG|0660, st_size=12288, ...}) = 0
19:18:13.372881,1023,open("/data/data/com.igamepower.appmaster/files/gbfm.sh", O_WRONLY|O_CREAT|O_TRUNC, 0600 <unfinished ...>
19:18:13.373624,1048,fcntl64(42, F_SETLK, {type=F_WRLCK, whence=SEEK_SET, start=1073741825, len=1} <unfinished ...>
19:18:13.374284,1023,<... open resumed> ) = 44
19:18:13.374598,1048,<... fcntl64 resumed> ) = 0
19:18:13.375065,1023,fstat64(44, <unfinished ...>
19:18:13.375383,1048,fcntl64(42, F_SETLK, {type=F_WRLCK, whence=SEEK_SET, start=1073741824, len=1} <unfinished ...>
19:18:13.375813,1023,<... fstat64 resumed> {st_mode=S_IFREG|0600, st_size=0, ...}) = 0
19:18:13.376647,1048,<... fcntl64 resumed> ) = 0
19:18:13.378139,1023,clock_gettime(CLOCK_MONOTONIC, <unfinished ...>
19:18:13.378456,1048,fcntl64(42, F_SETLK, {type=F_WRLCK, whence=SEEK_SET, start=1073741826, len=510} <unfinished ...>
19:18:13.378887,1023,<... clock_gettime resumed> {111, 663524534}) = 0
19:18:13.379478,1023,getpid() = 1023
19:18:13.380065,1023,readlink("/proc/1023/fd/44", "/data/data/com.igamepower.appmaster/files/gbfm.sh", 120) = 49
19:18:13.381238,1023,writev(3, [{"\5", 1}, {"dalvikvm\0", 9}, {"DroidBox: { \"FdAccess\": { \"path\""..., 159}], 3) = 169
19:18:13.395615,1048,<... fcntl64 resumed> ) = 0
19:18:13.396595,1023,writev(3, [{"\5", 1}, {"DroidBox\0", 9}, {"DroidBox: { \"FileRW\": { \"operati"..., 313}], 3 <unfinished ...>
19:18:13.397531,1048,gettimeofday({1738783093, 397882}, NULL) = 0
19:18:13.398313,1023,<... writev resumed> ) = 323
19:18:13.399100,1048,writev(3, [{"\4", 1}, {"GameService\0", 12}, {"CREATE TABLE IF NOT EXISTS game_"..., 431}], 3 <unfinished ...>
19:18:13.399955,1023,write(44, "\177ELF\1\1\1\0\0\0\0\0\0\0\0\0\2\0(\0\1\0\0\0\200\216\0\0004\0\0\0"..., 4096) = 4096
19:18:13.402736,1048,<... writev resumed> ) = 444
19:18:13.405542,1023,clock_gettime(CLOCK_MONOTONIC, <unfinished ...>
19:18:13.406086,1048,gettimeofday( <unfinished ...>
19:18:13.406394,1023,<... clock_gettime resumed> {111, 691031633}) = 0
19:18:13.406758,1048,<... gettimeofday resumed> {1738783093, 406661}, NULL) = 0
19:18:13.407183,1023,getpid( <unfinished ...>
19:18:13.408913,1048,gettimeofday( <unfinished ...>
19:18:13.409225,1023,<... getpid resumed> ) = 1023
19:18:13.409517,1048,<... gettimeofday resumed> {1738783093, 409419}, NULL) = 0
19:18:13.409956,1023,readlink("/proc/1023/fd/44", <unfinished ...>
19:18:13.410540,1048,gettimeofday( <unfinished ...>
19:18:13.410953,1023,<... readlink resumed> "/data/data/com.igamepower.appmaster/files/gbfm.sh", 120) = 49
19:18:13.411528,1048,<... gettimeofday resumed> {1738783093, 411430}, NULL) = 0
19:18:13.412044,1023,writev(3, [{"\5", 1}, {"dalvikvm\0", 9}, {"DroidBox: { \"FdAccess\": { \"path\""..., 158}], 3) = 168
19:18:13.418561,1023,writev(3, [{"\5", 1}, {"DroidBox\0", 9}, {"DroidBox: { \"FileRW\": { \"operati"..., 400}], 3 <unfinished ...>
19:18:13.427169,1048,stat64("/data/data/com.igamepower.appmaster/databases/game_service_folderdb.db", {st_mode=S_IFREG|0660, st_size=12288, ...}) = 0
19:18:13.428845,1023,<... writev resumed> ) = 410
19:18:13.429173,1048,umask(0 <unfinished ...>
19:18:13.429557,1023,write(44, "\0,\vÑ/H0MxD}Dÿ÷0î(hÿ÷4î-K{D%à \34 !"..., 4096 <unfinished ...>
19:18:13.430029,1048,<... umask resumed> ) = 077
19:18:13.430484,1023,<... write resumed> ) = 4096
19:18:13.430898,1048,open("/data/data/com.igamepower.appmaster/databases/game_service_folderdb.db-journal", O_RDWR|O_CREAT, 0660 <unfinished ...>
19:18:13.432673,1023,clock_gettime(CLOCK_MONOTONIC, <unfinished ...>
19:18:13.434309,1048,<... open resumed> ) = 45
19:18:13.434711,1023,<... clock_gettime resumed> {111, 719333178}) = 0
19:18:13.435138,1048,umask(077 <unfinished ...>
19:18:13.435493,1023,getpid( <unfinished ...>
19:18:13.435781,1048,<... umask resumed> ) = 0
19:18:13.436095,1023,<... getpid resumed> ) = 1023
19:18:13.436420,1048,fchown32(45, 10050, 10050 <unfinished ...>
19:18:13.436811,1023,readlink("/proc/1023/fd/44", <unfinished ...>
19:18:13.437294,1048,<... fchown32 resumed> ) = 0
19:18:13.437723,1023,<... readlink resumed> "/data/data/com.igamepower.appmaster/files/gbfm.sh", 120) = 49
19:18:13.438353,1048,fcntl64(45, F_GETFD <unfinished ...>
19:18:13.438803,1023,writev(3, [{"\5", 1}, {"dalvikvm\0", 9}, {"DroidBox: { \"FdAccess\": { \"path\""..., 159}], 3 <unfinished ...>
19:18:13.446056,1048,<... fcntl64 resumed> ) = 0
19:18:13.446582,1048,fcntl64(45, F_SETFD, FD_CLOEXEC <unfinished ...>
19:18:13.446940,1023,<... writev resumed> ) = 169
19:18:13.447244,1048,<... fcntl64 resumed> ) = 0
19:18:13.450751,1023,writev(3, [{"\5", 1}, {"DroidBox\0", 9}, {"DroidBox: { \"FileRW\": { \"operati"..., 341}], 3 <unfinished ...>
19:18:13.451517,1048,pwrite(45, "\0\0\0\0\0\0\0\0\0\0\0\0øf¨µ\0\0\0\3\0\0\2\0\0\0\20\0\0\0\0\0"..., 512, 3069335932) = 512
19:18:13.453741,1023,<... writev resumed> ) = 351
19:18:13.454990,1048,pwrite(45, "\0\0\0\1", 4, 2202092591484 <unfinished ...>
19:18:13.455531,1023,write(44, "0\10\0\0ã\2\0\0ö\7\0\0ì\22\0\0üÿÿÿôÿÿÿô\22\0\0\4ð\37å"..., 4096 <unfinished ...>
19:18:13.467848,1048,<... pwrite resumed> ) = 4
19:18:13.468112,1023,<... write resumed> ) = 4096
19:18:13.468450,1048,pwrite(45, "SQLite format 3\0\20\0\1\1\0@ \0\0\0\2\0\0\0\3"..., 4096, 2219272460668 <unfinished ...>
19:18:13.470072,1023,clock_gettime(CLOCK_MONOTONIC, <unfinished ...>
19:18:13.470467,1048,<... pwrite resumed> ) = 4096
19:18:13.470782,1023,<... clock_gettime resumed> {111, 755423374}) = 0
19:18:13.471177,1048,pwrite(45, "øf¨µ", 4, 19811458505084 <unfinished ...>
19:18:13.471582,1023,getpid( <unfinished ...>
19:18:13.471900,1048,<... pwrite resumed> ) = 4
19:18:13.472668,1023,<... getpid resumed> ) = 1023
19:18:13.473051,1048,brk(0xb88ce000 <unfinished ...>
19:18:13.473419,1023,readlink("/proc/1023/fd/44", <unfinished ...>
19:18:13.473831,1048,<... brk resumed> ) = 0xb88ce000
19:18:13.474260,1023,<... readlink resumed> "/data/data/com.igamepower.appmaster/files/gbfm.sh", 120) = 49
19:18:13.474939,1048,pwrite(45, "\0\0\0\2", 4, 19828638374268 <unfinished ...>
19:18:13.475453,1023,writev(3, [{"\5", 1}, {"dalvikvm\0", 9}, {"DroidBox: { \"FdAccess\": { \"path\""..., 158}], 3 <unfinished ...>
19:18:13.476217,1048,<... pwrite resumed> ) = 4
19:18:13.476670,1048,pwrite(45, "\1\0\0\0\0\0\0\0\0\0\0\0\0\0\0\0\0\0\0\0\0\0\0\0\0\0\0\0\0\0\0\0"..., 4096, 19845818243452 <unfinished ...>
19:18:13.477235,1023,<... writev resumed> ) = 168
19:18:13.477582,1048,<... pwrite resumed> ) = 4096
19:18:13.483468,1048,pwrite(45, "øf¨µ", 4, 37438004287868) = 4
19:18:13.485327,1048,brk(0xb88cf000) = 0xb88cf000
19:18:13.501581,1023,writev(3, [{"\5", 1}, {"DroidBox\0", 9}, {"DroidBox: { \"FileRW\": { \"operati"..., 376}], 3 <unfinished ...>
19:18:13.502956,1048,gettimeofday({1738783093, 503308}, NULL) = 0
19:18:13.503739,1023,<... writev resumed> ) = 386
19:18:13.504323,1048,gettimeofday( <unfinished ...>
19:18:13.504714,1023,write(44, "ÿÿÿÿ\0\0\0\0ÿÿÿÿ\0\0\0\0ÿÿÿÿ\0\0\0\0ÿÿÿÿ\0\0\0\0"..., 1740 <unfinished ...>
19:18:13.505234,1048,<... gettimeofday resumed> {1738783093, 505127}, NULL) = 0
19:18:13.505765,1023,<... write resumed> ) = 1740
19:18:13.506745,1048,gettimeofday( <unfinished ...>
19:18:13.507236,1023,fstat64(44, <unfinished ...>
19:18:13.507537,1048,<... gettimeofday resumed> {1738783093, 507431}, NULL) = 0
19:18:13.507977,1023,<... fstat64 resumed> {st_mode=S_IFREG|0600, st_size=14028, ...}) = 0
19:18:13.509033,1048,gettimeofday( <unfinished ...>
19:18:13.509474,1023,close(44 <unfinished ...>
19:18:13.509769,1048,<... gettimeofday resumed> {1738783093, 509664}, NULL) = 0
19:18:13.519436,1048,brk(0xb88d0000 <unfinished ...>
19:18:13.519695,1023,<... close resumed> ) = 0
19:18:13.520009,1048,<... brk resumed> ) = 0xb88d0000
19:18:13.520356,1023,futex(0xb6f62698, FUTEX_WAIT_PRIVATE, 2, NULL <unfinished ...>
19:18:13.520716,1048,futex(0xb6f62698, FUTEX_WAKE_PRIVATE, 1 <unfinished ...>
19:18:13.521032,1023,<... futex resumed> ) = -1 EAGAIN (Try again)
19:18:13.521320,1048,<... futex resumed> ) = 0
19:18:13.521644,1023,futex(0xb6f62698, FUTEX_WAKE_PRIVATE, 1 <unfinished ...>
19:18:13.522715,1048,gettimeofday( <unfinished ...>
19:18:13.523030,1023,<... futex resumed> ) = 0
19:18:13.523316,1048,<... gettimeofday resumed> {1738783093, 523219}, NULL) = 0
19:18:13.525133,1023,munmap(0xb0f07000, 14620 <unfinished ...>
19:18:13.525805,1048,gettimeofday( <unfinished ...>
19:18:13.546064,1023,<... munmap resumed> ) = 0
19:18:13.546318,1048,<... gettimeofday resumed> {1738783093, 527140}, NULL) = 0
19:18:13.547459,1023,access("/data/data/com.igamepower.appmaster/files", F_OK <unfinished ...>
19:18:13.548708,1048,gettimeofday( <unfinished ...>
19:18:13.549123,1023,<... access resumed> ) = 0
19:18:13.549424,1048,<... gettimeofday resumed> {1738783093, 549316}, NULL) = 0
19:18:13.550181,1023,access("/data/data/com.igamepower.appmaster/files/install.sh", F_OK <unfinished ...>
19:18:13.551345,1048,gettimeofday( <unfinished ...>
19:18:13.551766,1023,<... access resumed> ) = -1 ENOENT (No such file or directory)
19:18:13.552066,1048,<... gettimeofday resumed> {1738783093, 551962}, NULL) = 0
19:18:13.552708,1023,pread(33, <unfinished ...>
19:18:13.553596,1048,brk(0xb88d1000 <unfinished ...>
19:18:13.553929,1023,<... pread resumed> "PK\3\4\n\0\0\0\0\0\225\235\20?å5R ¾\2\0\0¾\2\0\0\22\0\0\0", 30, 80384607911936) = 30
19:18:13.554535,1048,<... brk resumed> ) = 0xb88d1000
19:18:13.554888,1023,futex(0xb6f62698, FUTEX_WAIT_PRIVATE, 2, NULL <unfinished ...>
19:18:13.555279,1048,futex(0xb6f62698, FUTEX_WAKE_PRIVATE, 1 <unfinished ...>
19:18:13.565927,1023,<... futex resumed> ) = -1 EAGAIN (Try again)
19:18:13.566170,1048,<... futex resumed> ) = 0
19:18:13.566542,1023,futex(0xb6f62698, FUTEX_WAKE_PRIVATE, 1 <unfinished ...>
19:18:13.567664,1048,gettimeofday( <unfinished ...>
19:18:13.567990,1023,<... futex resumed> ) = 0
19:18:13.568298,1048,<... gettimeofday resumed> {1738783093, 568195}, NULL) = 0
19:18:13.568744,1023,mmap2(NULL, 3082, PROT_READ, MAP_SHARED, 33, 0x4 <unfinished ...>
19:18:13.569357,1048,gettimeofday( <unfinished ...>
19:18:13.569707,1023,<... mmap2 resumed> ) = 0xb0f0a000
19:18:13.570012,1048,<... gettimeofday resumed> {1738783093, 569905}, NULL) = 0
19:18:13.576852,1048,gettimeofday({1738783093, 577058}, NULL) = 0
19:18:13.577627,1048,gettimeofday({1738783093, 577810}, NULL) = 0
19:18:13.578739,1048,brk(0xb88d2000) = 0xb88d2000
19:18:13.579989,1048,gettimeofday({1738783093, 580185}, NULL) = 0
19:18:13.580857,1048,gettimeofday({1738783093, 581133}, NULL) = 0
19:18:13.581837,1048,gettimeofday({1738783093, 582034}, NULL) = 0
19:18:13.582596,1048,gettimeofday({1738783093, 582785}, NULL) = 0
19:18:13.583588,1048,gettimeofday({1738783093, 583778}, NULL) = 0
19:18:13.584335,1048,gettimeofday({1738783093, 584517}, NULL) = 0
19:18:13.585192,1048,pread(45, "", 8, 39585487935832) = 0
19:18:13.585765,1048,fdatasync(45) = 0
19:18:13.586768,1048,open("/data/data/com.igamepower.appmaster/databases", O_RDONLY) = 44
19:18:13.587610,1048,fcntl64(44, F_GETFD) = 0
19:18:13.588125,1048,fcntl64(44, F_SETFD, FD_CLOEXEC) = 0
19:18:13.588633,1048,fdatasync(44) = 0
19:18:13.590358,1048,close(44) = 0
19:18:13.590971,1048,pwrite(45, "ÙÕ\5ù ¡c×\0\0\0\2", 12, 3069335932) = 12
19:18:13.591767,1048,fdatasync(45) = 0
19:18:13.607372,1048,pwrite(42, "SQLite format 3\0\20\0\1\1\0@ \0\0\0\3\0\0\0\10"..., 4096, 3069335932) = 4096
19:18:13.608248,1048,pwrite(42, "\1\0\0\0\0\1\0\0\0\0\1\0\0\0\0\1\0\0\0\0\1\0\0\0\0\1\0\0\0\0\0\0"..., 4096, 17595255380348) = 4096
19:18:13.609072,1048,pwrite(42, "\r\0\0\0\0\20\0\0\0\0\0\0\0\0\0\0\0\0\0\0\0\0\0\0\0\0\0\0\0\0\0\0"..., 4096, 52779627469180) = 4096
19:18:13.609938,1048,pwrite(42, "\n\0\0\0\0\20\0\0\0\0\0\0\0\0\0\0\0\0\0\0\0\0\0\0\0\0\0\0\0\0\0\0"..., 4096, 70371813513596) = 4096
19:18:13.610795,1048,pwrite(42, "\n\0\0\0\0\20\0\0\0\0\0\0\0\0\0\0\0\0\0\0\0\0\0\0\0\0\0\0\0\0\0\0"..., 4096, 87963999558012) = 4096
19:18:13.611650,1048,pwrite(42, "\n\0\0\0\0\20\0\0\0\0\0\0\0\0\0\0\0\0\0\0\0\0\0\0\0\0\0\0\0\0\0\0"..., 4096, 105556185602428) = 4096
19:18:13.612571,1048,pwrite(42, "\n\0\0\0\0\20\0\0\0\0\0\0\0\0\0\0\0\0\0\0\0\0\0\0\0\0\0\0\0\0\0\0"..., 4096, 123148371646844) = 4096
19:18:13.613440,1048,fdatasync(42) = 0
19:18:13.615345,1048,pwrite(45, "\0\0\0\0\0\0\0\0\0\0\0\0\0\0\0\0\0\0\0\0\0\0\0\0\0\0\0\0", 28, 3069335932) = 28
19:18:13.616182,1048,fdatasync(45) = 0
19:18:13.616928,1048,fstat64(45, {st_mode=S_IFREG|0600, st_size=8720, ...}) = 0
19:18:13.618014,1048,fcntl64(42, F_SETLK, {type=F_RDLCK, whence=SEEK_SET, start=1073741826, len=510}) = 0
19:18:13.618670,1048,fcntl64(42, F_SETLK, {type=F_UNLCK, whence=SEEK_SET, start=1073741824, len=2}) = 0
19:18:13.619328,1048,close(45) = 0
19:18:13.619852,1048,fcntl64(42, F_SETLK, {type=F_UNLCK, whence=SEEK_SET, start=0, len=0}) = 0
19:18:13.620580,1048,gettimeofday({1738783093, 620760}, NULL) = 0
19:18:13.621481,1048,gettimeofday({1738783093, 621663}, NULL) = 0
19:18:13.622368,1048,gettimeofday({1738783093, 622550}, NULL) = 0
19:18:13.623138,1048,gettimeofday({1738783093, 623319}, NULL) = 0
19:18:13.623787,1048,fcntl64(40, F_SETLK, {type=F_RDLCK, whence=SEEK_SET, start=1073741824, len=1}) = 0
19:18:13.625021,1048,fcntl64(40, F_SETLK, {type=F_RDLCK, whence=SEEK_SET, start=1073741826, len=510}) = 0
19:18:13.625672,1048,fcntl64(40, F_SETLK, {type=F_UNLCK, whence=SEEK_SET, start=1073741824, len=1}) = 0
19:18:13.626325,1048,access("/data/data/com.igamepower.appmaster/databases/game_service_package.db-journal", F_OK) = 0
19:18:13.641864,1048,stat64("/data/data/com.igamepower.appmaster/databases/game_service_package.db-journal", {st_mode=S_IFREG|0600, st_size=8720, ...}) = 0
19:18:13.643395,1048,fcntl64(40, F_GETLK, {type=F_UNLCK, whence=SEEK_SET, start=1073741825, len=1, pid=0}) = 0
19:18:13.644042,1048,fstat64(40, {st_mode=S_IFREG|0660, st_size=28672, ...}) = 0
19:18:13.645489,1048,stat64("/data/data/com.igamepower.appmaster/databases/game_service_package.db", {st_mode=S_IFREG|0660, st_size=28672, ...}) = 0
19:18:13.647015,1048,umask(0) = 077
19:18:13.647540,1048,open("/data/data/com.igamepower.appmaster/databases/game_service_package.db-journal", O_RDONLY) = 44
19:18:13.648589,1048,umask(077) = 0
19:18:13.649115,1048,fchown32(44, 10050, 10050) = 0
19:18:13.649725,1048,fcntl64(44, F_GETFD) = 0
19:18:13.650255,1048,fcntl64(44, F_SETFD, FD_CLOEXEC) = 0
19:18:13.650787,1048,pread(44, "\0", 1, 3069335896) = 1
19:18:13.651389,1048,close(44) = 0
19:18:13.651929,1048,fstat64(40, {st_mode=S_IFREG|0660, st_size=28672, ...}) = 0
19:18:13.653033,1048,pread(40, "\0\0\0\5\0\0\0\7\0\0\0\0\0\0\0\0", 16, 106148551000) = 16
19:18:13.653719,1048,fstat64(40, {st_mode=S_IFREG|0660, st_size=28672, ...}) = 0
19:18:13.661792,1048,access("/data/data/com.igamepower.appmaster/databases/game_service_package.db-wal", F_OK) = -1 ENOENT (No such file or directory)
19:18:13.662798,1048,fstat64(40, {st_mode=S_IFREG|0660, st_size=28672, ...}) = 0
19:18:13.663919,1048,fcntl64(40, F_SETLK, {type=F_WRLCK, whence=SEEK_SET, start=1073741825, len=1}) = 0
19:18:13.664638,1048,stat64("/data/data/com.igamepower.appmaster/databases/game_service_package.db", {st_mode=S_IFREG|0660, st_size=28672, ...}) = 0
19:18:13.666165,1048,umask(0) = 077
19:18:13.666686,1048,open("/data/data/com.igamepower.appmaster/databases/game_service_package.db-journal", O_RDWR|O_CREAT, 0660) = 44
19:18:13.667769,1048,umask(077) = 0
19:18:13.668297,1048,fchown32(44, 10050, 10050) = 0
19:18:13.668889,1048,fcntl64(44, F_GETFD) = 0
19:18:13.669420,1048,fcntl64(44, F_SETFD, FD_CLOEXEC) = 0
19:18:13.669956,1048,pwrite(44, "\0\0\0\0\0\0\0\0\0\0\0\0\31ê+\213\0\0\0\7\0\0\2\0\0\0\20\0\0\0\0\0"..., 512, 3069335932) = 512
19:18:13.670827,1048,pwrite(44, "\0\0\0\4", 4, 2202092591484) = 4
19:18:13.671471,1048,pwrite(44, "\r\0\0\0\0\20\0\0\0\0\0\0\0\0\0\0\0\0\0\0\0\0\0\0\0\0\0\0\0\0\0\0"..., 4096, 2219272460668) = 4096
19:18:13.672331,1048,pwrite(44, "\31ê+\213", 4, 19811458505084) = 4
19:18:13.672989,1048,pwrite(44, "\0\0\0\7", 4, 19828638374268) = 4
19:18:13.673635,1048,pwrite(44, "\n\0\0\0\0\20\0\0\0\0\0\0\0\0\0\0\0\0\0\0\0\0\0\0\0\0\0\0\0\0\0\0"..., 4096, 19845818243452) = 4096
19:18:13.674497,1048,pwrite(44, "\31ê+\213", 4, 37438004287868) = 4
19:18:13.675160,1048,pwrite(44, "\0\0\0\6", 4, 37455184157052) = 4
19:18:13.675835,1048,pwrite(44, "\n\0\0\0\0\20\0\0\0\0\0\0\0\0\0\0\0\0\0\0\0\0\0\0\0\0\0\0\0\0\0\0"..., 4096, 37472364026236) = 4096
19:18:13.676781,1048,pwrite(44, "\31ê+\213", 4, 55064550070652) = 4
19:18:13.677464,1048,pwrite(44, "\0\0\0\5", 4, 55081729939836) = 4
19:18:13.678131,1048,pwrite(44, "\n\0\0\0\0\20\0\0\0\0\0\0\0\0\0\0\0\0\0\0\0\0\0\0\0\0\0\0\0\0\0\0"..., 4096, 55098909809020) = 4096
19:18:13.679053,1048,pwrite(44, "\31ê+\213", 4, 72691095853436) = 4
19:18:13.679729,1048,fcntl64(40, F_SETLK, {type=F_WRLCK, whence=SEEK_SET, start=1073741824, len=1}) = 0
19:18:13.693876,1048,fcntl64(40, F_SETLK, {type=F_WRLCK, whence=SEEK_SET, start=1073741826, len=510}) = 0
19:18:13.695858,1048,pwrite(44, "\0\0\0\1", 4, 72708275722620) = 4
19:18:13.696588,1048,pwrite(44, "SQLite format 3\0\20\0\1\1\0@ \0\0\0\5\0\0\0\7"..., 4096, 72725455591804) = 4096
19:18:13.697509,1048,pwrite(44, "\31ê,\0", 4, 90317641636220) = 4
19:18:13.698514,1048,pread(44, "", 8, 92362046069080) = 0
19:18:13.699086,1048,fdatasync(44) = 0
19:18:13.701123,1048,open("/data/data/com.igamepower.appmaster/databases", O_RDONLY) = 45
19:18:13.702035,1048,fcntl64(45, F_GETFD) = 0
19:18:13.702643,1048,fcntl64(45, F_SETFD, FD_CLOEXEC) = 0
19:18:13.703161,1048,fdatasync(45) = 0
19:18:13.704044,1048,close(45) = 0
19:18:13.704588,1048,pwrite(44, "ÙÕ\5ù ¡c×\0\0\0\5", 12, 3069335932) = 12
19:18:13.705302,1048,fdatasync(44) = 0
19:18:13.706109,1048,pwrite(40, "SQLite format 3\0\20\0\1\1\0@ \0\0\0\6\0\0\0\7"..., 4096, 3069335932) = 4096
19:18:13.706966,1048,pwrite(40, "\r\0\0\0\0\20\0\0\0\0\0\0\0\0\0\0\0\0\0\0\0\0\0\0\0\0\0\0\0\0\0\0"..., 4096, 52779627469180) = 4096
19:18:13.707827,1048,pwrite(40, "\n\0\0\0\0\20\0\0\0\0\0\0\0\0\0\0\0\0\0\0\0\0\0\0\0\0\0\0\0\0\0\0"..., 4096, 70371813513596) = 4096
19:18:13.708687,1048,pwrite(40, "\n\0\0\0\0\20\0\0\0\0\0\0\0\0\0\0\0\0\0\0\0\0\0\0\0\0\0\0\0\0\0\0"..., 4096, 87963999558012) = 4096
19:18:13.709543,1048,pwrite(40, "\n\0\0\0\0\20\0\0\0\0\0\0\0\0\0\0\0\0\0\0\0\0\0\0\0\0\0\0\0\0\0\0"..., 4096, 105556185602428) = 4096
19:18:13.710413,1048,fdatasync(40) = 0
19:18:13.711421,1048,pwrite(44, "\0\0\0\0\0\0\0\0\0\0\0\0\0\0\0\0\0\0\0\0\0\0\0\0\0\0\0\0", 28, 3069335932) = 28
19:18:13.712253,1048,fdatasync(44) = 0
19:18:13.713015,1048,fstat64(44, {st_mode=S_IFREG|0600, st_size=21032, ...}) = 0
19:18:13.714137,1048,fcntl64(40, F_SETLK, {type=F_RDLCK, whence=SEEK_SET, start=1073741826, len=510}) = 0
19:18:13.714821,1048,fcntl64(40, F_SETLK, {type=F_UNLCK, whence=SEEK_SET, start=1073741824, len=2}) = 0
19:18:13.715507,1048,close(44) = 0
19:18:13.716059,1048,fcntl64(40, F_SETLK, {type=F_UNLCK, whence=SEEK_SET, start=0, len=0}) = 0
19:18:13.716805,1048,gettimeofday({1738783093, 716995}, NULL) = 0
19:18:13.717753,1048,gettimeofday({1738783093, 717943}, NULL) = 0
19:18:13.737580,1048,gettimeofday({1738783093, 737774}, NULL) = 0
19:18:13.738391,1048,gettimeofday({1738783093, 738574}, NULL) = 0
19:18:13.739291,1048,gettimeofday({1738783093, 739474}, NULL) = 0
19:18:13.740024,1048,gettimeofday({1738783093, 740205}, NULL) = 0
19:18:13.740815,1048,fcntl64(40, F_SETLK, {type=F_RDLCK, whence=SEEK_SET, start=1073741824, len=1}) = 0
19:18:13.741509,1048,fcntl64(40, F_SETLK, {type=F_RDLCK, whence=SEEK_SET, start=1073741826, len=510}) = 0
19:18:13.742159,1048,fcntl64(40, F_SETLK, {type=F_UNLCK, whence=SEEK_SET, start=1073741824, len=1}) = 0
19:18:13.742874,1048,access("/data/data/com.igamepower.appmaster/databases/game_service_package.db-journal", F_OK) = 0
19:18:13.743869,1048,stat64("/data/data/com.igamepower.appmaster/databases/game_service_package.db-journal", {st_mode=S_IFREG|0600, st_size=21032, ...}) = 0
19:18:13.745397,1048,fcntl64(40, F_GETLK, {type=F_UNLCK, whence=SEEK_SET, start=1073741825, len=1, pid=0}) = 0
19:18:13.746041,1048,fstat64(40, {st_mode=S_IFREG|0660, st_size=28672, ...}) = 0
19:18:13.747098,1048,stat64("/data/data/com.igamepower.appmaster/databases/game_service_package.db", {st_mode=S_IFREG|0660, st_size=28672, ...}) = 0
19:18:13.748544,1048,umask(0) = 077
19:18:13.749049,1048,open("/data/data/com.igamepower.appmaster/databases/game_service_package.db-journal", O_RDONLY) = 44
19:18:13.750043,1048,umask(077) = 0
19:18:13.750541,1048,fchown32(44, 10050, 10050) = 0
19:18:13.757013,1048,fcntl64(44, F_GETFD) = 0
19:18:13.757606,1048,fcntl64(44, F_SETFD, FD_CLOEXEC) = 0
19:18:13.758123,1048,pread(44, "\0", 1, 3069335896) = 1
19:18:13.758696,1048,close(44) = 0
19:18:13.759221,1048,fstat64(40, {st_mode=S_IFREG|0660, st_size=28672, ...}) = 0
19:18:13.760272,1048,pread(40, "\0\0\0\6\0\0\0\7\0\0\0\0\0\0\0\0", 16, 106148551000) = 16
19:18:13.760927,1048,fstat64(40, {st_mode=S_IFREG|0660, st_size=28672, ...}) = 0
19:18:13.761977,1048,access("/data/data/com.igamepower.appmaster/databases/game_service_package.db-wal", F_OK) = -1 ENOENT (No such file or directory)
19:18:13.762928,1048,fstat64(40, {st_mode=S_IFREG|0660, st_size=28672, ...}) = 0
19:18:13.763993,1048,fcntl64(40, F_SETLK, {type=F_WRLCK, whence=SEEK_SET, start=1073741825, len=1}) = 0
19:18:13.764648,1048,fcntl64(40, F_SETLK, {type=F_WRLCK, whence=SEEK_SET, start=1073741824, len=1}) = 0
19:18:13.765293,1048,fcntl64(40, F_SETLK, {type=F_WRLCK, whence=SEEK_SET, start=1073741826, len=510}) = 0
19:18:13.766039,1048,gettimeofday({1738783093, 766220}, NULL) = 0
19:18:13.767339,1048,gettid() = 1048
19:18:13.767858,1048,getpid() = 1023
19:18:13.768367,1048,getuid32() = 10050
19:18:13.769035,1048,getpid() = 1023
19:18:13.769540,1048,gettid() = 1048
19:18:13.770054,1048,ioctl(9, 0xc0186201, 0xac85f920) = 0
19:18:13.773858,1048,ioctl(9, 0xc0186201 <unfinished ...>
19:18:13.806217,1023,open("/data/data/com.igamepower.appmaster/files/install.sh", O_WRONLY|O_CREAT|O_TRUNC, 0600) = 44
19:18:13.807637,1023,fstat64(44, {st_mode=S_IFREG|0600, st_size=0, ...}) = 0
19:18:13.810254,1023,clock_gettime(CLOCK_MONOTONIC, {112, 95215978}) = 0
19:18:13.810925,1023,getpid() = 1023
19:18:13.811529,1023,readlink("/proc/1023/fd/44", "/data/data/com.igamepower.appmaster/files/install.sh"..., 120) = 52
19:18:13.812777,1023,writev(3, [{"\5", 1}, {"dalvikvm\0", 9}, {"DroidBox: { \"FdAccess\": { \"path\""..., 164}], 3) = 174
19:18:13.816154,1023,writev(3, [{"\5", 1}, {"DroidBox\0", 9}, {"DroidBox: { \"FileRW\": { \"operati"..., 280}], 3) = 290
19:18:13.818717,1023,write(44, "#!/data/data/com.igamepower.appm"..., 702) = 702
19:18:13.819745,1023,fstat64(44, {st_mode=S_IFREG|0600, st_size=702, ...}) = 0
19:18:13.820967,1023,close(44) = 0
19:18:13.821572,1023,munmap(0xb0f0a000, 3082) = 0
19:18:13.822281,1023,access("/data/data/com.igamepower.appmaster/files", F_OK) = 0
19:18:13.823361,1023,access("/data/data/com.igamepower.appmaster/files/installsoft.sh", F_OK) = -1 ENOENT (No such file or directory)
19:18:13.824517,1023,pread(33, "PK\3\4\n\0\0\0\0\0\225\235\20?\2152r#T\1\0\0T\1\0\0\26\0\0\0", 30, 83605833383936) = 30
19:18:13.825349,1023,mmap2(NULL, 3474, PROT_READ, MAP_SHARED, 33, 0x4) = 0xb0f0a000
19:18:13.968984,1023,open("/data/data/com.igamepower.appmaster/files/installsoft.sh", O_WRONLY|O_CREAT|O_TRUNC, 0600) = 44
19:18:13.970354,1023,fstat64(44, {st_mode=S_IFREG|0600, st_size=0, ...}) = 0
19:18:13.972578,1023,clock_gettime(CLOCK_MONOTONIC, {112, 257519276}) = 0
19:18:13.973244,1023,getpid() = 1023
19:18:13.973796,1023,readlink("/proc/1023/fd/44", "/data/data/com.igamepower.appmaster/files/installsoft.sh"..., 120) = 56
19:18:13.975032,1023,writev(3, [{"\5", 1}, {"dalvikvm\0", 9}, {"DroidBox: { \"FdAccess\": { \"path\""..., 173}], 3) = 183
19:18:14.012029,1023,writev(3, [{"\5", 1}, {"DroidBox\0", 9}, {"DroidBox: { \"FileRW\": { \"operati"..., 281}], 3) = 291
19:18:14.013448,1023,write(44, "#!/data/data/com.igamepower.appm"..., 340) = 340
19:18:14.014432,1023,fstat64(44, {st_mode=S_IFREG|0600, st_size=340, ...}) = 0
19:18:14.015686,1023,close(44) = 0
19:18:14.035621,1023,munmap(0xb0f0a000, 3474) = 0
19:18:14.053202,1023,access("/data/data/com.igamepower.appmaster/files", F_OK) = 0
19:18:14.054251,1023,access("/data/data/com.igamepower.appmaster/files/runme.sh", F_OK) = -1 ENOENT (No such file or directory)
19:18:14.055355,1023,pread(33, "PK\3\4\n\0\0\0\0\0\225\235\20?\215=#@\210\25\0\0\210\25\0\0\20\0\0\0", 30, 85289460563968) = 30
19:18:14.056173,1023,mmap2(NULL, 9032, PROT_READ, MAP_SHARED, 33, 0x4) = 0xb0f08000
19:18:14.239544,1048,<... ioctl resumed> , 0xac85f920) = 0
19:18:14.240407,1048,mprotect(0xb1652000, 8192, PROT_READ|PROT_WRITE) = 0
19:18:14.241286,1048,mmap2(NULL, 131072, PROT_READ|PROT_WRITE, MAP_PRIVATE|MAP_ANONYMOUS, -1, 0) = 0xac428000
19:18:14.241855,1048,madvise(0xac428000, 131072, 0xc /* MADV_??? */) = -1 EINVAL (Invalid argument)
19:18:14.268900,1023,futex(0xb876f0bc, FUTEX_WAIT_PRIVATE, 2, NULL <unfinished ...>
19:18:14.269278,1048,futex(0xb876f0bc, FUTEX_WAKE_PRIVATE, 1 <unfinished ...>
19:18:14.269577,1023,<... futex resumed> ) = 0
19:18:14.269881,1023,futex(0xb876f0bc, FUTEX_WAKE_PRIVATE, 1) = 0
19:18:14.270625,1023,open("/data/data/com.igamepower.appmaster/files/runme.sh", O_WRONLY|O_CREAT|O_TRUNC, 0600) = 44
19:18:14.271798,1023,fstat64(44, {st_mode=S_IFREG|0600, st_size=0, ...}) = 0
19:18:14.273920,1023,clock_gettime(CLOCK_MONOTONIC, {112, 558930234}) = 0
19:18:14.274601,1023,getpid() = 1023
19:18:14.275189,1023,readlink("/proc/1023/fd/44", "/data/data/com.igamepower.appmaster/files/runme.sh", 120) = 50
19:18:14.276332,1023,writev(3, [{"\5", 1}, {"dalvikvm\0", 9}, {"DroidBox: { \"FdAccess\": { \"path\""..., 160}], 3) = 170
19:18:14.279309,1048,<... futex resumed> ) = 1
19:18:14.303044,1023,mprotect(0xb3de5000, 1249280, PROT_READ|PROT_WRITE) = 0
19:18:14.303649,1023,mprotect(0xb3f16000, 40296448, PROT_NONE) = 0
19:18:14.306534,1023,writev(3, [{"\5", 1}, {"DroidBox\0", 9}, {"DroidBox: { \"FileRW\": { \"operati"..., 304}], 3) = 314
19:18:14.307686,1023,write(44, "\177ELF\1\1\1\0\0\0\0\0\0\0\0\0\2\0(\0\1\0\0\0Ð\204\0\0004\0\0\0"..., 4096) = 4096
19:18:14.309590,1023,clock_gettime(CLOCK_MONOTONIC, {112, 594527781}) = 0
19:18:14.310231,1023,getpid() = 1023
19:18:14.330829,1023,readlink("/proc/1023/fd/44", "/data/data/com.igamepower.appmaster/files/runme.sh", 120) = 50
19:18:14.337913,1023,writev(3, [{"\5", 1}, {"dalvikvm\0", 9}, {"DroidBox: { \"FdAccess\": { \"path\""..., 160}], 3) = 170
19:18:14.343515,1023,mprotect(0xb3de5000, 1314816, PROT_READ|PROT_WRITE) = 0
19:18:14.344159,1023,mprotect(0xb3f26000, 40230912, PROT_NONE) = 0
19:18:14.344859,1023,writev(3, [{"\5", 1}, {"DroidBox\0", 9}, {"DroidBox: { \"FileRW\": { \"operati"..., 354}], 3) = 364
19:18:14.345874,1023,write(44, "ÿÿÿÿ\0\0\0\0ÿÿÿÿ\0\0\0\0ÿÿÿÿ\0\0\0\0ÿÿÿÿ\0\0\0\0"..., 1416) = 1416
19:18:14.346833,1023,fstat64(44, {st_mode=S_IFREG|0600, st_size=5512, ...}) = 0
19:18:14.368172,1023,close(44) = 0
19:18:14.368767,1023,munmap(0xb0f08000, 9032) = 0
19:18:14.369465,1023,access("/data/data/com.igamepower.appmaster/files", F_OK) = 0
19:18:14.372203,1023,access("/data/data/com.igamepower.appmaster/files", F_OK) = 0
19:18:14.375307,1023,access("/data/data/com.igamepower.appmaster/files", F_OK) = 0
19:18:14.386086,1023,access("/data/data/com.igamepower.appmaster/files", F_OK) = 0
19:18:14.387180,1023,writev(3, [{"\4", 1}, {"GameService\0", 12}, {"chmod 775 /data/data/com.igamepo"..., 222}], 3) = 235
19:18:14.390743,1023,mmap2(NULL, 32768, PROT_READ|PROT_WRITE, MAP_PRIVATE|MAP_ANONYMOUS, -1, 0) = 0xac420000
19:18:14.391469,1023,madvise(0xac420000, 32768, 0xc /* MADV_??? */) = -1 EINVAL (Invalid argument)
19:18:14.392042,1023,mmap2(NULL, 1048576, PROT_READ|PROT_WRITE, MAP_PRIVATE|MAP_ANONYMOUS|MAP_NORESERVE, -1, 0) = 0xac320000
19:18:14.392611,1023,madvise(0xac320000, 1048576, 0xc /* MADV_??? */) = -1 EINVAL (Invalid argument)
19:18:14.393212,1023,mprotect(0xac320000, 4096, PROT_NONE) = 0
19:18:14.395583,1023,clone(child_stack=0xac41ff00, flags=CLONE_VM|CLONE_FS|CLONE_FILES|CLONE_SIGHAND|CLONE_THREAD|CLONE_SYSVSEM|0x400000) = 1054
19:18:14.397526,1023,futex(0xb689b580, FUTEX_WAIT_PRIVATE, -378, NULL <unfinished ...>
19:18:14.397987,1054,set_tls(0xac41ff00, 0xb886b8f8, 0xac41fffc, 0x40, 0xac41ff00) = 0
19:18:14.398560,1054,prctl(PR_SET_NAME, 0xac41fe8c, 0, 0, 0) = 0
19:18:14.399120,1054,gettid() = 1054
19:18:14.399599,1054,futex(0xb689b580, FUTEX_WAKE_PRIVATE, 2147483647 <unfinished ...>
19:18:14.399964,1023,<... futex resumed> ) = 0
19:18:14.400304,1023,futex(0xb689b57c, FUTEX_WAIT_PRIVATE, 2, NULL <unfinished ...>
19:18:14.400580,1054,<... futex resumed> ) = 1
19:18:14.400862,1054,futex(0xb689b57c, FUTEX_WAKE_PRIVATE, 1 <unfinished ...>
19:18:14.401228,1023,<... futex resumed> ) = 0
19:18:14.401533,1023,futex(0xb689b57c, FUTEX_WAKE_PRIVATE, 1) = 0
19:18:14.402095,1023,futex(0xb689b580, FUTEX_WAKE_PRIVATE, 2147483647) = 0
19:18:14.403142,1023,pipe([44, 45]) = 0
19:18:14.403774,1023,pipe([46, 47]) = 0
19:18:14.404424,1023,pipe([48, 49]) = 0
19:18:14.420261,1054,<... futex resumed> ) = 1
19:18:14.421733,1023,pipe( <unfinished ...>
19:18:14.422458,1054,futex(0xb689b580, FUTEX_WAIT_PRIVATE, -380, NULL <unfinished ...>
19:18:14.422784,1023,<... pipe resumed> [50, 51]) = 0
19:18:14.423149,1054,<... futex resumed> ) = -1 EAGAIN (Try again)
19:18:14.423490,1023,fork( <unfinished ...>
19:18:14.423774,1054,futex(0xb6f62698, FUTEX_WAIT_PRIVATE, 2, NULL <unfinished ...>
19:18:14.446557,1048,futex(0xb6f62698, FUTEX_WAKE_PRIVATE, 1 <unfinished ...>
19:18:14.447397,1023,<... fork resumed> ) = 1055
19:18:14.447855,1023,close(44) = 0
19:18:14.448433,1023,close(47) = 0
19:18:14.448944,1023,close(49) = 0
19:18:14.449490,1023,close(51) = 0
19:18:14.450024,1023,read(50, <unfinished ...>
19:18:14.450627,1055,gettid() = 1055
19:18:14.451278,1055,getuid32() = 10050
19:18:14.452014,1055,open("/acct/uid/10050/tasks", O_RDWR|O_CREAT, 0666) = -1 EACCES (Permission denied)
19:18:14.452799,1055,mkdir("/acct/uid/10050", 0775) = -1 EEXIST (File exists)
19:18:14.453555,1055,dup2(44, 0) = 0
19:18:14.454570,1055,dup2(47, 1) = 1
19:18:14.455118,1055,dup2(49, 2) = 2
19:18:14.455604,1055,close(44) = 0
19:18:14.456132,1055,close(45) = 0
19:18:14.456590,1055,close(46) = 0
19:18:14.457162,1055,close(47) = 0
19:18:14.457617,1055,close(48) = 0
19:18:14.458128,1055,close(49) = 0
19:18:14.458582,1055,close(50) = 0
19:18:14.459126,1055,fcntl64(51, F_SETFD, FD_CLOEXEC) = 0
19:18:14.459605,1055,getrlimit(RLIMIT_NOFILE, {rlim_cur=1024, rlim_max=4*1024}) = 0
19:18:14.460334,1055,close(3) = 0
19:18:14.460803,1055,close(4) = 0
19:18:14.461315,1055,close(5) = 0
19:18:14.461770,1055,close(6) = 0
19:18:14.462279,1055,close(7) = 0
19:18:14.462732,1055,close(9 <unfinished ...>
19:18:14.463193,1036,<... ioctl resumed> , 0xacedae28) = 0
19:18:14.463510,1035,<... ioctl resumed> , 0xacfe2e28) = 0
19:18:14.463852,1037,<... ioctl resumed> , 0xacdd2e28) = 0
19:18:14.464283,1036,write(24, "1036", 4 <unfinished ...>
19:18:14.464683,1035,write(24, "1035", 4 <unfinished ...>
19:18:14.465468,1037,mmap2(NULL, 1048576, PROT_READ|PROT_WRITE, MAP_PRIVATE|MAP_ANONYMOUS|MAP_NORESERVE, -1, 0 <unfinished ...>
19:18:14.486314,1055,<... close resumed> ) = 0
19:18:14.486532,1054,<... futex resumed> ) = 0
19:18:14.486708,1048,<... futex resumed> ) = 1
19:18:14.486886,1036,<... write resumed> ) = 4
19:18:14.487102,1035,<... write resumed> ) = 4
19:18:14.487509,1037,<... mmap2 resumed> ) = 0xac220000
19:18:14.487806,1055,close(10 <unfinished ...>
19:18:14.488260,1054,futex(0xb6f62698, FUTEX_WAKE_PRIVATE, 1 <unfinished ...>
19:18:14.500229,1036,ioctl(9, 0xc0186201 <unfinished ...>
19:18:14.500588,1035,ioctl(9, 0xc0186201 <unfinished ...>
19:18:14.500891,1037,madvise(0xac220000, 1048576, 0xc /* MADV_??? */ <unfinished ...>
19:18:14.501253,1055,<... close resumed> ) = 0
19:18:14.501574,1054,<... futex resumed> ) = 0
19:18:14.502139,1037,<... madvise resumed> ) = -1 EINVAL (Invalid argument)
19:18:14.502454,1055,close(11 <unfinished ...>
19:18:14.502896,1054,getpriority(PRIO_PROCESS, 1054 <unfinished ...>
19:18:14.503285,1037,mprotect(0xac220000, 4096, PROT_NONE <unfinished ...>
19:18:14.503579,1055,<... close resumed> ) = 0
19:18:14.503908,1054,<... getpriority resumed> ) = 20
19:18:14.504261,1037,<... mprotect resumed> ) = 0
19:18:14.504542,1055,close(12 <unfinished ...>
19:18:14.504826,1054,setpriority(PRIO_PROCESS, 1054, 0 <unfinished ...>
19:18:14.505255,1037,clone( <unfinished ...>
19:18:14.505562,1055,<... close resumed> ) = 0
19:18:14.516280,1055,close(13 <unfinished ...>
19:18:14.516538,1054,<... setpriority resumed> ) = 0
19:18:14.518311,1055,<... close resumed> ) = 0
19:18:14.519072,1054,wait4(0, <unfinished ...>
19:18:14.524868,1037,<... clone resumed> child_stack=0xac31ff00, flags=CLONE_VM|CLONE_FS|CLONE_FILES|CLONE_SIGHAND|CLONE_THREAD|CLONE_SYSVSEM|0x400000) = 1056
19:18:14.525284,1055,close(14 <unfinished ...>
19:18:14.525675,1037,write(24, "1037", 4 <unfinished ...>
19:18:14.526058,1055,<... close resumed> ) = 0
19:18:14.526384,1037,<... write resumed> ) = 4
19:18:14.526714,1055,close(15 <unfinished ...>
19:18:14.527090,1037,ioctl(9, 0xc0186201 <unfinished ...>
19:18:14.527384,1055,<... close resumed> ) = 0
19:18:14.527738,1055,close(16) = 0
19:18:14.528297,1055,close(17) = 0
19:18:14.528812,1055,close(18) = 0
19:18:14.529366,1055,close(19) = 0
19:18:14.529878,1055,close(20) = 0
19:18:14.530430,1055,close(21) = 0
19:18:14.530941,1055,close(22) = 0
19:18:14.531495,1055,close(23) = 0
19:18:14.536106,1055,close(24 <unfinished ...>
19:18:14.536433,1056,set_tls(0xac31ff00, 0xb888ca20, 0xac31fffc, 0x40, 0xac31ff00 <unfinished ...>
19:18:14.536701,1055,<... syscall_6 resumed> ) = 0
19:18:14.536961,1056,<... set_tls resumed> ) = 0
19:18:14.537284,1055,close(25 <unfinished ...>
19:18:14.537570,1056,setpriority(PRIO_PROCESS, 0, 0 <unfinished ...>
19:18:14.537829,1055,<... close resumed> ) = 0
19:18:14.538154,1056,<... setpriority resumed> ) = 0
19:18:14.538458,1055,close(26 <unfinished ...>
19:18:14.538740,1056,gettid( <unfinished ...>
19:18:14.539017,1055,<... close resumed> ) = 0
19:18:14.539290,1056,<... gettid resumed> ) = 1056
19:18:14.539668,1055,close(27 <unfinished ...>
19:18:14.539972,1056,write(24, "1056", 4 <unfinished ...>
19:18:14.540342,1055,<... close resumed> ) = 0
19:18:14.540639,1056,<... write resumed> ) = 4
19:18:14.540978,1055,close(28 <unfinished ...>
19:18:14.541301,1056,prctl(PR_SET_NAME, 0xb8896e78, 0, 0, 0 <unfinished ...>
19:18:14.541564,1055,<... close resumed> ) = 0
19:18:14.541838,1056,<... prctl resumed> ) = 0
19:18:14.542193,1055,close(29 <unfinished ...>
19:18:14.542544,1056,mmap2(NULL, 32768, PROT_READ|PROT_WRITE, MAP_PRIVATE|MAP_ANONYMOUS, -1, 0 <unfinished ...>
19:18:14.542825,1055,<... close resumed> ) = 0
19:18:14.543171,1056,<... mmap2 resumed> ) = 0xac218000
19:18:14.543503,1055,close(30 <unfinished ...>
19:18:14.543785,1056,madvise(0xac218000, 32768, 0xc /* MADV_??? */ <unfinished ...>
19:18:14.544137,1055,<... close resumed> ) = 0
19:18:14.544395,1056,<... madvise resumed> ) = -1 EINVAL (Invalid argument)
19:18:14.544682,1055,close(31 <unfinished ...>
19:18:14.545050,1056,gettid( <unfinished ...>
19:18:14.545330,1055,<... close resumed> ) = 0
19:18:14.545587,1056,<... gettid resumed> ) = 1056
19:18:14.545872,1055,close(32 <unfinished ...>
19:18:14.546342,1056,getpriority(PRIO_PROCESS, 0 <unfinished ...>
19:18:14.546605,1055,<... close resumed> ) = 0
19:18:14.546895,1056,<... getpriority resumed> ) = 20
19:18:14.547215,1055,close(33 <unfinished ...>
19:18:14.547746,1056,gettid( <unfinished ...>
19:18:14.548012,1055,<... close resumed> ) = 0
19:18:14.548272,1056,<... gettid resumed> ) = 1056
19:18:14.548559,1055,close(34 <unfinished ...>
19:18:14.548906,1056,gettid( <unfinished ...>
19:18:14.549175,1055,<... close resumed> ) = 0
19:18:14.549440,1056,<... gettid resumed> ) = 1056
19:18:14.549733,1055,close(35 <unfinished ...>
19:18:14.550074,1056,getpid( <unfinished ...>
19:18:14.550328,1055,<... close resumed> ) = 0
19:18:14.550585,1056,<... getpid resumed> ) = 1023
19:18:14.550870,1055,close(36 <unfinished ...>
19:18:14.551188,1056,getuid32( <unfinished ...>
19:18:14.551441,1055,<... close resumed> ) = 0
19:18:14.551697,1056,<... getuid32 resumed> ) = 10050
19:18:14.552023,1055,close(37 <unfinished ...>
19:18:14.552429,1056,write(24, "1056", 4 <unfinished ...>
19:18:14.552764,1055,<... close resumed> ) = 0
19:18:14.553129,1056,<... write resumed> ) = 4
19:18:14.553413,1055,close(38 <unfinished ...>
19:18:14.553698,1056,ioctl(9, 0xc0186201 <unfinished ...>
19:18:14.554020,1055,<... close resumed> ) = 0
19:18:14.554329,1056,<... ioctl resumed> , 0xac31fe28) = 0
19:18:14.554614,1055,close(39 <unfinished ...>
19:18:14.554901,1056,write(24, "1056", 4 <unfinished ...>
19:18:14.555268,1055,<... close resumed> ) = 0
19:18:14.555542,1056,<... write resumed> ) = 4
19:18:14.555824,1055,close(40 <unfinished ...>
19:18:14.556162,1056,ioctl(9, 0xc0186201 <unfinished ...>
19:18:14.556428,1055,<... close resumed> ) = 0
19:18:14.556742,1055,close(41) = 0
19:18:14.578086,1055,close(42 <unfinished ...>
19:18:14.578350,1048,mprotect(0xb3de5000, 1380352, PROT_READ|PROT_WRITE <unfinished ...>
19:18:14.578660,1055,<... close resumed> ) = 0
19:18:14.578985,1048,<... mprotect resumed> ) = 0
19:18:14.579327,1055,close(43 <unfinished ...>
19:18:14.579633,1048,mprotect(0xb3f36000, 40165376, PROT_NONE <unfinished ...>
19:18:14.579921,1055,<... close resumed> ) = 0
19:18:14.580249,1048,<... mprotect resumed> ) = 0
19:18:14.580634,1055,close(44 <unfinished ...>
19:18:14.581885,1048,futex(0xb875a9a8, FUTEX_WAKE_PRIVATE, 1 <unfinished ...>
19:18:14.582213,1055,<... close resumed> ) = -1 EBADF (Bad file number)
19:18:14.582544,1048,<... futex resumed> ) = 1
19:18:14.582852,1055,close(45 <unfinished ...>
19:18:14.583191,1027,<... futex resumed> ) = 0
19:18:14.583741,1048,futex(0xb875a9a8, FUTEX_WAKE_PRIVATE, 1 <unfinished ...>
19:18:14.584059,1055,<... close resumed> ) = -1 EBADF (Bad file number)
19:18:14.584432,1027,futex(0xb689b5f4, FUTEX_WAIT_PRIVATE, 2, NULL <unfinished ...>
19:18:14.584720,1048,<... futex resumed> ) = 0
19:18:14.585060,1055,close(46 <unfinished ...>
19:18:14.585387,1048,futex(0xb689b5f4, FUTEX_WAKE_PRIVATE, 1 <unfinished ...>
19:18:14.585659,1055,<... close resumed> ) = -1 EBADF (Bad file number)
19:18:14.585950,1048,<... futex resumed> ) = 1
19:18:14.586289,1055,close(47 <unfinished ...>
19:18:14.586582,1027,<... futex resumed> ) = 0
19:18:14.586942,1048,futex(0xb875a9a8, FUTEX_WAKE_PRIVATE, 1 <unfinished ...>
19:18:14.587240,1055,<... close resumed> ) = -1 EBADF (Bad file number)
19:18:14.587546,1027,futex(0xb689b5f4, FUTEX_WAIT_PRIVATE, 2, NULL <unfinished ...>
19:18:14.587814,1048,<... futex resumed> ) = 0
19:18:14.588136,1055,close(48 <unfinished ...>
19:18:14.588443,1048,futex(0xb689b5f4, FUTEX_WAKE_PRIVATE, 1 <unfinished ...>
19:18:14.606981,1055,<... close resumed> ) = -1 EBADF (Bad file number)
19:18:14.607254,1048,<... futex resumed> ) = 1
19:18:14.607448,1027,<... futex resumed> ) = 0
19:18:14.607758,1055,close(49 <unfinished ...>
19:18:14.608075,1048,futex(0xb875a9a8, FUTEX_WAKE_PRIVATE, 1 <unfinished ...>
19:18:14.609396,1027,futex(0xb689b5f4, FUTEX_WAIT_PRIVATE, 2, NULL <unfinished ...>
19:18:14.609689,1055,<... close resumed> ) = -1 EBADF (Bad file number)
19:18:14.610051,1048,<... futex resumed> ) = 0
19:18:14.610379,1055,close(50 <unfinished ...>
19:18:14.610685,1048,futex(0xb689b5f4, FUTEX_WAKE_PRIVATE, 1 <unfinished ...>
19:18:14.610954,1055,<... close resumed> ) = -1 EBADF (Bad file number)
19:18:14.611284,1048,<... futex resumed> ) = 1
19:18:14.611580,1055,close(52 <unfinished ...>
19:18:14.611868,1027,<... futex resumed> ) = 0
19:18:14.612500,1048,futex(0xb875a9a8, FUTEX_WAKE_PRIVATE, 1 <unfinished ...>
19:18:14.612774,1055,<... close resumed> ) = -1 EBADF (Bad file number)
19:18:14.613126,1027,futex(0xb689b5f4, FUTEX_WAIT_PRIVATE, 2, NULL <unfinished ...>
19:18:14.613426,1048,<... futex resumed> ) = 0
19:18:14.613720,1055,close(53 <unfinished ...>
19:18:14.614094,1048,futex(0xb689b5f4, FUTEX_WAKE_PRIVATE, 1 <unfinished ...>
19:18:14.614372,1055,<... close resumed> ) = -1 EBADF (Bad file number)
19:18:14.614668,1048,<... futex resumed> ) = 1
19:18:14.614985,1055,close(54 <unfinished ...>
19:18:14.615310,1027,<... futex resumed> ) = 0
19:18:14.616077,1055,<... close resumed> ) = -1 EBADF (Bad file number)
19:18:14.616444,1027,clock_gettime(CLOCK_MONOTONIC, <unfinished ...>
19:18:14.616727,1055,close(55 <unfinished ...>
19:18:14.617014,1027,<... clock_gettime resumed> {112, 901657027}) = 0
19:18:14.617345,1055,<... close resumed> ) = -1 EBADF (Bad file number)
19:18:14.617960,1027,clock_gettime(CLOCK_MONOTONIC, <unfinished ...>
19:18:14.618252,1055,close(56 <unfinished ...>
19:18:14.618531,1027,<... clock_gettime resumed> {112, 903181625}) = 0
19:18:14.618857,1055,<... close resumed> ) = -1 EBADF (Bad file number)
19:18:14.619196,1027,clock_gettime(CLOCK_MONOTONIC, <unfinished ...>
19:18:14.619484,1055,close(57 <unfinished ...>
19:18:14.619769,1027,<... clock_gettime resumed> {112, 904417281}) = 0
19:18:14.620115,1055,<... close resumed> ) = -1 EBADF (Bad file number)
19:18:14.620426,1027,nanosleep({0, 10000000}, <unfinished ...>
19:18:14.620767,1055,close(58) = -1 EBADF (Bad file number)
19:18:14.621298,1055,close(59) = -1 EBADF (Bad file number)
19:18:14.621777,1055,close(60) = -1 EBADF (Bad file number)
19:18:14.622261,1055,close(61) = -1 EBADF (Bad file number)
19:18:14.622738,1055,close(62) = -1 EBADF (Bad file number)
19:18:14.623221,1055,close(63) = -1 EBADF (Bad file number)
19:18:14.623697,1055,close(64) = -1 EBADF (Bad file number)
19:18:14.624179,1055,close(65) = -1 EBADF (Bad file number)
19:18:14.624654,1055,close(66) = -1 EBADF (Bad file number)
19:18:14.625139,1055,close(67) = -1 EBADF (Bad file number)
19:18:14.649033,1027,<... nanosleep resumed> 0xaf59dd88) = 0
19:18:14.651554,1055,close(68 <unfinished ...>
19:18:14.651895,1027,clock_gettime(CLOCK_MONOTONIC, <unfinished ...>
19:18:14.652426,1055,<... close resumed> ) = -1 EBADF (Bad file number)
19:18:14.652720,1027,<... clock_gettime resumed> {112, 937371381}) = 0
19:18:14.654359,1027,nanosleep({0, 20000000}, <unfinished ...>
19:18:14.655202,1055,close(69) = -1 EBADF (Bad file number)
19:18:14.655719,1055,close(70) = -1 EBADF (Bad file number)
19:18:14.697140,1055,close(71 <unfinished ...>
19:18:14.697432,1048,futex(0xb689b5f4, FUTEX_WAIT_PRIVATE, 2, NULL <unfinished ...>
19:18:14.697634,1027,<... nanosleep resumed> 0xaf59dd88) = 0
19:18:14.702397,1055,<... close resumed> ) = -1 EBADF (Bad file number)
19:18:14.702798,1027,madvise(0xb2404000, 3397490, MADV_NORMAL <unfinished ...>
19:18:14.703190,1055,close(72 <unfinished ...>
19:18:14.703477,1027,<... madvise resumed> ) = 0
19:18:14.703735,1055,<... close resumed> ) = -1 EBADF (Bad file number)
19:18:14.709390,1027,futex(0xb689b5f4, FUTEX_WAKE_PRIVATE, 1 <unfinished ...>
19:18:14.709692,1055,close(73 <unfinished ...>
19:18:14.709995,1027,<... futex resumed> ) = 1
19:18:14.710294,1055,<... close resumed> ) = -1 EBADF (Bad file number)
19:18:14.710595,1048,<... futex resumed> ) = 0
19:18:14.710939,1027,futex(0xb689b58c, FUTEX_WAKE_PRIVATE, 2147483647 <unfinished ...>
19:18:14.711264,1055,close(74 <unfinished ...>
19:18:14.711577,1048,futex(0xb689b5f4, FUTEX_WAKE_PRIVATE, 1 <unfinished ...>
19:18:14.711873,1027,<... futex resumed> ) = 0
19:18:14.712187,1055,<... close resumed> ) = -1 EBADF (Bad file number)
19:18:14.712463,1048,<... futex resumed> ) = 0
19:18:14.712775,1027,clock_gettime(CLOCK_MONOTONIC, <unfinished ...>
19:18:14.713137,1055,close(75 <unfinished ...>
19:18:14.717476,1027,<... clock_gettime resumed> {113, 2081565}) = 0
19:18:14.718075,1055,<... close resumed> ) = -1 EBADF (Bad file number)
19:18:14.726842,1055,close(76) = -1 EBADF (Bad file number)
19:18:14.727555,1055,close(77) = -1 EBADF (Bad file number)
19:18:14.728157,1055,close(78) = -1 EBADF (Bad file number)
19:18:14.728679,1055,close(79) = -1 EBADF (Bad file number)
19:18:14.729259,1055,close(80) = -1 EBADF (Bad file number)
19:18:14.729774,1055,close(81) = -1 EBADF (Bad file number)
19:18:14.730416,1055,close(82) = -1 EBADF (Bad file number)
19:18:14.731013,1055,close(83) = -1 EBADF (Bad file number)
19:18:14.731537,1055,close(84) = -1 EBADF (Bad file number)
19:18:14.732049,1055,close(85) = -1 EBADF (Bad file number)
19:18:14.732527,1055,close(86) = -1 EBADF (Bad file number)
19:18:14.733018,1055,close(87) = -1 EBADF (Bad file number)
19:18:14.733885,1055,close(88) = -1 EBADF (Bad file number)
19:18:14.734440,1055,close(89) = -1 EBADF (Bad file number)
19:18:14.734957,1055,close(90) = -1 EBADF (Bad file number)
19:18:14.756743,1055,close(91) = -1 EBADF (Bad file number)
19:18:14.757299,1055,close(92) = -1 EBADF (Bad file number)
19:18:14.757770,1055,close(93) = -1 EBADF (Bad file number)
19:18:14.758315,1055,close(94) = -1 EBADF (Bad file number)
19:18:14.758805,1055,close(95) = -1 EBADF (Bad file number)
19:18:14.759354,1055,close(96) = -1 EBADF (Bad file number)
19:18:14.759854,1055,close(97) = -1 EBADF (Bad file number)
19:18:14.760390,1055,close(98) = -1 EBADF (Bad file number)
19:18:14.760954,1055,close(99) = -1 EBADF (Bad file number)
19:18:14.761471,1055,close(100) = -1 EBADF (Bad file number)
19:18:14.761981,1055,close(101) = -1 EBADF (Bad file number)
19:18:14.762498,1055,close(102) = -1 EBADF (Bad file number)
19:18:14.762978,1055,close(103) = -1 EBADF (Bad file number)
19:18:14.763494,1055,close(104) = -1 EBADF (Bad file number)
19:18:14.764151,1055,close(105) = -1 EBADF (Bad file number)
19:18:14.764619,1055,close(106) = -1 EBADF (Bad file number)
19:18:14.765168,1055,close(107) = -1 EBADF (Bad file number)
19:18:14.765633,1055,close(108) = -1 EBADF (Bad file number)
19:18:14.766153,1055,close(109) = -1 EBADF (Bad file number)
19:18:14.777889,1055,close(110) = -1 EBADF (Bad file number)
19:18:14.778398,1055,close(111) = -1 EBADF (Bad file number)
19:18:14.778891,1055,close(112) = -1 EBADF (Bad file number)
19:18:14.779484,1055,close(113) = -1 EBADF (Bad file number)
19:18:14.779998,1055,close(114) = -1 EBADF (Bad file number)
19:18:14.780503,1055,close(115) = -1 EBADF (Bad file number)
19:18:14.781020,1055,close(116) = -1 EBADF (Bad file number)
19:18:14.781508,1055,close(117) = -1 EBADF (Bad file number)
19:18:14.781998,1055,close(118) = -1 EBADF (Bad file number)
19:18:14.782486,1055,close(119) = -1 EBADF (Bad file number)
19:18:14.783012,1055,close(120) = -1 EBADF (Bad file number)
19:18:14.783526,1055,close(121) = -1 EBADF (Bad file number)
19:18:14.784068,1055,close(122) = -1 EBADF (Bad file number)
19:18:14.784594,1055,close(123) = -1 EBADF (Bad file number)
19:18:14.785148,1055,close(124) = -1 EBADF (Bad file number)
19:18:14.785674,1055,close(125) = -1 EBADF (Bad file number)
19:18:14.786229,1055,close(126) = -1 EBADF (Bad file number)
19:18:14.798173,1055,close(127) = -1 EBADF (Bad file number)
19:18:14.798716,1055,close(128) = -1 EBADF (Bad file number)
19:18:14.799297,1055,close(129) = -1 EBADF (Bad file number)
19:18:14.799788,1055,close(130) = -1 EBADF (Bad file number)
19:18:14.800363,1055,close(131) = -1 EBADF (Bad file number)
19:18:14.800897,1055,close(132) = -1 EBADF (Bad file number)
19:18:14.801575,1055,close(133) = -1 EBADF (Bad file number)
19:18:14.802136,1055,close(134) = -1 EBADF (Bad file number)
19:18:14.802732,1055,close(135) = -1 EBADF (Bad file number)
19:18:14.803274,1055,close(136) = -1 EBADF (Bad file number)
19:18:14.804134,1055,close(137) = -1 EBADF (Bad file number)
19:18:14.804611,1055,close(138) = -1 EBADF (Bad file number)
19:18:14.805156,1055,close(139) = -1 EBADF (Bad file number)
19:18:14.805642,1055,close(140) = -1 EBADF (Bad file number)
19:18:14.806185,1055,close(141) = -1 EBADF (Bad file number)
19:18:14.838183,1055,close(142 <unfinished ...>
19:18:14.838430,1048,munmap(0xac428000, 131072 <unfinished ...>
19:18:14.838659,1027,clock_gettime(CLOCK_MONOTONIC, <unfinished ...>
19:18:14.839001,1055,<... close resumed> ) = -1 EBADF (Bad file number)
19:18:14.839518,1048,<... munmap resumed> ) = 0
19:18:14.839844,1027,<... clock_gettime resumed> {113, 124481096}) = 0
19:18:14.840306,1055,close(143 <unfinished ...>
19:18:14.844586,1048,gettimeofday( <unfinished ...>
19:18:14.844974,1027,clock_gettime(CLOCK_MONOTONIC, <unfinished ...>
19:18:14.845280,1055,<... close resumed> ) = -1 EBADF (Bad file number)
19:18:14.845592,1048,<... gettimeofday resumed> {1738783094, 845486}, NULL) = 0
19:18:14.846009,1027,<... clock_gettime resumed> {113, 130641997}) = 0
19:18:14.846412,1055,close(144 <unfinished ...>
19:18:14.846762,1048,futex(0xb689b58c, FUTEX_WAIT_PRIVATE, -448, NULL <unfinished ...>
19:18:14.847124,1027,clock_gettime(CLOCK_MONOTONIC, <unfinished ...>
19:18:14.847416,1055,<... close resumed> ) = -1 EBADF (Bad file number)
19:18:14.847763,1027,<... clock_gettime resumed> {113, 132404473}) = 0
19:18:14.848171,1055,close(145 <unfinished ...>
19:18:14.848520,1027,nanosleep({0, 10000000}, <unfinished ...>
19:18:14.848877,1055,<... close resumed> ) = -1 EBADF (Bad file number)
19:18:14.849245,1055,close(146) = -1 EBADF (Bad file number)
19:18:14.849780,1055,close(147) = -1 EBADF (Bad file number)
19:18:14.850318,1055,close(148) = -1 EBADF (Bad file number)
19:18:14.851040,1055,close(149) = -1 EBADF (Bad file number)
19:18:14.851575,1055,close(150) = -1 EBADF (Bad file number)
19:18:14.852091,1055,close(151) = -1 EBADF (Bad file number)
19:18:14.852598,1055,close(152) = -1 EBADF (Bad file number)
19:18:14.853112,1055,close(153) = -1 EBADF (Bad file number)
19:18:14.853618,1055,close(154) = -1 EBADF (Bad file number)
19:18:14.854129,1055,close(155) = -1 EBADF (Bad file number)
19:18:14.854634,1055,close(156) = -1 EBADF (Bad file number)
19:18:14.855145,1055,close(157) = -1 EBADF (Bad file number)
19:18:14.855649,1055,close(158) = -1 EBADF (Bad file number)
19:18:14.856624,1055,close(159) = -1 EBADF (Bad file number)
19:18:14.857174,1055,close(160) = -1 EBADF (Bad file number)
19:18:14.857708,1055,close(161) = -1 EBADF (Bad file number)
19:18:14.858245,1055,close(162) = -1 EBADF (Bad file number)
19:18:14.858776,1055,close(163) = -1 EBADF (Bad file number)
19:18:14.859311,1055,close(164) = -1 EBADF (Bad file number)
19:18:14.859842,1055,close(165) = -1 EBADF (Bad file number)
19:18:14.860377,1055,close(166) = -1 EBADF (Bad file number)
19:18:14.860905,1055,close(167) = -1 EBADF (Bad file number)
19:18:14.861440,1055,close(168) = -1 EBADF (Bad file number)
19:18:14.861970,1055,close(169) = -1 EBADF (Bad file number)
19:18:14.862531,1055,close(170) = -1 EBADF (Bad file number)
19:18:14.863066,1055,close(171) = -1 EBADF (Bad file number)
19:18:14.863595,1055,close(172) = -1 EBADF (Bad file number)
19:18:14.864130,1055,close(173) = -1 EBADF (Bad file number)
19:18:14.864660,1055,close(174) = -1 EBADF (Bad file number)
19:18:14.865193,1055,close(175) = -1 EBADF (Bad file number)
19:18:14.865722,1055,close(176) = -1 EBADF (Bad file number)
19:18:14.866256,1055,close(177) = -1 EBADF (Bad file number)
19:18:14.866785,1055,close(178) = -1 EBADF (Bad file number)
19:18:14.867318,1055,close(179) = -1 EBADF (Bad file number)
19:18:14.867847,1055,close(180) = -1 EBADF (Bad file number)
19:18:14.868381,1055,close(181) = -1 EBADF (Bad file number)
19:18:14.868910,1055,close(182) = -1 EBADF (Bad file number)
19:18:14.869443,1055,close(183) = -1 EBADF (Bad file number)
19:18:14.869971,1055,close(184) = -1 EBADF (Bad file number)
19:18:14.870506,1055,close(185) = -1 EBADF (Bad file number)
19:18:14.871039,1055,close(186) = -1 EBADF (Bad file number)
19:18:14.871566,1055,close(187) = -1 EBADF (Bad file number)
19:18:14.872099,1055,close(188) = -1 EBADF (Bad file number)
19:18:14.872628,1055,close(189) = -1 EBADF (Bad file number)
19:18:14.873162,1055,close(190) = -1 EBADF (Bad file number)
19:18:14.873688,1055,close(191) = -1 EBADF (Bad file number)
19:18:14.874221,1055,close(192) = -1 EBADF (Bad file number)
19:18:14.888013,1027,<... nanosleep resumed> 0xaf59dd88) = 0
19:18:14.888381,1055,close(193 <unfinished ...>
19:18:14.893983,1027,futex(0xb689b58c, FUTEX_WAKE_PRIVATE, 2147483647 <unfinished ...>
19:18:14.894311,1055,<... close resumed> ) = -1 EBADF (Bad file number)
19:18:14.894636,1027,<... futex resumed> ) = 1
19:18:14.894949,1055,close(194 <unfinished ...>
19:18:14.895246,1048,<... futex resumed> ) = 0
19:18:14.895579,1027,clock_gettime(CLOCK_MONOTONIC, <unfinished ...>
19:18:14.895858,1055,<... close resumed> ) = -1 EBADF (Bad file number)
19:18:14.897548,1048,gettimeofday( <unfinished ...>
19:18:14.897865,1027,<... clock_gettime resumed> {113, 182499949}) = 0
19:18:14.898267,1055,close(195 <unfinished ...>
19:18:14.898562,1048,<... gettimeofday resumed> {1738783094, 898458}, NULL) = 0
19:18:14.900387,1055,<... close resumed> ) = -1 EBADF (Bad file number)
19:18:14.900896,1048,futex(0xb689b5f4, FUTEX_WAIT_PRIVATE, 2, NULL <unfinished ...>
19:18:14.901299,1055,close(196) = -1 EBADF (Bad file number)
19:18:14.901848,1055,close(197) = -1 EBADF (Bad file number)
19:18:14.902415,1055,close(198) = -1 EBADF (Bad file number)
19:18:14.902949,1055,close(199) = -1 EBADF (Bad file number)
19:18:14.903525,1055,close(200) = -1 EBADF (Bad file number)
19:18:14.904102,1055,close(201) = -1 EBADF (Bad file number)
19:18:14.904634,1055,close(202) = -1 EBADF (Bad file number)
19:18:14.905211,1055,close(203) = -1 EBADF (Bad file number)
19:18:14.905740,1055,close(204) = -1 EBADF (Bad file number)
19:18:14.906316,1055,close(205) = -1 EBADF (Bad file number)
19:18:14.906846,1055,close(206) = -1 EBADF (Bad file number)
19:18:14.918127,1055,close(207) = -1 EBADF (Bad file number)
19:18:14.918723,1055,close(208) = -1 EBADF (Bad file number)
19:18:14.919272,1055,close(209) = -1 EBADF (Bad file number)
19:18:14.919820,1055,close(210) = -1 EBADF (Bad file number)
19:18:14.920338,1055,close(211) = -1 EBADF (Bad file number)
19:18:14.920846,1055,close(212) = -1 EBADF (Bad file number)
19:18:14.921394,1055,close(213) = -1 EBADF (Bad file number)
19:18:14.921903,1055,close(214) = -1 EBADF (Bad file number)
19:18:14.922436,1055,close(215) = -1 EBADF (Bad file number)
19:18:14.923000,1055,close(216) = -1 EBADF (Bad file number)
19:18:14.923536,1055,close(217) = -1 EBADF (Bad file number)
19:18:14.924084,1055,close(218) = -1 EBADF (Bad file number)
19:18:14.924615,1055,close(219) = -1 EBADF (Bad file number)
19:18:14.925151,1055,close(220) = -1 EBADF (Bad file number)
19:18:14.925681,1055,close(221) = -1 EBADF (Bad file number)
19:18:14.926217,1055,close(222) = -1 EBADF (Bad file number)
19:18:14.926747,1055,close(223) = -1 EBADF (Bad file number)
19:18:14.927282,1055,close(224) = -1 EBADF (Bad file number)
19:18:14.927812,1055,close(225) = -1 EBADF (Bad file number)
19:18:14.928348,1055,close(226) = -1 EBADF (Bad file number)
19:18:14.928878,1055,close(227) = -1 EBADF (Bad file number)
19:18:14.929411,1055,close(228) = -1 EBADF (Bad file number)
19:18:14.929939,1055,close(229) = -1 EBADF (Bad file number)
19:18:14.930476,1055,close(230) = -1 EBADF (Bad file number)
19:18:14.931009,1055,close(231) = -1 EBADF (Bad file number)
19:18:14.931539,1055,close(232) = -1 EBADF (Bad file number)
19:18:14.932073,1055,close(233) = -1 EBADF (Bad file number)
19:18:14.932603,1055,close(234) = -1 EBADF (Bad file number)
19:18:14.933137,1055,close(235) = -1 EBADF (Bad file number)
19:18:14.933662,1055,close(236) = -1 EBADF (Bad file number)
19:18:14.937861,1055,close(237) = -1 EBADF (Bad file number)
19:18:14.938397,1055,close(238) = -1 EBADF (Bad file number)
19:18:14.938909,1055,close(239) = -1 EBADF (Bad file number)
19:18:14.939424,1055,close(240) = -1 EBADF (Bad file number)
19:18:14.939932,1055,close(241) = -1 EBADF (Bad file number)
19:18:14.940446,1055,close(242) = -1 EBADF (Bad file number)
19:18:14.940973,1055,close(243) = -1 EBADF (Bad file number)
19:18:14.941508,1055,close(244) = -1 EBADF (Bad file number)
19:18:14.942195,1055,close(245) = -1 EBADF (Bad file number)
19:18:14.942735,1055,close(246) = -1 EBADF (Bad file number)
19:18:14.943249,1055,close(247) = -1 EBADF (Bad file number)
19:18:14.943755,1055,close(248) = -1 EBADF (Bad file number)
19:18:14.944269,1055,close(249) = -1 EBADF (Bad file number)
19:18:14.944775,1055,close(250) = -1 EBADF (Bad file number)
19:18:14.945286,1055,close(251) = -1 EBADF (Bad file number)
19:18:14.945790,1055,close(252) = -1 EBADF (Bad file number)
19:18:14.946302,1055,close(253) = -1 EBADF (Bad file number)
19:18:14.946808,1055,close(254) = -1 EBADF (Bad file number)
19:18:14.947318,1055,close(255) = -1 EBADF (Bad file number)
19:18:14.947822,1055,close(256) = -1 EBADF (Bad file number)
19:18:14.948333,1055,close(257) = -1 EBADF (Bad file number)
19:18:14.948838,1055,close(258) = -1 EBADF (Bad file number)
19:18:14.949348,1055,close(259) = -1 EBADF (Bad file number)
19:18:14.949851,1055,close(260) = -1 EBADF (Bad file number)
19:18:14.950361,1055,close(261) = -1 EBADF (Bad file number)
19:18:14.950866,1055,close(262 <unfinished ...>
19:18:14.956216,1027,futex(0xb689b5f4, FUTEX_WAKE_PRIVATE, 1 <unfinished ...>
19:18:14.956523,1055,<... close resumed> ) = -1 EBADF (Bad file number)
19:18:14.956851,1055,close(263) = -1 EBADF (Bad file number)
19:18:14.957373,1055,close(264) = -1 EBADF (Bad file number)
19:18:14.957922,1055,close(265) = -1 EBADF (Bad file number)
19:18:14.958441,1055,close(266) = -1 EBADF (Bad file number)
19:18:14.958949,1055,close(267) = -1 EBADF (Bad file number)
19:18:14.959462,1055,close(268) = -1 EBADF (Bad file number)
19:18:14.959968,1055,close(269) = -1 EBADF (Bad file number)
19:18:14.960482,1055,close(270) = -1 EBADF (Bad file number)
19:18:14.960994,1055,close(271) = -1 EBADF (Bad file number)
19:18:14.961499,1055,close(272) = -1 EBADF (Bad file number)
19:18:14.962010,1055,close(273) = -1 EBADF (Bad file number)
19:18:14.962517,1055,close(274) = -1 EBADF (Bad file number)
19:18:14.963056,1055,close(275) = -1 EBADF (Bad file number)
19:18:14.963563,1055,close(276) = -1 EBADF (Bad file number)
19:18:14.964075,1055,close(277) = -1 EBADF (Bad file number)
19:18:14.964581,1055,close(278) = -1 EBADF (Bad file number)
19:18:14.965092,1055,close(279) = -1 EBADF (Bad file number)
19:18:14.965596,1055,close(280) = -1 EBADF (Bad file number)
19:18:14.966107,1055,close(281) = -1 EBADF (Bad file number)
19:18:14.966612,1055,close(282) = -1 EBADF (Bad file number)
19:18:14.967575,1055,close(283) = -1 EBADF (Bad file number)
19:18:14.985728,1048,<... futex resumed> ) = 0
19:18:14.985956,1027,<... futex resumed> ) = 1
19:18:14.986318,1055,close(284 <unfinished ...>
19:18:14.986667,1048,futex(0xb689b5f4, FUTEX_WAKE_PRIVATE, 1 <unfinished ...>
19:18:14.993864,1027,madvise(0xb34c4000, 786432, MADV_DONTNEED <unfinished ...>
19:18:14.994220,1055,<... close resumed> ) = -1 EBADF (Bad file number)
19:18:14.994543,1048,<... futex resumed> ) = 0
19:18:14.994945,1027,<... madvise resumed> ) = 0
19:18:14.995288,1055,close(285 <unfinished ...>
19:18:14.995693,1048,gettimeofday( <unfinished ...>
19:18:14.996025,1027,madvise(0xb2404000, 16777216, MADV_DONTNEED <unfinished ...>
19:18:14.996321,1055,<... close resumed> ) = -1 EBADF (Bad file number)
19:18:14.996617,1048,<... gettimeofday resumed> {1738783094, 996517}, NULL) = 0
19:18:14.997069,1027,<... madvise resumed> ) = 0
19:18:14.997381,1055,close(286 <unfinished ...>
19:18:14.998262,1048,stat64("/data/data/com.igamepower.appmaster/databases/game_service_package.db", <unfinished ...>
19:18:14.998997,1027,futex(0xb689b5f8, FUTEX_WAKE_PRIVATE, 2147483647 <unfinished ...>
19:18:14.999303,1055,<... close resumed> ) = -1 EBADF (Bad file number)
19:18:14.999648,1048,<... stat64 resumed> {st_mode=S_IFREG|0660, st_size=28672, ...}) = 0
19:18:15.000506,1027,<... futex resumed> ) = 0
19:18:15.000812,1055,close(287 <unfinished ...>
19:18:15.036853,1048,umask(0 <unfinished ...>
19:18:15.037166,1027,futex(0xb8859788, FUTEX_WAKE_PRIVATE, 1 <unfinished ...>
19:18:15.037611,1055,<... close resumed> ) = -1 EBADF (Bad file number)
19:18:15.037914,1048,<... umask resumed> ) = 077
19:18:15.038283,1027,<... futex resumed> ) = 1
19:18:15.038610,1055,close(288 <unfinished ...>
19:18:15.038927,1048,open("/data/data/com.igamepower.appmaster/databases/game_service_package.db-journal", O_RDWR|O_CREAT, 0660 <unfinished ...>
19:18:15.039713,1030,<... futex resumed> ) = 0
19:18:15.040118,1027,clock_gettime(CLOCK_MONOTONIC, <unfinished ...>
19:18:15.040399,1055,<... close resumed> ) = -1 EBADF (Bad file number)
19:18:15.040763,1048,<... open resumed> ) = 44
19:18:15.041329,1030,futex(0xb8874260, FUTEX_WAKE_PRIVATE, 1 <unfinished ...>
19:18:15.041640,1027,<... clock_gettime resumed> {113, 326278958}) = 0
19:18:15.042036,1055,close(289 <unfinished ...>
19:18:15.042352,1048,umask(077 <unfinished ...>
19:18:15.042658,1030,<... futex resumed> ) = 1
19:18:15.043057,1027,writev(3, [{"\3", 1}, {"dalvikvm\0", 9}, {"GC_CONCURRENT freed 302K, 4% fre"..., 78}], 3 <unfinished ...>
19:18:15.043766,1055,<... close resumed> ) = -1 EBADF (Bad file number)
19:18:15.044065,1048,<... umask resumed> ) = 0
19:18:15.044365,1031,<... futex resumed> ) = 0
19:18:15.044936,1030,futex(0xb8859788, FUTEX_WAIT_PRIVATE, -8, NULL <unfinished ...>
19:18:15.045395,1055,close(290 <unfinished ...>
19:18:15.045714,1048,fchown32(44, 10050, 10050 <unfinished ...>
19:18:15.046187,1031,clock_gettime(CLOCK_MONOTONIC, <unfinished ...>
19:18:15.046515,1027,<... writev resumed> ) = 88
19:18:15.046799,1055,<... close resumed> ) = -1 EBADF (Bad file number)
19:18:15.047179,1048,<... fchown32 resumed> ) = 0
19:18:15.047486,1031,<... clock_gettime resumed> {113, 332131192}) = 0
19:18:15.047898,1027,clock_gettime(CLOCK_MONOTONIC, <unfinished ...>
19:18:15.048211,1055,close(291 <unfinished ...>
19:18:15.048524,1048,fcntl64(44, F_GETFD <unfinished ...>
19:18:15.048924,1031,clock_gettime(CLOCK_MONOTONIC, <unfinished ...>
19:18:15.049236,1027,<... clock_gettime resumed> {113, 333876045}) = 0
19:18:15.049617,1055,<... close resumed> ) = -1 EBADF (Bad file number)
19:18:15.049914,1048,<... fcntl64 resumed> ) = 0
19:18:15.050224,1031,<... clock_gettime resumed> {113, 334870351}) = 0
19:18:15.050632,1027,clock_gettime(CLOCK_MONOTONIC, <unfinished ...>
19:18:15.050939,1055,close(292 <unfinished ...>
19:18:15.051258,1048,fcntl64(44, F_SETFD, FD_CLOEXEC <unfinished ...>
19:18:15.051660,1031,clock_gettime(CLOCK_MONOTONIC, <unfinished ...>
19:18:15.051963,1027,<... clock_gettime resumed> {113, 336604276}) = 0
19:18:15.052325,1055,<... close resumed> ) = -1 EBADF (Bad file number)
19:18:15.052621,1048,<... fcntl64 resumed> ) = 0
19:18:15.052926,1031,<... clock_gettime resumed> {113, 337569576}) = 0
19:18:15.059998,1055,close(293 <unfinished ...>
19:18:15.060223,1048,pwrite(44, "ÙÕ\5ù ¡c×ÿÿÿÿ\177\210î\235\0\0\0\7\0\0\2\0\0\0\20\0\0\0\0\0"..., 512, 3069335932 <unfinished ...>
19:18:15.060693,1027,futex(0xb875a9a8, FUTEX_WAIT_PRIVATE, -24, {4, 997271769} <unfinished ...>
19:18:15.063377,1031,clock_gettime(CLOCK_MONOTONIC, <unfinished ...>
19:18:15.063693,1055,<... close resumed> ) = -1 EBADF (Bad file number)
19:18:15.064836,1048,<... pwrite resumed> ) = 512
19:18:15.065777,1031,<... clock_gettime resumed> {113, 350420783}) = 0
19:18:15.066186,1055,close(294 <unfinished ...>
19:18:15.076620,1048,pwrite(44, "\0\0\0\5", 4, 2202092591484 <unfinished ...>
19:18:15.076926,1031,clock_gettime(CLOCK_MONOTONIC, <unfinished ...>
19:18:15.077313,1055,<... close resumed> ) = -1 EBADF (Bad file number)
19:18:15.077711,1048,<... pwrite resumed> ) = 4
19:18:15.078076,1031,<... clock_gettime resumed> {113, 362670723}) = 0
19:18:15.078517,1055,close(295 <unfinished ...>
19:18:15.078914,1048,pwrite(44, "\n\0\0\0\0\20\0\0\0\0\0\0\0\0\0\0\0\0\0\0\0\0\0\0\0\0\0\0\0\0\0\0"..., 4096, 2219272460668 <unfinished ...>
19:18:15.079654,1031,clock_gettime(CLOCK_MONOTONIC, <unfinished ...>
19:18:15.079937,1055,<... close resumed> ) = -1 EBADF (Bad file number)
19:18:15.080331,1048,<... pwrite resumed> ) = 4096
19:18:15.080646,1031,<... clock_gettime resumed> {113, 365292217}) = 0
19:18:15.081042,1055,close(296 <unfinished ...>
19:18:15.081377,1048,pwrite(44, "\177\210î\235", 4, 19811458505084 <unfinished ...>
19:18:15.081909,1031,clock_gettime(CLOCK_MONOTONIC, <unfinished ...>
19:18:15.082231,1055,<... close resumed> ) = -1 EBADF (Bad file number)
19:18:15.082573,1048,<... pwrite resumed> ) = 4
19:18:15.082892,1031,<... clock_gettime resumed> {113, 367533452}) = 0
19:18:15.083339,1055,close(297 <unfinished ...>
19:18:15.083724,1048,pwrite(44, "\0\0\0\6", 4, 19828638374268 <unfinished ...>
19:18:15.084311,1031,clock_gettime(CLOCK_MONOTONIC, <unfinished ...>
19:18:15.084593,1055,<... close resumed> ) = -1 EBADF (Bad file number)
19:18:15.084923,1048,<... pwrite resumed> ) = 4
19:18:15.085234,1031,<... clock_gettime resumed> {113, 369881591}) = 0
19:18:15.085618,1055,close(298 <unfinished ...>
19:18:15.085933,1048,pwrite(44, "\n\0\0\0\0\20\0\0\0\0\0\0\0\0\0\0\0\0\0\0\0\0\0\0\0\0\0\0\0\0\0\0"..., 4096, 19845818243452 <unfinished ...>
19:18:15.099432,1055,<... close resumed> ) = -1 EBADF (Bad file number)
19:18:15.099681,1031,clock_gettime(CLOCK_MONOTONIC, <unfinished ...>
19:18:15.100094,1048,<... pwrite resumed> ) = 4096
19:18:15.100465,1055,close(299 <unfinished ...>
19:18:15.100858,1031,<... clock_gettime resumed> {113, 385485216}) = 0
19:18:15.101290,1048,pwrite(44, "\177\210î\235", 4, 37438004287868 <unfinished ...>
19:18:15.102073,1055,<... close resumed> ) = -1 EBADF (Bad file number)
19:18:15.102704,1031,clock_gettime(CLOCK_MONOTONIC, <unfinished ...>
19:18:15.103113,1048,<... pwrite resumed> ) = 4
19:18:15.103431,1055,close(300 <unfinished ...>
19:18:15.103739,1031,<... clock_gettime resumed> {113, 388379957}) = 0
19:18:15.104180,1048,pwrite(44, "\0\0\0\7", 4, 37455184157052 <unfinished ...>
19:18:15.104555,1055,<... close resumed> ) = -1 EBADF (Bad file number)
19:18:15.104943,1031,clock_gettime(CLOCK_MONOTONIC, <unfinished ...>
19:18:15.105322,1048,<... pwrite resumed> ) = 4
19:18:15.105650,1055,close(301 <unfinished ...>
19:18:15.105967,1031,<... clock_gettime resumed> {113, 390605554}) = 0
19:18:15.106382,1048,pwrite(44, "\n\0\0\0\0\20\0\0\0\0\0\0\0\0\0\0\0\0\0\0\0\0\0\0\0\0\0\0\0\0\0\0"..., 4096, 37472364026236 <unfinished ...>
19:18:15.115771,1055,<... close resumed> ) = -1 EBADF (Bad file number)
19:18:15.116017,1031,clock_gettime(CLOCK_MONOTONIC, <unfinished ...>
19:18:15.116410,1048,<... pwrite resumed> ) = 4096
19:18:15.116737,1055,close(302 <unfinished ...>
19:18:15.117051,1031,<... clock_gettime resumed> {113, 401686622}) = 0
19:18:15.117470,1048,pwrite(44, "\177\210î\235", 4, 55064550070652 <unfinished ...>
19:18:15.117836,1055,<... close resumed> ) = -1 EBADF (Bad file number)
19:18:15.118272,1031,clock_gettime(CLOCK_MONOTONIC, <unfinished ...>
19:18:15.119080,1048,<... pwrite resumed> ) = 4
19:18:15.119398,1055,close(303 <unfinished ...>
19:18:15.119703,1031,<... clock_gettime resumed> {113, 404346825}) = 0
19:18:15.120142,1048,pwrite(44, "\0\0\0\4", 4, 55081729939836 <unfinished ...>
19:18:15.120502,1055,<... close resumed> ) = -1 EBADF (Bad file number)
19:18:15.120903,1031,clock_gettime(CLOCK_MONOTONIC, <unfinished ...>
19:18:15.121238,1048,<... pwrite resumed> ) = 4
19:18:15.121579,1055,close(304 <unfinished ...>
19:18:15.121884,1031,<... clock_gettime resumed> {113, 406527497}) = 0
19:18:15.122303,1048,pwrite(44, "\r\0\0\0\0\20\0\0\0\0\0\0\0\0\0\0\0\0\0\0\0\0\0\0\0\0\0\0\0\0\0\0"..., 4096, 55098909809020 <unfinished ...>
19:18:15.122845,1055,<... close resumed> ) = -1 EBADF (Bad file number)
19:18:15.123342,1031,clock_gettime(CLOCK_MONOTONIC, <unfinished ...>
19:18:15.123718,1048,<... pwrite resumed> ) = 4096
19:18:15.124045,1055,close(305 <unfinished ...>
19:18:15.124378,1031,<... clock_gettime resumed> {113, 409020646}) = 0
19:18:15.124770,1048,pwrite(44, "\177\210î\235", 4, 72691095853436 <unfinished ...>
19:18:15.125133,1055,<... close resumed> ) = -1 EBADF (Bad file number)
19:18:15.125504,1031,clock_gettime(CLOCK_MONOTONIC, <unfinished ...>
19:18:15.125828,1048,<... pwrite resumed> ) = 4
19:18:15.126147,1055,close(306 <unfinished ...>
19:18:15.139172,1048,gettimeofday( <unfinished ...>
19:18:15.139379,1031,<... clock_gettime resumed> {113, 411062944}) = 0
19:18:15.139767,1055,<... close resumed> ) = -1 EBADF (Bad file number)
19:18:15.140116,1048,<... gettimeofday resumed> {1738783095, 139968}, NULL) = 0
19:18:15.140624,1031,clock_gettime(CLOCK_MONOTONIC, <unfinished ...>
19:18:15.140939,1055,close(307 <unfinished ...>
19:18:15.141412,1048,writev(3, [{"\4", 1}, {"GameService\0", 12}, {"replace into game_package (packa"..., 135}], 3 <unfinished ...>
19:18:15.142164,1031,<... clock_gettime resumed> {113, 426799832}) = 0
19:18:15.142535,1055,<... close resumed> ) = -1 EBADF (Bad file number)
19:18:15.143106,1031,clock_gettime(CLOCK_MONOTONIC, <unfinished ...>
19:18:15.143434,1055,close(308 <unfinished ...>
19:18:15.143739,1048,<... writev resumed> ) = 148
19:18:15.144066,1031,<... clock_gettime resumed> {113, 428701953}) = 0
19:18:15.144440,1055,<... close resumed> ) = -1 EBADF (Bad file number)
19:18:15.144921,1048,getuid32( <unfinished ...>
19:18:15.145328,1031,clock_gettime(CLOCK_MONOTONIC, <unfinished ...>
19:18:15.145652,1055,close(309 <unfinished ...>
19:18:15.145953,1048,<... getuid32 resumed> ) = 10050
19:18:15.146282,1031,<... clock_gettime resumed> {113, 430924375}) = 0
19:18:15.146655,1055,<... close resumed> ) = -1 EBADF (Bad file number)
19:18:15.147237,1048,stat64("/system/framework/framework-res.apk", <unfinished ...>
19:18:15.168671,1055,close(310 <unfinished ...>
19:18:15.168948,1031,clock_gettime(CLOCK_MONOTONIC, <unfinished ...>
19:18:15.169305,1048,<... stat64 resumed> {st_mode=S_IFREG|0644, st_size=8749696, ...}) = 0
19:18:15.170145,1055,<... close resumed> ) = -1 EBADF (Bad file number)
19:18:15.170461,1031,<... clock_gettime resumed> {113, 455105693}) = 0
19:18:15.170888,1048,access("/vendor/overlay/framework/framework-res.apk", R_OK <unfinished ...>
19:18:15.171471,1055,close(311 <unfinished ...>
19:18:15.171845,1031,clock_gettime(CLOCK_MONOTONIC, <unfinished ...>
19:18:15.172206,1048,<... access resumed> ) = -1 ENOENT (No such file or directory)
19:18:15.172494,1055,<... close resumed> ) = -1 EBADF (Bad file number)
19:18:15.172803,1031,<... clock_gettime resumed> {113, 457449552}) = 0
19:18:15.173348,1048,stat64("/system/framework/framework-res.apk", <unfinished ...>
19:18:15.173853,1055,close(312 <unfinished ...>
19:18:15.174229,1031,clock_gettime(CLOCK_MONOTONIC, <unfinished ...>
19:18:15.174544,1048,<... stat64 resumed> {st_mode=S_IFREG|0644, st_size=8749696, ...}) = 0
19:18:15.175378,1055,<... close resumed> ) = -1 EBADF (Bad file number)
19:18:15.175688,1031,<... clock_gettime resumed> {113, 460334406}) = 0
19:18:15.176805,1048,stat64("/system/framework/framework-res.apk", <unfinished ...>
19:18:15.177327,1055,close(313 <unfinished ...>
19:18:15.177724,1031,clock_gettime(CLOCK_MONOTONIC, <unfinished ...>
19:18:15.178049,1048,<... stat64 resumed> {st_mode=S_IFREG|0644, st_size=8749696, ...}) = 0
19:18:15.178871,1055,<... close resumed> ) = -1 EBADF (Bad file number)
19:18:15.179189,1031,<... clock_gettime resumed> {113, 463835300}) = 0
19:18:15.180434,1048,getuid32( <unfinished ...>
19:18:15.180747,1055,close(314 <unfinished ...>
19:18:15.181116,1031,clock_gettime(CLOCK_MONOTONIC, <unfinished ...>
19:18:15.181635,1048,<... getuid32 resumed> ) = 10050
19:18:15.181951,1055,<... close resumed> ) = -1 EBADF (Bad file number)
19:18:15.182270,1031,<... clock_gettime resumed> {113, 466915481}) = 0
19:18:15.182751,1048,stat64("/system/framework/framework-res.apk", <unfinished ...>
19:18:15.183308,1055,close(315 <unfinished ...>
19:18:15.183680,1031,clock_gettime(CLOCK_MONOTONIC, <unfinished ...>
19:18:15.184008,1048,<... stat64 resumed> {st_mode=S_IFREG|0644, st_size=8749696, ...}) = 0
19:18:15.184831,1055,<... close resumed> ) = -1 EBADF (Bad file number)
19:18:15.185148,1031,<... clock_gettime resumed> {113, 469793646}) = 0
19:18:15.201576,1055,close(316 <unfinished ...>
19:18:15.201811,1048,pread(18, <unfinished ...>
19:18:15.202273,1031,clock_gettime(CLOCK_MONOTONIC, <unfinished ...>
19:18:15.202576,1055,<... close resumed> ) = -1 EBADF (Bad file number)
19:18:15.203664,1031,<... clock_gettime resumed> {113, 488307973}) = 0
19:18:15.204093,1055,close(317 <unfinished ...>
19:18:15.204411,1048,<... pread resumed> "PK\3\4\n\0\0\0\0\0\31\r\2208[\210\35|F\17\0\0F\17\0\0)\0\3\0", 30, 3873450615635968) = 30
19:18:15.205068,1031,clock_gettime(CLOCK_MONOTONIC, <unfinished ...>
19:18:15.205366,1055,<... close resumed> ) = -1 EBADF (Bad file number)
19:18:15.205719,1048,mmap2(NULL, 4722, PROT_READ, MAP_SHARED, 18, 0xdc <unfinished ...>
19:18:15.206063,1031,<... clock_gettime resumed> {113, 490694999}) = 0
19:18:15.206468,1055,close(318 <unfinished ...>
19:18:15.206847,1048,<... mmap2 resumed> ) = 0xb0f09000
19:18:15.207238,1031,clock_gettime(CLOCK_MONOTONIC, <unfinished ...>
19:18:15.207533,1055,<... close resumed> ) = -1 EBADF (Bad file number)
19:18:15.208463,1048,sigprocmask(SIG_BLOCK, [], <unfinished ...>
19:18:15.208835,1031,<... clock_gettime resumed> {113, 493468422}) = 0
19:18:15.209250,1055,close(319 <unfinished ...>
19:18:15.209558,1048,<... sigprocmask resumed> [QUIT USR1 PIPE]) = 0
19:18:15.210091,1031,clock_gettime(CLOCK_MONOTONIC, <unfinished ...>
19:18:15.210390,1055,<... close resumed> ) = -1 EBADF (Bad file number)
19:18:15.210745,1048,brk(0xb88d4000 <unfinished ...>
19:18:15.233692,1055,close(320 <unfinished ...>
19:18:15.233959,1031,<... clock_gettime resumed> {113, 495769430}) = 0
19:18:15.234390,1048,<... brk resumed> ) = 0xb88d4000
19:18:15.234695,1055,<... close resumed> ) = -1 EBADF (Bad file number)
19:18:15.235091,1031,futex(0xb6f62698, FUTEX_WAIT_PRIVATE, 2, NULL <unfinished ...>
19:18:15.235536,1048,futex(0xb6f62698, FUTEX_WAKE_PRIVATE, 1 <unfinished ...>
19:18:15.235867,1055,close(321 <unfinished ...>
19:18:15.236200,1031,<... futex resumed> ) = -1 EAGAIN (Try again)
19:18:15.237616,1048,<... futex resumed> ) = 0
19:18:15.237932,1055,<... close resumed> ) = -1 EBADF (Bad file number)
19:18:15.238298,1031,futex(0xb6f62698, FUTEX_WAKE_PRIVATE, 1 <unfinished ...>
19:18:15.238728,1048,brk(0xb88d6000 <unfinished ...>
19:18:15.239061,1055,close(322 <unfinished ...>
19:18:15.239380,1031,<... futex resumed> ) = 0
19:18:15.239696,1048,<... brk resumed> ) = 0xb88d6000
19:18:15.239998,1055,<... close resumed> ) = -1 EBADF (Bad file number)
19:18:15.240363,1031,futex(0xb6f62698, FUTEX_WAIT_PRIVATE, 2, NULL <unfinished ...>
19:18:15.240799,1048,futex(0xb6f62698, FUTEX_WAKE_PRIVATE, 1 <unfinished ...>
19:18:15.241133,1055,close(323 <unfinished ...>
19:18:15.241455,1031,<... futex resumed> ) = -1 EAGAIN (Try again)
19:18:15.241762,1048,<... futex resumed> ) = 0
19:18:15.242060,1055,<... close resumed> ) = -1 EBADF (Bad file number)
19:18:15.242410,1031,futex(0xb6f62698, FUTEX_WAKE_PRIVATE, 1 <unfinished ...>
19:18:15.242956,1048,sigprocmask(SIG_BLOCK, [], <unfinished ...>
19:18:15.243340,1055,close(324 <unfinished ...>
19:18:15.243647,1031,<... futex resumed> ) = 0
19:18:15.243939,1048,<... sigprocmask resumed> [QUIT USR1 PIPE]) = 0
19:18:15.244310,1055,<... close resumed> ) = -1 EBADF (Bad file number)
19:18:15.244739,1031,futex(0xb8874260, FUTEX_WAIT_PRIVATE, -8, NULL <unfinished ...>
19:18:15.245100,1048,sigprocmask(SIG_BLOCK, [], <unfinished ...>
19:18:15.245449,1055,close(325 <unfinished ...>
19:18:15.268263,1048,<... sigprocmask resumed> [QUIT USR1 PIPE]) = 0
19:18:15.268526,1055,<... close resumed> ) = -1 EBADF (Bad file number)
19:18:15.268915,1048,sigprocmask(SIG_BLOCK, [], <unfinished ...>
19:18:15.269281,1055,close(326 <unfinished ...>
19:18:15.269574,1048,<... sigprocmask resumed> [QUIT USR1 PIPE]) = 0
19:18:15.269897,1055,<... close resumed> ) = -1 EBADF (Bad file number)
19:18:15.270831,1055,close(327 <unfinished ...>
19:18:15.271349,1048,brk(0xb88de000 <unfinished ...>
19:18:15.271634,1055,<... close resumed> ) = -1 EBADF (Bad file number)
19:18:15.271942,1048,<... brk resumed> ) = 0xb88de000
19:18:15.272259,1055,close(328) = -1 EBADF (Bad file number)
19:18:15.276335,1055,close(329) = -1 EBADF (Bad file number)
19:18:15.276857,1055,close(330) = -1 EBADF (Bad file number)
19:18:15.277377,1055,close(331) = -1 EBADF (Bad file number)
19:18:15.277885,1055,close(332) = -1 EBADF (Bad file number)
19:18:15.278422,1055,close(333) = -1 EBADF (Bad file number)
19:18:15.278929,1055,close(334) = -1 EBADF (Bad file number)
19:18:15.279486,1055,close(335) = -1 EBADF (Bad file number)
19:18:15.280048,1055,close(336) = -1 EBADF (Bad file number)
19:18:15.280576,1055,close(337) = -1 EBADF (Bad file number)
19:18:15.281149,1055,close(338) = -1 EBADF (Bad file number)
19:18:15.281665,1055,close(339) = -1 EBADF (Bad file number)
19:18:15.282201,1055,close(340) = -1 EBADF (Bad file number)
19:18:15.282729,1055,close(341) = -1 EBADF (Bad file number)
19:18:15.283264,1055,close(342) = -1 EBADF (Bad file number)
19:18:15.283794,1055,close(343) = -1 EBADF (Bad file number)
19:18:15.284328,1055,close(344) = -1 EBADF (Bad file number)
19:18:15.284855,1055,close(345) = -1 EBADF (Bad file number)
19:18:15.285388,1055,close(346) = -1 EBADF (Bad file number)
19:18:15.285916,1055,close(347) = -1 EBADF (Bad file number)
19:18:15.286449,1055,close(348) = -1 EBADF (Bad file number)
19:18:15.286978,1055,close(349) = -1 EBADF (Bad file number)
19:18:15.287511,1055,close(350) = -1 EBADF (Bad file number)
19:18:15.288045,1055,close(351) = -1 EBADF (Bad file number)
19:18:15.288574,1055,close(352) = -1 EBADF (Bad file number)
19:18:15.289108,1055,close(353) = -1 EBADF (Bad file number)
19:18:15.289635,1055,close(354) = -1 EBADF (Bad file number)
19:18:15.290170,1055,close(355) = -1 EBADF (Bad file number)
19:18:15.290697,1055,close(356) = -1 EBADF (Bad file number)
19:18:15.291261,1055,close(357) = -1 EBADF (Bad file number)
19:18:15.291789,1055,close(358) = -1 EBADF (Bad file number)
19:18:15.292324,1055,close(359) = -1 EBADF (Bad file number)
19:18:15.292853,1055,close(360) = -1 EBADF (Bad file number)
19:18:15.293408,1055,close(361) = -1 EBADF (Bad file number)
19:18:15.293940,1055,close(362) = -1 EBADF (Bad file number)
19:18:15.294477,1055,close(363) = -1 EBADF (Bad file number)
19:18:15.295012,1055,close(364) = -1 EBADF (Bad file number)
19:18:15.295541,1055,close(365) = -1 EBADF (Bad file number)
19:18:15.296075,1055,close(366) = -1 EBADF (Bad file number)
19:18:15.296604,1055,close(367) = -1 EBADF (Bad file number)
19:18:15.297139,1055,close(368) = -1 EBADF (Bad file number)
19:18:15.297666,1055,close(369) = -1 EBADF (Bad file number)
19:18:15.329414,1048,munmap(0xb0f09000, 4722 <unfinished ...>
19:18:15.330303,1055,close(370 <unfinished ...>
19:18:15.330669,1048,<... munmap resumed> ) = 0
19:18:15.330966,1055,<... close resumed> ) = -1 EBADF (Bad file number)
19:18:15.331774,1048,access("/data/data/com.igamepower.appmaster/files", F_OK <unfinished ...>
19:18:15.332366,1055,close(371 <unfinished ...>
19:18:15.332724,1048,<... access resumed> ) = 0
19:18:15.333026,1055,<... close resumed> ) = -1 EBADF (Bad file number)
19:18:15.333622,1048,access("/data/data/com.igamepower.appmaster/files", F_OK <unfinished ...>
19:18:15.334203,1055,close(372 <unfinished ...>
19:18:15.334542,1048,<... access resumed> ) = 0
19:18:15.334836,1055,<... close resumed> ) = -1 EBADF (Bad file number)
19:18:15.335343,1048,access("/data/data/com.igamepower.appmaster/files/icons", F_OK <unfinished ...>
19:18:15.335940,1055,close(373 <unfinished ...>
19:18:15.336329,1048,<... access resumed> ) = -1 ENOENT (No such file or directory)
19:18:15.336629,1055,<... close resumed> ) = -1 EBADF (Bad file number)
19:18:15.337141,1048,mkdir("/data/data/com.igamepower.appmaster/files/icons", 0700 <unfinished ...>
19:18:15.337739,1055,close(374) = -1 EBADF (Bad file number)
19:18:15.339322,1055,close(375) = -1 EBADF (Bad file number)
19:18:15.339869,1055,close(376) = -1 EBADF (Bad file number)
19:18:15.340413,1055,close(377) = -1 EBADF (Bad file number)
19:18:15.340945,1055,close(378) = -1 EBADF (Bad file number)
19:18:15.341481,1055,close(379) = -1 EBADF (Bad file number)
19:18:15.342018,1055,close(380) = -1 EBADF (Bad file number)
19:18:15.342549,1055,close(381) = -1 EBADF (Bad file number)
19:18:15.343169,1055,close(382) = -1 EBADF (Bad file number)
19:18:15.343677,1055,close(383) = -1 EBADF (Bad file number)
19:18:15.359045,1055,close(384) = -1 EBADF (Bad file number)
19:18:15.359595,1055,close(385) = -1 EBADF (Bad file number)
19:18:15.360115,1055,close(386) = -1 EBADF (Bad file number)
19:18:15.360623,1055,close(387) = -1 EBADF (Bad file number)
19:18:15.361138,1055,close(388) = -1 EBADF (Bad file number)
19:18:15.361708,1055,close(389) = -1 EBADF (Bad file number)
19:18:15.362247,1055,close(390) = -1 EBADF (Bad file number)
19:18:15.362776,1055,close(391) = -1 EBADF (Bad file number)
19:18:15.363311,1055,close(392) = -1 EBADF (Bad file number)
19:18:15.363841,1055,close(393) = -1 EBADF (Bad file number)
19:18:15.364374,1055,close(394) = -1 EBADF (Bad file number)
19:18:15.364902,1055,close(395) = -1 EBADF (Bad file number)
19:18:15.365435,1055,close(396) = -1 EBADF (Bad file number)
19:18:15.365965,1055,close(397) = -1 EBADF (Bad file number)
19:18:15.366499,1055,close(398) = -1 EBADF (Bad file number)
19:18:15.367149,1055,close(399) = -1 EBADF (Bad file number)
19:18:15.378632,1048,<... mkdir resumed> ) = 0
19:18:15.379081,1055,close(400 <unfinished ...>
19:18:15.379624,1048,open("/data/data/com.igamepower.appmaster/files/icons/icons_android.ico", O_WRONLY|O_CREAT|O_TRUNC, 0600 <unfinished ...>
19:18:15.380311,1055,<... close resumed> ) = -1 EBADF (Bad file number)
19:18:15.380858,1048,<... open resumed> ) = 47
19:18:15.381186,1055,close(401 <unfinished ...>
19:18:15.381608,1048,fstat64(47, <unfinished ...>
19:18:15.381890,1055,<... close resumed> ) = -1 EBADF (Bad file number)
19:18:15.382199,1048,<... fstat64 resumed> {st_mode=S_IFREG|0600, st_size=0, ...}) = 0
19:18:15.383092,1055,close(402 <unfinished ...>
19:18:15.384511,1048,sigprocmask(SIG_BLOCK, [], <unfinished ...>
19:18:15.384841,1055,<... close resumed> ) = -1 EBADF (Bad file number)
19:18:15.385147,1048,<... sigprocmask resumed> [QUIT USR1 PIPE]) = 0
19:18:15.385501,1055,close(403 <unfinished ...>
19:18:15.385842,1048,sigprocmask(SIG_BLOCK, [], <unfinished ...>
19:18:15.386164,1055,<... close resumed> ) = -1 EBADF (Bad file number)
19:18:15.396845,1055,close(404 <unfinished ...>
19:18:15.397067,1048,<... sigprocmask resumed> [QUIT USR1 PIPE]) = 0
19:18:15.397402,1055,<... close resumed> ) = -1 EBADF (Bad file number)
19:18:15.397786,1048,sigprocmask(SIG_BLOCK, [], <unfinished ...>
19:18:15.398143,1055,close(405 <unfinished ...>
19:18:15.398455,1048,<... sigprocmask resumed> [QUIT USR1 PIPE]) = 0
19:18:15.398779,1055,<... close resumed> ) = -1 EBADF (Bad file number)
19:18:15.400376,1048,clock_gettime(CLOCK_MONOTONIC, <unfinished ...>
19:18:15.400720,1055,close(406 <unfinished ...>
19:18:15.401037,1048,<... clock_gettime resumed> {113, 685678302}) = 0
19:18:15.401413,1055,<... close resumed> ) = -1 EBADF (Bad file number)
19:18:15.401763,1048,getpid( <unfinished ...>
19:18:15.402110,1055,close(407 <unfinished ...>
19:18:15.402398,1048,<... getpid resumed> ) = 1023
19:18:15.402681,1055,<... close resumed> ) = -1 EBADF (Bad file number)
19:18:15.403089,1048,readlink("/proc/1023/fd/47", <unfinished ...>
19:18:15.403592,1055,close(408 <unfinished ...>
19:18:15.404064,1048,<... readlink resumed> "/data/data/com.igamepower.appmaster/files/icons/icons_android.ico"..., 120) = 65
19:18:15.404717,1055,<... close resumed> ) = -1 EBADF (Bad file number)
19:18:15.405208,1048,writev(3, [{"\5", 1}, {"dalvikvm\0", 9}, {"DroidBox: { \"FdAccess\": { \"path\""..., 191}], 3 <unfinished ...>
19:18:15.405959,1055,close(409) = -1 EBADF (Bad file number)
19:18:15.406647,1048,<... writev resumed> ) = 201
19:18:15.427025,1055,close(410 <unfinished ...>
19:18:15.428051,1048,writev(3, [{"\5", 1}, {"DroidBox\0", 9}, {"DroidBox: { \"FileRW\": { \"operati"..., 101}], 3 <unfinished ...>
19:18:15.429134,1055,<... close resumed> ) = -1 EBADF (Bad file number)
19:18:15.429616,1055,close(411 <unfinished ...>
19:18:15.429925,1048,<... writev resumed> ) = 111
19:18:15.430243,1055,<... close resumed> ) = -1 EBADF (Bad file number)
19:18:15.430703,1048,write(47, "\211PNG\r\n\32\n", 8 <unfinished ...>
19:18:15.431130,1055,close(412 <unfinished ...>
19:18:15.431582,1048,<... write resumed> ) = 8
19:18:15.431899,1055,<... close resumed> ) = -1 EBADF (Bad file number)
19:18:15.433121,1048,clock_gettime(CLOCK_MONOTONIC, <unfinished ...>
19:18:15.433456,1055,close(413 <unfinished ...>
19:18:15.433764,1048,<... clock_gettime resumed> {113, 718413591}) = 0
19:18:15.434145,1055,<... close resumed> ) = -1 EBADF (Bad file number)
19:18:15.434492,1048,getpid( <unfinished ...>
19:18:15.434810,1055,close(414 <unfinished ...>
19:18:15.435115,1048,<... getpid resumed> ) = 1023
19:18:15.435412,1055,<... close resumed> ) = -1 EBADF (Bad file number)
19:18:15.435772,1048,readlink("/proc/1023/fd/47", <unfinished ...>
19:18:15.436221,1055,close(415 <unfinished ...>
19:18:15.436629,1048,<... readlink resumed> "/data/data/com.igamepower.appmaster/files/icons/icons_android.ico"..., 120) = 65
19:18:15.437315,1055,<... close resumed> ) = -1 EBADF (Bad file number)
19:18:15.437831,1048,writev(3, [{"\5", 1}, {"dalvikvm\0", 9}, {"DroidBox: { \"FdAccess\": { \"path\""..., 191}], 3 <unfinished ...>
19:18:15.438609,1055,close(416) = -1 EBADF (Bad file number)
19:18:15.440751,1048,<... writev resumed> ) = 201
19:18:15.441115,1055,close(417) = -1 EBADF (Bad file number)
19:18:15.444345,1048,writev(3, [{"\5", 1}, {"DroidBox\0", 9}, {"DroidBox: { \"FileRW\": { \"operati"..., 97}], 3 <unfinished ...>
19:18:15.445103,1055,close(418) = -1 EBADF (Bad file number)
19:18:15.446267,1048,<... writev resumed> ) = 107
19:18:15.446587,1055,close(419 <unfinished ...>
19:18:15.446955,1048,write(47, "\0\0\0\rIHDR", 8 <unfinished ...>
19:18:15.447305,1055,<... close resumed> ) = -1 EBADF (Bad file number)
19:18:15.447692,1048,<... write resumed> ) = 8
19:18:15.448012,1055,close(420 <unfinished ...>
19:18:15.449152,1048,clock_gettime(CLOCK_MONOTONIC, <unfinished ...>
19:18:15.449440,1055,<... close resumed> ) = -1 EBADF (Bad file number)
19:18:15.449739,1048,<... clock_gettime resumed> {113, 734396245}) = 0
19:18:15.450133,1055,close(421 <unfinished ...>
19:18:15.450458,1048,getpid( <unfinished ...>
19:18:15.450732,1055,<... close resumed> ) = -1 EBADF (Bad file number)
19:18:15.451029,1048,<... getpid resumed> ) = 1023
19:18:15.451455,1055,close(422 <unfinished ...>
19:18:15.451811,1048,readlink("/proc/1023/fd/47", <unfinished ...>
19:18:15.452485,1055,<... close resumed> ) = -1 EBADF (Bad file number)
19:18:15.452895,1048,<... readlink resumed> "/data/data/com.igamepower.appmaster/files/icons/icons_android.ico"..., 120) = 65
19:18:15.454023,1055,close(423 <unfinished ...>
19:18:15.454485,1048,writev(3, [{"\5", 1}, {"dalvikvm\0", 9}, {"DroidBox: { \"FdAccess\": { \"path\""..., 190}], 3 <unfinished ...>
19:18:15.455721,1055,<... close resumed> ) = -1 EBADF (Bad file number)
19:18:15.474658,1055,close(424 <unfinished ...>
19:18:15.474897,1048,<... writev resumed> ) = 200
19:18:15.476680,1055,<... close resumed> ) = -1 EBADF (Bad file number)
19:18:15.477741,1048,writev(3, [{"\5", 1}, {"DroidBox\0", 9}, {"DroidBox: { \"FileRW\": { \"operati"..., 106}], 3 <unfinished ...>
19:18:15.478497,1055,close(425) = -1 EBADF (Bad file number)
19:18:15.479347,1048,<... writev resumed> ) = 116
19:18:15.479666,1055,close(426 <unfinished ...>
19:18:15.480036,1048,write(47, "\0\0\0H\0\0\0H\10\6\0\0\0", 13 <unfinished ...>
19:18:15.480428,1055,<... close resumed> ) = -1 EBADF (Bad file number)
19:18:15.480816,1048,<... write resumed> ) = 13
19:18:15.481137,1055,close(427 <unfinished ...>
19:18:15.482272,1048,clock_gettime(CLOCK_MONOTONIC, <unfinished ...>
19:18:15.482559,1055,<... close resumed> ) = -1 EBADF (Bad file number)
19:18:15.523493,1048,<... clock_gettime resumed> {113, 767515108}) = 0
19:18:15.523859,1055,close(428 <unfinished ...>
19:18:15.525582,1048,getpid( <unfinished ...>
19:18:15.525884,1055,<... close resumed> ) = -1 EBADF (Bad file number)
19:18:15.527847,1048,<... getpid resumed> ) = 1023
19:18:15.528221,1055,close(429 <unfinished ...>
19:18:15.528595,1048,readlink("/proc/1023/fd/47", <unfinished ...>
19:18:15.529022,1055,<... close resumed> ) = -1 EBADF (Bad file number)
19:18:15.529432,1048,<... readlink resumed> "/data/data/com.igamepower.appmaster/files/icons/icons_android.ico"..., 120) = 65
19:18:15.530149,1055,close(430 <unfinished ...>
19:18:15.530605,1048,writev(3, [{"\5", 1}, {"dalvikvm\0", 9}, {"DroidBox: { \"FdAccess\": { \"path\""..., 190}], 3 <unfinished ...>
19:18:15.531356,1055,<... close resumed> ) = -1 EBADF (Bad file number)
19:18:15.531828,1055,close(431 <unfinished ...>
19:18:15.532140,1048,<... writev resumed> ) = 200
19:18:15.532438,1055,<... close resumed> ) = -1 EBADF (Bad file number)
19:18:15.533218,1048,writev(3, [{"\5", 1}, {"DroidBox\0", 9}, {"DroidBox: { \"FileRW\": { \"operati"..., 90}], 3 <unfinished ...>
19:18:15.533995,1055,close(432) = -1 EBADF (Bad file number)
19:18:15.534887,1048,<... writev resumed> ) = 100
19:18:15.535226,1055,close(433 <unfinished ...>
19:18:15.535607,1048,write(47, "Uí³G", 4 <unfinished ...>
19:18:15.535936,1055,<... close resumed> ) = -1 EBADF (Bad file number)
19:18:15.536342,1048,<... write resumed> ) = 4
19:18:15.536669,1055,close(434 <unfinished ...>
19:18:15.537109,1048,mmap2(NULL, 69632, PROT_READ|PROT_WRITE, MAP_PRIVATE|MAP_ANONYMOUS, -1, 0 <unfinished ...>
19:18:15.537456,1055,<... close resumed> ) = -1 EBADF (Bad file number)
19:18:15.537825,1048,<... mmap2 resumed> ) = 0xac437000
19:18:15.538158,1055,close(435 <unfinished ...>
19:18:15.538487,1048,madvise(0xac437000, 69632, 0xc /* MADV_??? */ <unfinished ...>
19:18:15.538788,1055,<... close resumed> ) = -1 EBADF (Bad file number)
19:18:15.539098,1048,<... madvise resumed> ) = -1 EINVAL (Invalid argument)
19:18:15.539423,1055,close(436 <unfinished ...>
19:18:15.539861,1048,mmap2(NULL, 69632, PROT_READ|PROT_WRITE, MAP_PRIVATE|MAP_ANONYMOUS, -1, 0 <unfinished ...>
19:18:15.540182,1055,<... close resumed> ) = -1 EBADF (Bad file number)
19:18:15.540542,1048,<... mmap2 resumed> ) = 0xac207000
19:18:15.540865,1055,close(437 <unfinished ...>
19:18:15.541200,1048,madvise(0xac207000, 69632, 0xc /* MADV_??? */ <unfinished ...>
19:18:15.541499,1055,<... close resumed> ) = -1 EBADF (Bad file number)
19:18:15.541802,1048,<... madvise resumed> ) = -1 EINVAL (Invalid argument)
19:18:15.542132,1055,close(438 <unfinished ...>
19:18:15.542545,1048,mmap2(NULL, 69632, PROT_READ|PROT_WRITE, MAP_PRIVATE|MAP_ANONYMOUS, -1, 0 <unfinished ...>
19:18:15.542858,1055,<... close resumed> ) = -1 EBADF (Bad file number)
19:18:15.543181,1048,<... mmap2 resumed> ) = 0xac1f6000
19:18:15.543502,1055,close(439 <unfinished ...>
19:18:15.543830,1048,madvise(0xac1f6000, 69632, 0xc /* MADV_??? */ <unfinished ...>
19:18:15.544136,1055,<... close resumed> ) = -1 EBADF (Bad file number)
19:18:15.544437,1048,<... madvise resumed> ) = -1 EINVAL (Invalid argument)
19:18:15.544760,1055,close(440 <unfinished ...>
19:18:15.545192,1048,mmap2(NULL, 69632, PROT_READ|PROT_WRITE, MAP_PRIVATE|MAP_ANONYMOUS, -1, 0 <unfinished ...>
19:18:15.545505,1055,<... close resumed> ) = -1 EBADF (Bad file number)
19:18:15.545822,1048,<... mmap2 resumed> ) = 0xac1e5000
19:18:15.546151,1055,close(441 <unfinished ...>
19:18:15.546478,1048,madvise(0xac1e5000, 69632, 0xc /* MADV_??? */ <unfinished ...>
19:18:15.546777,1055,<... close resumed> ) = -1 EBADF (Bad file number)
19:18:15.575595,1055,close(442 <unfinished ...>
19:18:15.575849,1048,<... madvise resumed> ) = -1 EINVAL (Invalid argument)
19:18:15.576165,1055,<... close resumed> ) = -1 EBADF (Bad file number)
19:18:15.577996,1048,clock_gettime(CLOCK_MONOTONIC, <unfinished ...>
19:18:15.578319,1055,close(443 <unfinished ...>
19:18:15.578616,1048,<... clock_gettime resumed> {113, 863269278}) = 0
19:18:15.578978,1055,<... close resumed> ) = -1 EBADF (Bad file number)
19:18:15.579317,1048,getpid( <unfinished ...>
19:18:15.579718,1055,close(444 <unfinished ...>
19:18:15.580013,1048,<... getpid resumed> ) = 1023
19:18:15.580297,1055,<... close resumed> ) = -1 EBADF (Bad file number)
19:18:15.580665,1048,readlink("/proc/1023/fd/47", <unfinished ...>
19:18:15.581096,1055,close(445 <unfinished ...>
19:18:15.581482,1048,<... readlink resumed> "/data/data/com.igamepower.appmaster/files/icons/icons_android.ico"..., 120) = 65
19:18:15.582136,1055,<... close resumed> ) = -1 EBADF (Bad file number)
19:18:15.582575,1048,writev(3, [{"\5", 1}, {"dalvikvm\0", 9}, {"DroidBox: { \"FdAccess\": { \"path\""..., 190}], 3 <unfinished ...>
19:18:15.583319,1055,close(446) = -1 EBADF (Bad file number)
19:18:15.583962,1048,<... writev resumed> ) = 200
19:18:15.584283,1055,close(447 <unfinished ...>
19:18:15.585057,1048,writev(3, [{"\5", 1}, {"DroidBox\0", 9}, {"DroidBox: { \"FileRW\": { \"operati"..., 96}], 3 <unfinished ...>
19:18:15.585760,1055,<... close resumed> ) = -1 EBADF (Bad file number)
19:18:15.587627,1055,close(448 <unfinished ...>
19:18:15.587957,1048,<... writev resumed> ) = 106
19:18:15.588255,1055,<... close resumed> ) = -1 EBADF (Bad file number)
19:18:15.589373,1055,close(449 <unfinished ...>
19:18:15.589766,1048,write(47, "\0\0\0\4sBIT", 8 <unfinished ...>
19:18:15.590125,1055,<... close resumed> ) = -1 EBADF (Bad file number)
19:18:15.590515,1048,<... write resumed> ) = 8
19:18:15.590831,1055,close(450) = -1 EBADF (Bad file number)
19:18:15.594863,1048,clock_gettime(CLOCK_MONOTONIC, <unfinished ...>
19:18:15.595225,1055,close(451 <unfinished ...>
19:18:15.595538,1048,<... clock_gettime resumed> {113, 880187859}) = 0
19:18:15.595918,1055,<... close resumed> ) = -1 EBADF (Bad file number)
19:18:15.596275,1048,getpid( <unfinished ...>
19:18:15.596594,1055,close(452 <unfinished ...>
19:18:15.596895,1048,<... getpid resumed> ) = 1023
19:18:15.597198,1055,<... close resumed> ) = -1 EBADF (Bad file number)
19:18:15.597565,1048,readlink("/proc/1023/fd/47", <unfinished ...>
19:18:15.598017,1055,close(453 <unfinished ...>
19:18:15.598415,1048,<... readlink resumed> "/data/data/com.igamepower.appmaster/files/icons/icons_android.ico"..., 120) = 65
19:18:15.599104,1055,<... close resumed> ) = -1 EBADF (Bad file number)
19:18:15.599565,1048,writev(3, [{"\5", 1}, {"dalvikvm\0", 9}, {"DroidBox: { \"FdAccess\": { \"path\""..., 191}], 3 <unfinished ...>
19:18:15.600346,1055,close(454) = -1 EBADF (Bad file number)
19:18:15.601020,1048,<... writev resumed> ) = 201
19:18:15.601349,1055,close(455) = -1 EBADF (Bad file number)
19:18:15.604211,1055,close(456) = -1 EBADF (Bad file number)
19:18:15.611206,1055,close(457) = -1 EBADF (Bad file number)
19:18:15.611771,1055,close(458) = -1 EBADF (Bad file number)
19:18:15.612293,1055,close(459) = -1 EBADF (Bad file number)
19:18:15.612804,1055,close(460) = -1 EBADF (Bad file number)
19:18:15.613320,1055,close(461) = -1 EBADF (Bad file number)
19:18:15.613828,1055,close(462) = -1 EBADF (Bad file number)
19:18:15.614341,1055,close(463) = -1 EBADF (Bad file number)
19:18:15.614846,1055,close(464) = -1 EBADF (Bad file number)
19:18:15.615359,1055,close(465) = -1 EBADF (Bad file number)
19:18:15.615864,1055,close(466) = -1 EBADF (Bad file number)
19:18:15.616377,1055,close(467) = -1 EBADF (Bad file number)
19:18:15.616880,1055,close(468) = -1 EBADF (Bad file number)
19:18:15.617391,1055,close(469) = -1 EBADF (Bad file number)
19:18:15.617897,1055,close(470) = -1 EBADF (Bad file number)
19:18:15.618409,1055,close(471) = -1 EBADF (Bad file number)
19:18:15.618912,1055,close(472) = -1 EBADF (Bad file number)
19:18:15.619424,1055,close(473) = -1 EBADF (Bad file number)
19:18:15.619929,1055,close(474) = -1 EBADF (Bad file number)
19:18:15.620440,1055,close(475) = -1 EBADF (Bad file number)
19:18:15.620944,1055,close(476) = -1 EBADF (Bad file number)
19:18:15.621454,1055,close(477) = -1 EBADF (Bad file number)
19:18:15.621959,1055,close(478) = -1 EBADF (Bad file number)
19:18:15.622470,1055,close(479) = -1 EBADF (Bad file number)
19:18:15.622974,1055,close(480) = -1 EBADF (Bad file number)
19:18:15.623484,1055,close(481) = -1 EBADF (Bad file number)
19:18:15.623995,1055,close(482) = -1 EBADF (Bad file number)
19:18:15.624499,1055,close(483) = -1 EBADF (Bad file number)
19:18:15.635636,1055,close(484) = -1 EBADF (Bad file number)
19:18:15.636727,1055,close(485) = -1 EBADF (Bad file number)
19:18:15.637255,1055,close(486) = -1 EBADF (Bad file number)
19:18:15.637766,1055,close(487) = -1 EBADF (Bad file number)
19:18:15.638282,1055,close(488) = -1 EBADF (Bad file number)
19:18:15.638789,1055,close(489) = -1 EBADF (Bad file number)
19:18:15.639305,1055,close(490) = -1 EBADF (Bad file number)
19:18:15.639811,1055,close(491) = -1 EBADF (Bad file number)
19:18:15.640323,1055,close(492) = -1 EBADF (Bad file number)
19:18:15.640830,1055,close(493) = -1 EBADF (Bad file number)
19:18:15.641343,1055,close(494) = -1 EBADF (Bad file number)
19:18:15.641849,1055,close(495) = -1 EBADF (Bad file number)
19:18:15.642359,1055,close(496) = -1 EBADF (Bad file number)
19:18:15.642864,1055,close(497) = -1 EBADF (Bad file number)
19:18:15.643376,1055,close(498) = -1 EBADF (Bad file number)
19:18:15.643906,1055,close(499) = -1 EBADF (Bad file number)
19:18:15.644419,1055,close(500) = -1 EBADF (Bad file number)
19:18:15.644923,1055,close(501) = -1 EBADF (Bad file number)
19:18:15.645435,1055,close(502) = -1 EBADF (Bad file number)
19:18:15.645940,1055,close(503) = -1 EBADF (Bad file number)
19:18:15.646451,1055,close(504) = -1 EBADF (Bad file number)
19:18:15.646955,1055,close(505) = -1 EBADF (Bad file number)
19:18:15.647466,1055,close(506) = -1 EBADF (Bad file number)
19:18:15.647971,1055,close(507) = -1 EBADF (Bad file number)
19:18:15.648483,1055,close(508) = -1 EBADF (Bad file number)
19:18:15.648994,1055,close(509) = -1 EBADF (Bad file number)
19:18:15.649499,1055,close(510) = -1 EBADF (Bad file number)
19:18:15.650010,1055,close(511) = -1 EBADF (Bad file number)
19:18:15.650515,1055,close(512) = -1 EBADF (Bad file number)
19:18:15.651027,1055,close(513) = -1 EBADF (Bad file number)
19:18:15.658435,1055,close(514) = -1 EBADF (Bad file number)
19:18:15.658959,1055,close(515) = -1 EBADF (Bad file number)
19:18:15.659478,1055,close(516) = -1 EBADF (Bad file number)
19:18:15.659995,1055,close(517) = -1 EBADF (Bad file number)
19:18:15.660505,1055,close(518) = -1 EBADF (Bad file number)
19:18:15.661018,1055,close(519) = -1 EBADF (Bad file number)
19:18:15.661525,1055,close(520) = -1 EBADF (Bad file number)
19:18:15.662037,1055,close(521) = -1 EBADF (Bad file number)
19:18:15.662544,1055,close(522) = -1 EBADF (Bad file number)
19:18:15.663055,1055,close(523) = -1 EBADF (Bad file number)
19:18:15.663560,1055,close(524) = -1 EBADF (Bad file number)
19:18:15.664071,1055,close(525) = -1 EBADF (Bad file number)
19:18:15.664577,1055,close(526) = -1 EBADF (Bad file number)
19:18:15.665089,1055,close(527) = -1 EBADF (Bad file number)
19:18:15.665594,1055,close(528) = -1 EBADF (Bad file number)
19:18:15.666105,1055,close(529) = -1 EBADF (Bad file number)
19:18:15.666610,1055,close(530) = -1 EBADF (Bad file number)
19:18:15.667121,1055,close(531) = -1 EBADF (Bad file number)
19:18:15.667625,1055,close(532) = -1 EBADF (Bad file number)
19:18:15.668137,1055,close(533) = -1 EBADF (Bad file number)
19:18:15.668643,1055,close(534) = -1 EBADF (Bad file number)
19:18:15.669153,1055,close(535) = -1 EBADF (Bad file number)
19:18:15.669656,1055,close(536) = -1 EBADF (Bad file number)
19:18:15.670168,1055,close(537) = -1 EBADF (Bad file number)
19:18:15.687841,1055,close(538) = -1 EBADF (Bad file number)
19:18:15.688444,1055,close(539) = -1 EBADF (Bad file number)
19:18:15.688961,1055,close(540) = -1 EBADF (Bad file number)
19:18:15.689480,1055,close(541) = -1 EBADF (Bad file number)
19:18:15.689998,1055,close(542) = -1 EBADF (Bad file number)
19:18:15.690506,1055,close(543) = -1 EBADF (Bad file number)
19:18:15.691020,1055,close(544) = -1 EBADF (Bad file number)
19:18:15.691526,1055,close(545) = -1 EBADF (Bad file number)
19:18:15.692039,1055,close(546) = -1 EBADF (Bad file number)
19:18:15.692545,1055,close(547) = -1 EBADF (Bad file number)
19:18:15.693056,1055,close(548) = -1 EBADF (Bad file number)
19:18:15.693586,1055,close(549) = -1 EBADF (Bad file number)
19:18:15.694106,1055,close(550) = -1 EBADF (Bad file number)
19:18:15.694613,1055,close(551) = -1 EBADF (Bad file number)
19:18:15.695195,1055,close(552) = -1 EBADF (Bad file number)
19:18:15.695705,1055,close(553) = -1 EBADF (Bad file number)
19:18:15.696220,1055,close(554) = -1 EBADF (Bad file number)
19:18:15.696894,1055,close(555) = -1 EBADF (Bad file number)
19:18:15.697420,1055,close(556) = -1 EBADF (Bad file number)
19:18:15.697926,1055,close(557) = -1 EBADF (Bad file number)
19:18:15.698467,1055,close(558) = -1 EBADF (Bad file number)
19:18:15.698976,1055,close(559) = -1 EBADF (Bad file number)
19:18:15.699488,1055,close(560) = -1 EBADF (Bad file number)
19:18:15.700000,1055,close(561) = -1 EBADF (Bad file number)
19:18:15.700507,1055,close(562) = -1 EBADF (Bad file number)
19:18:15.701017,1055,close(563) = -1 EBADF (Bad file number)
19:18:15.701521,1055,close(564) = -1 EBADF (Bad file number)
19:18:15.702033,1055,close(565) = -1 EBADF (Bad file number)
19:18:15.702539,1055,close(566) = -1 EBADF (Bad file number)
19:18:15.703048,1055,close(567) = -1 EBADF (Bad file number)
19:18:15.703552,1055,close(568) = -1 EBADF (Bad file number)
19:18:15.704062,1055,close(569) = -1 EBADF (Bad file number)
19:18:15.704566,1055,close(570) = -1 EBADF (Bad file number)
19:18:15.705075,1055,close(571) = -1 EBADF (Bad file number)
19:18:15.705578,1055,close(572) = -1 EBADF (Bad file number)
19:18:15.706089,1055,close(573) = -1 EBADF (Bad file number)
19:18:15.706594,1055,close(574) = -1 EBADF (Bad file number)
19:18:15.707104,1055,close(575) = -1 EBADF (Bad file number)
19:18:15.707606,1055,close(576) = -1 EBADF (Bad file number)
19:18:15.708117,1055,close(577) = -1 EBADF (Bad file number)
19:18:15.708622,1055,close(578) = -1 EBADF (Bad file number)
19:18:15.709132,1055,close(579) = -1 EBADF (Bad file number)
19:18:15.709636,1055,close(580) = -1 EBADF (Bad file number)
19:18:15.710146,1055,close(581) = -1 EBADF (Bad file number)
19:18:15.710651,1055,close(582) = -1 EBADF (Bad file number)
19:18:15.711161,1055,close(583) = -1 EBADF (Bad file number)
19:18:15.711665,1055,close(584) = -1 EBADF (Bad file number)
19:18:15.712176,1055,close(585 <unfinished ...>
19:18:15.745850,1048,writev(3, [{"\5", 1}, {"DroidBox\0", 9}, {"DroidBox: { \"FileRW\": { \"operati"..., 89}], 3) = 99
19:18:15.747129,1048,write(47, "\10\10\10\10", 4) = 4
19:18:15.748669,1048,clock_gettime(CLOCK_MONOTONIC, {114, 33631310}) = 0
19:18:15.749316,1048,getpid() = 1023
19:18:15.749894,1048,readlink("/proc/1023/fd/47", "/data/data/com.igamepower.appmaster/files/icons/icons_android.ico"..., 120) = 65
19:18:15.751180,1048,writev(3, [{"\5", 1}, {"dalvikvm\0", 9}, {"DroidBox: { \"FdAccess\": { \"path\""..., 190}], 3) = 200
19:18:15.754133,1048,writev(3, [{"\5", 1}, {"DroidBox\0", 9}, {"DroidBox: { \"FileRW\": { \"operati"..., 92}], 3) = 102
19:18:15.755671,1048,write(47, "|\10d\210", 4) = 4
19:18:15.763148,1055,<... close resumed> ) = -1 EBADF (Bad file number)
19:18:15.763523,1055,close(586) = -1 EBADF (Bad file number)
19:18:15.764051,1055,close(587) = -1 EBADF (Bad file number)
19:18:15.764564,1055,close(588) = -1 EBADF (Bad file number)
19:18:15.765080,1055,close(589) = -1 EBADF (Bad file number)
19:18:15.765587,1055,close(590) = -1 EBADF (Bad file number)
19:18:15.771779,1055,close(591) = -1 EBADF (Bad file number)
19:18:15.779695,1055,close(592) = -1 EBADF (Bad file number)
19:18:15.780280,1055,close(593) = -1 EBADF (Bad file number)
19:18:15.780874,1055,close(594) = -1 EBADF (Bad file number)
19:18:15.781394,1055,close(595) = -1 EBADF (Bad file number)
19:18:15.781904,1055,close(596) = -1 EBADF (Bad file number)
19:18:15.782473,1055,close(597) = -1 EBADF (Bad file number)
19:18:15.783019,1055,close(598) = -1 EBADF (Bad file number)
19:18:15.783566,1055,close(599) = -1 EBADF (Bad file number)
19:18:15.784082,1055,close(600) = -1 EBADF (Bad file number)
19:18:15.784589,1055,close(601) = -1 EBADF (Bad file number)
19:18:15.785102,1055,close(602) = -1 EBADF (Bad file number)
19:18:15.785609,1055,close(603) = -1 EBADF (Bad file number)
19:18:15.786123,1055,close(604) = -1 EBADF (Bad file number)
19:18:15.788210,1055,close(605) = -1 EBADF (Bad file number)
19:18:15.795323,1028,<... rt_sigtimedwait resumed> ) = 3
19:18:15.816447,1055,close(606 <unfinished ...>
19:18:15.816721,1048,clock_gettime(CLOCK_MONOTONIC, <unfinished ...>
19:18:15.816957,1028,writev(3, [{"\4", 1}, {"dalvikvm\0", 9}, {"threadid=3: reacting to signal 3"..., 33}], 3 <unfinished ...>
19:18:15.817791,1055,<... close resumed> ) = -1 EBADF (Bad file number)
19:18:15.818102,1048,<... clock_gettime resumed> {114, 102757798}) = 0
19:18:15.818811,1055,close(607 <unfinished ...>
19:18:15.819153,1048,getpid( <unfinished ...>
19:18:15.819535,1028,<... writev resumed> ) = 43
19:18:15.819821,1055,<... close resumed> ) = -1 EBADF (Bad file number)
19:18:15.820123,1048,<... getpid resumed> ) = 1023
19:18:15.820516,1028,clock_gettime(CLOCK_MONOTONIC, <unfinished ...>
19:18:15.820825,1055,close(608 <unfinished ...>
19:18:15.821178,1048,readlink("/proc/1023/fd/47", <unfinished ...>
19:18:15.821597,1028,<... clock_gettime resumed> {114, 106238063}) = 0
19:18:15.821950,1055,<... close resumed> ) = -1 EBADF (Bad file number)
19:18:15.822352,1048,<... readlink resumed> "/data/data/com.igamepower.appmaster/files/icons/icons_android.ico"..., 120) = 65
19:18:15.823063,1028,clock_gettime(CLOCK_MONOTONIC, <unfinished ...>
19:18:15.823373,1055,close(609 <unfinished ...>
19:18:15.823807,1048,writev(3, [{"\5", 1}, {"dalvikvm\0", 9}, {"DroidBox: { \"FdAccess\": { \"path\""..., 191}], 3 <unfinished ...>
19:18:15.824540,1028,<... clock_gettime resumed> {114, 109181572}) = 0
19:18:15.824892,1055,<... close resumed> ) = -1 EBADF (Bad file number)
19:18:15.825376,1028,nanosleep({0, 10000000}, <unfinished ...>
19:18:15.825751,1055,close(610 <unfinished ...>
19:18:15.826049,1048,<... writev resumed> ) = 201
19:18:15.826364,1055,<... close resumed> ) = -1 EBADF (Bad file number)
19:18:15.826696,1048,futex(0xb689b58c, FUTEX_WAIT_PRIVATE, -450, NULL <unfinished ...>
19:18:15.827018,1055,close(611) = -1 EBADF (Bad file number)
19:18:15.827556,1055,close(612) = -1 EBADF (Bad file number)
19:18:15.828072,1055,close(613) = -1 EBADF (Bad file number)
19:18:15.828579,1055,close(614) = -1 EBADF (Bad file number)
19:18:15.829091,1055,close(615) = -1 EBADF (Bad file number)
19:18:15.829594,1055,close(616) = -1 EBADF (Bad file number)
19:18:15.830106,1055,close(617) = -1 EBADF (Bad file number)
19:18:15.830612,1055,close(618) = -1 EBADF (Bad file number)
19:18:15.831123,1055,close(619) = -1 EBADF (Bad file number)
19:18:15.831627,1055,close(620) = -1 EBADF (Bad file number)
19:18:15.832138,1055,close(621) = -1 EBADF (Bad file number)
19:18:15.839454,1055,close(622 <unfinished ...>
19:18:15.839798,1028,<... nanosleep resumed> 0xaf495d98) = 0
19:18:15.840099,1055,<... close resumed> ) = -1 EBADF (Bad file number)
19:18:15.840697,1028,getpid( <unfinished ...>
19:18:15.841025,1055,close(623 <unfinished ...>
19:18:15.841330,1028,<... getpid resumed> ) = 1023
19:18:15.841592,1055,<... close resumed> ) = -1 EBADF (Bad file number)
19:18:15.841911,1028,gettimeofday( <unfinished ...>
19:18:15.842307,1055,close(624 <unfinished ...>
19:18:15.842601,1028,<... gettimeofday resumed> {1738783095, 842489}, NULL) = 0
19:18:15.842955,1055,<... close resumed> ) = -1 EBADF (Bad file number)
19:18:15.843527,1028,open("/system/usr/share/zoneinfo/Etc/UTC", O_RDONLY <unfinished ...>
19:18:15.844089,1055,close(625 <unfinished ...>
19:18:15.844428,1028,<... open resumed> ) = -1 ENOENT (No such file or directory)
19:18:15.844703,1055,<... close resumed> ) = -1 EBADF (Bad file number)
19:18:15.845092,1028,open("/system/usr/share/zoneinfo/zoneinfo.idx", O_RDONLY <unfinished ...>
19:18:15.845614,1055,close(626 <unfinished ...>
19:18:15.845949,1028,<... open resumed> ) = 49
19:18:15.846291,1055,<... close resumed> ) = -1 EBADF (Bad file number)
19:18:15.846608,1028,read(49, <unfinished ...>
19:18:15.846902,1055,close(627 <unfinished ...>
19:18:15.847244,1028,<... read resumed> "Africa/Abidjan\0\0\0\0\0\0\0\0\0\0\0\0\0\0\0\0\0\0"..., 52) = 52
19:18:15.847738,1055,<... close resumed> ) = -1 EBADF (Bad file number)
19:18:15.848097,1028,read(49, <unfinished ...>
19:18:15.848392,1055,close(628 <unfinished ...>
19:18:15.848688,1028,<... read resumed> "Africa/Accra\0\0\0\0\0\0\0\0\0\0\0\0\0\0\0\0\0\0\0\0"..., 52) = 52
19:18:15.849195,1055,<... close resumed> ) = -1 EBADF (Bad file number)
19:18:15.849513,1028,read(49, <unfinished ...>
19:18:15.849807,1055,close(629 <unfinished ...>
19:18:15.850142,1028,<... read resumed> "Africa/Addis_Ababa\0\0\0\0\0\0\0\0\0\0\0\0\0\0"..., 52) = 52
19:18:15.850601,1055,<... close resumed> ) = -1 EBADF (Bad file number)
19:18:15.850920,1028,read(49, <unfinished ...>
19:18:15.851252,1055,close(630 <unfinished ...>
19:18:15.851549,1028,<... read resumed> "Africa/Algiers\0\0\0\0\0\0\0\0\0\0\0\0\0\0\0\0\0\0"..., 52) = 52
19:18:15.852051,1055,<... close resumed> ) = -1 EBADF (Bad file number)
19:18:15.852370,1028,read(49, <unfinished ...>
19:18:15.852663,1055,close(631 <unfinished ...>
19:18:15.852959,1028,<... read resumed> "Africa/Asmara\0\0\0\0\0\0\0\0\0\0\0\0\0\0\0\0\0\0\0"..., 52) = 52
19:18:15.853462,1055,<... close resumed> ) = -1 EBADF (Bad file number)
19:18:15.853781,1028,read(49, <unfinished ...>
19:18:15.854111,1055,close(632 <unfinished ...>
19:18:15.854408,1028,<... read resumed> "Africa/Asmera\0\0\0\0\0\0\0\0\0\0\0\0\0\0\0\0\0\0\0"..., 52) = 52
19:18:15.854932,1055,<... close resumed> ) = -1 EBADF (Bad file number)
19:18:15.855306,1028,read(49, <unfinished ...>
19:18:15.855600,1055,close(633 <unfinished ...>
19:18:15.855927,1028,<... read resumed> "Africa/Bamako\0\0\0\0\0\0\0\0\0\0\0\0\0\0\0\0\0\0\0"..., 52) = 52
19:18:15.856512,1055,<... close resumed> ) = -1 EBADF (Bad file number)
19:18:15.856880,1028,read(49, <unfinished ...>
19:18:15.857227,1055,close(634 <unfinished ...>
19:18:15.857525,1028,<... read resumed> "Africa/Bangui\0\0\0\0\0\0\0\0\0\0\0\0\0\0\0\0\0\0\0"..., 52) = 52
19:18:15.858015,1055,<... close resumed> ) = -1 EBADF (Bad file number)
19:18:15.858348,1028,read(49, <unfinished ...>
19:18:15.858641,1055,close(635 <unfinished ...>
19:18:15.859036,1028,<... read resumed> "Africa/Banjul\0\0\0\0\0\0\0\0\0\0\0\0\0\0\0\0\0\0\0"..., 52) = 52
19:18:15.859501,1055,<... close resumed> ) = -1 EBADF (Bad file number)
19:18:15.859820,1028,read(49, <unfinished ...>
19:18:15.860190,1055,close(636 <unfinished ...>
19:18:15.860487,1028,<... read resumed> "Africa/Bissau\0\0\0\0\0\0\0\0\0\0\0\0\0\0\0\0\0\0\0"..., 52) = 52
19:18:15.860952,1055,<... close resumed> ) = -1 EBADF (Bad file number)
19:18:15.879696,1055,close(637 <unfinished ...>
19:18:15.879969,1028,read(49, <unfinished ...>
19:18:15.880307,1055,<... close resumed> ) = -1 EBADF (Bad file number)
19:18:15.880624,1028,<... read resumed> "Africa/Blantyre\0\0\0\0\0\0\0\0\0\0\0\0\0\0\0\0\0"..., 52) = 52
19:18:15.881170,1055,close(638 <unfinished ...>
19:18:15.881488,1028,read(49, <unfinished ...>
19:18:15.881757,1055,<... close resumed> ) = -1 EBADF (Bad file number)
19:18:15.882114,1028,<... read resumed> "Africa/Brazzaville\0\0\0\0\0\0\0\0\0\0\0\0\0\0"..., 52) = 52
19:18:15.882893,1055,close(639 <unfinished ...>
19:18:15.883256,1028,read(49, <unfinished ...>
19:18:15.883526,1055,<... close resumed> ) = -1 EBADF (Bad file number)
19:18:15.883829,1028,<... read resumed> "Africa/Bujumbura\0\0\0\0\0\0\0\0\0\0\0\0\0\0\0\0"..., 52) = 52
19:18:15.884405,1055,close(640 <unfinished ...>
19:18:15.884720,1028,read(49, <unfinished ...>
19:18:15.885058,1055,<... close resumed> ) = -1 EBADF (Bad file number)
19:18:15.885363,1028,<... read resumed> "Africa/Cairo\0\0\0\0\0\0\0\0\0\0\0\0\0\0\0\0\0\0\0\0"..., 52) = 52
19:18:15.885858,1055,close(641 <unfinished ...>
19:18:15.886228,1028,read(49, <unfinished ...>
19:18:15.886495,1055,<... close resumed> ) = -1 EBADF (Bad file number)
19:18:15.886796,1028,<... read resumed> "Africa/Casablanca\0\0\0\0\0\0\0\0\0\0\0\0\0\0\0"..., 52) = 52
19:18:15.887328,1055,close(642 <unfinished ...>
19:18:15.887642,1028,read(49, <unfinished ...>
19:18:15.887907,1055,<... close resumed> ) = -1 EBADF (Bad file number)
19:18:15.888290,1028,<... read resumed> "Africa/Ceuta\0\0\0\0\0\0\0\0\0\0\0\0\0\0\0\0\0\0\0\0"..., 52) = 52
19:18:15.888786,1055,close(643) = -1 EBADF (Bad file number)
19:18:15.900110,1028,read(49, <unfinished ...>
19:18:15.900541,1055,close(644 <unfinished ...>
19:18:15.900869,1028,<... read resumed> "Africa/Conakry\0\0\0\0\0\0\0\0\0\0\0\0\0\0\0\0\0\0"..., 52) = 52
19:18:15.901401,1055,<... close resumed> ) = -1 EBADF (Bad file number)
19:18:15.901740,1028,read(49, <unfinished ...>
19:18:15.902086,1055,close(645 <unfinished ...>
19:18:15.902398,1028,<... read resumed> "Africa/Dakar\0\0\0\0\0\0\0\0\0\0\0\0\0\0\0\0\0\0\0\0"..., 52) = 52
19:18:15.902883,1055,<... close resumed> ) = -1 EBADF (Bad file number)
19:18:15.903256,1028,read(49, <unfinished ...>
19:18:15.903563,1055,close(646 <unfinished ...>
19:18:15.903873,1028,<... read resumed> "Africa/Dar_es_Salaam\0\0\0\0\0\0\0\0\0\0\0\0"..., 52) = 52
19:18:15.904374,1055,<... close resumed> ) = -1 EBADF (Bad file number)
19:18:15.904681,1028,read(49, <unfinished ...>
19:18:15.904962,1055,close(647 <unfinished ...>
19:18:15.905309,1028,<... read resumed> "Africa/Djibouti\0\0\0\0\0\0\0\0\0\0\0\0\0\0\0\0\0"..., 52) = 52
19:18:15.905751,1055,<... close resumed> ) = -1 EBADF (Bad file number)
19:18:15.925417,1028,read(49, <unfinished ...>
19:18:15.925754,1055,close(648 <unfinished ...>
19:18:15.926157,1028,<... read resumed> "Africa/Douala\0\0\0\0\0\0\0\0\0\0\0\0\0\0\0\0\0\0\0"..., 52) = 52
19:18:15.926707,1055,<... close resumed> ) = -1 EBADF (Bad file number)
19:18:15.927150,1028,read(49, <unfinished ...>
19:18:15.927446,1055,close(649 <unfinished ...>
19:18:15.927745,1028,<... read resumed> "Africa/El_Aaiun\0\0\0\0\0\0\0\0\0\0\0\0\0\0\0\0\0"..., 52) = 52
19:18:15.928248,1055,<... close resumed> ) = -1 EBADF (Bad file number)
19:18:15.928569,1028,read(49, <unfinished ...>
19:18:15.928863,1055,close(650 <unfinished ...>
19:18:15.929197,1028,<... read resumed> "Africa/Freetown\0\0\0\0\0\0\0\0\0\0\0\0\0\0\0\0\0"..., 52) = 52
19:18:15.935604,1055,<... close resumed> ) = -1 EBADF (Bad file number)
19:18:15.935952,1028,read(49, <unfinished ...>
19:18:15.936309,1055,close(651 <unfinished ...>
19:18:15.936615,1028,<... read resumed> "Africa/Gaborone\0\0\0\0\0\0\0\0\0\0\0\0\0\0\0\0\0"..., 52) = 52
19:18:15.937143,1055,<... close resumed> ) = -1 EBADF (Bad file number)
19:18:15.937464,1028,read(49, <unfinished ...>
19:18:15.937760,1055,close(652 <unfinished ...>
19:18:15.938145,1028,<... read resumed> "Africa/Harare\0\0\0\0\0\0\0\0\0\0\0\0\0\0\0\0\0\0\0"..., 52) = 52
19:18:15.938611,1055,<... close resumed> ) = -1 EBADF (Bad file number)
19:18:15.938930,1028,read(49, <unfinished ...>
19:18:15.939283,1055,close(653 <unfinished ...>
19:18:15.939579,1028,<... read resumed> "Africa/Johannesburg\0\0\0\0\0\0\0\0\0\0\0\0\0"..., 52) = 52
19:18:15.940104,1055,<... close resumed> ) = -1 EBADF (Bad file number)
19:18:15.940424,1028,read(49, <unfinished ...>
19:18:15.940718,1055,close(654 <unfinished ...>
19:18:15.941074,1028,<... read resumed> "Africa/Juba\0\0\0\0\0\0\0\0\0\0\0\0\0\0\0\0\0\0\0\0\0"..., 52) = 52
19:18:15.941556,1055,<... close resumed> ) = -1 EBADF (Bad file number)
19:18:15.941905,1028,read(49, <unfinished ...>
19:18:15.942252,1055,close(655 <unfinished ...>
19:18:15.942930,1028,<... read resumed> "Africa/Kampala\0\0\0\0\0\0\0\0\0\0\0\0\0\0\0\0\0\0"..., 52) = 52
19:18:15.943423,1055,<... close resumed> ) = -1 EBADF (Bad file number)
19:18:15.943731,1028,read(49, <unfinished ...>
19:18:15.944055,1055,close(656 <unfinished ...>
19:18:15.944353,1028,<... read resumed> "Africa/Khartoum\0\0\0\0\0\0\0\0\0\0\0\0\0\0\0\0\0"..., 52) = 52
19:18:15.944795,1055,<... close resumed> ) = -1 EBADF (Bad file number)
19:18:15.945144,1028,read(49, <unfinished ...>
19:18:15.945425,1055,close(657 <unfinished ...>
19:18:15.945713,1028,<... read resumed> "Africa/Kigali\0\0\0\0\0\0\0\0\0\0\0\0\0\0\0\0\0\0\0"..., 52) = 52
19:18:15.957229,1055,<... close resumed> ) = -1 EBADF (Bad file number)
19:18:15.957666,1028,read(49, <unfinished ...>
19:18:15.957958,1055,close(658 <unfinished ...>
19:18:15.958305,1028,<... read resumed> "Africa/Kinshasa\0\0\0\0\0\0\0\0\0\0\0\0\0\0\0\0\0"..., 52) = 52
19:18:15.958774,1055,<... close resumed> ) = -1 EBADF (Bad file number)
19:18:15.959171,1028,read(49, <unfinished ...>
19:18:15.959481,1055,close(659 <unfinished ...>
19:18:15.959779,1028,<... read resumed> "Africa/Lagos\0\0\0\0\0\0\0\0\0\0\0\0\0\0\0\0\0\0\0\0"..., 52) = 52
19:18:15.960285,1055,<... close resumed> ) = -1 EBADF (Bad file number)
19:18:15.960605,1028,read(49, <unfinished ...>
19:18:15.960899,1055,close(660 <unfinished ...>
19:18:15.961235,1028,<... read resumed> "Africa/Libreville\0\0\0\0\0\0\0\0\0\0\0\0\0\0\0"..., 52) = 52
19:18:15.961696,1055,<... close resumed> ) = -1 EBADF (Bad file number)
19:18:15.962053,1028,read(49, <unfinished ...>
19:18:15.962346,1055,close(661 <unfinished ...>
19:18:15.962642,1028,<... read resumed> "Africa/Lome\0\0\0\0\0\0\0\0\0\0\0\0\0\0\0\0\0\0\0\0\0"..., 52) = 52
19:18:15.963148,1055,<... close resumed> ) = -1 EBADF (Bad file number)
19:18:15.963468,1028,read(49, <unfinished ...>
19:18:15.963761,1055,close(662 <unfinished ...>
19:18:15.964096,1028,<... read resumed> "Africa/Luanda\0\0\0\0\0\0\0\0\0\0\0\0\0\0\0\0\0\0\0"..., 52) = 52
19:18:15.964561,1055,<... close resumed> ) = -1 EBADF (Bad file number)
19:18:15.964879,1028,read(49, <unfinished ...>
19:18:15.965211,1055,close(663 <unfinished ...>
19:18:15.965507,1028,<... read resumed> "Africa/Lubumbashi\0\0\0\0\0\0\0\0\0\0\0\0\0\0\0"..., 52) = 52
19:18:15.966007,1055,<... close resumed> ) = -1 EBADF (Bad file number)
19:18:15.966348,1028,read(49, <unfinished ...>
19:18:15.966651,1055,close(664 <unfinished ...>
19:18:15.966955,1028,<... read resumed> "Africa/Lusaka\0\0\0\0\0\0\0\0\0\0\0\0\0\0\0\0\0\0\0"..., 52) = 52
19:18:15.967437,1055,<... close resumed> ) = -1 EBADF (Bad file number)
19:18:15.967756,1028,read(49, <unfinished ...>
19:18:15.968053,1055,close(665 <unfinished ...>
19:18:15.968351,1028,<... read resumed> "Africa/Malabo\0\0\0\0\0\0\0\0\0\0\0\0\0\0\0\0\0\0\0"..., 52) = 52
19:18:15.968815,1055,<... close resumed> ) = -1 EBADF (Bad file number)
19:18:15.969158,1028,read(49, <unfinished ...>
19:18:15.969459,1055,close(666 <unfinished ...>
19:18:15.969764,1028,<... read resumed> "Africa/Maputo\0\0\0\0\0\0\0\0\0\0\0\0\0\0\0\0\0\0\0"..., 52) = 52
19:18:15.970249,1055,<... close resumed> ) = -1 EBADF (Bad file number)
19:18:15.970576,1028,read(49, <unfinished ...>
19:18:15.970878,1055,close(667 <unfinished ...>
19:18:15.971219,1028,<... read resumed> "Africa/Maseru\0\0\0\0\0\0\0\0\0\0\0\0\0\0\0\0\0\0\0"..., 52) = 52
19:18:15.971698,1055,<... close resumed> ) = -1 EBADF (Bad file number)
19:18:15.972032,1028,read(49, <unfinished ...>
19:18:15.972333,1055,close(668 <unfinished ...>
19:18:15.972638,1028,<... read resumed> "Africa/Mbabane\0\0\0\0\0\0\0\0\0\0\0\0\0\0\0\0\0\0"..., 52) = 52
19:18:15.973120,1055,<... close resumed> ) = -1 EBADF (Bad file number)
19:18:15.973448,1028,read(49, <unfinished ...>
19:18:15.973751,1055,close(669 <unfinished ...>
19:18:15.974060,1028,<... read resumed> "Africa/Mogadishu\0\0\0\0\0\0\0\0\0\0\0\0\0\0\0\0"..., 52) = 52
19:18:15.974536,1055,<... close resumed> ) = -1 EBADF (Bad file number)
19:18:15.974865,1028,read(49, <unfinished ...>
19:18:15.975172,1055,close(670 <unfinished ...>
19:18:15.975478,1028,<... read resumed> "Africa/Monrovia\0\0\0\0\0\0\0\0\0\0\0\0\0\0\0\0\0"..., 52) = 52
19:18:15.976006,1055,<... close resumed> ) = -1 EBADF (Bad file number)
19:18:15.976338,1028,read(49, <unfinished ...>
19:18:15.976630,1055,close(671 <unfinished ...>
19:18:15.976991,1028,<... read resumed> "Africa/Nairobi\0\0\0\0\0\0\0\0\0\0\0\0\0\0\0\0\0\0"..., 52) = 52
19:18:15.977456,1055,<... close resumed> ) = -1 EBADF (Bad file number)
19:18:15.977774,1028,read(49, <unfinished ...>
19:18:15.978072,1055,close(672 <unfinished ...>
19:18:15.978368,1028,<... read resumed> "Africa/Ndjamena\0\0\0\0\0\0\0\0\0\0\0\0\0\0\0\0\0"..., 52) = 52
19:18:15.978852,1055,<... close resumed> ) = -1 EBADF (Bad file number)
19:18:15.979176,1028,read(49, <unfinished ...>
19:18:15.979504,1055,close(673 <unfinished ...>
19:18:15.979801,1028,<... read resumed> "Africa/Niamey\0\0\0\0\0\0\0\0\0\0\0\0\0\0\0\0\0\0\0"..., 52) = 52
19:18:15.980295,1055,<... close resumed> ) = -1 EBADF (Bad file number)
19:18:15.980624,1028,read(49, <unfinished ...>
19:18:16.001581,1055,close(674 <unfinished ...>
19:18:16.001807,1028,<... read resumed> "Africa/Nouakchott\0\0\0\0\0\0\0\0\0\0\0\0\0\0\0"..., 52) = 52
19:18:16.002629,1055,<... close resumed> ) = -1 EBADF (Bad file number)
19:18:16.002947,1028,read(49, <unfinished ...>
19:18:16.003368,1055,close(675 <unfinished ...>
19:18:16.003733,1028,<... read resumed> "Africa/Ouagadougou\0\0\0\0\0\0\0\0\0\0\0\0\0\0"..., 52) = 52
19:18:16.005800,1055,<... close resumed> ) = -1 EBADF (Bad file number)
19:18:16.010720,1055,close(676 <unfinished ...>
19:18:16.011032,1028,read(49, <unfinished ...>
19:18:16.015890,1055,<... close resumed> ) = -1 EBADF (Bad file number)
19:18:16.016151,1028,<... read resumed> "Africa/Porto-Novo\0\0\0\0\0\0\0\0\0\0\0\0\0\0\0"..., 52) = 52
19:18:16.017081,1055,close(677 <unfinished ...>
19:18:16.017402,1028,read(49, <unfinished ...>
19:18:16.017669,1055,<... close resumed> ) = -1 EBADF (Bad file number)
19:18:16.018224,1028,<... read resumed> "Africa/Sao_Tome\0\0\0\0\0\0\0\0\0\0\0\0\0\0\0\0\0"..., 52) = 52
19:18:16.018818,1055,close(678 <unfinished ...>
19:18:16.026293,1028,read(49, <unfinished ...>
19:18:16.026592,1055,<... close resumed> ) = -1 EBADF (Bad file number)
19:18:16.026905,1028,<... read resumed> "Africa/Timbuktu\0\0\0\0\0\0\0\0\0\0\0\0\0\0\0\0\0"..., 52) = 52
19:18:16.027601,1055,close(679 <unfinished ...>
19:18:16.027948,1028,read(49, <unfinished ...>
19:18:16.028335,1055,<... close resumed> ) = -1 EBADF (Bad file number)
19:18:16.028652,1028,<... read resumed> "Africa/Tripoli\0\0\0\0\0\0\0\0\0\0\0\0\0\0\0\0\0\0"..., 52) = 52
19:18:16.029229,1055,close(680 <unfinished ...>
19:18:16.029533,1028,read(49, <unfinished ...>
19:18:16.029787,1055,<... close resumed> ) = -1 EBADF (Bad file number)
19:18:16.030131,1028,<... read resumed> "Africa/Tunis\0\0\0\0\0\0\0\0\0\0\0\0\0\0\0\0\0\0\0\0"..., 52) = 52
19:18:16.030602,1055,close(681 <unfinished ...>
19:18:16.030949,1028,read(49, <unfinished ...>
19:18:16.031291,1055,<... close resumed> ) = -1 EBADF (Bad file number)
19:18:16.031595,1028,<... read resumed> "Africa/Windhoek\0\0\0\0\0\0\0\0\0\0\0\0\0\0\0\0\0"..., 52) = 52
19:18:16.032183,1055,close(682 <unfinished ...>
19:18:16.032484,1028,read(49, <unfinished ...>
19:18:16.032737,1055,<... close resumed> ) = -1 EBADF (Bad file number)
19:18:16.033081,1028,<... read resumed> "America/Adak\0\0\0\0\0\0\0\0\0\0\0\0\0\0\0\0\0\0\0\0"..., 52) = 52
19:18:16.033553,1055,close(683 <unfinished ...>
19:18:16.033852,1028,read(49, <unfinished ...>
19:18:16.034162,1055,<... close resumed> ) = -1 EBADF (Bad file number)
19:18:16.034779,1028,<... read resumed> "America/Anchorage\0\0\0\0\0\0\0\0\0\0\0\0\0\0\0"..., 52) = 52
19:18:16.035319,1055,close(684 <unfinished ...>
19:18:16.035619,1028,read(49, <unfinished ...>
19:18:16.035872,1055,<... close resumed> ) = -1 EBADF (Bad file number)
19:18:16.036215,1028,<... read resumed> "America/Anguilla\0\0\0\0\0\0\0\0\0\0\0\0\0\0\0\0"..., 52) = 52
19:18:16.036694,1055,close(685 <unfinished ...>
19:18:16.037026,1028,read(49, <unfinished ...>
19:18:16.037300,1055,<... close resumed> ) = -1 EBADF (Bad file number)
19:18:16.037594,1028,<... read resumed> "America/Antigua\0\0\0\0\0\0\0\0\0\0\0\0\0\0\0\0\0"..., 52) = 52
19:18:16.038121,1055,close(686 <unfinished ...>
19:18:16.038421,1028,read(49, <unfinished ...>
19:18:16.038674,1055,<... close resumed> ) = -1 EBADF (Bad file number)
19:18:16.038961,1028,<... read resumed> "America/Araguaina\0\0\0\0\0\0\0\0\0\0\0\0\0\0\0"..., 52) = 52
19:18:16.039464,1055,close(687 <unfinished ...>
19:18:16.039797,1028,read(49, <unfinished ...>
19:18:16.040088,1055,<... close resumed> ) = -1 EBADF (Bad file number)
19:18:16.040398,1028,<... read resumed> "America/Argentina/Buenos_Aires\0\0"..., 52) = 52
19:18:16.040847,1055,close(688 <unfinished ...>
19:18:16.041185,1028,read(49, <unfinished ...>
19:18:16.041439,1055,<... close resumed> ) = -1 EBADF (Bad file number)
19:18:16.041726,1028,<... read resumed> "America/Argentina/Catamarca\0\0\0\0\0"..., 52) = 52
19:18:16.042238,1055,close(689 <unfinished ...>
19:18:16.042545,1028,read(49, <unfinished ...>
19:18:16.042804,1055,<... close resumed> ) = -1 EBADF (Bad file number)
19:18:16.043136,1028,<... read resumed> "America/Argentina/ComodRivadavia"..., 52) = 52
19:18:16.043593,1055,close(690 <unfinished ...>
19:18:16.043899,1028,read(49, <unfinished ...>
19:18:16.044196,1055,<... close resumed> ) = -1 EBADF (Bad file number)
19:18:16.044489,1028,<... read resumed> "America/Argentina/Cordoba\0\0\0\0\0\0\0"..., 52) = 52
19:18:16.044956,1055,close(691 <unfinished ...>
19:18:16.045301,1028,read(49, <unfinished ...>
19:18:16.045561,1055,<... close resumed> ) = -1 EBADF (Bad file number)
19:18:16.045854,1028,<... read resumed> "America/Argentina/Jujuy\0\0\0\0\0\0\0\0\0"..., 52) = 52
19:18:16.075895,1055,close(692 <unfinished ...>
19:18:16.076269,1028,read(49, <unfinished ...>
19:18:16.076591,1055,<... close resumed> ) = -1 EBADF (Bad file number)
19:18:16.076952,1028,<... read resumed> "America/Argentina/La_Rioja\0\0\0\0\0\0"..., 52) = 52
19:18:16.077532,1055,close(693 <unfinished ...>
19:18:16.077887,1028,read(49, <unfinished ...>
19:18:16.078237,1055,<... close resumed> ) = -1 EBADF (Bad file number)
19:18:16.078661,1028,<... read resumed> "America/Argentina/Mendoza\0\0\0\0\0\0\0"..., 52) = 52
19:18:16.079371,1055,close(694 <unfinished ...>
19:18:16.079761,1028,read(49, <unfinished ...>
19:18:16.080080,1055,<... close resumed> ) = -1 EBADF (Bad file number)
19:18:16.080437,1028,<... read resumed> "America/Argentina/Rio_Gallegos\0\0"..., 52) = 52
19:18:16.080939,1055,close(695 <unfinished ...>
19:18:16.081337,1028,read(49, <unfinished ...>
19:18:16.081603,1055,<... close resumed> ) = -1 EBADF (Bad file number)
19:18:16.081905,1028,<... read resumed> "America/Argentina/Salta\0\0\0\0\0\0\0\0\0"..., 52) = 52
19:18:16.082475,1055,close(696 <unfinished ...>
19:18:16.082894,1028,read(49, <unfinished ...>
19:18:16.083238,1055,<... close resumed> ) = -1 EBADF (Bad file number)
19:18:16.083528,1028,<... read resumed> "America/Argentina/San_Juan\0\0\0\0\0\0"..., 52) = 52
19:18:16.084155,1055,close(697 <unfinished ...>
19:18:16.084553,1028,read(49, <unfinished ...>
19:18:16.084808,1055,<... close resumed> ) = -1 EBADF (Bad file number)
19:18:16.085160,1028,<... read resumed> "America/Argentina/San_Luis\0\0\0\0\0\0"..., 52) = 52
19:18:16.085638,1055,close(698 <unfinished ...>
19:18:16.085949,1028,read(49, <unfinished ...>
19:18:16.096675,1055,<... close resumed> ) = -1 EBADF (Bad file number)
19:18:16.097077,1028,<... read resumed> "America/Argentina/Tucuman\0\0\0\0\0\0\0"..., 52) = 52
19:18:16.097669,1055,close(699 <unfinished ...>
19:18:16.098246,1028,read(49, <unfinished ...>
19:18:16.098633,1055,<... close resumed> ) = -1 EBADF (Bad file number)
19:18:16.098941,1028,<... read resumed> "America/Argentina/Ushuaia\0\0\0\0\0\0\0"..., 52) = 52
19:18:16.099514,1055,close(700 <unfinished ...>
19:18:16.099833,1028,read(49, <unfinished ...>
19:18:16.100144,1055,<... close resumed> ) = -1 EBADF (Bad file number)
19:18:16.100463,1028,<... read resumed> "America/Aruba\0\0\0\0\0\0\0\0\0\0\0\0\0\0\0\0\0\0\0"..., 52) = 52
19:18:16.101014,1055,close(701 <unfinished ...>
19:18:16.101372,1028,read(49, <unfinished ...>
19:18:16.101641,1055,<... close resumed> ) = -1 EBADF (Bad file number)
19:18:16.102004,1028,<... read resumed> "America/Asuncion\0\0\0\0\0\0\0\0\0\0\0\0\0\0\0\0"..., 52) = 52
19:18:16.102623,1055,close(702 <unfinished ...>
19:18:16.102988,1028,read(49, <unfinished ...>
19:18:16.103337,1055,<... close resumed> ) = -1 EBADF (Bad file number)
19:18:16.103691,1028,<... read resumed> "America/Atikokan\0\0\0\0\0\0\0\0\0\0\0\0\0\0\0\0"..., 52) = 52
19:18:16.104288,1055,close(703 <unfinished ...>
19:18:16.104606,1028,read(49, <unfinished ...>
19:18:16.104875,1055,<... close resumed> ) = -1 EBADF (Bad file number)
19:18:16.105220,1028,<... read resumed> "America/Atka\0\0\0\0\0\0\0\0\0\0\0\0\0\0\0\0\0\0\0\0"..., 52) = 52
19:18:16.164711,1055,close(704 <unfinished ...>
19:18:16.165723,1028,read(49, <unfinished ...>
19:18:16.166076,1055,<... close resumed> ) = -1 EBADF (Bad file number)
19:18:16.166434,1028,<... read resumed> "America/Bahia\0\0\0\0\0\0\0\0\0\0\0\0\0\0\0\0\0\0\0"..., 52) = 52
19:18:16.167077,1055,close(705 <unfinished ...>
19:18:16.167542,1028,read(49, <unfinished ...>
19:18:16.167800,1055,<... close resumed> ) = -1 EBADF (Bad file number)
19:18:16.168176,1028,<... read resumed> "America/Bahia_Banderas\0\0\0\0\0\0\0\0\0\0"..., 52) = 52
19:18:16.168640,1055,close(706 <unfinished ...>
19:18:16.168942,1028,read(49, <unfinished ...>
19:18:16.169252,1055,<... close resumed> ) = -1 EBADF (Bad file number)
19:18:16.169599,1028,<... read resumed> "America/Barbados\0\0\0\0\0\0\0\0\0\0\0\0\0\0\0\0"..., 52) = 52
19:18:16.170157,1055,close(707 <unfinished ...>
19:18:16.170471,1028,read(49, <unfinished ...>
19:18:16.170938,1055,<... close resumed> ) = -1 EBADF (Bad file number)
19:18:16.171300,1028,<... read resumed> "America/Belem\0\0\0\0\0\0\0\0\0\0\0\0\0\0\0\0\0\0\0"..., 52) = 52
19:18:16.171775,1055,close(708 <unfinished ...>
19:18:16.172132,1028,read(49, <unfinished ...>
19:18:16.172387,1055,<... close resumed> ) = -1 EBADF (Bad file number)
19:18:16.172676,1028,<... read resumed> "America/Belize\0\0\0\0\0\0\0\0\0\0\0\0\0\0\0\0\0\0"..., 52) = 52
19:18:16.173200,1055,close(709 <unfinished ...>
19:18:16.173501,1028,read(49, <unfinished ...>
19:18:16.173756,1055,<... close resumed> ) = -1 EBADF (Bad file number)
19:18:16.174171,1028,<... read resumed> "America/Blanc-Sablon\0\0\0\0\0\0\0\0\0\0\0\0"..., 52) = 52
19:18:16.174704,1055,close(710 <unfinished ...>
19:18:16.175087,1028,read(49, <unfinished ...>
19:18:16.175343,1055,<... close resumed> ) = -1 EBADF (Bad file number)
19:18:16.188528,1028,<... read resumed> "America/Boa_Vista\0\0\0\0\0\0\0\0\0\0\0\0\0\0\0"..., 52) = 52
19:18:16.189027,1055,close(711 <unfinished ...>
19:18:16.189341,1028,read(49, <unfinished ...>
19:18:16.189604,1055,<... close resumed> ) = -1 EBADF (Bad file number)
19:18:16.189902,1028,<... read resumed> "America/Bogota\0\0\0\0\0\0\0\0\0\0\0\0\0\0\0\0\0\0"..., 52) = 52
19:18:16.190394,1055,close(712 <unfinished ...>
19:18:16.190702,1028,read(49, <unfinished ...>
19:18:16.190964,1055,<... close resumed> ) = -1 EBADF (Bad file number)
19:18:16.191300,1028,<... read resumed> "America/Boise\0\0\0\0\0\0\0\0\0\0\0\0\0\0\0\0\0\0\0"..., 52) = 52
19:18:16.191782,1055,close(713 <unfinished ...>
19:18:16.192096,1028,read(49, <unfinished ...>
19:18:16.192358,1055,<... close resumed> ) = -1 EBADF (Bad file number)
19:18:16.192653,1028,<... read resumed> "America/Buenos_Aires\0\0\0\0\0\0\0\0\0\0\0\0"..., 52) = 52
19:18:16.193134,1055,close(714 <unfinished ...>
19:18:16.193459,1028,read(49, <unfinished ...>
19:18:16.193723,1055,<... close resumed> ) = -1 EBADF (Bad file number)
19:18:16.194025,1028,<... read resumed> "America/Cambridge_Bay\0\0\0\0\0\0\0\0\0\0\0"..., 52) = 52
19:18:16.194500,1055,close(715 <unfinished ...>
19:18:16.195043,1028,read(49, <unfinished ...>
19:18:16.195301,1055,<... close resumed> ) = -1 EBADF (Bad file number)
19:18:16.195592,1028,<... read resumed> "America/Campo_Grande\0\0\0\0\0\0\0\0\0\0\0\0"..., 52) = 52
19:18:16.196135,1055,close(716 <unfinished ...>
19:18:16.196436,1028,read(49, <unfinished ...>
19:18:16.208131,1055,<... close resumed> ) = -1 EBADF (Bad file number)
19:18:16.210377,1028,<... read resumed> "America/Cancun\0\0\0\0\0\0\0\0\0\0\0\0\0\0\0\0\0\0"..., 52) = 52
19:18:16.210951,1055,close(717 <unfinished ...>
19:18:16.211281,1028,read(49, <unfinished ...>
19:18:16.211540,1055,<... close resumed> ) = -1 EBADF (Bad file number)
19:18:16.211856,1028,<... read resumed> "America/Caracas\0\0\0\0\0\0\0\0\0\0\0\0\0\0\0\0\0"..., 52) = 52
19:18:16.212394,1055,close(718 <unfinished ...>
19:18:16.212697,1028,read(49, <unfinished ...>
19:18:16.213134,1055,<... close resumed> ) = -1 EBADF (Bad file number)
19:18:16.213514,1028,<... read resumed> "America/Catamarca\0\0\0\0\0\0\0\0\0\0\0\0\0\0\0"..., 52) = 52
19:18:16.214047,1055,close(719 <unfinished ...>
19:18:16.214362,1028,read(49, <unfinished ...>
19:18:16.214627,1055,<... close resumed> ) = -1 EBADF (Bad file number)
19:18:16.214929,1028,<... read resumed> "America/Cayenne\0\0\0\0\0\0\0\0\0\0\0\0\0\0\0\0\0"..., 52) = 52
19:18:16.215575,1055,close(720 <unfinished ...>
19:18:16.215958,1028,read(49, <unfinished ...>
19:18:16.216274,1055,<... close resumed> ) = -1 EBADF (Bad file number)
19:18:16.216565,1028,<... read resumed> "America/Cayman\0\0\0\0\0\0\0\0\0\0\0\0\0\0\0\0\0\0"..., 52) = 52
19:18:16.217093,1055,close(721 <unfinished ...>
19:18:16.217394,1028,read(49, <unfinished ...>
19:18:16.217649,1055,<... close resumed> ) = -1 EBADF (Bad file number)
19:18:16.217955,1028,<... read resumed> "America/Chicago\0\0\0\0\0\0\0\0\0\0\0\0\0\0\0\0\0"..., 52) = 52
19:18:16.230316,1055,close(722 <unfinished ...>
19:18:16.230723,1028,read(49, <unfinished ...>
19:18:16.231080,1055,<... close resumed> ) = -1 EBADF (Bad file number)
19:18:16.231392,1028,<... read resumed> "America/Chihuahua\0\0\0\0\0\0\0\0\0\0\0\0\0\0\0"..., 52) = 52
19:18:16.232097,1055,close(723 <unfinished ...>
19:18:16.232447,1028,read(49, <unfinished ...>
19:18:16.232737,1055,<... close resumed> ) = -1 EBADF (Bad file number)
19:18:16.233112,1028,<... read resumed> "America/Coral_Harbour\0\0\0\0\0\0\0\0\0\0\0"..., 52) = 52
19:18:16.233578,1055,close(724 <unfinished ...>
19:18:16.234037,1028,read(49, <unfinished ...>
19:18:16.234295,1055,<... close resumed> ) = -1 EBADF (Bad file number)
19:18:16.234623,1028,<... read resumed> "America/Cordoba\0\0\0\0\0\0\0\0\0\0\0\0\0\0\0\0\0"..., 52) = 52
19:18:16.235338,1055,close(725 <unfinished ...>
19:18:16.235657,1028,read(49, <unfinished ...>
19:18:16.236018,1055,<... close resumed> ) = -1 EBADF (Bad file number)
19:18:16.236308,1028,<... read resumed> "America/Costa_Rica\0\0\0\0\0\0\0\0\0\0\0\0\0\0"..., 52) = 52
19:18:16.236775,1055,close(726 <unfinished ...>
19:18:16.237156,1028,read(49, <unfinished ...>
19:18:16.237411,1055,<... close resumed> ) = -1 EBADF (Bad file number)
19:18:16.237701,1028,<... read resumed> "America/Creston\0\0\0\0\0\0\0\0\0\0\0\0\0\0\0\0\0"..., 52) = 52
19:18:16.238208,1055,close(727 <unfinished ...>
19:18:16.238508,1028,read(49, <unfinished ...>
19:18:16.238764,1055,<... close resumed> ) = -1 EBADF (Bad file number)
19:18:16.239106,1028,<... read resumed> "America/Cuiaba\0\0\0\0\0\0\0\0\0\0\0\0\0\0\0\0\0\0"..., 52) = 52
19:18:16.239590,1055,close(728 <unfinished ...>
19:18:16.239899,1028,read(49, <unfinished ...>
19:18:16.240211,1055,<... close resumed> ) = -1 EBADF (Bad file number)
19:18:16.240521,1028,<... read resumed> "America/Curacao\0\0\0\0\0\0\0\0\0\0\0\0\0\0\0\0\0"..., 52) = 52
19:18:16.241041,1055,close(729 <unfinished ...>
19:18:16.241350,1028,read(49, <unfinished ...>
19:18:16.241612,1055,<... close resumed> ) = -1 EBADF (Bad file number)
19:18:16.241953,1028,<... read resumed> "America/Danmarkshavn\0\0\0\0\0\0\0\0\0\0\0\0"..., 52) = 52
19:18:16.242437,1055,close(730 <unfinished ...>
19:18:16.242738,1028,read(49, <unfinished ...>
19:18:16.243073,1055,<... close resumed> ) = -1 EBADF (Bad file number)
19:18:16.243371,1028,<... read resumed> "America/Dawson\0\0\0\0\0\0\0\0\0\0\0\0\0\0\0\0\0\0"..., 52) = 52
19:18:16.243853,1055,close(731 <unfinished ...>
19:18:16.244199,1028,read(49, <unfinished ...>
19:18:16.244461,1055,<... close resumed> ) = -1 EBADF (Bad file number)
19:18:16.244757,1028,<... read resumed> "America/Dawson_Creek\0\0\0\0\0\0\0\0\0\0\0\0"..., 52) = 52
19:18:16.245271,1055,close(732 <unfinished ...>
19:18:16.245579,1028,read(49, <unfinished ...>
19:18:16.245841,1055,<... close resumed> ) = -1 EBADF (Bad file number)
19:18:16.246198,1028,<... read resumed> "America/Denver\0\0\0\0\0\0\0\0\0\0\0\0\0\0\0\0\0\0"..., 52) = 52
19:18:16.266843,1055,close(733 <unfinished ...>
19:18:16.267271,1028,read(49, <unfinished ...>
19:18:16.267625,1055,<... close resumed> ) = -1 EBADF (Bad file number)
19:18:16.267968,1028,<... read resumed> "America/Detroit\0\0\0\0\0\0\0\0\0\0\0\0\0\0\0\0\0"..., 52) = 52
19:18:16.268504,1055,close(734 <unfinished ...>
19:18:16.268809,1028,read(49, <unfinished ...>
19:18:16.269121,1055,<... close resumed> ) = -1 EBADF (Bad file number)
19:18:16.269412,1028,<... read resumed> "America/Dominica\0\0\0\0\0\0\0\0\0\0\0\0\0\0\0\0"..., 52) = 52
19:18:16.269929,1055,close(735 <unfinished ...>
19:18:16.270299,1028,read(49, <unfinished ...>
19:18:16.270591,1055,<... close resumed> ) = -1 EBADF (Bad file number)
19:18:16.270931,1028,<... read resumed> "America/Edmonton\0\0\0\0\0\0\0\0\0\0\0\0\0\0\0\0"..., 52) = 52
19:18:16.271574,1055,close(736 <unfinished ...>
19:18:16.271916,1028,read(49, <unfinished ...>
19:18:16.272260,1055,<... close resumed> ) = -1 EBADF (Bad file number)
19:18:16.272551,1028,<... read resumed> "America/Eirunepe\0\0\0\0\0\0\0\0\0\0\0\0\0\0\0\0"..., 52) = 52
19:18:16.273076,1055,close(737 <unfinished ...>
19:18:16.273377,1028,read(49, <unfinished ...>
19:18:16.273632,1055,<... close resumed> ) = -1 EBADF (Bad file number)
19:18:16.273970,1028,<... read resumed> "America/El_Salvador\0\0\0\0\0\0\0\0\0\0\0\0\0"..., 52) = 52
19:18:16.274521,1055,close(738 <unfinished ...>
19:18:16.274951,1028,read(49, <unfinished ...>
19:18:16.275264,1055,<... close resumed> ) = -1 EBADF (Bad file number)
19:18:16.275554,1028,<... read resumed> "America/Ensenada\0\0\0\0\0\0\0\0\0\0\0\0\0\0\0\0"..., 52) = 52
19:18:16.276077,1055,close(739 <unfinished ...>
19:18:16.276377,1028,read(49, <unfinished ...>
19:18:16.276632,1055,<... close resumed> ) = -1 EBADF (Bad file number)
19:18:16.286139,1028,<... read resumed> "America/Fort_Wayne\0\0\0\0\0\0\0\0\0\0\0\0\0\0"..., 52) = 52
19:18:16.286571,1055,close(740 <unfinished ...>
19:18:16.286907,1028,read(49, <unfinished ...>
19:18:16.287212,1055,<... close resumed> ) = -1 EBADF (Bad file number)
19:18:16.287513,1028,<... read resumed> "America/Fortaleza\0\0\0\0\0\0\0\0\0\0\0\0\0\0\0"..., 52) = 52
19:18:16.288115,1055,close(741 <unfinished ...>
19:18:16.288441,1028,read(49, <unfinished ...>
19:18:16.288714,1055,<... close resumed> ) = -1 EBADF (Bad file number)
19:18:16.289164,1028,<... read resumed> "America/Glace_Bay\0\0\0\0\0\0\0\0\0\0\0\0\0\0\0"..., 52) = 52
19:18:16.289767,1055,close(742 <unfinished ...>
19:18:16.290150,1028,read(49, <unfinished ...>
19:18:16.290440,1055,<... close resumed> ) = -1 EBADF (Bad file number)
19:18:16.290733,1028,<... read resumed> "America/Godthab\0\0\0\0\0\0\0\0\0\0\0\0\0\0\0\0\0"..., 52) = 52
19:18:16.291262,1055,close(743 <unfinished ...>
19:18:16.291564,1028,read(49, <unfinished ...>
19:18:16.291819,1055,<... close resumed> ) = -1 EBADF (Bad file number)
19:18:16.292181,1028,<... read resumed> "America/Goose_Bay\0\0\0\0\0\0\0\0\0\0\0\0\0\0\0"..., 52) = 52
19:18:16.292648,1055,close(744 <unfinished ...>
19:18:16.292962,1028,read(49, <unfinished ...>
19:18:16.293280,1055,<... close resumed> ) = -1 EBADF (Bad file number)
19:18:16.293592,1028,<... read resumed> "America/Grand_Turk\0\0\0\0\0\0\0\0\0\0\0\0\0\0"..., 52) = 52
19:18:16.294136,1055,close(745 <unfinished ...>
19:18:16.294439,1028,read(49, <unfinished ...>
19:18:16.294694,1055,<... close resumed> ) = -1 EBADF (Bad file number)
19:18:16.295009,1028,<... read resumed> "America/Grenada\0\0\0\0\0\0\0\0\0\0\0\0\0\0\0\0\0"..., 52) = 52
19:18:16.295491,1055,close(746 <unfinished ...>
19:18:16.295793,1028,read(49, <unfinished ...>
19:18:16.296101,1055,<... close resumed> ) = -1 EBADF (Bad file number)
19:18:16.296400,1028,<... read resumed> "America/Guadeloupe\0\0\0\0\0\0\0\0\0\0\0\0\0\0"..., 52) = 52
19:18:16.296877,1055,close(747 <unfinished ...>
19:18:16.297230,1028,read(49, <unfinished ...>
19:18:16.297484,1055,<... close resumed> ) = -1 EBADF (Bad file number)
19:18:16.297800,1028,<... read resumed> "America/Guatemala\0\0\0\0\0\0\0\0\0\0\0\0\0\0\0"..., 52) = 52
19:18:16.298329,1055,close(748 <unfinished ...>
19:18:16.298638,1028,read(49, <unfinished ...>
19:18:16.298900,1055,<... close resumed> ) = -1 EBADF (Bad file number)
19:18:16.299234,1028,<... read resumed> "America/Guayaquil\0\0\0\0\0\0\0\0\0\0\0\0\0\0\0"..., 52) = 52
19:18:16.299713,1055,close(749 <unfinished ...>
19:18:16.300060,1028,read(49, <unfinished ...>
19:18:16.308064,1055,<... close resumed> ) = -1 EBADF (Bad file number)
19:18:16.308300,1028,<... read resumed> "America/Guyana\0\0\0\0\0\0\0\0\0\0\0\0\0\0\0\0\0\0"..., 52) = 52
19:18:16.308810,1055,close(750 <unfinished ...>
19:18:16.309191,1028,read(49, <unfinished ...>
19:18:16.309457,1055,<... close resumed> ) = -1 EBADF (Bad file number)
19:18:16.309761,1028,<... read resumed> "America/Halifax\0\0\0\0\0\0\0\0\0\0\0\0\0\0\0\0\0"..., 52) = 52
19:18:16.310313,1055,close(751 <unfinished ...>
19:18:16.310616,1028,read(49, <unfinished ...>
19:18:16.310871,1055,<... close resumed> ) = -1 EBADF (Bad file number)
19:18:16.311226,1028,<... read resumed> "America/Havana\0\0\0\0\0\0\0\0\0\0\0\0\0\0\0\0\0\0"..., 52) = 52
19:18:16.311697,1055,close(752 <unfinished ...>
19:18:16.312003,1028,read(49, <unfinished ...>
19:18:16.312257,1055,<... close resumed> ) = -1 EBADF (Bad file number)
19:18:16.312546,1028,<... read resumed> "America/Hermosillo\0\0\0\0\0\0\0\0\0\0\0\0\0\0"..., 52) = 52
19:18:16.313034,1055,close(753 <unfinished ...>
19:18:16.313352,1028,read(49, <unfinished ...>
19:18:16.313621,1055,<... close resumed> ) = -1 EBADF (Bad file number)
19:18:16.313925,1028,<... read resumed> "America/Indiana/Indianapolis\0\0\0\0"..., 52) = 52
19:18:16.314409,1055,close(754 <unfinished ...>
19:18:16.314717,1028,read(49, <unfinished ...>
19:18:16.314984,1055,<... close resumed> ) = -1 EBADF (Bad file number)
19:18:16.315281,1028,<... read resumed> "America/Indiana/Knox\0\0\0\0\0\0\0\0\0\0\0\0"..., 52) = 52
19:18:16.315756,1055,close(755 <unfinished ...>
19:18:16.316103,1028,read(49, <unfinished ...>
19:18:16.316364,1055,<... close resumed> ) = -1 EBADF (Bad file number)
19:18:16.316660,1028,<... read resumed> "America/Indiana/Marengo\0\0\0\0\0\0\0\0\0"..., 52) = 52
19:18:16.317155,1055,close(756 <unfinished ...>
19:18:16.317473,1028,read(49, <unfinished ...>
19:18:16.317741,1055,<... close resumed> ) = -1 EBADF (Bad file number)
19:18:16.318062,1028,<... read resumed> "America/Indiana/Petersburg\0\0\0\0\0\0"..., 52) = 52
19:18:16.318530,1055,close(757 <unfinished ...>
19:18:16.318837,1028,read(49, <unfinished ...>
19:18:16.319103,1055,<... close resumed> ) = -1 EBADF (Bad file number)
19:18:16.319399,1028,<... read resumed> "America/Indiana/Tell_City\0\0\0\0\0\0\0"..., 52) = 52
19:18:16.319867,1055,close(758 <unfinished ...>
19:18:16.320179,1028,read(49, <unfinished ...>
19:18:16.320441,1055,<... close resumed> ) = -1 EBADF (Bad file number)
19:18:16.320768,1028,<... read resumed> "America/Indiana/Vevay\0\0\0\0\0\0\0\0\0\0\0"..., 52) = 52
19:18:16.321281,1055,close(759 <unfinished ...>
19:18:16.321589,1028,read(49, <unfinished ...>
19:18:16.321850,1055,<... close resumed> ) = -1 EBADF (Bad file number)
19:18:16.322184,1028,<... read resumed> "America/Indiana/Vincennes\0\0\0\0\0\0\0"..., 52) = 52
19:18:16.322652,1055,close(760 <unfinished ...>
19:18:16.322959,1028,read(49, <unfinished ...>
19:18:16.323258,1055,<... close resumed> ) = -1 EBADF (Bad file number)
19:18:16.323553,1028,<... read resumed> "America/Indiana/Winamac\0\0\0\0\0\0\0\0\0"..., 52) = 52
19:18:16.324535,1028,read(49, "America/Indianapolis\0\0\0\0\0\0\0\0\0\0\0\0"..., 52) = 52
19:18:16.325307,1028,read(49, "America/Inuvik\0\0\0\0\0\0\0\0\0\0\0\0\0\0\0\0\0\0"..., 52) = 52
19:18:16.326054,1028,read(49, "America/Iqaluit\0\0\0\0\0\0\0\0\0\0\0\0\0\0\0\0\0"..., 52) = 52
19:18:16.326762,1028,read(49, "America/Jamaica\0\0\0\0\0\0\0\0\0\0\0\0\0\0\0\0\0"..., 52) = 52
19:18:16.327515,1028,read(49, "America/Jujuy\0\0\0\0\0\0\0\0\0\0\0\0\0\0\0\0\0\0\0"..., 52) = 52
19:18:16.328297,1028,read(49, "America/Juneau\0\0\0\0\0\0\0\0\0\0\0\0\0\0\0\0\0\0"..., 52) = 52
19:18:16.339012,1028,read(49, "America/Kentucky/Louisville\0\0\0\0\0"..., 52) = 52
19:18:16.339748,1028,read(49, "America/Kentucky/Monticello\0\0\0\0\0"..., 52) = 52
19:18:16.340508,1028,read(49, "America/Knox_IN\0\0\0\0\0\0\0\0\0\0\0\0\0\0\0\0\0"..., 52) = 52
19:18:16.341287,1028,read(49, "America/Kralendijk\0\0\0\0\0\0\0\0\0\0\0\0\0\0"..., 52) = 52
19:18:16.342042,1028,read(49, "America/La_Paz\0\0\0\0\0\0\0\0\0\0\0\0\0\0\0\0\0\0"..., 52) = 52
19:18:16.342732,1028,read(49, "America/Lima\0\0\0\0\0\0\0\0\0\0\0\0\0\0\0\0\0\0\0\0"..., 52) = 52
19:18:16.343478,1028,read(49, "America/Los_Angeles\0\0\0\0\0\0\0\0\0\0\0\0\0"..., 52) = 52
19:18:16.344203,1028,read(49, "America/Louisville\0\0\0\0\0\0\0\0\0\0\0\0\0\0"..., 52) = 52
19:18:16.344898,1028,read(49, "America/Lower_Princes\0\0\0\0\0\0\0\0\0\0\0"..., 52) = 52
19:18:16.366179,1028,read(49, <unfinished ...>
19:18:16.366427,1055,close(761 <unfinished ...>
19:18:16.366758,1028,<... read resumed> "America/Maceio\0\0\0\0\0\0\0\0\0\0\0\0\0\0\0\0\0\0"..., 52) = 52
19:18:16.367316,1055,<... close resumed> ) = -1 EBADF (Bad file number)
19:18:16.367639,1028,read(49, <unfinished ...>
19:18:16.368019,1055,close(762 <unfinished ...>
19:18:16.368320,1028,<... read resumed> "America/Managua\0\0\0\0\0\0\0\0\0\0\0\0\0\0\0\0\0"..., 52) = 52
19:18:16.368785,1055,<... close resumed> ) = -1 EBADF (Bad file number)
19:18:16.369188,1028,read(49, <unfinished ...>
19:18:16.369489,1055,close(763 <unfinished ...>
19:18:16.369794,1028,<... read resumed> "America/Manaus\0\0\0\0\0\0\0\0\0\0\0\0\0\0\0\0\0\0"..., 52) = 52
19:18:16.370276,1055,<... close resumed> ) = -1 EBADF (Bad file number)
19:18:16.370604,1028,read(49, <unfinished ...>
19:18:16.370905,1055,close(764 <unfinished ...>
19:18:16.371215,1028,<... read resumed> "America/Marigot\0\0\0\0\0\0\0\0\0\0\0\0\0\0\0\0\0"..., 52) = 52
19:18:16.371691,1055,<... close resumed> ) = -1 EBADF (Bad file number)
19:18:16.372026,1028,read(49, <unfinished ...>
19:18:16.372326,1055,close(765 <unfinished ...>
19:18:16.372631,1028,<... read resumed> "America/Martinique\0\0\0\0\0\0\0\0\0\0\0\0\0\0"..., 52) = 52
19:18:16.373108,1055,<... close resumed> ) = -1 EBADF (Bad file number)
19:18:16.373435,1028,read(49, <unfinished ...>
19:18:16.373736,1055,close(766 <unfinished ...>
19:18:16.374112,1028,<... read resumed> "America/Matamoros\0\0\0\0\0\0\0\0\0\0\0\0\0\0\0"..., 52) = 52
19:18:16.374572,1055,<... close resumed> ) = -1 EBADF (Bad file number)
19:18:16.374890,1028,read(49, <unfinished ...>
19:18:16.375187,1055,close(767 <unfinished ...>
19:18:16.375483,1028,<... read resumed> "America/Mazatlan\0\0\0\0\0\0\0\0\0\0\0\0\0\0\0\0"..., 52) = 52
19:18:16.376024,1055,<... close resumed> ) = -1 EBADF (Bad file number)
19:18:16.376352,1028,read(49, "America/Mendoza\0\0\0\0\0\0\0\0\0\0\0\0\0\0\0\0\0"..., 52) = 52
19:18:16.377418,1028,read(49, "America/Menominee\0\0\0\0\0\0\0\0\0\0\0\0\0\0\0"..., 52) = 52
19:18:16.378169,1028,read(49, "America/Merida\0\0\0\0\0\0\0\0\0\0\0\0\0\0\0\0\0\0"..., 52) = 52
19:18:16.378928,1028,read(49, "America/Metlakatla\0\0\0\0\0\0\0\0\0\0\0\0\0\0"..., 52) = 52
19:18:16.379637,1028,read(49, "America/Mexico_City\0\0\0\0\0\0\0\0\0\0\0\0\0"..., 52) = 52
19:18:16.380411,1028,read(49, "America/Miquelon\0\0\0\0\0\0\0\0\0\0\0\0\0\0\0\0"..., 52) = 52
19:18:16.381190,1028,read(49, "America/Moncton\0\0\0\0\0\0\0\0\0\0\0\0\0\0\0\0\0"..., 52) = 52
19:18:16.381941,1028,read(49, "America/Monterrey\0\0\0\0\0\0\0\0\0\0\0\0\0\0\0"..., 52) = 52
19:18:16.383066,1028,read(49, "America/Montevideo\0\0\0\0\0\0\0\0\0\0\0\0\0\0"..., 52) = 52
19:18:16.383753,1028,read(49, "America/Montreal\0\0\0\0\0\0\0\0\0\0\0\0\0\0\0\0"..., 52) = 52
19:18:16.384538,1028,read(49, "America/Montserrat\0\0\0\0\0\0\0\0\0\0\0\0\0\0"..., 52) = 52
19:18:16.385338,1028,read(49, "America/Nassau\0\0\0\0\0\0\0\0\0\0\0\0\0\0\0\0\0\0"..., 52) = 52
19:18:16.386119,1028,read(49, "America/New_York\0\0\0\0\0\0\0\0\0\0\0\0\0\0\0\0"..., 52) = 52
19:18:16.386830,1028,read(49, "America/Nipigon\0\0\0\0\0\0\0\0\0\0\0\0\0\0\0\0\0"..., 52) = 52
19:18:16.387558,1028,read(49, "America/Nome\0\0\0\0\0\0\0\0\0\0\0\0\0\0\0\0\0\0\0\0"..., 52) = 52
19:18:16.388326,1028,read(49, "America/Noronha\0\0\0\0\0\0\0\0\0\0\0\0\0\0\0\0\0"..., 52) = 52
19:18:16.389101,1028,read(49, "America/North_Dakota/Beulah\0\0\0\0\0"..., 52) = 52
19:18:16.389773,1028,read(49, "America/North_Dakota/Center\0\0\0\0\0"..., 52) = 52
19:18:16.390509,1028,read(49, "America/North_Dakota/New_Salem\0\0"..., 52) = 52
19:18:16.391183,1028,read(49, "America/Ojinaga\0\0\0\0\0\0\0\0\0\0\0\0\0\0\0\0\0"..., 52) = 52
19:18:16.391869,1028,read(49, "America/Panama\0\0\0\0\0\0\0\0\0\0\0\0\0\0\0\0\0\0"..., 52) = 52
19:18:16.392609,1028,read(49, "America/Pangnirtung\0\0\0\0\0\0\0\0\0\0\0\0\0"..., 52) = 52
19:18:16.393386,1028,read(49, "America/Paramaribo\0\0\0\0\0\0\0\0\0\0\0\0\0\0"..., 52) = 52
19:18:16.394132,1028,read(49, "America/Phoenix\0\0\0\0\0\0\0\0\0\0\0\0\0\0\0\0\0"..., 52) = 52
19:18:16.394838,1028,read(49, "America/Port-au-Prince\0\0\0\0\0\0\0\0\0\0"..., 52) = 52
19:18:16.395540,1028,read(49, "America/Port_of_Spain\0\0\0\0\0\0\0\0\0\0\0"..., 52) = 52
19:18:16.396276,1028,read(49, "America/Porto_Acre\0\0\0\0\0\0\0\0\0\0\0\0\0\0"..., 52) = 52
19:18:16.396982,1028,read(49, "America/Porto_Velho\0\0\0\0\0\0\0\0\0\0\0\0\0"..., 52) = 52
19:18:16.397683,1028,read(49, "America/Puerto_Rico\0\0\0\0\0\0\0\0\0\0\0\0\0"..., 52) = 52
19:18:16.398389,1028,read(49, "America/Rainy_River\0\0\0\0\0\0\0\0\0\0\0\0\0"..., 52) = 52
19:18:16.419488,1055,close(768 <unfinished ...>
19:18:16.419767,1028,read(49, <unfinished ...>
19:18:16.420081,1055,<... close resumed> ) = -1 EBADF (Bad file number)
19:18:16.420403,1028,<... read resumed> "America/Rankin_Inlet\0\0\0\0\0\0\0\0\0\0\0\0"..., 52) = 52
19:18:16.420911,1055,close(769 <unfinished ...>
19:18:16.421275,1028,read(49, <unfinished ...>
19:18:16.421551,1055,<... close resumed> ) = -1 EBADF (Bad file number)
19:18:16.421891,1028,<... read resumed> "America/Recife\0\0\0\0\0\0\0\0\0\0\0\0\0\0\0\0\0\0"..., 52) = 52
19:18:16.422436,1055,close(770 <unfinished ...>
19:18:16.422751,1028,read(49, <unfinished ...>
19:18:16.423099,1055,<... close resumed> ) = -1 EBADF (Bad file number)
19:18:16.423411,1028,<... read resumed> "America/Regina\0\0\0\0\0\0\0\0\0\0\0\0\0\0\0\0\0\0"..., 52) = 52
19:18:16.423962,1055,close(771 <unfinished ...>
19:18:16.424295,1028,read(49, <unfinished ...>
19:18:16.424561,1055,<... close resumed> ) = -1 EBADF (Bad file number)
19:18:16.424893,1028,<... read resumed> "America/Resolute\0\0\0\0\0\0\0\0\0\0\0\0\0\0\0\0"..., 52) = 52
19:18:16.425445,1055,close(772 <unfinished ...>
19:18:16.425767,1028,read(49, <unfinished ...>
19:18:16.426127,1055,<... close resumed> ) = -1 EBADF (Bad file number)
19:18:16.426476,1028,<... read resumed> "America/Rio_Branco\0\0\0\0\0\0\0\0\0\0\0\0\0\0"..., 52) = 52
19:18:16.427071,1055,close(773 <unfinished ...>
19:18:16.427386,1028,read(49, <unfinished ...>
19:18:16.427651,1055,<... close resumed> ) = -1 EBADF (Bad file number)
19:18:16.428018,1028,<... read resumed> "America/Rosario\0\0\0\0\0\0\0\0\0\0\0\0\0\0\0\0\0"..., 52) = 52
19:18:16.428508,1055,close(774 <unfinished ...>
19:18:16.428822,1028,read(49, <unfinished ...>
19:18:16.436441,1055,<... close resumed> ) = -1 EBADF (Bad file number)
19:18:16.436786,1028,<... read resumed> "America/Santa_Isabel\0\0\0\0\0\0\0\0\0\0\0\0"..., 52) = 52
19:18:16.437409,1055,close(775 <unfinished ...>
19:18:16.437796,1028,read(49, <unfinished ...>
19:18:16.438133,1055,<... close resumed> ) = -1 EBADF (Bad file number)
19:18:16.438445,1028,<... read resumed> "America/Santarem\0\0\0\0\0\0\0\0\0\0\0\0\0\0\0\0"..., 52) = 52
19:18:16.439083,1055,close(776 <unfinished ...>
19:18:16.439466,1028,read(49, <unfinished ...>
19:18:16.439829,1055,<... close resumed> ) = -1 EBADF (Bad file number)
19:18:16.440216,1028,<... read resumed> "America/Santiago\0\0\0\0\0\0\0\0\0\0\0\0\0\0\0\0"..., 52) = 52
19:18:16.440788,1055,close(777 <unfinished ...>
19:18:16.441152,1028,read(49, <unfinished ...>
19:18:16.441409,1055,<... close resumed> ) = -1 EBADF (Bad file number)
19:18:16.441698,1028,<... read resumed> "America/Santo_Domingo\0\0\0\0\0\0\0\0\0\0\0"..., 52) = 52
19:18:16.442217,1055,close(778 <unfinished ...>
19:18:16.442631,1028,read(49, <unfinished ...>
19:18:16.443089,1055,<... close resumed> ) = -1 EBADF (Bad file number)
19:18:16.443417,1028,<... read resumed> "America/Sao_Paulo\0\0\0\0\0\0\0\0\0\0\0\0\0\0\0"..., 52) = 52
19:18:16.443967,1055,close(779 <unfinished ...>
19:18:16.444336,1028,read(49, <unfinished ...>
19:18:16.444591,1055,<... close resumed> ) = -1 EBADF (Bad file number)
19:18:16.444881,1028,<... read resumed> "America/Scoresbysund\0\0\0\0\0\0\0\0\0\0\0\0"..., 52) = 52
19:18:16.445403,1055,close(780 <unfinished ...>
19:18:16.445703,1028,read(49, <unfinished ...>
19:18:16.445959,1055,<... close resumed> ) = -1 EBADF (Bad file number)
19:18:16.455904,1055,close(781 <unfinished ...>
19:18:16.456203,1028,<... read resumed> "America/Shiprock\0\0\0\0\0\0\0\0\0\0\0\0\0\0\0\0"..., 52) = 52
19:18:16.456726,1055,<... close resumed> ) = -1 EBADF (Bad file number)
19:18:16.457155,1028,read(49, <unfinished ...>
19:18:16.457442,1055,close(782 <unfinished ...>
19:18:16.457739,1028,<... read resumed> "America/Sitka\0\0\0\0\0\0\0\0\0\0\0\0\0\0\0\0\0\0\0"..., 52) = 52
19:18:16.458262,1055,<... close resumed> ) = -1 EBADF (Bad file number)
19:18:16.458582,1028,read(49, <unfinished ...>
19:18:16.458927,1055,close(783 <unfinished ...>
19:18:16.459249,1028,<... read resumed> "America/St_Barthelemy\0\0\0\0\0\0\0\0\0\0\0"..., 52) = 52
19:18:16.459706,1055,<... close resumed> ) = -1 EBADF (Bad file number)
19:18:16.460110,1028,read(49, <unfinished ...>
19:18:16.460405,1055,close(784 <unfinished ...>
19:18:16.460703,1028,<... read resumed> "America/St_Johns\0\0\0\0\0\0\0\0\0\0\0\0\0\0\0\0"..., 52) = 52
19:18:16.461262,1055,<... close resumed> ) = -1 EBADF (Bad file number)
19:18:16.461581,1028,read(49, <unfinished ...>
19:18:16.461922,1055,close(785 <unfinished ...>
19:18:16.462258,1028,<... read resumed> "America/St_Kitts\0\0\0\0\0\0\0\0\0\0\0\0\0\0\0\0"..., 52) = 52
19:18:16.462868,1055,<... close resumed> ) = -1 EBADF (Bad file number)
19:18:16.463237,1028,read(49, <unfinished ...>
19:18:16.463565,1055,close(786 <unfinished ...>
19:18:16.463851,1028,<... read resumed> "America/St_Lucia\0\0\0\0\0\0\0\0\0\0\0\0\0\0\0\0"..., 52) = 52
19:18:16.464352,1055,<... close resumed> ) = -1 EBADF (Bad file number)
19:18:16.464657,1028,read(49, <unfinished ...>
19:18:16.465011,1055,close(787 <unfinished ...>
19:18:16.465307,1028,<... read resumed> "America/St_Thomas\0\0\0\0\0\0\0\0\0\0\0\0\0\0\0"..., 52) = 52
19:18:16.465747,1055,<... close resumed> ) = -1 EBADF (Bad file number)
19:18:16.502167,1055,close(788 <unfinished ...>
19:18:16.502460,1028,read(49, <unfinished ...>
19:18:16.502733,1055,<... close resumed> ) = -1 EBADF (Bad file number)
19:18:16.503078,1028,<... read resumed> "America/St_Vincent\0\0\0\0\0\0\0\0\0\0\0\0\0\0"..., 52) = 52
19:18:16.503577,1055,close(789 <unfinished ...>
19:18:16.503945,1028,read(49, <unfinished ...>
19:18:16.504235,1055,<... close resumed> ) = -1 EBADF (Bad file number)
19:18:16.504540,1028,<... read resumed> "America/Swift_Current\0\0\0\0\0\0\0\0\0\0\0"..., 52) = 52
19:18:16.505081,1055,close(790 <unfinished ...>
19:18:16.505430,1028,read(49, <unfinished ...>
19:18:16.505697,1055,<... close resumed> ) = -1 EBADF (Bad file number)
19:18:16.515627,1055,close(791 <unfinished ...>
19:18:16.515877,1028,<... read resumed> "America/Tegucigalpa\0\0\0\0\0\0\0\0\0\0\0\0\0"..., 52) = 52
19:18:16.516623,1055,<... close resumed> ) = -1 EBADF (Bad file number)
19:18:16.517042,1028,read(49, <unfinished ...>
19:18:16.517427,1055,close(792 <unfinished ...>
19:18:16.517735,1028,<... read resumed> "America/Thule\0\0\0\0\0\0\0\0\0\0\0\0\0\0\0\0\0\0\0"..., 52) = 52
19:18:16.518319,1055,<... close resumed> ) = -1 EBADF (Bad file number)
19:18:16.518815,1028,read(49, <unfinished ...>
19:18:16.519149,1055,close(793 <unfinished ...>
19:18:16.519496,1028,<... read resumed> "America/Thunder_Bay\0\0\0\0\0\0\0\0\0\0\0\0\0"..., 52) = 52
19:18:16.520070,1055,<... close resumed> ) = -1 EBADF (Bad file number)
19:18:16.520392,1028,read(49, <unfinished ...>
19:18:16.520687,1055,close(794 <unfinished ...>
19:18:16.521013,1028,<... read resumed> "America/Tijuana\0\0\0\0\0\0\0\0\0\0\0\0\0\0\0\0\0"..., 52) = 52
19:18:16.521526,1055,<... close resumed> ) = -1 EBADF (Bad file number)
19:18:16.521847,1028,read(49, <unfinished ...>
19:18:16.522196,1055,close(795 <unfinished ...>
19:18:16.522494,1028,<... read resumed> "America/Toronto\0\0\0\0\0\0\0\0\0\0\0\0\0\0\0\0\0"..., 52) = 52
19:18:16.522958,1055,<... close resumed> ) = -1 EBADF (Bad file number)
19:18:16.523331,1028,read(49, <unfinished ...>
19:18:16.523625,1055,close(796 <unfinished ...>
19:18:16.523977,1028,<... read resumed> "America/Tortola\0\0\0\0\0\0\0\0\0\0\0\0\0\0\0\0\0"..., 52) = 52
19:18:16.524469,1055,<... close resumed> ) = -1 EBADF (Bad file number)
19:18:16.524789,1028,read(49, <unfinished ...>
19:18:16.537228,1055,close(797 <unfinished ...>
19:18:16.537560,1028,<... read resumed> "America/Vancouver\0\0\0\0\0\0\0\0\0\0\0\0\0\0\0"..., 52) = 52
19:18:16.538208,1055,<... close resumed> ) = -1 EBADF (Bad file number)
19:18:16.538609,1028,read(49, <unfinished ...>
19:18:16.538898,1055,close(798 <unfinished ...>
19:18:16.539263,1028,<... read resumed> "America/Virgin\0\0\0\0\0\0\0\0\0\0\0\0\0\0\0\0\0\0"..., 52) = 52
19:18:16.539712,1055,<... close resumed> ) = -1 EBADF (Bad file number)
19:18:16.540061,1028,read(49, <unfinished ...>
19:18:16.540344,1055,close(799 <unfinished ...>
19:18:16.540629,1028,<... read resumed> "America/Whitehorse\0\0\0\0\0\0\0\0\0\0\0\0\0\0"..., 52) = 52
19:18:16.541138,1055,<... close resumed> ) = -1 EBADF (Bad file number)
19:18:16.541445,1028,read(49, <unfinished ...>
19:18:16.541761,1055,close(800 <unfinished ...>
19:18:16.542101,1028,<... read resumed> "America/Winnipeg\0\0\0\0\0\0\0\0\0\0\0\0\0\0\0\0"..., 52) = 52
19:18:16.542542,1055,<... close resumed> ) = -1 EBADF (Bad file number)
19:18:16.542848,1028,read(49, <unfinished ...>
19:18:16.543201,1055,close(801 <unfinished ...>
19:18:16.543487,1028,<... read resumed> "America/Yakutat\0\0\0\0\0\0\0\0\0\0\0\0\0\0\0\0\0"..., 52) = 52
19:18:16.543929,1055,<... close resumed> ) = -1 EBADF (Bad file number)
19:18:16.544296,1028,read(49, <unfinished ...>
19:18:16.544585,1055,close(802 <unfinished ...>
19:18:16.544878,1028,<... read resumed> "America/Yellowknife\0\0\0\0\0\0\0\0\0\0\0\0\0"..., 52) = 52
19:18:16.545384,1055,<... close resumed> ) = -1 EBADF (Bad file number)
19:18:16.545689,1028,read(49, <unfinished ...>
19:18:16.545993,1055,close(803 <unfinished ...>
19:18:16.546325,1028,<... read resumed> "Antarctica/Casey\0\0\0\0\0\0\0\0\0\0\0\0\0\0\0\0"..., 52) = 52
19:18:16.546766,1055,<... close resumed> ) = -1 EBADF (Bad file number)
19:18:16.547142,1028,read(49, <unfinished ...>
19:18:16.547422,1055,close(804 <unfinished ...>
19:18:16.547706,1028,<... read resumed> "Antarctica/Davis\0\0\0\0\0\0\0\0\0\0\0\0\0\0\0\0"..., 52) = 52
19:18:16.548215,1055,<... close resumed> ) = -1 EBADF (Bad file number)
19:18:16.548520,1028,read(49, <unfinished ...>
19:18:16.548800,1055,close(805 <unfinished ...>
19:18:16.549169,1028,<... read resumed> "Antarctica/DumontDUrville\0\0\0\0\0\0\0"..., 52) = 52
19:18:16.549610,1055,<... close resumed> ) = -1 EBADF (Bad file number)
19:18:16.549936,1028,read(49, <unfinished ...>
19:18:16.550272,1055,close(806 <unfinished ...>
19:18:16.550556,1028,<... read resumed> "Antarctica/Macquarie\0\0\0\0\0\0\0\0\0\0\0\0"..., 52) = 52
19:18:16.551020,1055,<... close resumed> ) = -1 EBADF (Bad file number)
19:18:16.551353,1028,read(49, <unfinished ...>
19:18:16.551633,1055,close(807 <unfinished ...>
19:18:16.551933,1028,<... read resumed> "Antarctica/Mawson\0\0\0\0\0\0\0\0\0\0\0\0\0\0\0"..., 52) = 52
19:18:16.552438,1055,<... close resumed> ) = -1 EBADF (Bad file number)
19:18:16.552777,1028,read(49, <unfinished ...>
19:18:16.553121,1055,close(808 <unfinished ...>
19:18:16.553432,1028,<... read resumed> "Antarctica/McMurdo\0\0\0\0\0\0\0\0\0\0\0\0\0\0"..., 52) = 52
19:18:16.563173,1055,<... close resumed> ) = -1 EBADF (Bad file number)
19:18:16.564184,1028,read(49, <unfinished ...>
19:18:16.564476,1055,close(809 <unfinished ...>
19:18:16.564769,1028,<... read resumed> "Antarctica/Palmer\0\0\0\0\0\0\0\0\0\0\0\0\0\0\0"..., 52) = 52
19:18:16.565297,1055,<... close resumed> ) = -1 EBADF (Bad file number)
19:18:16.565605,1028,read(49, <unfinished ...>
19:18:16.565887,1055,close(810 <unfinished ...>
19:18:16.566230,1028,<... read resumed> "Antarctica/Rothera\0\0\0\0\0\0\0\0\0\0\0\0\0\0"..., 52) = 52
19:18:16.592128,1055,<... close resumed> ) = -1 EBADF (Bad file number)
19:18:16.592416,1028,read(49, <unfinished ...>
19:18:16.593097,1055,close(811 <unfinished ...>
19:18:16.593418,1028,<... read resumed> "Antarctica/South_Pole\0\0\0\0\0\0\0\0\0\0\0"..., 52) = 52
19:18:16.594086,1055,<... close resumed> ) = -1 EBADF (Bad file number)
19:18:16.594420,1028,read(49, <unfinished ...>
19:18:16.594829,1055,close(812 <unfinished ...>
19:18:16.595196,1028,<... read resumed> "Antarctica/Syowa\0\0\0\0\0\0\0\0\0\0\0\0\0\0\0\0"..., 52) = 52
19:18:16.595775,1055,<... close resumed> ) = -1 EBADF (Bad file number)
19:18:16.596139,1028,read(49, <unfinished ...>
19:18:16.596547,1055,close(813 <unfinished ...>
19:18:16.596851,1028,<... read resumed> "Antarctica/Vostok\0\0\0\0\0\0\0\0\0\0\0\0\0\0\0"..., 52) = 52
19:18:16.597467,1055,<... close resumed> ) = -1 EBADF (Bad file number)
19:18:16.597794,1028,read(49, <unfinished ...>
19:18:16.598246,1055,close(814 <unfinished ...>
19:18:16.598551,1028,<... read resumed> "Arctic/Longyearbyen\0\0\0\0\0\0\0\0\0\0\0\0\0"..., 52) = 52
19:18:16.599162,1055,<... close resumed> ) = -1 EBADF (Bad file number)
19:18:16.599487,1028,read(49, <unfinished ...>
19:18:16.599893,1055,close(815 <unfinished ...>
19:18:16.600233,1028,<... read resumed> "Asia/Aden\0\0\0\0\0\0\0\0\0\0\0\0\0\0\0\0\0\0\0\0\0\0\0"..., 52) = 52
19:18:16.600817,1055,<... close resumed> ) = -1 EBADF (Bad file number)
19:18:16.601183,1028,read(49, <unfinished ...>
19:18:16.601587,1055,close(816 <unfinished ...>
19:18:16.601923,1028,<... read resumed> "Asia/Almaty\0\0\0\0\0\0\0\0\0\0\0\0\0\0\0\0\0\0\0\0\0"..., 52) = 52
19:18:16.602550,1055,<... close resumed> ) = -1 EBADF (Bad file number)
19:18:16.602876,1028,read(49, <unfinished ...>
19:18:16.603747,1055,close(817 <unfinished ...>
19:18:16.604093,1028,<... read resumed> "Asia/Amman\0\0\0\0\0\0\0\0\0\0\0\0\0\0\0\0\0\0\0\0\0\0"..., 52) = 52
19:18:16.604679,1055,<... close resumed> ) = -1 EBADF (Bad file number)
19:18:16.605045,1028,read(49, <unfinished ...>
19:18:16.605453,1055,close(818 <unfinished ...>
19:18:16.649221,1028,<... read resumed> "Asia/Anadyr\0\0\0\0\0\0\0\0\0\0\0\0\0\0\0\0\0\0\0\0\0"..., 52) = 52
19:18:16.649674,1055,<... close resumed> ) = -1 EBADF (Bad file number)
19:18:16.655336,1028,read(49, <unfinished ...>
19:18:16.711576,1055,close(819 <unfinished ...>
19:18:16.711825,1028,<... read resumed> "Asia/Aqtau\0\0\0\0\0\0\0\0\0\0\0\0\0\0\0\0\0\0\0\0\0\0"..., 52) = 52
19:18:16.717306,1055,<... close resumed> ) = -1 EBADF (Bad file number)
19:18:16.717705,1028,read(49, <unfinished ...>
19:18:16.718399,1055,close(820 <unfinished ...>
19:18:16.718711,1028,<... read resumed> "Asia/Aqtobe\0\0\0\0\0\0\0\0\0\0\0\0\0\0\0\0\0\0\0\0\0"..., 52) = 52
19:18:16.719245,1055,<... close resumed> ) = -1 EBADF (Bad file number)
19:18:16.719567,1028,read(49, <unfinished ...>
19:18:16.719862,1055,close(821 <unfinished ...>
19:18:16.720306,1028,<... read resumed> "Asia/Ashgabat\0\0\0\0\0\0\0\0\0\0\0\0\0\0\0\0\0\0\0"..., 52) = 52
19:18:16.722260,1055,<... close resumed> ) = -1 EBADF (Bad file number)
19:18:16.722610,1028,read(49, <unfinished ...>
19:18:16.723293,1055,close(822 <unfinished ...>
19:18:16.723585,1028,<... read resumed> "Asia/Ashkhabad\0\0\0\0\0\0\0\0\0\0\0\0\0\0\0\0\0\0"..., 52) = 52
19:18:16.724138,1055,<... close resumed> ) = -1 EBADF (Bad file number)
19:18:16.724448,1028,read(49, <unfinished ...>
19:18:16.724730,1055,close(823 <unfinished ...>
19:18:16.725056,1028,<... read resumed> "Asia/Baghdad\0\0\0\0\0\0\0\0\0\0\0\0\0\0\0\0\0\0\0\0"..., 52) = 52
19:18:16.725503,1055,<... close resumed> ) = -1 EBADF (Bad file number)
19:18:16.725808,1028,read(49, <unfinished ...>
19:18:16.726128,1055,close(824 <unfinished ...>
19:18:16.726413,1028,<... read resumed> "Asia/Bahrain\0\0\0\0\0\0\0\0\0\0\0\0\0\0\0\0\0\0\0\0"..., 52) = 52
19:18:16.726858,1055,<... close resumed> ) = -1 EBADF (Bad file number)
19:18:16.727222,1028,read(49, <unfinished ...>
19:18:16.727510,1055,close(825 <unfinished ...>
19:18:16.727803,1028,<... read resumed> "Asia/Baku\0\0\0\0\0\0\0\0\0\0\0\0\0\0\0\0\0\0\0\0\0\0\0"..., 52) = 52
19:18:16.728302,1055,<... close resumed> ) = -1 EBADF (Bad file number)
19:18:16.728615,1028,read(49, <unfinished ...>
19:18:16.728904,1055,close(826 <unfinished ...>
19:18:16.729234,1028,<... read resumed> "Asia/Bangkok\0\0\0\0\0\0\0\0\0\0\0\0\0\0\0\0\0\0\0\0"..., 52) = 52
19:18:16.729692,1055,<... close resumed> ) = -1 EBADF (Bad file number)
19:18:16.730044,1028,read(49, <unfinished ...>
19:18:16.730333,1055,close(827 <unfinished ...>
19:18:16.730625,1028,<... read resumed> "Asia/Beirut\0\0\0\0\0\0\0\0\0\0\0\0\0\0\0\0\0\0\0\0\0"..., 52) = 52
19:18:16.731122,1055,<... close resumed> ) = -1 EBADF (Bad file number)
19:18:16.731436,1028,read(49, <unfinished ...>
19:18:16.731723,1055,close(828 <unfinished ...>
19:18:16.732052,1028,<... read resumed> "Asia/Bishkek\0\0\0\0\0\0\0\0\0\0\0\0\0\0\0\0\0\0\0\0"..., 52) = 52
19:18:16.732509,1055,<... close resumed> ) = -1 EBADF (Bad file number)
19:18:16.732822,1028,read(49, <unfinished ...>
19:18:16.733146,1055,close(829 <unfinished ...>
19:18:16.733438,1028,<... read resumed> "Asia/Brunei\0\0\0\0\0\0\0\0\0\0\0\0\0\0\0\0\0\0\0\0\0"..., 52) = 52
19:18:16.733895,1055,<... close resumed> ) = -1 EBADF (Bad file number)
19:18:16.734246,1028,read(49, <unfinished ...>
19:18:16.734533,1055,close(830 <unfinished ...>
19:18:16.734824,1028,<... read resumed> "Asia/Calcutta\0\0\0\0\0\0\0\0\0\0\0\0\0\0\0\0\0\0\0"..., 52) = 52
19:18:16.735319,1055,<... close resumed> ) = -1 EBADF (Bad file number)
19:18:16.735633,1028,read(49, <unfinished ...>
19:18:16.735920,1055,close(831 <unfinished ...>
19:18:16.736250,1028,<... read resumed> "Asia/Choibalsan\0\0\0\0\0\0\0\0\0\0\0\0\0\0\0\0\0"..., 52) = 52
19:18:16.736703,1055,<... close resumed> ) = -1 EBADF (Bad file number)
19:18:16.737022,1028,read(49, <unfinished ...>
19:18:16.737309,1055,close(832 <unfinished ...>
19:18:16.737600,1028,<... read resumed> "Asia/Chongqing\0\0\0\0\0\0\0\0\0\0\0\0\0\0\0\0\0\0"..., 52) = 52
19:18:16.738059,1055,<... close resumed> ) = -1 EBADF (Bad file number)
19:18:16.738372,1028,read(49, <unfinished ...>
19:18:16.755816,1055,close(833 <unfinished ...>
19:18:16.756108,1028,<... read resumed> "Asia/Chungking\0\0\0\0\0\0\0\0\0\0\0\0\0\0\0\0\0\0"..., 52) = 52
19:18:16.756626,1055,<... close resumed> ) = -1 EBADF (Bad file number)
19:18:16.757034,1028,read(49, <unfinished ...>
19:18:16.757322,1055,close(834 <unfinished ...>
19:18:16.757613,1028,<... read resumed> "Asia/Colombo\0\0\0\0\0\0\0\0\0\0\0\0\0\0\0\0\0\0\0\0"..., 52) = 52
19:18:16.758133,1055,<... close resumed> ) = -1 EBADF (Bad file number)
19:18:16.758441,1028,read(49, <unfinished ...>
19:18:16.758723,1055,close(835 <unfinished ...>
19:18:16.759051,1028,<... read resumed> "Asia/Dacca\0\0\0\0\0\0\0\0\0\0\0\0\0\0\0\0\0\0\0\0\0\0"..., 52) = 52
19:18:16.759512,1055,<... close resumed> ) = -1 EBADF (Bad file number)
19:18:16.759819,1028,read(49, <unfinished ...>
19:18:16.760132,1055,close(836 <unfinished ...>
19:18:16.760434,1028,<... read resumed> "Asia/Damascus\0\0\0\0\0\0\0\0\0\0\0\0\0\0\0\0\0\0\0"..., 52) = 52
19:18:16.760904,1055,<... close resumed> ) = -1 EBADF (Bad file number)
19:18:16.761269,1028,read(49, <unfinished ...>
19:18:16.761577,1055,close(837 <unfinished ...>
19:18:16.761907,1028,<... read resumed> "Asia/Dhaka\0\0\0\0\0\0\0\0\0\0\0\0\0\0\0\0\0\0\0\0\0\0"..., 52) = 52
19:18:16.762405,1055,<... close resumed> ) = -1 EBADF (Bad file number)
19:18:16.762752,1028,read(49, <unfinished ...>
19:18:16.763124,1055,close(838 <unfinished ...>
19:18:16.763420,1028,<... read resumed> "Asia/Dili\0\0\0\0\0\0\0\0\0\0\0\0\0\0\0\0\0\0\0\0\0\0\0"..., 52) = 52
19:18:16.763882,1055,<... close resumed> ) = -1 EBADF (Bad file number)
19:18:16.764234,1028,read(49, <unfinished ...>
19:18:16.764523,1055,close(839 <unfinished ...>
19:18:16.764816,1028,<... read resumed> "Asia/Dubai\0\0\0\0\0\0\0\0\0\0\0\0\0\0\0\0\0\0\0\0\0\0"..., 52) = 52
19:18:16.765318,1055,<... close resumed> ) = -1 EBADF (Bad file number)
19:18:16.765633,1028,read(49, <unfinished ...>
19:18:16.765987,1055,close(840 <unfinished ...>
19:18:16.766284,1028,<... read resumed> "Asia/Dushanbe\0\0\0\0\0\0\0\0\0\0\0\0\0\0\0\0\0\0\0"..., 52) = 52
19:18:16.766729,1055,<... close resumed> ) = -1 EBADF (Bad file number)
19:18:16.767074,1028,read(49, <unfinished ...>
19:18:16.767355,1055,close(841 <unfinished ...>
19:18:16.767639,1028,<... read resumed> "Asia/Gaza\0\0\0\0\0\0\0\0\0\0\0\0\0\0\0\0\0\0\0\0\0\0\0"..., 52) = 52
19:18:16.778108,1055,<... close resumed> ) = -1 EBADF (Bad file number)
19:18:16.778477,1028,read(49, <unfinished ...>
19:18:16.778806,1055,close(842 <unfinished ...>
19:18:16.779193,1028,<... read resumed> "Asia/Harbin\0\0\0\0\0\0\0\0\0\0\0\0\0\0\0\0\0\0\0\0\0"..., 52) = 52
19:18:16.779700,1055,<... close resumed> ) = -1 EBADF (Bad file number)
19:18:16.780132,1028,read(49, <unfinished ...>
19:18:16.780417,1055,close(843 <unfinished ...>
19:18:16.780705,1028,<... read resumed> "Asia/Hebron\0\0\0\0\0\0\0\0\0\0\0\0\0\0\0\0\0\0\0\0\0"..., 52) = 52
19:18:16.781376,1055,<... close resumed> ) = -1 EBADF (Bad file number)
19:18:16.781700,1028,read(49, <unfinished ...>
19:18:16.782030,1055,close(844 <unfinished ...>
19:18:16.782329,1028,<... read resumed> "Asia/Ho_Chi_Minh\0\0\0\0\0\0\0\0\0\0\0\0\0\0\0\0"..., 52) = 52
19:18:16.782986,1055,<... close resumed> ) = -1 EBADF (Bad file number)
19:18:16.783320,1028,read(49, <unfinished ...>
19:18:16.783664,1055,close(845 <unfinished ...>
19:18:16.784022,1028,<... read resumed> "Asia/Hong_Kong\0\0\0\0\0\0\0\0\0\0\0\0\0\0\0\0\0\0"..., 52) = 52
19:18:16.784484,1055,<... close resumed> ) = -1 EBADF (Bad file number)
19:18:16.784804,1028,read(49, <unfinished ...>
19:18:16.785153,1055,close(846 <unfinished ...>
19:18:16.785452,1028,<... read resumed> "Asia/Hovd\0\0\0\0\0\0\0\0\0\0\0\0\0\0\0\0\0\0\0\0\0\0\0"..., 52) = 52
19:18:16.785923,1055,<... close resumed> ) = -1 EBADF (Bad file number)
19:18:16.786286,1028,read(49, <unfinished ...>
19:18:16.786580,1055,close(847 <unfinished ...>
19:18:16.806325,1028,<... read resumed> "Asia/Irkutsk\0\0\0\0\0\0\0\0\0\0\0\0\0\0\0\0\0\0\0\0"..., 52) = 52
19:18:16.808639,1055,<... close resumed> ) = -1 EBADF (Bad file number)
19:18:16.809074,1028,read(49, <unfinished ...>
19:18:16.812080,1055,close(848 <unfinished ...>
19:18:16.812412,1028,<... read resumed> "Asia/Istanbul\0\0\0\0\0\0\0\0\0\0\0\0\0\0\0\0\0\0\0"..., 52) = 52
19:18:16.812897,1055,<... close resumed> ) = -1 EBADF (Bad file number)
19:18:16.813284,1028,read(49, <unfinished ...>
19:18:16.813581,1055,close(849 <unfinished ...>
19:18:16.813879,1028,<... read resumed> "Asia/Jakarta\0\0\0\0\0\0\0\0\0\0\0\0\0\0\0\0\0\0\0\0"..., 52) = 52
19:18:16.814409,1055,<... close resumed> ) = -1 EBADF (Bad file number)
19:18:16.815631,1028,read(49, <unfinished ...>
19:18:16.816008,1055,close(850 <unfinished ...>
19:18:16.816463,1028,<... read resumed> "Asia/Jayapura\0\0\0\0\0\0\0\0\0\0\0\0\0\0\0\0\0\0\0"..., 52) = 52
19:18:16.838083,1055,<... close resumed> ) = -1 EBADF (Bad file number)
19:18:16.838380,1028,read(49, <unfinished ...>
19:18:16.839565,1055,close(851 <unfinished ...>
19:18:16.839879,1028,<... read resumed> "Asia/Jerusalem\0\0\0\0\0\0\0\0\0\0\0\0\0\0\0\0\0\0"..., 52) = 52
19:18:16.840411,1055,<... close resumed> ) = -1 EBADF (Bad file number)
19:18:16.840761,1028,read(49, <unfinished ...>
19:18:16.841104,1055,close(852 <unfinished ...>
19:18:16.841551,1028,<... read resumed> "Asia/Kabul\0\0\0\0\0\0\0\0\0\0\0\0\0\0\0\0\0\0\0\0\0\0"..., 52) = 52
19:18:16.844166,1055,<... close resumed> ) = -1 EBADF (Bad file number)
19:18:16.844553,1028,read(49, <unfinished ...>
19:18:16.844869,1055,close(853 <unfinished ...>
19:18:16.845194,1028,<... read resumed> "Asia/Kamchatka\0\0\0\0\0\0\0\0\0\0\0\0\0\0\0\0\0\0"..., 52) = 52
19:18:16.845684,1055,<... close resumed> ) = -1 EBADF (Bad file number)
19:18:16.846131,1028,read(49, <unfinished ...>
19:18:16.846445,1055,close(854 <unfinished ...>
19:18:16.846756,1028,<... read resumed> "Asia/Karachi\0\0\0\0\0\0\0\0\0\0\0\0\0\0\0\0\0\0\0\0"..., 52) = 52
19:18:16.847253,1055,<... close resumed> ) = -1 EBADF (Bad file number)
19:18:16.847587,1028,read(49, <unfinished ...>
19:18:16.847894,1055,close(855 <unfinished ...>
19:18:16.848210,1028,<... read resumed> "Asia/Kashgar\0\0\0\0\0\0\0\0\0\0\0\0\0\0\0\0\0\0\0\0"..., 52) = 52
19:18:16.848696,1055,<... close resumed> ) = -1 EBADF (Bad file number)
19:18:16.849036,1028,read(49, <unfinished ...>
19:18:16.849343,1055,close(856 <unfinished ...>
19:18:16.849652,1028,<... read resumed> "Asia/Kathmandu\0\0\0\0\0\0\0\0\0\0\0\0\0\0\0\0\0\0"..., 52) = 52
19:18:16.850141,1055,<... close resumed> ) = -1 EBADF (Bad file number)
19:18:16.850474,1028,read(49, <unfinished ...>
19:18:16.850779,1055,close(857 <unfinished ...>
19:18:16.851095,1028,<... read resumed> "Asia/Katmandu\0\0\0\0\0\0\0\0\0\0\0\0\0\0\0\0\0\0\0"..., 52) = 52
19:18:16.851578,1055,<... close resumed> ) = -1 EBADF (Bad file number)
19:18:16.851912,1028,read(49, <unfinished ...>
19:18:16.852224,1055,close(858 <unfinished ...>
19:18:16.852534,1028,<... read resumed> "Asia/Kolkata\0\0\0\0\0\0\0\0\0\0\0\0\0\0\0\0\0\0\0\0"..., 52) = 52
19:18:16.853024,1055,<... close resumed> ) = -1 EBADF (Bad file number)
19:18:16.853356,1028,read(49, <unfinished ...>
19:18:16.853662,1055,close(859 <unfinished ...>
19:18:16.853977,1028,<... read resumed> "Asia/Krasnoyarsk\0\0\0\0\0\0\0\0\0\0\0\0\0\0\0\0"..., 52) = 52
19:18:16.854458,1055,<... close resumed> ) = -1 EBADF (Bad file number)
19:18:16.854790,1028,read(49, <unfinished ...>
19:18:16.855102,1055,close(860 <unfinished ...>
19:18:16.855412,1028,<... read resumed> "Asia/Kuala_Lumpur\0\0\0\0\0\0\0\0\0\0\0\0\0\0\0"..., 52) = 52
19:18:16.855889,1055,<... close resumed> ) = -1 EBADF (Bad file number)
19:18:16.856227,1028,read(49, <unfinished ...>
19:18:16.856532,1055,close(861 <unfinished ...>
19:18:16.856840,1028,<... read resumed> "Asia/Kuching\0\0\0\0\0\0\0\0\0\0\0\0\0\0\0\0\0\0\0\0"..., 52) = 52
19:18:16.857332,1055,<... close resumed> ) = -1 EBADF (Bad file number)
19:18:16.857663,1028,read(49, <unfinished ...>
19:18:16.857974,1055,close(862 <unfinished ...>
19:18:16.858283,1028,<... read resumed> "Asia/Kuwait\0\0\0\0\0\0\0\0\0\0\0\0\0\0\0\0\0\0\0\0\0"..., 52) = 52
19:18:16.858768,1055,<... close resumed> ) = -1 EBADF (Bad file number)
19:18:16.859107,1028,read(49, <unfinished ...>
19:18:16.859413,1055,close(863 <unfinished ...>
19:18:16.859721,1028,<... read resumed> "Asia/Macao\0\0\0\0\0\0\0\0\0\0\0\0\0\0\0\0\0\0\0\0\0\0"..., 52) = 52
19:18:16.860215,1055,<... close resumed> ) = -1 EBADF (Bad file number)
19:18:16.860546,1028,read(49, <unfinished ...>
19:18:16.860851,1055,close(864 <unfinished ...>
19:18:16.861167,1028,<... read resumed> "Asia/Macau\0\0\0\0\0\0\0\0\0\0\0\0\0\0\0\0\0\0\0\0\0\0"..., 52) = 52
19:18:16.867981,1055,<... close resumed> ) = -1 EBADF (Bad file number)
19:18:16.868259,1028,read(49, <unfinished ...>
19:18:16.868589,1055,close(865 <unfinished ...>
19:18:16.868908,1028,<... read resumed> "Asia/Magadan\0\0\0\0\0\0\0\0\0\0\0\0\0\0\0\0\0\0\0\0"..., 52) = 52
19:18:16.869442,1055,<... close resumed> ) = -1 EBADF (Bad file number)
19:18:16.869780,1028,read(49, <unfinished ...>
19:18:16.870095,1055,close(866 <unfinished ...>
19:18:16.870407,1028,<... read resumed> "Asia/Makassar\0\0\0\0\0\0\0\0\0\0\0\0\0\0\0\0\0\0\0"..., 52) = 52
19:18:16.870917,1055,<... close resumed> ) = -1 EBADF (Bad file number)
19:18:16.871258,1028,read(49, <unfinished ...>
19:18:16.871564,1055,close(867 <unfinished ...>
19:18:16.871874,1028,<... read resumed> "Asia/Manila\0\0\0\0\0\0\0\0\0\0\0\0\0\0\0\0\0\0\0\0\0"..., 52) = 52
19:18:16.872369,1055,<... close resumed> ) = -1 EBADF (Bad file number)
19:18:16.872702,1028,read(49, <unfinished ...>
19:18:16.873014,1055,close(868 <unfinished ...>
19:18:16.873323,1028,<... read resumed> "Asia/Muscat\0\0\0\0\0\0\0\0\0\0\0\0\0\0\0\0\0\0\0\0\0"..., 52) = 52
19:18:16.873809,1055,<... close resumed> ) = -1 EBADF (Bad file number)
19:18:16.875542,1028,read(49, <unfinished ...>
19:18:16.875886,1055,close(869 <unfinished ...>
19:18:16.876268,1028,<... read resumed> "Asia/Nicosia\0\0\0\0\0\0\0\0\0\0\0\0\0\0\0\0\0\0\0\0"..., 52) = 52
19:18:16.876787,1055,<... close resumed> ) = -1 EBADF (Bad file number)
19:18:16.878161,1028,read(49, <unfinished ...>
19:18:16.878494,1055,close(870 <unfinished ...>
19:18:16.879196,1028,<... read resumed> "Asia/Novokuznetsk\0\0\0\0\0\0\0\0\0\0\0\0\0\0\0"..., 52) = 52
19:18:16.879702,1055,<... close resumed> ) = -1 EBADF (Bad file number)
19:18:16.880085,1028,read(49, <unfinished ...>
19:18:16.880394,1055,close(871 <unfinished ...>
19:18:16.880706,1028,<... read resumed> "Asia/Novosibirsk\0\0\0\0\0\0\0\0\0\0\0\0\0\0\0\0"..., 52) = 52
19:18:16.881195,1055,<... close resumed> ) = -1 EBADF (Bad file number)
19:18:16.881528,1028,read(49, <unfinished ...>
19:18:16.881834,1055,close(872 <unfinished ...>
19:18:16.882150,1028,<... read resumed> "Asia/Omsk\0\0\0\0\0\0\0\0\0\0\0\0\0\0\0\0\0\0\0\0\0\0\0"..., 52) = 52
19:18:16.882638,1055,<... close resumed> ) = -1 EBADF (Bad file number)
19:18:16.882977,1028,read(49, <unfinished ...>
19:18:16.883283,1055,close(873 <unfinished ...>
19:18:16.883591,1028,<... read resumed> "Asia/Oral\0\0\0\0\0\0\0\0\0\0\0\0\0\0\0\0\0\0\0\0\0\0\0"..., 52) = 52
19:18:16.884084,1055,<... close resumed> ) = -1 EBADF (Bad file number)
19:18:16.884416,1028,read(49, <unfinished ...>
19:18:16.884722,1055,close(874 <unfinished ...>
19:18:16.885037,1028,<... read resumed> "Asia/Phnom_Penh\0\0\0\0\0\0\0\0\0\0\0\0\0\0\0\0\0"..., 52) = 52
19:18:16.885515,1055,<... close resumed> ) = -1 EBADF (Bad file number)
19:18:16.906074,1028,read(49, <unfinished ...>
19:18:16.906337,1055,close(875 <unfinished ...>
19:18:16.907562,1028,<... read resumed> "Asia/Pontianak\0\0\0\0\0\0\0\0\0\0\0\0\0\0\0\0\0\0"..., 52) = 52
19:18:16.908976,1055,<... close resumed> ) = -1 EBADF (Bad file number)
19:18:16.909335,1028,read(49, <unfinished ...>
19:18:16.909681,1055,close(876 <unfinished ...>
19:18:16.910004,1028,<... read resumed> "Asia/Pyongyang\0\0\0\0\0\0\0\0\0\0\0\0\0\0\0\0\0\0"..., 52) = 52
19:18:16.910492,1055,<... close resumed> ) = -1 EBADF (Bad file number)
19:18:16.910826,1028,read(49, <unfinished ...>
19:18:16.911140,1055,close(877 <unfinished ...>
19:18:16.911449,1028,<... read resumed> "Asia/Qatar\0\0\0\0\0\0\0\0\0\0\0\0\0\0\0\0\0\0\0\0\0\0"..., 52) = 52
19:18:16.911937,1055,<... close resumed> ) = -1 EBADF (Bad file number)
19:18:16.912276,1028,read(49, <unfinished ...>
19:18:16.912581,1055,close(878 <unfinished ...>
19:18:16.912891,1028,<... read resumed> "Asia/Qyzylorda\0\0\0\0\0\0\0\0\0\0\0\0\0\0\0\0\0\0"..., 52) = 52
19:18:16.913380,1055,<... close resumed> ) = -1 EBADF (Bad file number)
19:18:16.913713,1028,read(49, <unfinished ...>
19:18:16.914026,1055,close(879 <unfinished ...>
19:18:16.914334,1028,<... read resumed> "Asia/Rangoon\0\0\0\0\0\0\0\0\0\0\0\0\0\0\0\0\0\0\0\0"..., 52) = 52
19:18:16.915806,1028,read(49, <unfinished ...>
19:18:16.916110,1055,<... close resumed> ) = -1 EBADF (Bad file number)
19:18:16.916431,1028,<... read resumed> "Asia/Riyadh\0\0\0\0\0\0\0\0\0\0\0\0\0\0\0\0\0\0\0\0\0"..., 52) = 52
19:18:16.916952,1055,close(880 <unfinished ...>
19:18:16.917288,1028,read(49, <unfinished ...>
19:18:16.917567,1055,<... close resumed> ) = -1 EBADF (Bad file number)
19:18:16.917948,1028,<... read resumed> "Asia/Saigon\0\0\0\0\0\0\0\0\0\0\0\0\0\0\0\0\0\0\0\0\0"..., 52) = 52
19:18:16.918474,1055,close(881 <unfinished ...>
19:18:16.918902,1028,read(49, <unfinished ...>
19:18:16.919200,1055,<... close resumed> ) = -1 EBADF (Bad file number)
19:18:16.919556,1028,<... read resumed> "Asia/Sakhalin\0\0\0\0\0\0\0\0\0\0\0\0\0\0\0\0\0\0\0"..., 52) = 52
19:18:16.920102,1055,close(882 <unfinished ...>
19:18:16.920444,1028,read(49, <unfinished ...>
19:18:16.920735,1055,<... close resumed> ) = -1 EBADF (Bad file number)
19:18:16.921070,1028,<... read resumed> "Asia/Samarkand\0\0\0\0\0\0\0\0\0\0\0\0\0\0\0\0\0\0"..., 52) = 52
19:18:16.921608,1055,close(883 <unfinished ...>
19:18:16.921952,1028,read(49, <unfinished ...>
19:18:16.922248,1055,<... close resumed> ) = -1 EBADF (Bad file number)
19:18:16.922578,1028,<... read resumed> "Asia/Seoul\0\0\0\0\0\0\0\0\0\0\0\0\0\0\0\0\0\0\0\0\0\0"..., 52) = 52
19:18:16.923127,1055,close(884 <unfinished ...>
19:18:16.923469,1028,read(49, <unfinished ...>
19:18:16.923759,1055,<... close resumed> ) = -1 EBADF (Bad file number)
19:18:16.924093,1028,<... read resumed> "Asia/Shanghai\0\0\0\0\0\0\0\0\0\0\0\0\0\0\0\0\0\0\0"..., 52) = 52
19:18:16.924631,1055,close(885 <unfinished ...>
19:18:16.924979,1028,read(49, <unfinished ...>
19:18:16.925269,1055,<... close resumed> ) = -1 EBADF (Bad file number)
19:18:16.925597,1028,<... read resumed> "Asia/Singapore\0\0\0\0\0\0\0\0\0\0\0\0\0\0\0\0\0\0"..., 52) = 52
19:18:16.926140,1055,close(886 <unfinished ...>
19:18:16.926483,1028,read(49, <unfinished ...>
19:18:16.926772,1055,<... close resumed> ) = -1 EBADF (Bad file number)
19:18:16.927106,1028,<... read resumed> "Asia/Taipei\0\0\0\0\0\0\0\0\0\0\0\0\0\0\0\0\0\0\0\0\0"..., 52) = 52
19:18:16.927646,1055,close(887 <unfinished ...>
19:18:16.927994,1028,read(49, <unfinished ...>
19:18:16.928285,1055,<... close resumed> ) = -1 EBADF (Bad file number)
19:18:16.928615,1028,<... read resumed> "Asia/Tashkent\0\0\0\0\0\0\0\0\0\0\0\0\0\0\0\0\0\0\0"..., 52) = 52
19:18:16.929159,1055,close(888 <unfinished ...>
19:18:16.929501,1028,read(49, <unfinished ...>
19:18:16.929790,1055,<... close resumed> ) = -1 EBADF (Bad file number)
19:18:16.930126,1028,<... read resumed> "Asia/Tbilisi\0\0\0\0\0\0\0\0\0\0\0\0\0\0\0\0\0\0\0\0"..., 52) = 52
19:18:16.930665,1055,close(889 <unfinished ...>
19:18:16.931013,1028,read(49, <unfinished ...>
19:18:16.931303,1055,<... close resumed> ) = -1 EBADF (Bad file number)
19:18:16.931631,1028,<... read resumed> "Asia/Tehran\0\0\0\0\0\0\0\0\0\0\0\0\0\0\0\0\0\0\0\0\0"..., 52) = 52
19:18:16.932178,1055,close(890 <unfinished ...>
19:18:16.932520,1028,read(49, <unfinished ...>
19:18:16.932811,1055,<... close resumed> ) = -1 EBADF (Bad file number)
19:18:16.933145,1028,<... read resumed> "Asia/Tel_Aviv\0\0\0\0\0\0\0\0\0\0\0\0\0\0\0\0\0\0\0"..., 52) = 52
19:18:16.933683,1055,close(891 <unfinished ...>
19:18:16.934032,1028,read(49, <unfinished ...>
19:18:16.934322,1055,<... close resumed> ) = -1 EBADF (Bad file number)
19:18:16.934650,1028,<... read resumed> "Asia/Thimbu\0\0\0\0\0\0\0\0\0\0\0\0\0\0\0\0\0\0\0\0\0"..., 52) = 52
19:18:16.935197,1055,close(892 <unfinished ...>
19:18:16.935540,1028,read(49, <unfinished ...>
19:18:16.935830,1055,<... close resumed> ) = -1 EBADF (Bad file number)
19:18:16.936166,1028,<... read resumed> "Asia/Thimphu\0\0\0\0\0\0\0\0\0\0\0\0\0\0\0\0\0\0\0\0"..., 52) = 52
19:18:16.936706,1055,close(893 <unfinished ...>
19:18:16.937055,1028,read(49, <unfinished ...>
19:18:16.937347,1055,<... close resumed> ) = -1 EBADF (Bad file number)
19:18:16.937675,1028,<... read resumed> "Asia/Tokyo\0\0\0\0\0\0\0\0\0\0\0\0\0\0\0\0\0\0\0\0\0\0"..., 52) = 52
19:18:16.938222,1055,close(894) = -1 EBADF (Bad file number)
19:18:16.968938,1028,read(49, <unfinished ...>
19:18:16.970133,1055,close(895 <unfinished ...>
19:18:16.970627,1028,<... read resumed> "Asia/Ujung_Pandang\0\0\0\0\0\0\0\0\0\0\0\0\0\0"..., 52) = 52
19:18:16.971139,1055,<... close resumed> ) = -1 EBADF (Bad file number)
19:18:16.971525,1028,read(49, <unfinished ...>
19:18:16.971850,1055,close(896 <unfinished ...>
19:18:16.972185,1028,<... read resumed> "Asia/Ulaanbaatar\0\0\0\0\0\0\0\0\0\0\0\0\0\0\0\0"..., 52) = 52
19:18:16.972693,1055,<... close resumed> ) = -1 EBADF (Bad file number)
19:18:16.973049,1028,read(49, <unfinished ...>
19:18:16.973371,1055,close(897 <unfinished ...>
19:18:16.973696,1028,<... read resumed> "Asia/Ulan_Bator\0\0\0\0\0\0\0\0\0\0\0\0\0\0\0\0\0"..., 52) = 52
19:18:16.974208,1055,<... close resumed> ) = -1 EBADF (Bad file number)
19:18:16.974557,1028,read(49, <unfinished ...>
19:18:16.974876,1055,close(898 <unfinished ...>
19:18:16.975206,1028,<... read resumed> "Asia/Urumqi\0\0\0\0\0\0\0\0\0\0\0\0\0\0\0\0\0\0\0\0\0"..., 52) = 52
19:18:16.975716,1055,<... close resumed> ) = -1 EBADF (Bad file number)
19:18:16.976071,1028,read(49, <unfinished ...>
19:18:16.976392,1055,close(899 <unfinished ...>
19:18:16.976717,1028,<... read resumed> "Asia/Vientiane\0\0\0\0\0\0\0\0\0\0\0\0\0\0\0\0\0\0"..., 52) = 52
19:18:16.977229,1055,<... close resumed> ) = -1 EBADF (Bad file number)
19:18:16.977578,1028,read(49, <unfinished ...>
19:18:16.977898,1055,close(900 <unfinished ...>
19:18:16.978231,1028,<... read resumed> "Asia/Vladivostok\0\0\0\0\0\0\0\0\0\0\0\0\0\0\0\0"..., 52) = 52
19:18:16.978736,1055,<... close resumed> ) = -1 EBADF (Bad file number)
19:18:16.979090,1028,read(49, <unfinished ...>
19:18:16.979410,1055,close(901 <unfinished ...>
19:18:16.979733,1028,<... read resumed> "Asia/Yakutsk\0\0\0\0\0\0\0\0\0\0\0\0\0\0\0\0\0\0\0\0"..., 52) = 52
19:18:16.980247,1055,<... close resumed> ) = -1 EBADF (Bad file number)
19:18:16.980596,1028,read(49, <unfinished ...>
19:18:16.980916,1055,close(902 <unfinished ...>
19:18:16.981245,1028,<... read resumed> "Asia/Yekaterinburg\0\0\0\0\0\0\0\0\0\0\0\0\0\0"..., 52) = 52
19:18:16.981746,1055,<... close resumed> ) = -1 EBADF (Bad file number)
19:18:16.982099,1028,read(49, <unfinished ...>
19:18:16.982419,1055,close(903 <unfinished ...>
19:18:16.982741,1028,<... read resumed> "Asia/Yerevan\0\0\0\0\0\0\0\0\0\0\0\0\0\0\0\0\0\0\0\0"..., 52) = 52
19:18:16.983257,1055,<... close resumed> ) = -1 EBADF (Bad file number)
19:18:16.983604,1028,read(49, <unfinished ...>
19:18:16.983924,1055,close(904 <unfinished ...>
19:18:16.984252,1028,<... read resumed> "Atlantic/Azores\0\0\0\0\0\0\0\0\0\0\0\0\0\0\0\0\0"..., 52) = 52
19:18:16.984757,1055,<... close resumed> ) = -1 EBADF (Bad file number)
19:18:16.985110,1028,read(49, <unfinished ...>
19:18:16.985430,1055,close(905 <unfinished ...>
19:18:16.985755,1028,<... read resumed> "Atlantic/Bermuda\0\0\0\0\0\0\0\0\0\0\0\0\0\0\0\0"..., 52) = 52
19:18:16.986264,1055,<... close resumed> ) = -1 EBADF (Bad file number)
19:18:16.986613,1028,read(49, <unfinished ...>
19:18:16.986932,1055,close(906 <unfinished ...>
19:18:16.987263,1028,<... read resumed> "Atlantic/Canary\0\0\0\0\0\0\0\0\0\0\0\0\0\0\0\0\0"..., 52) = 52
19:18:16.987768,1055,<... close resumed> ) = -1 EBADF (Bad file number)
19:18:16.988122,1028,read(49, <unfinished ...>
19:18:16.988442,1055,close(907 <unfinished ...>
19:18:16.988765,1028,<... read resumed> "Atlantic/Cape_Verde\0\0\0\0\0\0\0\0\0\0\0\0\0"..., 52) = 52
19:18:16.989270,1055,<... close resumed> ) = -1 EBADF (Bad file number)
19:18:16.989618,1028,read(49, <unfinished ...>
19:18:17.018647,1055,close(908 <unfinished ...>
19:18:17.019004,1028,<... read resumed> "Atlantic/Faeroe\0\0\0\0\0\0\0\0\0\0\0\0\0\0\0\0\0"..., 52) = 52
19:18:17.019498,1055,<... close resumed> ) = -1 EBADF (Bad file number)
19:18:17.019839,1028,read(49, <unfinished ...>
19:18:17.020156,1055,close(909 <unfinished ...>
19:18:17.020465,1028,<... read resumed> "Atlantic/Faroe\0\0\0\0\0\0\0\0\0\0\0\0\0\0\0\0\0\0"..., 52) = 52
19:18:17.020948,1055,<... close resumed> ) = -1 EBADF (Bad file number)
19:18:17.021287,1028,read(49, <unfinished ...>
19:18:17.021591,1055,close(910 <unfinished ...>
19:18:17.021899,1028,<... read resumed> "Atlantic/Jan_Mayen\0\0\0\0\0\0\0\0\0\0\0\0\0\0"..., 52) = 52
19:18:17.022382,1055,<... close resumed> ) = -1 EBADF (Bad file number)
19:18:17.022736,1028,read(49, <unfinished ...>
19:18:17.023049,1055,close(911 <unfinished ...>
19:18:17.023356,1028,<... read resumed> "Atlantic/Madeira\0\0\0\0\0\0\0\0\0\0\0\0\0\0\0\0"..., 52) = 52
19:18:17.023835,1055,<... close resumed> ) = -1 EBADF (Bad file number)
19:18:17.024171,1028,read(49, <unfinished ...>
19:18:17.024475,1055,close(912 <unfinished ...>
19:18:17.024782,1028,<... read resumed> "Atlantic/Reykjavik\0\0\0\0\0\0\0\0\0\0\0\0\0\0"..., 52) = 52
19:18:17.026882,1055,<... close resumed> ) = -1 EBADF (Bad file number)
19:18:17.027267,1028,read(49, <unfinished ...>
19:18:17.027580,1055,close(913 <unfinished ...>
19:18:17.027893,1028,<... read resumed> "Atlantic/South_Georgia\0\0\0\0\0\0\0\0\0\0"..., 52) = 52
19:18:17.028378,1055,<... close resumed> ) = -1 EBADF (Bad file number)
19:18:17.028710,1028,read(49, <unfinished ...>
19:18:17.029021,1055,close(914 <unfinished ...>
19:18:17.030177,1028,<... read resumed> "Atlantic/St_Helena\0\0\0\0\0\0\0\0\0\0\0\0\0\0"..., 52) = 52
19:18:17.032388,1055,<... close resumed> ) = -1 EBADF (Bad file number)
19:18:17.032770,1028,read(49, <unfinished ...>
19:18:17.033120,1055,close(915 <unfinished ...>
19:18:17.033459,1028,<... read resumed> "Atlantic/Stanley\0\0\0\0\0\0\0\0\0\0\0\0\0\0\0\0"..., 52) = 52
19:18:17.033948,1055,<... close resumed> ) = -1 EBADF (Bad file number)
19:18:17.034320,1028,read(49, <unfinished ...>
19:18:17.034717,1055,close(916 <unfinished ...>
19:18:17.035093,1028,<... read resumed> "Australia/ACT\0\0\0\0\0\0\0\0\0\0\0\0\0\0\0\0\0\0\0"..., 52) = 52
19:18:17.035580,1055,<... close resumed> ) = -1 EBADF (Bad file number)
19:18:17.035913,1028,read(49, <unfinished ...>
19:18:17.036225,1055,close(917 <unfinished ...>
19:18:17.036533,1028,<... read resumed> "Australia/Adelaide\0\0\0\0\0\0\0\0\0\0\0\0\0\0"..., 52) = 52
19:18:17.037016,1055,<... close resumed> ) = -1 EBADF (Bad file number)
19:18:17.048787,1028,read(49, <unfinished ...>
19:18:17.049046,1055,close(918 <unfinished ...>
19:18:17.049378,1028,<... read resumed> "Australia/Brisbane\0\0\0\0\0\0\0\0\0\0\0\0\0\0"..., 52) = 52
19:18:17.049864,1055,<... close resumed> ) = -1 EBADF (Bad file number)
19:18:17.050209,1028,read(49, <unfinished ...>
19:18:17.053054,1055,close(919 <unfinished ...>
19:18:17.053414,1028,<... read resumed> "Australia/Broken_Hill\0\0\0\0\0\0\0\0\0\0\0"..., 52) = 52
19:18:17.055191,1055,<... close resumed> ) = -1 EBADF (Bad file number)
19:18:17.055565,1028,read(49, <unfinished ...>
19:18:17.055880,1055,close(920) = -1 EBADF (Bad file number)
19:18:17.074692,1028,<... read resumed> "Australia/Canberra\0\0\0\0\0\0\0\0\0\0\0\0\0\0"..., 52) = 52
19:18:17.075445,1055,close(921 <unfinished ...>
19:18:17.075786,1028,read(49, <unfinished ...>
19:18:17.076073,1055,<... close resumed> ) = -1 EBADF (Bad file number)
19:18:17.076395,1028,<... read resumed> "Australia/Currie\0\0\0\0\0\0\0\0\0\0\0\0\0\0\0\0"..., 52) = 52
19:18:17.076906,1055,close(922 <unfinished ...>
19:18:17.077240,1028,read(49, <unfinished ...>
19:18:17.077517,1055,<... close resumed> ) = -1 EBADF (Bad file number)
19:18:17.077830,1028,<... read resumed> "Australia/Darwin\0\0\0\0\0\0\0\0\0\0\0\0\0\0\0\0"..., 52) = 52
19:18:17.078347,1055,close(923 <unfinished ...>
19:18:17.078673,1028,read(49, <unfinished ...>
19:18:17.078949,1055,<... close resumed> ) = -1 EBADF (Bad file number)
19:18:17.079269,1028,<... read resumed> "Australia/Eucla\0\0\0\0\0\0\0\0\0\0\0\0\0\0\0\0\0"..., 52) = 52
19:18:17.079776,1055,close(924 <unfinished ...>
19:18:17.080110,1028,read(49, <unfinished ...>
19:18:17.080387,1055,<... close resumed> ) = -1 EBADF (Bad file number)
19:18:17.086334,1055,close(925 <unfinished ...>
19:18:17.086660,1028,<... read resumed> "Australia/Hobart\0\0\0\0\0\0\0\0\0\0\0\0\0\0\0\0"..., 52) = 52
19:18:17.087279,1055,<... close resumed> ) = -1 EBADF (Bad file number)
19:18:17.087630,1028,read(49, <unfinished ...>
19:18:17.087942,1055,close(926 <unfinished ...>
19:18:17.088321,1028,<... read resumed> "Australia/LHI\0\0\0\0\0\0\0\0\0\0\0\0\0\0\0\0\0\0\0"..., 52) = 52
19:18:17.088861,1055,<... close resumed> ) = -1 EBADF (Bad file number)
19:18:17.089255,1028,read(49, <unfinished ...>
19:18:17.089575,1055,close(927 <unfinished ...>
19:18:17.089897,1028,<... read resumed> "Australia/Lindeman\0\0\0\0\0\0\0\0\0\0\0\0\0\0"..., 52) = 52
19:18:17.090443,1055,<... close resumed> ) = -1 EBADF (Bad file number)
19:18:17.092625,1028,read(49, <unfinished ...>
19:18:17.092952,1055,close(928 <unfinished ...>
19:18:17.093394,1028,<... read resumed> "Australia/Lord_Howe\0\0\0\0\0\0\0\0\0\0\0\0\0"..., 52) = 52
19:18:17.094938,1055,<... close resumed> ) = -1 EBADF (Bad file number)
19:18:17.095436,1028,read(49, <unfinished ...>
19:18:17.095748,1055,close(929 <unfinished ...>
19:18:17.096077,1028,<... read resumed> "Australia/Melbourne\0\0\0\0\0\0\0\0\0\0\0\0\0"..., 52) = 52
19:18:17.096557,1055,<... close resumed> ) = -1 EBADF (Bad file number)
19:18:17.096889,1028,read(49, <unfinished ...>
19:18:17.097200,1055,close(930) = -1 EBADF (Bad file number)
19:18:17.097841,1055,close(931) = -1 EBADF (Bad file number)
19:18:17.098386,1055,close(932) = -1 EBADF (Bad file number)
19:18:17.098954,1055,close(933) = -1 EBADF (Bad file number)
19:18:17.099566,1055,close(934) = -1 EBADF (Bad file number)
19:18:17.100134,1055,close(935) = -1 EBADF (Bad file number)
19:18:17.100678,1055,close(936) = -1 EBADF (Bad file number)
19:18:17.101283,1055,close(937) = -1 EBADF (Bad file number)
19:18:17.101795,1055,close(938) = -1 EBADF (Bad file number)
19:18:17.102393,1055,close(939) = -1 EBADF (Bad file number)
19:18:17.102996,1055,close(940) = -1 EBADF (Bad file number)
19:18:17.103531,1055,close(941) = -1 EBADF (Bad file number)
19:18:17.104086,1055,close(942) = -1 EBADF (Bad file number)
19:18:17.104621,1055,close(943) = -1 EBADF (Bad file number)
19:18:17.105159,1055,close(944) = -1 EBADF (Bad file number)
19:18:17.105692,1055,close(945) = -1 EBADF (Bad file number)
19:18:17.106227,1055,close(946) = -1 EBADF (Bad file number)
19:18:17.146951,1028,<... read resumed> "Australia/NSW\0\0\0\0\0\0\0\0\0\0\0\0\0\0\0\0\0\0\0"..., 52) = 52
19:18:17.147629,1055,close(947 <unfinished ...>
19:18:17.147974,1028,read(49, <unfinished ...>
19:18:17.148268,1055,<... close resumed> ) = -1 EBADF (Bad file number)
19:18:17.148603,1028,<... read resumed> "Australia/North\0\0\0\0\0\0\0\0\0\0\0\0\0\0\0\0\0"..., 52) = 52
19:18:17.149190,1055,close(948 <unfinished ...>
19:18:17.149519,1028,read(49, <unfinished ...>
19:18:17.149806,1055,<... close resumed> ) = -1 EBADF (Bad file number)
19:18:17.150127,1028,<... read resumed> "Australia/Perth\0\0\0\0\0\0\0\0\0\0\0\0\0\0\0\0\0"..., 52) = 52
19:18:17.150717,1055,close(949 <unfinished ...>
19:18:17.151061,1028,read(49, <unfinished ...>
19:18:17.151351,1055,<... close resumed> ) = -1 EBADF (Bad file number)
19:18:17.151708,1028,<... read resumed> "Australia/Queensland\0\0\0\0\0\0\0\0\0\0\0\0"..., 52) = 52
19:18:17.152247,1055,close(950 <unfinished ...>
19:18:17.152574,1028,read(49, <unfinished ...>
19:18:17.152851,1055,<... close resumed> ) = -1 EBADF (Bad file number)
19:18:17.153172,1028,<... read resumed> "Australia/South\0\0\0\0\0\0\0\0\0\0\0\0\0\0\0\0\0"..., 52) = 52
19:18:17.153680,1055,close(951 <unfinished ...>
19:18:17.154013,1028,read(49, <unfinished ...>
19:18:17.154290,1055,<... close resumed> ) = -1 EBADF (Bad file number)
19:18:17.154604,1028,<... read resumed> "Australia/Sydney\0\0\0\0\0\0\0\0\0\0\0\0\0\0\0\0"..., 52) = 52
19:18:17.155116,1055,close(952 <unfinished ...>
19:18:17.155443,1028,read(49, <unfinished ...>
19:18:17.155718,1055,<... close resumed> ) = -1 EBADF (Bad file number)
19:18:17.156038,1028,<... read resumed> "Australia/Tasmania\0\0\0\0\0\0\0\0\0\0\0\0\0\0"..., 52) = 52
19:18:17.156541,1055,close(953 <unfinished ...>
19:18:17.156866,1028,read(49, <unfinished ...>
19:18:17.157149,1055,<... close resumed> ) = -1 EBADF (Bad file number)
19:18:17.157488,1028,<... read resumed> "Australia/Victoria\0\0\0\0\0\0\0\0\0\0\0\0\0\0"..., 52) = 52
19:18:17.157999,1055,close(954 <unfinished ...>
19:18:17.158326,1028,read(49, <unfinished ...>
19:18:17.158601,1055,<... close resumed> ) = -1 EBADF (Bad file number)
19:18:17.158915,1028,<... read resumed> "Australia/West\0\0\0\0\0\0\0\0\0\0\0\0\0\0\0\0\0\0"..., 52) = 52
19:18:17.159430,1055,close(955 <unfinished ...>
19:18:17.159756,1028,read(49, <unfinished ...>
19:18:17.160038,1055,<... close resumed> ) = -1 EBADF (Bad file number)
19:18:17.160351,1028,<... read resumed> "Australia/Yancowinna\0\0\0\0\0\0\0\0\0\0\0\0"..., 52) = 52
19:18:17.160852,1055,close(956 <unfinished ...>
19:18:17.161184,1028,read(49, <unfinished ...>
19:18:17.161460,1055,<... close resumed> ) = -1 EBADF (Bad file number)
19:18:17.170206,1055,close(957 <unfinished ...>
19:18:17.170447,1028,<... read resumed> "Brazil/Acre\0\0\0\0\0\0\0\0\0\0\0\0\0\0\0\0\0\0\0\0\0"..., 52) = 52
19:18:17.170955,1055,<... close resumed> ) = -1 EBADF (Bad file number)
19:18:17.171303,1028,read(49, <unfinished ...>
19:18:17.171614,1055,close(958 <unfinished ...>
19:18:17.171930,1028,<... read resumed> "Brazil/DeNoronha\0\0\0\0\0\0\0\0\0\0\0\0\0\0\0\0"..., 52) = 52
19:18:17.172416,1055,<... close resumed> ) = -1 EBADF (Bad file number)
19:18:17.172749,1028,read(49, <unfinished ...>
19:18:17.173062,1055,close(959 <unfinished ...>
19:18:17.173372,1028,<... read resumed> "Brazil/East\0\0\0\0\0\0\0\0\0\0\0\0\0\0\0\0\0\0\0\0\0"..., 52) = 52
19:18:17.173858,1055,<... close resumed> ) = -1 EBADF (Bad file number)
19:18:17.174196,1028,read(49, <unfinished ...>
19:18:17.174501,1055,close(960 <unfinished ...>
19:18:17.174810,1028,<... read resumed> "Brazil/West\0\0\0\0\0\0\0\0\0\0\0\0\0\0\0\0\0\0\0\0\0"..., 52) = 52
19:18:17.175303,1055,<... close resumed> ) = -1 EBADF (Bad file number)
19:18:17.175635,1028,read(49, <unfinished ...>
19:18:17.175941,1055,close(961 <unfinished ...>
19:18:17.176256,1028,<... read resumed> "CET\0\0\0\0\0\0\0\0\0\0\0\0\0\0\0\0\0\0\0\0\0\0\0\0\0\0\0\0\0"..., 52) = 52
19:18:17.176752,1055,<... close resumed> ) = -1 EBADF (Bad file number)
19:18:17.177090,1028,read(49, <unfinished ...>
19:18:17.177395,1055,close(962 <unfinished ...>
19:18:17.177705,1028,<... read resumed> "CST6CDT\0\0\0\0\0\0\0\0\0\0\0\0\0\0\0\0\0\0\0\0\0\0\0\0\0"..., 52) = 52
19:18:17.178201,1055,<... close resumed> ) = -1 EBADF (Bad file number)
19:18:17.178533,1028,read(49, <unfinished ...>
19:18:17.178838,1055,close(963 <unfinished ...>
19:18:17.179155,1028,<... read resumed> "Canada/Atlantic\0\0\0\0\0\0\0\0\0\0\0\0\0\0\0\0\0"..., 52) = 52
19:18:17.187589,1055,<... close resumed> ) = -1 EBADF (Bad file number)
19:18:17.187846,1028,read(49, <unfinished ...>
19:18:17.188170,1055,close(964 <unfinished ...>
19:18:17.188486,1028,<... read resumed> "Canada/Central\0\0\0\0\0\0\0\0\0\0\0\0\0\0\0\0\0\0"..., 52) = 52
19:18:17.189014,1055,<... close resumed> ) = -1 EBADF (Bad file number)
19:18:17.189349,1028,read(49, <unfinished ...>
19:18:17.189655,1055,close(965 <unfinished ...>
19:18:17.189972,1028,<... read resumed> "Canada/East-Saskatchewan\0\0\0\0\0\0\0\0"..., 52) = 52
19:18:17.190444,1055,<... close resumed> ) = -1 EBADF (Bad file number)
19:18:17.190776,1028,read(49, <unfinished ...>
19:18:17.191196,1055,close(966 <unfinished ...>
19:18:17.191508,1028,<... read resumed> "Canada/Eastern\0\0\0\0\0\0\0\0\0\0\0\0\0\0\0\0\0\0"..., 52) = 52
19:18:17.192019,1055,<... close resumed> ) = -1 EBADF (Bad file number)
19:18:17.192353,1028,read(49, <unfinished ...>
19:18:17.192658,1055,close(967 <unfinished ...>
19:18:17.192973,1028,<... read resumed> "Canada/Mountain\0\0\0\0\0\0\0\0\0\0\0\0\0\0\0\0\0"..., 52) = 52
19:18:17.193476,1055,<... close resumed> ) = -1 EBADF (Bad file number)
19:18:17.193811,1028,read(49, <unfinished ...>
19:18:17.194161,1055,close(968 <unfinished ...>
19:18:17.194472,1028,<... read resumed> "Canada/Newfoundland\0\0\0\0\0\0\0\0\0\0\0\0\0"..., 52) = 52
19:18:17.194947,1055,<... close resumed> ) = -1 EBADF (Bad file number)
19:18:17.195311,1028,read(49, <unfinished ...>
19:18:17.195617,1055,close(969 <unfinished ...>
19:18:17.195925,1028,<... read resumed> "Canada/Pacific\0\0\0\0\0\0\0\0\0\0\0\0\0\0\0\0\0\0"..., 52) = 52
19:18:17.196414,1055,<... close resumed> ) = -1 EBADF (Bad file number)
19:18:17.196746,1028,read(49, <unfinished ...>
19:18:17.197057,1055,close(970 <unfinished ...>
19:18:17.197366,1028,<... read resumed> "Canada/Saskatchewan\0\0\0\0\0\0\0\0\0\0\0\0\0"..., 52) = 52
19:18:17.197841,1055,<... close resumed> ) = -1 EBADF (Bad file number)
19:18:17.198178,1028,read(49, <unfinished ...>
19:18:17.198482,1055,close(971 <unfinished ...>
19:18:17.198790,1028,<... read resumed> "Canada/Yukon\0\0\0\0\0\0\0\0\0\0\0\0\0\0\0\0\0\0\0\0"..., 52) = 52
19:18:17.199281,1055,<... close resumed> ) = -1 EBADF (Bad file number)
19:18:17.199612,1028,read(49, <unfinished ...>
19:18:17.199916,1055,close(972 <unfinished ...>
19:18:17.200230,1028,<... read resumed> "Chile/Continental\0\0\0\0\0\0\0\0\0\0\0\0\0\0\0"..., 52) = 52
19:18:17.200706,1055,<... close resumed> ) = -1 EBADF (Bad file number)
19:18:17.201043,1028,read(49, <unfinished ...>
19:18:17.201347,1055,close(973 <unfinished ...>
19:18:17.201655,1028,<... read resumed> "Chile/EasterIsland\0\0\0\0\0\0\0\0\0\0\0\0\0\0"..., 52) = 52
19:18:17.202136,1055,<... close resumed> ) = -1 EBADF (Bad file number)
19:18:17.202466,1028,read(49, <unfinished ...>
19:18:17.202771,1055,close(974 <unfinished ...>
19:18:17.203085,1028,<... read resumed> "Cuba\0\0\0\0\0\0\0\0\0\0\0\0\0\0\0\0\0\0\0\0\0\0\0\0\0\0\0\0"..., 52) = 52
19:18:17.203579,1055,<... close resumed> ) = -1 EBADF (Bad file number)
19:18:17.203910,1028,read(49, <unfinished ...>
19:18:17.204221,1055,close(975 <unfinished ...>
19:18:17.204528,1028,<... read resumed> "EET\0\0\0\0\0\0\0\0\0\0\0\0\0\0\0\0\0\0\0\0\0\0\0\0\0\0\0\0\0"..., 52) = 52
19:18:17.205029,1055,<... close resumed> ) = -1 EBADF (Bad file number)
19:18:17.205361,1028,read(49, <unfinished ...>
19:18:17.205666,1055,close(976 <unfinished ...>
19:18:17.205983,1028,<... read resumed> "EST\0\0\0\0\0\0\0\0\0\0\0\0\0\0\0\0\0\0\0\0\0\0\0\0\0\0\0\0\0"..., 52) = 52
19:18:17.206479,1055,<... close resumed> ) = -1 EBADF (Bad file number)
19:18:17.206812,1028,read(49, <unfinished ...>
19:18:17.207123,1055,close(977 <unfinished ...>
19:18:17.207432,1028,<... read resumed> "EST5EDT\0\0\0\0\0\0\0\0\0\0\0\0\0\0\0\0\0\0\0\0\0\0\0\0\0"..., 52) = 52
19:18:17.207921,1055,<... close resumed> ) = -1 EBADF (Bad file number)
19:18:17.208259,1028,read(49, <unfinished ...>
19:18:17.208563,1055,close(978 <unfinished ...>
19:18:17.208871,1028,<... read resumed> "Egypt\0\0\0\0\0\0\0\0\0\0\0\0\0\0\0\0\0\0\0\0\0\0\0\0\0\0\0"..., 52) = 52
19:18:17.209370,1055,<... close resumed> ) = -1 EBADF (Bad file number)
19:18:17.222238,1028,read(49, <unfinished ...>
19:18:17.222528,1055,close(979) = -1 EBADF (Bad file number)
19:18:17.256319,1028,<... read resumed> "Eire\0\0\0\0\0\0\0\0\0\0\0\0\0\0\0\0\0\0\0\0\0\0\0\0\0\0\0\0"..., 52) = 52
19:18:17.257144,1055,close(980 <unfinished ...>
19:18:17.257483,1028,read(49, <unfinished ...>
19:18:17.257765,1055,<... close resumed> ) = -1 EBADF (Bad file number)
19:18:17.258091,1028,<... read resumed> "Etc/GMT\0\0\0\0\0\0\0\0\0\0\0\0\0\0\0\0\0\0\0\0\0\0\0\0\0"..., 52) = 52
19:18:17.258614,1055,close(981 <unfinished ...>
19:18:17.258941,1028,read(49, <unfinished ...>
19:18:17.259225,1055,<... close resumed> ) = -1 EBADF (Bad file number)
19:18:17.259538,1028,<... read resumed> "Etc/GMT+0\0\0\0\0\0\0\0\0\0\0\0\0\0\0\0\0\0\0\0\0\0\0\0"..., 52) = 52
19:18:17.260062,1055,close(982 <unfinished ...>
19:18:17.260388,1028,read(49, <unfinished ...>
19:18:17.260665,1055,<... close resumed> ) = -1 EBADF (Bad file number)
19:18:17.260984,1028,<... read resumed> "Etc/GMT+1\0\0\0\0\0\0\0\0\0\0\0\0\0\0\0\0\0\0\0\0\0\0\0"..., 52) = 52
19:18:17.261500,1055,close(983 <unfinished ...>
19:18:17.261826,1028,read(49, <unfinished ...>
19:18:17.262108,1055,<... close resumed> ) = -1 EBADF (Bad file number)
19:18:17.262446,1028,<... read resumed> "Etc/GMT+10\0\0\0\0\0\0\0\0\0\0\0\0\0\0\0\0\0\0\0\0\0\0"..., 52) = 52
19:18:17.262967,1055,close(984 <unfinished ...>
19:18:17.263293,1028,read(49, <unfinished ...>
19:18:17.263570,1055,<... close resumed> ) = -1 EBADF (Bad file number)
19:18:17.263881,1028,<... read resumed> "Etc/GMT+11\0\0\0\0\0\0\0\0\0\0\0\0\0\0\0\0\0\0\0\0\0\0"..., 52) = 52
19:18:17.264402,1055,close(985 <unfinished ...>
19:18:17.264874,1028,read(49, <unfinished ...>
19:18:17.266621,1055,<... close resumed> ) = -1 EBADF (Bad file number)
19:18:17.266983,1028,<... read resumed> "Etc/GMT+12\0\0\0\0\0\0\0\0\0\0\0\0\0\0\0\0\0\0\0\0\0\0"..., 52) = 52
19:18:17.267516,1055,close(986 <unfinished ...>
19:18:17.267847,1028,read(49, <unfinished ...>
19:18:17.268133,1055,<... close resumed> ) = -1 EBADF (Bad file number)
19:18:17.268448,1028,<... read resumed> "Etc/GMT+2\0\0\0\0\0\0\0\0\0\0\0\0\0\0\0\0\0\0\0\0\0\0\0"..., 52) = 52
19:18:17.268974,1055,close(987 <unfinished ...>
19:18:17.269302,1028,read(49, <unfinished ...>
19:18:17.269579,1055,<... close resumed> ) = -1 EBADF (Bad file number)
19:18:17.269893,1028,<... read resumed> "Etc/GMT+3\0\0\0\0\0\0\0\0\0\0\0\0\0\0\0\0\0\0\0\0\0\0\0"..., 52) = 52
19:18:17.270417,1055,close(988 <unfinished ...>
19:18:17.270743,1028,read(49, <unfinished ...>
19:18:17.273632,1055,<... close resumed> ) = -1 EBADF (Bad file number)
19:18:17.274029,1028,<... read resumed> "Etc/GMT+4\0\0\0\0\0\0\0\0\0\0\0\0\0\0\0\0\0\0\0\0\0\0\0"..., 52) = 52
19:18:17.274566,1055,close(989 <unfinished ...>
19:18:17.274898,1028,read(49, <unfinished ...>
19:18:17.275191,1055,<... close resumed> ) = -1 EBADF (Bad file number)
19:18:17.275508,1028,<... read resumed> "Etc/GMT+5\0\0\0\0\0\0\0\0\0\0\0\0\0\0\0\0\0\0\0\0\0\0\0"..., 52) = 52
19:18:17.276033,1055,close(990 <unfinished ...>
19:18:17.276360,1028,read(49, <unfinished ...>
19:18:17.276637,1055,<... close resumed> ) = -1 EBADF (Bad file number)
19:18:17.276950,1028,<... read resumed> "Etc/GMT+6\0\0\0\0\0\0\0\0\0\0\0\0\0\0\0\0\0\0\0\0\0\0\0"..., 52) = 52
19:18:17.277475,1055,close(991 <unfinished ...>
19:18:17.277802,1028,read(49, <unfinished ...>
19:18:17.278085,1055,<... close resumed> ) = -1 EBADF (Bad file number)
19:18:17.278399,1028,<... read resumed> "Etc/GMT+7\0\0\0\0\0\0\0\0\0\0\0\0\0\0\0\0\0\0\0\0\0\0\0"..., 52) = 52
19:18:17.278914,1055,close(992 <unfinished ...>
19:18:17.279247,1028,read(49, <unfinished ...>
19:18:17.279522,1055,<... close resumed> ) = -1 EBADF (Bad file number)
19:18:17.279835,1028,<... read resumed> "Etc/GMT+8\0\0\0\0\0\0\0\0\0\0\0\0\0\0\0\0\0\0\0\0\0\0\0"..., 52) = 52
19:18:17.280358,1055,close(993 <unfinished ...>
19:18:17.280683,1028,read(49, <unfinished ...>
19:18:17.280957,1055,<... close resumed> ) = -1 EBADF (Bad file number)
19:18:17.281276,1028,<... read resumed> "Etc/GMT+9\0\0\0\0\0\0\0\0\0\0\0\0\0\0\0\0\0\0\0\0\0\0\0"..., 52) = 52
19:18:17.281790,1055,close(994 <unfinished ...>
19:18:17.282121,1028,read(49, <unfinished ...>
19:18:17.282398,1055,<... close resumed> ) = -1 EBADF (Bad file number)
19:18:17.282711,1028,<... read resumed> "Etc/GMT-0\0\0\0\0\0\0\0\0\0\0\0\0\0\0\0\0\0\0\0\0\0\0\0"..., 52) = 52
19:18:17.283388,1055,close(995 <unfinished ...>
19:18:17.283720,1028,read(49, <unfinished ...>
19:18:17.284017,1055,<... close resumed> ) = -1 EBADF (Bad file number)
19:18:17.284347,1028,<... read resumed> "Etc/GMT-1\0\0\0\0\0\0\0\0\0\0\0\0\0\0\0\0\0\0\0\0\0\0\0"..., 52) = 52
19:18:17.284893,1055,close(996 <unfinished ...>
19:18:17.285241,1028,read(49, <unfinished ...>
19:18:17.285530,1055,<... close resumed> ) = -1 EBADF (Bad file number)
19:18:17.285957,1028,<... read resumed> "Etc/GMT-10\0\0\0\0\0\0\0\0\0\0\0\0\0\0\0\0\0\0\0\0\0\0"..., 52) = 52
19:18:17.286507,1055,close(997 <unfinished ...>
19:18:17.286850,1028,read(49, <unfinished ...>
19:18:17.287195,1055,<... close resumed> ) = -1 EBADF (Bad file number)
19:18:17.287543,1028,<... read resumed> "Etc/GMT-11\0\0\0\0\0\0\0\0\0\0\0\0\0\0\0\0\0\0\0\0\0\0"..., 52) = 52
19:18:17.288162,1055,close(998 <unfinished ...>
19:18:17.288493,1028,read(49, <unfinished ...>
19:18:17.288771,1055,<... close resumed> ) = -1 EBADF (Bad file number)
19:18:17.289136,1028,<... read resumed> "Etc/GMT-12\0\0\0\0\0\0\0\0\0\0\0\0\0\0\0\0\0\0\0\0\0\0"..., 52) = 52
19:18:17.290039,1055,close(999 <unfinished ...>
19:18:17.290383,1028,read(49, <unfinished ...>
19:18:17.290727,1055,<... close resumed> ) = -1 EBADF (Bad file number)
19:18:17.291063,1028,<... read resumed> "Etc/GMT-13\0\0\0\0\0\0\0\0\0\0\0\0\0\0\0\0\0\0\0\0\0\0"..., 52) = 52
19:18:17.291581,1055,close(1000 <unfinished ...>
19:18:17.291909,1028,read(49, <unfinished ...>
19:18:17.292193,1055,<... close resumed> ) = -1 EBADF (Bad file number)
19:18:17.292507,1028,<... read resumed> "Etc/GMT-14\0\0\0\0\0\0\0\0\0\0\0\0\0\0\0\0\0\0\0\0\0\0"..., 52) = 52
19:18:17.293030,1055,close(1001 <unfinished ...>
19:18:17.293395,1028,read(49, <unfinished ...>
19:18:17.293694,1055,<... close resumed> ) = -1 EBADF (Bad file number)
19:18:17.294018,1028,<... read resumed> "Etc/GMT-2\0\0\0\0\0\0\0\0\0\0\0\0\0\0\0\0\0\0\0\0\0\0\0"..., 52) = 52
19:18:17.294558,1055,close(1002 <unfinished ...>
19:18:17.294887,1028,read(49, <unfinished ...>
19:18:17.295169,1055,<... close resumed> ) = -1 EBADF (Bad file number)
19:18:17.295483,1028,<... read resumed> "Etc/GMT-3\0\0\0\0\0\0\0\0\0\0\0\0\0\0\0\0\0\0\0\0\0\0\0"..., 52) = 52
19:18:17.296005,1055,close(1003 <unfinished ...>
19:18:17.306601,1028,read(49, <unfinished ...>
19:18:17.306841,1055,<... close resumed> ) = -1 EBADF (Bad file number)
19:18:17.307195,1028,<... read resumed> "Etc/GMT-4\0\0\0\0\0\0\0\0\0\0\0\0\0\0\0\0\0\0\0\0\0\0\0"..., 52) = 52
19:18:17.307728,1055,close(1004 <unfinished ...>
19:18:17.308067,1028,read(49, <unfinished ...>
19:18:17.308346,1055,<... close resumed> ) = -1 EBADF (Bad file number)
19:18:17.308661,1028,<... read resumed> "Etc/GMT-5\0\0\0\0\0\0\0\0\0\0\0\0\0\0\0\0\0\0\0\0\0\0\0"..., 52) = 52
19:18:17.309184,1055,close(1005 <unfinished ...>
19:18:17.309513,1028,read(49, <unfinished ...>
19:18:17.309790,1055,<... close resumed> ) = -1 EBADF (Bad file number)
19:18:17.310110,1028,<... read resumed> "Etc/GMT-6\0\0\0\0\0\0\0\0\0\0\0\0\0\0\0\0\0\0\0\0\0\0\0"..., 52) = 52
19:18:17.310625,1055,close(1006 <unfinished ...>
19:18:17.310951,1028,read(49, <unfinished ...>
19:18:17.311233,1055,<... close resumed> ) = -1 EBADF (Bad file number)
19:18:17.311546,1028,<... read resumed> "Etc/GMT-7\0\0\0\0\0\0\0\0\0\0\0\0\0\0\0\0\0\0\0\0\0\0\0"..., 52) = 52
19:18:17.312067,1055,close(1007 <unfinished ...>
19:18:17.312394,1028,read(49, <unfinished ...>
19:18:17.312669,1055,<... close resumed> ) = -1 EBADF (Bad file number)
19:18:17.312988,1028,<... read resumed> "Etc/GMT-8\0\0\0\0\0\0\0\0\0\0\0\0\0\0\0\0\0\0\0\0\0\0\0"..., 52) = 52
19:18:17.313504,1055,close(1008 <unfinished ...>
19:18:17.313831,1028,read(49, <unfinished ...>
19:18:17.314113,1055,<... close resumed> ) = -1 EBADF (Bad file number)
19:18:17.314426,1028,<... read resumed> "Etc/GMT-9\0\0\0\0\0\0\0\0\0\0\0\0\0\0\0\0\0\0\0\0\0\0\0"..., 52) = 52
19:18:17.314941,1055,close(1009 <unfinished ...>
19:18:17.315274,1028,read(49, <unfinished ...>
19:18:17.315550,1055,<... close resumed> ) = -1 EBADF (Bad file number)
19:18:17.315863,1028,<... read resumed> "Etc/GMT0\0\0\0\0\0\0\0\0\0\0\0\0\0\0\0\0\0\0\0\0\0\0\0\0"..., 52) = 52
19:18:17.318092,1055,close(1010 <unfinished ...>
19:18:17.318456,1028,read(49, <unfinished ...>
19:18:17.318752,1055,<... close resumed> ) = -1 EBADF (Bad file number)
19:18:17.319093,1028,<... read resumed> "Etc/Greenwich\0\0\0\0\0\0\0\0\0\0\0\0\0\0\0\0\0\0\0"..., 52) = 52
19:18:17.319635,1055,close(1011 <unfinished ...>
19:18:17.319984,1028,read(49, <unfinished ...>
19:18:17.320274,1055,<... close resumed> ) = -1 EBADF (Bad file number)
19:18:17.320604,1028,<... read resumed> "Etc/UCT\0\0\0\0\0\0\0\0\0\0\0\0\0\0\0\0\0\0\0\0\0\0\0\0\0"..., 52) = 52
19:18:17.321154,1055,close(1012 <unfinished ...>
19:18:17.321494,1028,read(49, <unfinished ...>
19:18:17.321784,1055,<... close resumed> ) = -1 EBADF (Bad file number)
19:18:17.322145,1028,<... read resumed> "Etc/UTC\0\0\0\0\0\0\0\0\0\0\0\0\0\0\0\0\0\0\0\0\0\0\0\0\0"..., 52) = 52
19:18:17.322690,1055,close(1013 <unfinished ...>
19:18:17.323039,1028,close(49 <unfinished ...>
19:18:17.323327,1055,<... close resumed> ) = -1 EBADF (Bad file number)
19:18:17.323659,1028,<... close resumed> ) = 0
19:18:17.323985,1055,close(1014 <unfinished ...>
19:18:17.324325,1028,open("/system/usr/share/zoneinfo/zoneinfo.dat", O_RDONLY <unfinished ...>
19:18:17.324867,1055,<... close resumed> ) = -1 EBADF (Bad file number)
19:18:17.325253,1028,<... open resumed> ) = 49
19:18:17.325578,1055,close(1015 <unfinished ...>
19:18:17.325919,1028,lseek(49, 353207, SEEK_SET <unfinished ...>
19:18:17.342226,1055,<... close resumed> ) = -1 EBADF (Bad file number)
19:18:17.342585,1028,<... lseek resumed> ) = 353207
19:18:17.342918,1055,close(1016 <unfinished ...>
19:18:17.343256,1028,read(49, <unfinished ...>
19:18:17.343535,1055,<... close resumed> ) = -1 EBADF (Bad file number)
19:18:17.343886,1028,<... read resumed> "TZif2\0\0\0\0\0\0\0\0\0\0\0\0\0\0\0\0\0\0\1\0\0\0\1\0\0\0\0"..., 118) = 118
19:18:17.344429,1055,close(1017 <unfinished ...>
19:18:17.344758,1028,close(49 <unfinished ...>
19:18:17.345040,1055,<... close resumed> ) = -1 EBADF (Bad file number)
19:18:17.345358,1028,<... close resumed> ) = 0
19:18:17.345665,1055,close(1018 <unfinished ...>
19:18:17.346131,1028,mprotect(0xb6584000, 4096, PROT_READ|PROT_WRITE <unfinished ...>
19:18:17.346430,1055,<... close resumed> ) = -1 EBADF (Bad file number)
19:18:17.346748,1028,<... mprotect resumed> ) = 0
19:18:17.347062,1055,close(1019 <unfinished ...>
19:18:17.347424,1028,mprotect(0xb6584000, 4096, PROT_READ <unfinished ...>
19:18:17.347709,1055,<... close resumed> ) = -1 EBADF (Bad file number)
19:18:17.348026,1028,<... mprotect resumed> ) = 0
19:18:17.348333,1055,close(1020) = -1 EBADF (Bad file number)
19:18:17.351422,1055,close(1021) = -1 EBADF (Bad file number)
19:18:17.351950,1055,close(1022) = -1 EBADF (Bad file number)
19:18:17.352468,1055,close(1023) = -1 EBADF (Bad file number)
19:18:17.352984,1055,close(1024) = -1 EBADF (Bad file number)
19:18:17.354242,1055,close(1025) = -1 EBADF (Bad file number)
19:18:17.354786,1055,close(1026) = -1 EBADF (Bad file number)
19:18:17.355327,1055,close(1027) = -1 EBADF (Bad file number)
19:18:17.355859,1055,close(1028) = -1 EBADF (Bad file number)
19:18:17.356398,1055,close(1029) = -1 EBADF (Bad file number)
19:18:17.356930,1055,close(1030) = -1 EBADF (Bad file number)
19:18:17.357466,1055,close(1031) = -1 EBADF (Bad file number)
19:18:17.358002,1055,close(1032) = -1 EBADF (Bad file number)
19:18:17.358532,1055,close(1033) = -1 EBADF (Bad file number)
19:18:17.359069,1055,close(1034) = -1 EBADF (Bad file number)
19:18:17.359600,1055,close(1035) = -1 EBADF (Bad file number)
19:18:17.360134,1055,close(1036) = -1 EBADF (Bad file number)
19:18:17.360665,1055,close(1037) = -1 EBADF (Bad file number)
19:18:17.361201,1055,close(1038) = -1 EBADF (Bad file number)
19:18:17.361729,1055,close(1039) = -1 EBADF (Bad file number)
19:18:17.362264,1055,close(1040) = -1 EBADF (Bad file number)
19:18:17.362794,1055,close(1041) = -1 EBADF (Bad file number)
19:18:17.363330,1055,close(1042) = -1 EBADF (Bad file number)
19:18:17.363858,1055,close(1043) = -1 EBADF (Bad file number)
19:18:17.364393,1055,close(1044) = -1 EBADF (Bad file number)
19:18:17.364922,1055,close(1045) = -1 EBADF (Bad file number)
19:18:17.365457,1055,close(1046) = -1 EBADF (Bad file number)
19:18:17.365992,1055,close(1047) = -1 EBADF (Bad file number)
19:18:17.366519,1055,close(1048) = -1 EBADF (Bad file number)
19:18:17.367055,1055,close(1049) = -1 EBADF (Bad file number)
19:18:17.367584,1055,close(1050) = -1 EBADF (Bad file number)
19:18:17.368118,1055,close(1051) = -1 EBADF (Bad file number)
19:18:17.368664,1055,close(1052) = -1 EBADF (Bad file number)
19:18:17.369201,1055,close(1053) = -1 EBADF (Bad file number)
19:18:17.369732,1055,close(1054) = -1 EBADF (Bad file number)
19:18:17.370265,1055,close(1055) = -1 EBADF (Bad file number)
19:18:17.370793,1055,close(1056) = -1 EBADF (Bad file number)
19:18:17.371329,1055,close(1057) = -1 EBADF (Bad file number)
19:18:17.371858,1055,close(1058) = -1 EBADF (Bad file number)
19:18:17.372392,1055,close(1059) = -1 EBADF (Bad file number)
19:18:17.372920,1055,close(1060) = -1 EBADF (Bad file number)
19:18:17.373457,1055,close(1061) = -1 EBADF (Bad file number)
19:18:17.414128,1055,close(1062) = -1 EBADF (Bad file number)
19:18:17.414717,1055,close(1063) = -1 EBADF (Bad file number)
19:18:17.415264,1055,close(1064) = -1 EBADF (Bad file number)
19:18:17.415801,1055,close(1065) = -1 EBADF (Bad file number)
19:18:17.416343,1055,close(1066) = -1 EBADF (Bad file number)
19:18:17.441747,1055,close(1067) = -1 EBADF (Bad file number)
19:18:17.442292,1055,close(1068) = -1 EBADF (Bad file number)
19:18:17.442807,1055,close(1069) = -1 EBADF (Bad file number)
19:18:17.443325,1055,close(1070) = -1 EBADF (Bad file number)
19:18:17.443835,1055,close(1071) = -1 EBADF (Bad file number)
19:18:17.444350,1055,close(1072) = -1 EBADF (Bad file number)
19:18:17.444856,1055,close(1073) = -1 EBADF (Bad file number)
19:18:17.445371,1055,close(1074) = -1 EBADF (Bad file number)
19:18:17.445877,1055,close(1075) = -1 EBADF (Bad file number)
19:18:17.448741,1055,close(1076) = -1 EBADF (Bad file number)
19:18:17.449489,1055,close(1077) = -1 EBADF (Bad file number)
19:18:17.450022,1055,close(1078) = -1 EBADF (Bad file number)
19:18:17.450535,1055,close(1079) = -1 EBADF (Bad file number)
19:18:17.451105,1055,close(1080) = -1 EBADF (Bad file number)
19:18:17.451623,1055,close(1081) = -1 EBADF (Bad file number)
19:18:17.452255,1055,close(1082) = -1 EBADF (Bad file number)
19:18:17.452798,1055,close(1083) = -1 EBADF (Bad file number)
19:18:17.453364,1055,close(1084) = -1 EBADF (Bad file number)
19:18:17.453916,1055,close(1085) = -1 EBADF (Bad file number)
19:18:17.454440,1055,close(1086) = -1 EBADF (Bad file number)
19:18:17.455024,1055,close(1087) = -1 EBADF (Bad file number)
19:18:17.455557,1055,close(1088) = -1 EBADF (Bad file number)
19:18:17.456095,1055,close(1089) = -1 EBADF (Bad file number)
19:18:17.456626,1055,close(1090) = -1 EBADF (Bad file number)
19:18:17.457162,1055,close(1091) = -1 EBADF (Bad file number)
19:18:17.457693,1055,close(1092) = -1 EBADF (Bad file number)
19:18:17.458231,1055,close(1093) = -1 EBADF (Bad file number)
19:18:17.458762,1055,close(1094) = -1 EBADF (Bad file number)
19:18:17.459296,1055,close(1095) = -1 EBADF (Bad file number)
19:18:17.459824,1055,close(1096) = -1 EBADF (Bad file number)
19:18:17.460360,1055,close(1097) = -1 EBADF (Bad file number)
19:18:17.460891,1055,close(1098) = -1 EBADF (Bad file number)
19:18:17.461425,1055,close(1099) = -1 EBADF (Bad file number)
19:18:17.461954,1055,close(1100) = -1 EBADF (Bad file number)
19:18:17.462490,1055,close(1101) = -1 EBADF (Bad file number)
19:18:17.463025,1055,close(1102) = -1 EBADF (Bad file number)
19:18:17.481954,1055,close(1103 <unfinished ...>
19:18:17.482248,1028,open("/proc/self/cmdline", O_RDONLY <unfinished ...>
19:18:17.483190,1055,<... close resumed> ) = -1 EBADF (Bad file number)
19:18:17.483530,1055,close(1104) = -1 EBADF (Bad file number)
19:18:17.484085,1055,close(1105) = -1 EBADF (Bad file number)
19:18:17.484595,1055,close(1106) = -1 EBADF (Bad file number)
19:18:17.485111,1055,close(1107) = -1 EBADF (Bad file number)
19:18:17.487734,1055,close(1108) = -1 EBADF (Bad file number)
19:18:17.488299,1055,close(1109) = -1 EBADF (Bad file number)
19:18:17.488813,1055,close(1110) = -1 EBADF (Bad file number)
19:18:17.489329,1055,close(1111) = -1 EBADF (Bad file number)
19:18:17.489840,1055,close(1112) = -1 EBADF (Bad file number)
19:18:17.492090,1055,close(1113) = -1 EBADF (Bad file number)
19:18:17.492615,1055,close(1114) = -1 EBADF (Bad file number)
19:18:17.493134,1055,close(1115) = -1 EBADF (Bad file number)
19:18:17.494582,1055,close(1116) = -1 EBADF (Bad file number)
19:18:17.495235,1055,close(1117) = -1 EBADF (Bad file number)
19:18:17.495774,1055,close(1118) = -1 EBADF (Bad file number)
19:18:17.496313,1055,close(1119) = -1 EBADF (Bad file number)
19:18:17.496846,1055,close(1120) = -1 EBADF (Bad file number)
19:18:17.497385,1055,close(1121) = -1 EBADF (Bad file number)
19:18:17.497916,1055,close(1122) = -1 EBADF (Bad file number)
19:18:17.498490,1055,close(1123) = -1 EBADF (Bad file number)
19:18:17.499028,1055,close(1124) = -1 EBADF (Bad file number)
19:18:17.507386,1028,<... open resumed> ) = 49
19:18:17.507730,1055,close(1125) = -1 EBADF (Bad file number)
19:18:17.508257,1055,close(1126) = -1 EBADF (Bad file number)
19:18:17.508768,1055,close(1127) = -1 EBADF (Bad file number)
19:18:17.509285,1055,close(1128) = -1 EBADF (Bad file number)
19:18:17.511425,1055,close(1129) = -1 EBADF (Bad file number)
19:18:17.511949,1055,close(1130) = -1 EBADF (Bad file number)
19:18:17.512510,1055,close(1131) = -1 EBADF (Bad file number)
19:18:17.513026,1055,close(1132) = -1 EBADF (Bad file number)
19:18:17.515428,1055,close(1133) = -1 EBADF (Bad file number)
19:18:17.531188,1028,read(49, <unfinished ...>
19:18:17.531567,1055,close(1134 <unfinished ...>
19:18:17.531910,1028,<... read resumed> "com.igamepower.appmaster\0\0\0\0\0\0\0\0"..., 255) = 76
19:18:17.533706,1028,close(49 <unfinished ...>
19:18:17.534007,1055,<... close resumed> ) = -1 EBADF (Bad file number)
19:18:17.534333,1028,<... close resumed> ) = 0
19:18:17.534644,1055,close(1135 <unfinished ...>
19:18:17.535102,1028,sched_getparam(1028, <unfinished ...>
19:18:17.535432,1055,<... close resumed> ) = -1 EBADF (Bad file number)
19:18:17.535853,1028,<... sched_getparam resumed> { 0 }) = 0
19:18:17.536228,1055,close(1136 <unfinished ...>
19:18:17.536582,1028,sched_getscheduler(1028 <unfinished ...>
19:18:17.536893,1055,<... close resumed> ) = -1 EBADF (Bad file number)
19:18:17.537249,1028,<... sched_getscheduler resumed> ) = 0 (SCHED_OTHER)
19:18:17.537586,1055,close(1137 <unfinished ...>
19:18:17.537999,1028,open("/proc/1023/cgroup", O_RDONLY) = 49
19:18:17.539965,1055,<... close resumed> ) = -1 EBADF (Bad file number)
19:18:17.540325,1028,fstat64(49, <unfinished ...>
19:18:17.540638,1055,close(1138 <unfinished ...>
19:18:17.540949,1028,<... fstat64 resumed> {st_mode=S_IFREG|0444, st_size=0, ...}) = 0
19:18:17.541774,1055,<... close resumed> ) = -1 EBADF (Bad file number)
19:18:17.542126,1028,mprotect(0xb6584000, 4096, PROT_READ|PROT_WRITE <unfinished ...>
19:18:17.542444,1055,close(1139 <unfinished ...>
19:18:17.542759,1028,<... mprotect resumed> ) = 0
19:18:17.544061,1055,<... close resumed> ) = -1 EBADF (Bad file number)
19:18:17.544443,1028,mprotect(0xb6584000, 4096, PROT_READ <unfinished ...>
19:18:17.544833,1055,close(1140 <unfinished ...>
19:18:17.545217,1028,<... mprotect resumed> ) = 0
19:18:17.545549,1055,<... close resumed> ) = -1 EBADF (Bad file number)
19:18:17.576701,1055,close(1141 <unfinished ...>
19:18:17.577000,1028,read(49, <unfinished ...>
19:18:17.577308,1055,<... close resumed> ) = -1 EBADF (Bad file number)
19:18:17.577680,1028,<... read resumed> "2:cpu:/apps\n1:cpuacct:/uid/10050"..., 1024) = 33
19:18:17.578213,1055,close(1142 <unfinished ...>
19:18:17.578574,1028,close(49 <unfinished ...>
19:18:17.578865,1055,<... close resumed> ) = -1 EBADF (Bad file number)
19:18:17.579210,1028,<... close resumed> ) = 0
19:18:17.579532,1055,close(1143 <unfinished ...>
19:18:17.579955,1028,getpriority(PRIO_PROCESS, 1023 <unfinished ...>
19:18:17.580260,1055,<... close resumed> ) = -1 EBADF (Bad file number)
19:18:17.580581,1028,<... getpriority resumed> ) = 20
19:18:17.580904,1055,close(1144 <unfinished ...>
19:18:17.581338,1028,open("/proc/self/task/1023/stat", O_RDONLY <unfinished ...>
19:18:17.581799,1055,<... close resumed> ) = -1 EBADF (Bad file number)
19:18:17.582262,1028,<... open resumed> ) = 49
19:18:17.584929,1055,close(1145 <unfinished ...>
19:18:17.585739,1028,read(49, <unfinished ...>
19:18:17.597906,1055,<... close resumed> ) = -1 EBADF (Bad file number)
19:18:17.598335,1028,<... read resumed> "1023 (power.appmaster) S 61 61 0"..., 511) = 242
19:18:17.598876,1055,close(1146 <unfinished ...>
19:18:17.599232,1028,close(49 <unfinished ...>
19:18:17.599524,1055,<... close resumed> ) = -1 EBADF (Bad file number)
19:18:17.599859,1028,<... close resumed> ) = 0
19:18:17.600189,1055,close(1147 <unfinished ...>
19:18:17.600578,1028,open("/proc/self/task/1023/schedstat", O_RDONLY <unfinished ...>
19:18:17.601063,1055,<... close resumed> ) = -1 EBADF (Bad file number)
19:18:17.603590,1028,<... open resumed> ) = 49
19:18:17.603952,1055,close(1148 <unfinished ...>
19:18:17.604297,1028,read(49, <unfinished ...>
19:18:17.604579,1055,<... close resumed> ) = -1 EBADF (Bad file number)
19:18:17.604910,1028,<... read resumed> "970000000 2610000000 3518\n", 63) = 26
19:18:17.605391,1055,close(1149 <unfinished ...>
19:18:17.605721,1028,close(49 <unfinished ...>
19:18:17.628206,1055,<... close resumed> ) = -1 EBADF (Bad file number)
19:18:17.628480,1028,<... close resumed> ) = 0
19:18:17.632212,1055,close(1150 <unfinished ...>
19:18:17.632688,1028,gettid( <unfinished ...>
19:18:17.632980,1055,<... close resumed> ) = -1 EBADF (Bad file number)
19:18:17.633288,1028,<... gettid resumed> ) = 1028
19:18:17.633603,1055,close(1151 <unfinished ...>
19:18:17.634033,1028,clock_gettime(CLOCK_MONOTONIC, <unfinished ...>
19:18:17.635139,1055,<... close resumed> ) = -1 EBADF (Bad file number)
19:18:17.635460,1028,<... clock_gettime resumed> {115, 920103110}) = 0
19:18:17.635852,1055,close(1152 <unfinished ...>
19:18:17.636217,1028,getpid( <unfinished ...>
19:18:17.636493,1055,<... close resumed> ) = -1 EBADF (Bad file number)
19:18:17.636796,1028,<... getpid resumed> ) = 1023
19:18:17.637113,1055,close(1153 <unfinished ...>
19:18:17.637630,1028,open("/proc/1023/maps", O_RDONLY <unfinished ...>
19:18:17.638017,1055,<... close resumed> ) = -1 EBADF (Bad file number)
19:18:17.638472,1028,<... open resumed> ) = 49
19:18:17.638788,1055,close(1154 <unfinished ...>
19:18:17.639165,1028,fstat64(49, <unfinished ...>
19:18:17.639446,1055,<... close resumed> ) = -1 EBADF (Bad file number)
19:18:17.639759,1028,<... fstat64 resumed> {st_mode=S_IFREG|0444, st_size=0, ...}) = 0
19:18:17.640609,1055,close(1155 <unfinished ...>
19:18:17.640949,1028,mprotect(0xb6584000, 4096, PROT_READ|PROT_WRITE <unfinished ...>
19:18:17.641245,1055,<... close resumed> ) = -1 EBADF (Bad file number)
19:18:17.641558,1028,<... mprotect resumed> ) = 0
19:18:17.641864,1055,close(1156 <unfinished ...>
19:18:17.642224,1028,mprotect(0xb6584000, 4096, PROT_READ <unfinished ...>
19:18:17.642509,1055,<... close resumed> ) = -1 EBADF (Bad file number)
19:18:17.642820,1028,<... mprotect resumed> ) = 0
19:18:17.643133,1055,close(1157 <unfinished ...>
19:18:17.643461,1028,read(49, <unfinished ...>
19:18:17.643737,1055,<... close resumed> ) = -1 EBADF (Bad file number)
19:18:17.655658,1028,<... read resumed> "ac1e5000-ac220000 rw-p 00000000 "..., 1024) = 1024
19:18:17.656158,1055,close(1158 <unfinished ...>
19:18:17.658362,1028,read(49, <unfinished ...>
19:18:17.658688,1055,<... close resumed> ) = -1 EBADF (Bad file number)
19:18:17.659345,1028,<... read resumed> "0 rw-p 00000000 00:00 0 \nac97000"..., 1024) = 1024
19:18:17.659880,1055,close(1159 <unfinished ...>
19:18:17.660412,1028,read(49, <unfinished ...>
19:18:17.660706,1055,<... close resumed> ) = -1 EBADF (Bad file number)
19:18:17.661394,1028,<... read resumed> "00 0 \naccd3000-accd4000 ---p 000"..., 1024) = 1024
19:18:17.661918,1055,close(1160 <unfinished ...>
19:18:17.662479,1028,read(49, <unfinished ...>
19:18:17.663631,1055,<... close resumed> ) = -1 EBADF (Bad file number)
19:18:17.664265,1028,<... read resumed> "-ae2e4000 r-xp 00000000 1f:00 72"..., 1024) = 1024
19:18:17.664769,1055,close(1161 <unfinished ...>
19:18:17.665270,1028,read(49, <unfinished ...>
19:18:17.665551,1055,<... close resumed> ) = -1 EBADF (Bad file number)
19:18:17.666185,1028,<... read resumed> "o\nae9da000-ae9e0000 r-xp 0000000"..., 1024) = 1024
19:18:17.685739,1055,close(1162 <unfinished ...>
19:18:17.687518,1028,read(49, <unfinished ...>
19:18:17.687826,1055,<... close resumed> ) = -1 EBADF (Bad file number)
19:18:17.688463,1028,<... read resumed> "00 r--p 00010000 1f:00 655 "..., 1024) = 1024
19:18:17.688978,1055,close(1163 <unfinished ...>
19:18:17.689467,1028,read(49, <unfinished ...>
19:18:17.691788,1055,<... close resumed> ) = -1 EBADF (Bad file number)
19:18:17.692464,1028,<... read resumed> "013000 1f:00 683 /system/"..., 1024) = 1024
19:18:17.692986,1055,close(1164 <unfinished ...>
19:18:17.693493,1028,read(49, <unfinished ...>
19:18:17.693776,1055,<... close resumed> ) = -1 EBADF (Bad file number)
19:18:17.695146,1028,<... read resumed> "0-af27d000 r--s 00829000 1f:00 5"..., 1024) = 1024
19:18:17.695659,1055,close(1165 <unfinished ...>
19:18:17.696171,1028,read(49, <unfinished ...>
19:18:17.696452,1055,<... close resumed> ) = -1 EBADF (Bad file number)
19:18:17.697029,1028,<... read resumed> "f:00 508 /system/framewor"..., 1024) = 1024
19:18:17.697526,1055,close(1166 <unfinished ...>
19:18:17.698000,1028,read(49, <unfinished ...>
19:18:17.698281,1055,<... close resumed> ) = -1 EBADF (Bad file number)
19:18:17.698866,1028,<... read resumed> "\nb0f00000-b0f01000 r-xp 00000000"..., 1024) = 1024
19:18:17.699372,1055,close(1167 <unfinished ...>
19:18:17.699965,1028,read(49, <unfinished ...>
19:18:17.700249,1055,<... close resumed> ) = -1 EBADF (Bad file number)
19:18:17.700833,1028,<... read resumed> "re-junit.odex\nb1019000-b101a000 "..., 1024) = 1024
19:18:17.701338,1055,close(1168 <unfinished ...>
19:18:17.701810,1028,read(49, <unfinished ...>
19:18:17.702097,1055,<... close resumed> ) = -1 EBADF (Bad file number)
19:18:17.702688,1028,<... read resumed> " rw-p 00000000 00:04 1817 "..., 1024) = 1024
19:18:17.703190,1055,close(1169 <unfinished ...>
19:18:17.703670,1028,read(49, <unfinished ...>
19:18:17.703951,1055,<... close resumed> ) = -1 EBADF (Bad file number)
19:18:17.704568,1028,<... read resumed> "/libusbhost.so\nb65ee000-b65ef000"..., 1024) = 1024
19:18:17.705070,1055,close(1170 <unfinished ...>
19:18:17.705646,1028,read(49, <unfinished ...>
19:18:17.705928,1055,<... close resumed> ) = -1 EBADF (Bad file number)
19:18:17.707019,1028,<... read resumed> "7000 r-xp 00000000 1f:00 651 "..., 1024) = 1024
19:18:17.739598,1055,close(1171 <unfinished ...>
19:18:17.739891,1028,read(49, <unfinished ...>
19:18:17.743310,1055,<... close resumed> ) = -1 EBADF (Bad file number)
19:18:17.744099,1028,<... read resumed> "ox.so\nb67da000-b67df000 rw-p 000"..., 1024) = 1024
19:18:17.769067,1055,close(1172 <unfinished ...>
19:18:17.769634,1028,read(49, <unfinished ...>
19:18:17.777677,1055,<... close resumed> ) = -1 EBADF (Bad file number)
19:18:17.778369,1028,<... read resumed> "0 629 /system/lib/libgabi"..., 1024) = 1024
19:18:17.782919,1055,close(1173 <unfinished ...>
19:18:17.783467,1028,read(49, <unfinished ...>
19:18:17.785965,1055,<... close resumed> ) = -1 EBADF (Bad file number)
19:18:17.786627,1028,<... read resumed> "so\nb6b29000-b6b2a000 rw-p 000000"..., 1024) = 1024
19:18:17.790147,1055,close(1174 <unfinished ...>
19:18:17.790698,1028,read(49, <unfinished ...>
19:18:17.790994,1055,<... close resumed> ) = -1 EBADF (Bad file number)
19:18:17.791630,1028,<... read resumed> " /system/lib/libgui.so\nb6bc300"..., 1024) = 1024
19:18:17.792169,1055,close(1175 <unfinished ...>
19:18:17.792662,1028,read(49, <unfinished ...>
19:18:17.792943,1055,<... close resumed> ) = -1 EBADF (Bad file number)
19:18:17.793603,1028,<... read resumed> "stlport.so\nb6c17000-b6c19000 r-x"..., 1024) = 1024
19:18:17.794113,1055,close(1176 <unfinished ...>
19:18:17.794612,1028,read(49, <unfinished ...>
19:18:17.794896,1055,<... close resumed> ) = -1 EBADF (Bad file number)
19:18:17.796354,1055,close(1177) = -1 EBADF (Bad file number)
19:18:17.796888,1055,close(1178) = -1 EBADF (Bad file number)
19:18:17.797409,1055,close(1179) = -1 EBADF (Bad file number)
19:18:17.797919,1055,close(1180) = -1 EBADF (Bad file number)
19:18:17.798489,1055,close(1181) = -1 EBADF (Bad file number)
19:18:17.799028,1055,close(1182) = -1 EBADF (Bad file number)
19:18:17.799613,1055,close(1183) = -1 EBADF (Bad file number)
19:18:17.800192,1055,close(1184) = -1 EBADF (Bad file number)
19:18:17.800736,1055,close(1185) = -1 EBADF (Bad file number)
19:18:17.801290,1055,close(1186) = -1 EBADF (Bad file number)
19:18:17.802186,1055,close(1187) = -1 EBADF (Bad file number)
19:18:17.802870,1055,close(1188) = -1 EBADF (Bad file number)
19:18:17.803417,1055,close(1189) = -1 EBADF (Bad file number)
19:18:17.803963,1055,close(1190) = -1 EBADF (Bad file number)
19:18:17.804473,1055,close(1191) = -1 EBADF (Bad file number)
19:18:17.804984,1055,close(1192) = -1 EBADF (Bad file number)
19:18:17.805490,1055,close(1193) = -1 EBADF (Bad file number)
19:18:17.806002,1055,close(1194) = -1 EBADF (Bad file number)
19:18:17.815583,1055,close(1195) = -1 EBADF (Bad file number)
19:18:17.816180,1055,close(1196) = -1 EBADF (Bad file number)
19:18:17.816695,1055,close(1197) = -1 EBADF (Bad file number)
19:18:17.818968,1055,close(1198) = -1 EBADF (Bad file number)
19:18:17.820390,1055,close(1199) = -1 EBADF (Bad file number)
19:18:17.820920,1055,close(1200) = -1 EBADF (Bad file number)
19:18:17.821442,1055,close(1201) = -1 EBADF (Bad file number)
19:18:17.821953,1055,close(1202) = -1 EBADF (Bad file number)
19:18:17.822545,1055,close(1203) = -1 EBADF (Bad file number)
19:18:17.823064,1055,close(1204) = -1 EBADF (Bad file number)
19:18:17.823571,1055,close(1205) = -1 EBADF (Bad file number)
19:18:17.824145,1055,close(1206) = -1 EBADF (Bad file number)
19:18:17.824703,1055,close(1207) = -1 EBADF (Bad file number)
19:18:17.825237,1055,close(1208) = -1 EBADF (Bad file number)
19:18:17.853816,1055,close(1209) = -1 EBADF (Bad file number)
19:18:17.854460,1055,close(1210) = -1 EBADF (Bad file number)
19:18:17.855753,1055,close(1211) = -1 EBADF (Bad file number)
19:18:17.856304,1055,close(1212) = -1 EBADF (Bad file number)
19:18:17.856775,1055,close(1213) = -1 EBADF (Bad file number)
19:18:17.857284,1055,close(1214) = -1 EBADF (Bad file number)
19:18:17.857882,1055,close(1215) = -1 EBADF (Bad file number)
19:18:17.859053,1055,close(1216) = -1 EBADF (Bad file number)
19:18:17.859991,1055,close(1217) = -1 EBADF (Bad file number)
19:18:17.860483,1055,close(1218) = -1 EBADF (Bad file number)
19:18:17.860979,1055,close(1219) = -1 EBADF (Bad file number)
19:18:17.861461,1055,close(1220) = -1 EBADF (Bad file number)
19:18:17.861928,1055,close(1221) = -1 EBADF (Bad file number)
19:18:17.862435,1055,close(1222) = -1 EBADF (Bad file number)
19:18:17.863054,1055,close(1223) = -1 EBADF (Bad file number)
19:18:17.863522,1055,close(1224) = -1 EBADF (Bad file number)
19:18:17.864071,1055,close(1225) = -1 EBADF (Bad file number)
19:18:17.864540,1055,close(1226) = -1 EBADF (Bad file number)
19:18:17.865122,1055,close(1227) = -1 EBADF (Bad file number)
19:18:17.865589,1055,close(1228) = -1 EBADF (Bad file number)
19:18:17.866094,1055,close(1229) = -1 EBADF (Bad file number)
19:18:17.866585,1055,close(1230) = -1 EBADF (Bad file number)
19:18:17.867152,1055,close(1231) = -1 EBADF (Bad file number)
19:18:17.867619,1055,close(1232) = -1 EBADF (Bad file number)
19:18:17.868159,1055,close(1233) = -1 EBADF (Bad file number)
19:18:17.868626,1055,close(1234) = -1 EBADF (Bad file number)
19:18:17.869132,1055,close(1235) = -1 EBADF (Bad file number)
19:18:17.869599,1055,close(1236) = -1 EBADF (Bad file number)
19:18:17.870102,1055,close(1237) = -1 EBADF (Bad file number)
19:18:17.870568,1055,close(1238) = -1 EBADF (Bad file number)
19:18:17.871074,1055,close(1239) = -1 EBADF (Bad file number)
19:18:17.871540,1055,close(1240) = -1 EBADF (Bad file number)
19:18:17.872044,1055,close(1241) = -1 EBADF (Bad file number)
19:18:17.872511,1055,close(1242) = -1 EBADF (Bad file number)
19:18:17.873002,1055,close(1243) = -1 EBADF (Bad file number)
19:18:17.873481,1055,close(1244) = -1 EBADF (Bad file number)
19:18:17.873946,1055,close(1245) = -1 EBADF (Bad file number)
19:18:17.874450,1055,close(1246) = -1 EBADF (Bad file number)
19:18:17.874916,1055,close(1247) = -1 EBADF (Bad file number)
19:18:17.875418,1055,close(1248) = -1 EBADF (Bad file number)
19:18:17.875883,1055,close(1249) = -1 EBADF (Bad file number)
19:18:17.876387,1055,close(1250) = -1 EBADF (Bad file number)
19:18:17.876854,1055,close(1251) = -1 EBADF (Bad file number)
19:18:17.877382,1055,close(1252) = -1 EBADF (Bad file number)
19:18:17.877860,1055,close(1253) = -1 EBADF (Bad file number)
19:18:17.878378,1055,close(1254) = -1 EBADF (Bad file number)
19:18:17.878844,1055,close(1255) = -1 EBADF (Bad file number)
19:18:17.896352,1055,close(1256 <unfinished ...>
19:18:17.896658,1028,<... read resumed> " 591 /system/lib/libandro"..., 1024) = 1024
19:18:17.897208,1055,<... close resumed> ) = -1 EBADF (Bad file number)
19:18:17.897812,1028,read(49, <unfinished ...>
19:18:17.898207,1055,close(1257 <unfinished ...>
19:18:17.898820,1028,<... read resumed> "angle.so\nb6ebe000-b6ebf000 ---p "..., 1024) = 1024
19:18:17.899337,1055,<... close resumed> ) = -1 EBADF (Bad file number)
19:18:17.899895,1028,read(49, <unfinished ...>
19:18:17.900234,1055,close(1258 <unfinished ...>
19:18:17.900846,1028,<... read resumed> " \nb6f16000-b6f17000 r-xp 0000000"..., 1024) = 1024
19:18:17.901337,1055,<... close resumed> ) = -1 EBADF (Bad file number)
19:18:17.901824,1028,read(49, <unfinished ...>
19:18:17.902199,1055,close(1259 <unfinished ...>
19:18:17.902545,1028,<... read resumed> "b88a1000 rw-p 00000000 00:00 0 "..., 1024) = 219
19:18:17.903070,1055,<... close resumed> ) = -1 EBADF (Bad file number)
19:18:17.903439,1028,read(49, <unfinished ...>
19:18:17.903734,1055,close(1260 <unfinished ...>
19:18:17.904116,1028,<... read resumed> "", 1024) = 0
19:18:17.904394,1055,<... close resumed> ) = -1 EBADF (Bad file number)
19:18:17.904716,1028,close(49 <unfinished ...>
19:18:17.905045,1055,close(1261 <unfinished ...>
19:18:17.905351,1028,<... close resumed> ) = 0
19:18:17.905617,1055,<... close resumed> ) = -1 EBADF (Bad file number)
19:18:17.905942,1028,sigaction(SIGURG, {0xb6ec21b1, [], SA_RESTART|SA_SIGINFO|SA_ONSTACK}, <unfinished ...>
19:18:17.906390,1055,close(1262 <unfinished ...>
19:18:17.906684,1028,<... sigaction resumed> {SIG_DFL, , 0) = 0
19:18:17.907073,1055,<... close resumed> ) = -1 EBADF (Bad file number)
19:18:17.907403,1028,getpid( <unfinished ...>
19:18:17.907700,1055,close(1263 <unfinished ...>
19:18:17.908065,1028,<... getpid resumed> ) = 1023
19:18:17.908350,1055,<... close resumed> ) = -1 EBADF (Bad file number)
19:18:17.908667,1028,tgkill(1023, 1023, SIGURG <unfinished ...>
19:18:17.909039,1055,close(1264 <unfinished ...>
19:18:17.909351,1028,<... tgkill resumed> ) = 0
19:18:17.909621,1055,<... close resumed> ) = -1 EBADF (Bad file number)
19:18:17.909951,1023,<... read resumed> 0xbee6d2e8, 4) = ? ERESTARTSYS (To be restarted)
19:18:17.910321,1028,nanosleep({0, 1000000}, <unfinished ...>
19:18:17.910680,1055,close(1265 <unfinished ...>
19:18:17.911012,1023,--- {si_signo=SIGURG, si_code=SI_TKILL, si_pid=1023, si_uid=10050} (Urgent I/O condition) ---
19:18:17.917030,1055,<... close resumed> ) = -1 EBADF (Bad file number)
19:18:17.917237,1028,<... nanosleep resumed> 0xaf4953e8) = 0
19:18:17.917620,1023,gettid( <unfinished ...>
19:18:17.917906,1055,close(1266 <unfinished ...>
19:18:17.918216,1023,<... gettid resumed> ) = 1023
19:18:17.918486,1055,<... close resumed> ) = -1 EBADF (Bad file number)
19:18:17.919565,1023,rt_sigreturn(0xfffffffe <unfinished ...>
19:18:17.919860,1055,close(1267 <unfinished ...>
19:18:17.920278,1023,<... rt_sigreturn resumed> ) = 50
19:18:17.920554,1055,<... close resumed> ) = -1 EBADF (Bad file number)
19:18:17.921111,1023,read(50, <unfinished ...>
19:18:17.921562,1055,close(1268) = -1 EBADF (Bad file number)
19:18:17.922160,1055,close(1269) = -1 EBADF (Bad file number)
19:18:17.922694,1055,close(1270) = -1 EBADF (Bad file number)
19:18:17.923224,1055,close(1271) = -1 EBADF (Bad file number)
19:18:17.923766,1055,close(1272) = -1 EBADF (Bad file number)
19:18:17.924352,1055,close(1273) = -1 EBADF (Bad file number)
19:18:17.924879,1055,close(1274) = -1 EBADF (Bad file number)
19:18:17.925424,1055,close(1275) = -1 EBADF (Bad file number)
19:18:17.925913,1055,close(1276) = -1 EBADF (Bad file number)
19:18:17.926460,1055,close(1277) = -1 EBADF (Bad file number)
19:18:17.941811,1055,close(1278) = -1 EBADF (Bad file number)
19:18:17.942370,1055,close(1279) = -1 EBADF (Bad file number)
19:18:17.942842,1055,close(1280) = -1 EBADF (Bad file number)
19:18:17.943489,1055,close(1281) = -1 EBADF (Bad file number)
19:18:17.944066,1055,close(1282) = -1 EBADF (Bad file number)
19:18:17.944535,1055,close(1283) = -1 EBADF (Bad file number)
19:18:17.945125,1055,close(1284 <unfinished ...>
19:18:17.945640,1028,sigaction(SIGURG, {SIG_DFL, , NULL, 0) = 0
19:18:17.946403,1028,clock_gettime(CLOCK_MONOTONIC, {116, 231335478}) = 0
19:18:17.949869,1028,sched_getparam(1028, { 0 }) = 0
19:18:17.950468,1028,sched_getscheduler(1028) = 0 (SCHED_OTHER)
19:18:17.951137,1028,open("/proc/1056/cgroup", O_RDONLY) = 49
19:18:17.951904,1028,fstat64(49, {st_mode=S_IFREG|0444, st_size=0, ...}) = 0
19:18:17.952920,1028,mprotect(0xb6584000, 4096, PROT_READ|PROT_WRITE) = 0
19:18:17.953471,1028,mprotect(0xb6584000, 4096, PROT_READ) = 0
19:18:17.954049,1028,read(49, "2:cpu:/apps\n1:cpuacct:/uid/10050"..., 1024) = 33
19:18:17.954817,1028,close(49) = 0
19:18:17.955461,1028,getpriority(PRIO_PROCESS, 1056) = 20
19:18:17.956104,1028,open("/proc/self/task/1056/stat", O_RDONLY <unfinished ...>
19:18:17.965503,1055,<... close resumed> ) = -1 EBADF (Bad file number)
19:18:17.965844,1055,close(1285) = -1 EBADF (Bad file number)
19:18:17.966390,1055,close(1286) = -1 EBADF (Bad file number)
19:18:17.966883,1055,close(1287) = -1 EBADF (Bad file number)
19:18:17.967553,1055,close(1288) = -1 EBADF (Bad file number)
19:18:17.968095,1055,close(1289) = -1 EBADF (Bad file number)
19:18:17.968676,1055,close(1290) = -1 EBADF (Bad file number)
19:18:17.969207,1055,close(1291) = -1 EBADF (Bad file number)
19:18:17.969696,1055,close(1292) = -1 EBADF (Bad file number)
19:18:17.970220,1055,close(1293) = -1 EBADF (Bad file number)
19:18:17.970705,1055,close(1294) = -1 EBADF (Bad file number)
19:18:17.971232,1055,close(1295) = -1 EBADF (Bad file number)
19:18:17.971720,1055,close(1296) = -1 EBADF (Bad file number)
19:18:17.972286,1055,close(1297) = -1 EBADF (Bad file number)
19:18:17.972771,1055,close(1298) = -1 EBADF (Bad file number)
19:18:17.973297,1055,close(1299) = -1 EBADF (Bad file number)
19:18:17.973784,1055,close(1300) = -1 EBADF (Bad file number)
19:18:17.974307,1055,close(1301) = -1 EBADF (Bad file number)
19:18:17.974822,1055,close(1302) = -1 EBADF (Bad file number)
19:18:17.975348,1055,close(1303) = -1 EBADF (Bad file number)
19:18:17.975837,1055,close(1304) = -1 EBADF (Bad file number)
19:18:17.976361,1055,close(1305) = -1 EBADF (Bad file number)
19:18:17.976847,1055,close(1306) = -1 EBADF (Bad file number)
19:18:17.977340,1055,close(1307) = -1 EBADF (Bad file number)
19:18:17.977849,1055,close(1308) = -1 EBADF (Bad file number)
19:18:17.978372,1055,close(1309) = -1 EBADF (Bad file number)
19:18:17.978943,1055,close(1310) = -1 EBADF (Bad file number)
19:18:17.979499,1055,close(1311) = -1 EBADF (Bad file number)
19:18:17.980075,1055,close(1312) = -1 EBADF (Bad file number)
19:18:17.980563,1055,close(1313) = -1 EBADF (Bad file number)
19:18:17.981115,1055,close(1314) = -1 EBADF (Bad file number)
19:18:17.981604,1055,close(1315) = -1 EBADF (Bad file number)
19:18:17.982096,1055,close(1316) = -1 EBADF (Bad file number)
19:18:17.982582,1055,close(1317) = -1 EBADF (Bad file number)
19:18:17.983074,1055,close(1318) = -1 EBADF (Bad file number)
19:18:17.983560,1055,close(1319) = -1 EBADF (Bad file number)
19:18:17.995903,1055,close(1320 <unfinished ...>
19:18:17.996332,1028,<... open resumed> ) = 49
19:18:17.996611,1055,<... close resumed> ) = -1 EBADF (Bad file number)
19:18:17.997012,1028,read(49, <unfinished ...>
19:18:17.997337,1055,close(1321 <unfinished ...>
19:18:17.997687,1028,<... read resumed> "1056 (Binder_4) S 61 61 0 0 -1 1"..., 511) = 233
19:18:17.998181,1055,<... close resumed> ) = -1 EBADF (Bad file number)
19:18:17.998489,1028,close(49 <unfinished ...>
19:18:17.998770,1055,close(1322 <unfinished ...>
19:18:17.999142,1028,<... close resumed> ) = 0
19:18:17.999399,1055,<... close resumed> ) = -1 EBADF (Bad file number)
19:18:17.999744,1028,open("/proc/self/task/1056/schedstat", O_RDONLY <unfinished ...>
19:18:18.000272,1055,close(1323 <unfinished ...>
19:18:18.000647,1028,<... open resumed> ) = 49
19:18:18.000903,1055,<... close resumed> ) = -1 EBADF (Bad file number)
19:18:18.001244,1028,read(49, <unfinished ...>
19:18:18.001523,1055,close(1324 <unfinished ...>
19:18:18.001821,1028,<... read resumed> "0 20000000 35\n", 63) = 14
19:18:18.002246,1055,<... close resumed> ) = -1 EBADF (Bad file number)
19:18:18.002549,1028,close(49 <unfinished ...>
19:18:18.002825,1055,close(1325 <unfinished ...>
19:18:18.003147,1028,<... close resumed> ) = 0
19:18:18.003399,1055,<... close resumed> ) = -1 EBADF (Bad file number)
19:18:18.003746,1028,gettid( <unfinished ...>
19:18:18.004062,1055,close(1326 <unfinished ...>
19:18:18.004335,1028,<... gettid resumed> ) = 1028
19:18:18.004592,1055,<... close resumed> ) = -1 EBADF (Bad file number)
19:18:18.004894,1028,clock_gettime(CLOCK_MONOTONIC, <unfinished ...>
19:18:18.005208,1055,close(1327 <unfinished ...>
19:18:18.005482,1028,<... clock_gettime resumed> {116, 290135997}) = 0
19:18:18.005802,1055,<... close resumed> ) = -1 EBADF (Bad file number)
19:18:18.006162,1028,sigaction(SIGURG, {0xb6ec21b1, [], SA_RESTART|SA_SIGINFO|SA_ONSTACK}, <unfinished ...>
19:18:18.006554,1055,close(1328 <unfinished ...>
19:18:18.006837,1028,<... sigaction resumed> {SIG_DFL, , 0) = 0
19:18:18.007199,1055,<... close resumed> ) = -1 EBADF (Bad file number)
19:18:18.007501,1028,getpid( <unfinished ...>
19:18:18.007773,1055,close(1329 <unfinished ...>
19:18:18.008069,1028,<... getpid resumed> ) = 1023
19:18:18.009518,1055,<... close resumed> ) = -1 EBADF (Bad file number)
19:18:18.009837,1028,tgkill(1023, 1056, SIGURG <unfinished ...>
19:18:18.010171,1055,close(1330 <unfinished ...>
19:18:18.010466,1028,<... tgkill resumed> ) = 0
19:18:18.010723,1055,<... close resumed> ) = -1 EBADF (Bad file number)
19:18:18.011029,1056,<... ioctl resumed> , 0xac31fe28) = ? ERESTARTSYS (To be restarted)
19:18:18.011335,1028,nanosleep({0, 1000000}, <unfinished ...>
19:18:18.011676,1055,close(1331 <unfinished ...>
19:18:18.011928,1056,--- {si_signo=SIGURG, si_code=SI_TKILL, si_pid=1023, si_uid=10050} (Urgent I/O condition) ---
19:18:18.012356,1055,<... close resumed> ) = -1 EBADF (Bad file number)
19:18:18.012684,1056,gettid( <unfinished ...>
19:18:18.012987,1055,close(1332 <unfinished ...>
19:18:18.013260,1056,<... gettid resumed> ) = 1056
19:18:18.013519,1055,<... close resumed> ) = -1 EBADF (Bad file number)
19:18:18.014139,1056,rt_sigreturn(0xfffffffe <unfinished ...>
19:18:18.014429,1055,close(1333 <unfinished ...>
19:18:18.014699,1056,<... rt_sigreturn resumed> ) = 9
19:18:18.014986,1055,<... close resumed> ) = -1 EBADF (Bad file number)
19:18:18.015291,1056,ioctl(9, 0xc0186201 <unfinished ...>
19:18:18.015585,1055,close(1334) = -1 EBADF (Bad file number)
19:18:18.016162,1055,close(1335) = -1 EBADF (Bad file number)
19:18:18.016641,1055,close(1336) = -1 EBADF (Bad file number)
19:18:18.017157,1055,close(1337) = -1 EBADF (Bad file number)
19:18:18.017981,1055,close(1338 <unfinished ...>
19:18:18.018332,1028,<... nanosleep resumed> 0xaf4953e8) = 0
19:18:18.018599,1055,<... close resumed> ) = -1 EBADF (Bad file number)
19:18:18.018943,1028,sigaction(SIGURG, {SIG_DFL, , <unfinished ...>
19:18:18.019424,1055,close(1339 <unfinished ...>
19:18:18.019714,1028,<... sigaction resumed> NULL, 0xb6f84054) = 0
19:18:18.020066,1055,<... close resumed> ) = -1 EBADF (Bad file number)
19:18:18.020375,1028,clock_gettime(CLOCK_MONOTONIC, <unfinished ...>
19:18:18.020654,1055,close(1340 <unfinished ...>
19:18:18.020991,1028,<... clock_gettime resumed> {116, 305615794}) = 0
19:18:18.021381,1055,<... close resumed> ) = -1 EBADF (Bad file number)
19:18:18.022597,1028,sched_getparam(1028, <unfinished ...>
19:18:18.023004,1055,close(1341 <unfinished ...>
19:18:18.023322,1028,<... sched_getparam resumed> { 0 }) = 0
19:18:18.023611,1055,<... close resumed> ) = -1 EBADF (Bad file number)
19:18:18.023916,1028,sched_getscheduler(1028 <unfinished ...>
19:18:18.024254,1055,close(1342 <unfinished ...>
19:18:18.024531,1028,<... sched_getscheduler resumed> ) = 0 (SCHED_OTHER)
19:18:18.024788,1055,<... close resumed> ) = -1 EBADF (Bad file number)
19:18:18.025184,1028,open("/proc/1054/cgroup", O_RDONLY <unfinished ...>
19:18:18.025575,1055,close(1343 <unfinished ...>
19:18:18.026037,1028,<... open resumed> ) = 49
19:18:18.026296,1055,<... close resumed> ) = -1 EBADF (Bad file number)
19:18:18.026606,1028,fstat64(49, <unfinished ...>
19:18:18.026886,1055,close(1344 <unfinished ...>
19:18:18.027223,1028,<... fstat64 resumed> {st_mode=S_IFREG|0444, st_size=0, ...}) = 0
19:18:18.028046,1055,<... close resumed> ) = -1 EBADF (Bad file number)
19:18:18.028358,1028,mprotect(0xb6584000, 4096, PROT_READ|PROT_WRITE <unfinished ...>
19:18:18.028683,1055,close(1345 <unfinished ...>
19:18:18.028993,1028,<... mprotect resumed> ) = 0
19:18:18.029261,1055,<... close resumed> ) = -1 EBADF (Bad file number)
19:18:18.029588,1028,mprotect(0xb6584000, 4096, PROT_READ <unfinished ...>
19:18:18.029875,1055,close(1346 <unfinished ...>
19:18:18.030195,1028,<... mprotect resumed> ) = 0
19:18:18.030449,1055,<... close resumed> ) = -1 EBADF (Bad file number)
19:18:18.030753,1028,read(49, <unfinished ...>
19:18:18.031070,1055,close(1347 <unfinished ...>
19:18:18.031381,1028,<... read resumed> "2:cpu:/apps\n1:cpuacct:/uid/10050"..., 1024) = 33
19:18:18.031806,1055,<... close resumed> ) = -1 EBADF (Bad file number)
19:18:18.032144,1028,close(49 <unfinished ...>
19:18:18.032430,1055,close(1348 <unfinished ...>
19:18:18.032726,1028,<... close resumed> ) = 0
19:18:18.033004,1055,<... close resumed> ) = -1 EBADF (Bad file number)
19:18:18.033349,1028,getpriority(PRIO_PROCESS, 1054 <unfinished ...>
19:18:18.033635,1055,close(1349 <unfinished ...>
19:18:18.033911,1028,<... getpriority resumed> ) = 20
19:18:18.034173,1055,<... close resumed> ) = -1 EBADF (Bad file number)
19:18:18.034527,1028,open("/proc/self/task/1054/stat", O_RDONLY <unfinished ...>
19:18:18.034952,1055,close(1350 <unfinished ...>
19:18:18.035364,1028,<... open resumed> ) = 49
19:18:18.035655,1055,<... close resumed> ) = -1 EBADF (Bad file number)
19:18:18.036004,1028,read(49, <unfinished ...>
19:18:18.036296,1055,close(1351 <unfinished ...>
19:18:18.036626,1028,<... read resumed> "1054 (.ProcessManager) t 61 61 0"..., 511) = 237
19:18:18.037075,1055,<... close resumed> ) = -1 EBADF (Bad file number)
19:18:18.037389,1028,close(49 <unfinished ...>
19:18:18.037674,1055,close(1352 <unfinished ...>
19:18:18.037986,1028,<... close resumed> ) = 0
19:18:18.038240,1055,<... close resumed> ) = -1 EBADF (Bad file number)
19:18:18.038575,1028,open("/proc/self/task/1054/schedstat", O_RDONLY <unfinished ...>
19:18:18.039038,1055,close(1353 <unfinished ...>
19:18:18.039404,1028,<... open resumed> ) = 49
19:18:18.067364,1055,<... close resumed> ) = -1 EBADF (Bad file number)
19:18:18.069827,1028,read(49, <unfinished ...>
19:18:18.070213,1055,close(1354 <unfinished ...>
19:18:18.070526,1028,<... read resumed> "0 50000000 25\n", 63) = 14
19:18:18.070884,1055,<... close resumed> ) = -1 EBADF (Bad file number)
19:18:18.071232,1028,close(49 <unfinished ...>
19:18:18.071513,1055,close(1355 <unfinished ...>
19:18:18.071803,1028,<... close resumed> ) = 0
19:18:18.072098,1055,<... close resumed> ) = -1 EBADF (Bad file number)
19:18:18.072450,1028,gettid( <unfinished ...>
19:18:18.072729,1055,close(1356 <unfinished ...>
19:18:18.073043,1028,<... gettid resumed> ) = 1028
19:18:18.073302,1055,<... close resumed> ) = -1 EBADF (Bad file number)
19:18:18.073608,1028,clock_gettime(CLOCK_MONOTONIC, <unfinished ...>
19:18:18.073948,1055,close(1357 <unfinished ...>
19:18:18.074249,1028,<... clock_gettime resumed> {116, 358900858}) = 0
19:18:18.074575,1055,<... close resumed> ) = -1 EBADF (Bad file number)
19:18:18.074882,1028,sigaction(SIGURG, {0xb6ec21b1, [], SA_RESTART|SA_SIGINFO|SA_ONSTACK}, <unfinished ...>
19:18:18.075306,1055,close(1358 <unfinished ...>
19:18:18.075585,1028,<... sigaction resumed> {SIG_DFL, , 0) = 0
19:18:18.075941,1055,<... close resumed> ) = -1 EBADF (Bad file number)
19:18:18.076294,1028,getpid( <unfinished ...>
19:18:18.076579,1055,close(1359 <unfinished ...>
19:18:18.076860,1028,<... getpid resumed> ) = 1023
19:18:18.077138,1055,<... close resumed> ) = -1 EBADF (Bad file number)
19:18:18.077440,1028,tgkill(1023, 1054, SIGURG <unfinished ...>
19:18:18.077728,1055,close(1360 <unfinished ...>
19:18:18.078024,1028,<... tgkill resumed> ) = 0
19:18:18.078280,1055,<... close resumed> ) = -1 EBADF (Bad file number)
19:18:18.078583,1028,nanosleep({0, 1000000}, <unfinished ...>
19:18:18.078921,1055,close(1361) = -1 EBADF (Bad file number)
19:18:18.079454,1055,close(1362) = -1 EBADF (Bad file number)
19:18:18.083141,1028,<... nanosleep resumed> 0xaf4953e8) = 0
19:18:18.083564,1055,close(1363 <unfinished ...>
19:18:18.083902,1028,nanosleep({0, 1000000}, <unfinished ...>
19:18:18.084321,1055,<... close resumed> ) = -1 EBADF (Bad file number)
19:18:18.084724,1055,close(1364) = -1 EBADF (Bad file number)
19:18:18.085328,1055,close(1365) = -1 EBADF (Bad file number)
19:18:18.085832,1055,close(1366) = -1 EBADF (Bad file number)
19:18:18.098876,1028,<... nanosleep resumed> 0xaf4953e8) = 0
19:18:18.100115,1055,close(1367 <unfinished ...>
19:18:18.100454,1028,nanosleep({0, 1000000}, <unfinished ...>
19:18:18.100888,1055,<... close resumed> ) = -1 EBADF (Bad file number)
19:18:18.101358,1055,close(1368) = -1 EBADF (Bad file number)
19:18:18.101836,1055,close(1369) = -1 EBADF (Bad file number)
19:18:18.102385,1055,close(1370) = -1 EBADF (Bad file number)
19:18:18.102995,1028,<... nanosleep resumed> 0xaf4953e8) = 0
19:18:18.103414,1055,close(1371 <unfinished ...>
19:18:18.103719,1028,nanosleep({0, 1000000}, <unfinished ...>
19:18:18.105355,1055,<... close resumed> ) = -1 EBADF (Bad file number)
19:18:18.105742,1055,close(1372) = -1 EBADF (Bad file number)
19:18:18.118896,1055,close(1373 <unfinished ...>
19:18:18.119187,1028,<... nanosleep resumed> 0xaf4953e8) = 0
19:18:18.119482,1055,<... close resumed> ) = -1 EBADF (Bad file number)
19:18:18.119843,1028,nanosleep({0, 1000000}, <unfinished ...>
19:18:18.120249,1055,close(1374) = -1 EBADF (Bad file number)
19:18:18.120940,1055,close(1375) = -1 EBADF (Bad file number)
19:18:18.121480,1055,close(1376) = -1 EBADF (Bad file number)
19:18:18.122078,1028,<... nanosleep resumed> 0xaf4953e8) = 0
19:18:18.122406,1055,close(1377 <unfinished ...>
19:18:18.122854,1028,nanosleep({0, 1000000}, <unfinished ...>
19:18:18.123240,1055,<... close resumed> ) = -1 EBADF (Bad file number)
19:18:18.123591,1055,close(1378) = -1 EBADF (Bad file number)
19:18:18.124151,1055,close(1379) = -1 EBADF (Bad file number)
19:18:18.124668,1055,close(1380) = -1 EBADF (Bad file number)
19:18:18.125224,1055,close(1381) = -1 EBADF (Bad file number)
19:18:18.125741,1055,close(1382) = -1 EBADF (Bad file number)
19:18:18.137147,1028,<... nanosleep resumed> 0xaf4953e8) = 0
19:18:18.137491,1055,close(1383 <unfinished ...>
19:18:18.137833,1028,nanosleep({0, 1000000}, <unfinished ...>
19:18:18.138241,1055,<... close resumed> ) = -1 EBADF (Bad file number)
19:18:18.138605,1055,close(1384) = -1 EBADF (Bad file number)
19:18:18.139301,1055,close(1385) = -1 EBADF (Bad file number)
19:18:18.139806,1055,close(1386) = -1 EBADF (Bad file number)
19:18:18.140388,1055,close(1387) = -1 EBADF (Bad file number)
19:18:18.140882,1055,close(1388) = -1 EBADF (Bad file number)
19:18:18.141478,1055,close(1389 <unfinished ...>
19:18:18.141772,1028,<... nanosleep resumed> 0xaf4953e8) = 0
19:18:18.142097,1055,<... close resumed> ) = -1 EBADF (Bad file number)
19:18:18.142592,1028,nanosleep({0, 1000000}, <unfinished ...>
19:18:18.142966,1055,close(1390) = -1 EBADF (Bad file number)
19:18:18.143565,1055,close(1391) = -1 EBADF (Bad file number)
19:18:18.144124,1055,close(1392) = -1 EBADF (Bad file number)
19:18:18.144640,1055,close(1393) = -1 EBADF (Bad file number)
19:18:18.145198,1055,close(1394) = -1 EBADF (Bad file number)
19:18:18.145713,1055,close(1395 <unfinished ...>
19:18:18.156816,1028,<... nanosleep resumed> 0xaf4953e8) = 0
19:18:18.157238,1055,<... close resumed> ) = -1 EBADF (Bad file number)
19:18:18.157590,1028,nanosleep({0, 1000000}, <unfinished ...>
19:18:18.157978,1055,close(1396) = -1 EBADF (Bad file number)
19:18:18.158560,1055,close(1397) = -1 EBADF (Bad file number)
19:18:18.159222,1055,close(1398) = -1 EBADF (Bad file number)
19:18:18.159721,1055,close(1399) = -1 EBADF (Bad file number)
19:18:18.160346,1055,close(1400 <unfinished ...>
19:18:18.160639,1028,<... nanosleep resumed> 0xaf4953e8) = 0
19:18:18.160912,1055,<... close resumed> ) = -1 EBADF (Bad file number)
19:18:18.161274,1028,nanosleep({0, 1000000}, <unfinished ...>
19:18:18.161632,1055,close(1401) = -1 EBADF (Bad file number)
19:18:18.162263,1055,close(1402) = -1 EBADF (Bad file number)
19:18:18.162841,1055,close(1403) = -1 EBADF (Bad file number)
19:18:18.163366,1055,close(1404) = -1 EBADF (Bad file number)
19:18:18.163880,1055,close(1405) = -1 EBADF (Bad file number)
19:18:18.164403,1055,close(1406) = -1 EBADF (Bad file number)
19:18:18.164918,1055,close(1407) = -1 EBADF (Bad file number)
19:18:18.165437,1055,close(1408) = -1 EBADF (Bad file number)
19:18:18.165950,1055,close(1409) = -1 EBADF (Bad file number)
19:18:18.166480,1055,close(1410) = -1 EBADF (Bad file number)
19:18:18.166991,1055,close(1411) = -1 EBADF (Bad file number)
19:18:18.167490,1055,close(1412) = -1 EBADF (Bad file number)
19:18:18.167998,1055,close(1413) = -1 EBADF (Bad file number)
19:18:18.168499,1055,close(1414) = -1 EBADF (Bad file number)
19:18:18.169022,1055,close(1415) = -1 EBADF (Bad file number)
19:18:18.169542,1055,close(1416) = -1 EBADF (Bad file number)
19:18:18.170064,1055,close(1417) = -1 EBADF (Bad file number)
19:18:18.170549,1055,close(1418) = -1 EBADF (Bad file number)
19:18:18.171118,1055,close(1419) = -1 EBADF (Bad file number)
19:18:18.171607,1055,close(1420) = -1 EBADF (Bad file number)
19:18:18.172172,1055,close(1421) = -1 EBADF (Bad file number)
19:18:18.172659,1055,close(1422) = -1 EBADF (Bad file number)
19:18:18.173185,1055,close(1423) = -1 EBADF (Bad file number)
19:18:18.173707,1055,close(1424) = -1 EBADF (Bad file number)
19:18:18.174232,1055,close(1425) = -1 EBADF (Bad file number)
19:18:18.174718,1055,close(1426) = -1 EBADF (Bad file number)
19:18:18.175243,1055,close(1427) = -1 EBADF (Bad file number)
19:18:18.175728,1055,close(1428) = -1 EBADF (Bad file number)
19:18:18.176250,1055,close(1429) = -1 EBADF (Bad file number)
19:18:18.176737,1055,close(1430) = -1 EBADF (Bad file number)
19:18:18.177260,1055,close(1431) = -1 EBADF (Bad file number)
19:18:18.177745,1055,close(1432) = -1 EBADF (Bad file number)
19:18:18.178291,1055,close(1433) = -1 EBADF (Bad file number)
19:18:18.178790,1055,close(1434) = -1 EBADF (Bad file number)
19:18:18.179326,1055,close(1435) = -1 EBADF (Bad file number)
19:18:18.179825,1055,close(1436) = -1 EBADF (Bad file number)
19:18:18.180365,1055,close(1437) = -1 EBADF (Bad file number)
19:18:18.180851,1055,close(1438) = -1 EBADF (Bad file number)
19:18:18.239057,1028,<... nanosleep resumed> 0xaf4953e8) = 0
19:18:18.240886,1055,close(1439 <unfinished ...>
19:18:18.241334,1028,nanosleep({0, 1000000}, <unfinished ...>
19:18:18.243834,1055,<... close resumed> ) = -1 EBADF (Bad file number)
19:18:18.244478,1055,close(1440) = -1 EBADF (Bad file number)
19:18:18.246330,1055,close(1441) = -1 EBADF (Bad file number)
19:18:18.250060,1028,<... nanosleep resumed> 0xaf4953e8) = 0
19:18:18.251182,1055,close(1442 <unfinished ...>
19:18:18.251517,1028,nanosleep({0, 1000000}, <unfinished ...>
19:18:18.251882,1055,<... close resumed> ) = -1 EBADF (Bad file number)
19:18:18.252685,1055,close(1443) = -1 EBADF (Bad file number)
19:18:18.253227,1055,close(1444) = -1 EBADF (Bad file number)
19:18:18.253769,1055,close(1445 <unfinished ...>
19:18:18.254126,1028,<... nanosleep resumed> 0xaf4953e8) = 0
19:18:18.254386,1055,<... close resumed> ) = -1 EBADF (Bad file number)
19:18:18.254692,1028,nanosleep({0, 1000000}, <unfinished ...>
19:18:18.255142,1055,close(1446) = -1 EBADF (Bad file number)
19:18:18.255643,1055,close(1447) = -1 EBADF (Bad file number)
19:18:18.256182,1055,close(1448) = -1 EBADF (Bad file number)
19:18:18.256648,1055,close(1449) = -1 EBADF (Bad file number)
19:18:18.257153,1055,close(1450) = -1 EBADF (Bad file number)
19:18:18.257620,1055,close(1451) = -1 EBADF (Bad file number)
19:18:18.258125,1055,close(1452) = -1 EBADF (Bad file number)
19:18:18.258590,1055,close(1453) = -1 EBADF (Bad file number)
19:18:18.259094,1055,close(1454) = -1 EBADF (Bad file number)
19:18:18.259560,1055,close(1455) = -1 EBADF (Bad file number)
19:18:18.260076,1055,close(1456) = -1 EBADF (Bad file number)
19:18:18.260554,1055,close(1457) = -1 EBADF (Bad file number)
19:18:18.261080,1055,close(1458) = -1 EBADF (Bad file number)
19:18:18.261547,1055,close(1459) = -1 EBADF (Bad file number)
19:18:18.262049,1055,close(1460) = -1 EBADF (Bad file number)
19:18:18.262669,1028,<... nanosleep resumed> 0xaf4953e8) = 0
19:18:18.262985,1055,close(1461 <unfinished ...>
19:18:18.263318,1028,nanosleep({0, 1000000}, <unfinished ...>
19:18:18.263630,1055,<... close resumed> ) = -1 EBADF (Bad file number)
19:18:18.263980,1055,close(1462) = -1 EBADF (Bad file number)
19:18:18.264480,1055,close(1463) = -1 EBADF (Bad file number)
19:18:18.264991,1055,close(1464) = -1 EBADF (Bad file number)
19:18:18.265497,1055,close(1465) = -1 EBADF (Bad file number)
19:18:18.266017,1055,close(1466) = -1 EBADF (Bad file number)
19:18:18.266511,1055,close(1467) = -1 EBADF (Bad file number)
19:18:18.267086,1055,close(1468) = -1 EBADF (Bad file number)
19:18:18.267565,1055,close(1469) = -1 EBADF (Bad file number)
19:18:18.268110,1055,close(1470) = -1 EBADF (Bad file number)
19:18:18.268576,1055,close(1471) = -1 EBADF (Bad file number)
19:18:18.269576,1055,close(1472 <unfinished ...>
19:18:18.269928,1028,<... nanosleep resumed> 0xaf4953e8) = 0
19:18:18.270250,1055,<... close resumed> ) = -1 EBADF (Bad file number)
19:18:18.270564,1028,nanosleep({0, 1000000}, <unfinished ...>
19:18:18.270913,1055,close(1473) = -1 EBADF (Bad file number)
19:18:18.271478,1055,close(1474) = -1 EBADF (Bad file number)
19:18:18.271987,1055,close(1475) = -1 EBADF (Bad file number)
19:18:18.272493,1055,close(1476) = -1 EBADF (Bad file number)
19:18:18.272999,1055,close(1477) = -1 EBADF (Bad file number)
19:18:18.273611,1055,close(1478 <unfinished ...>
19:18:18.273932,1028,<... nanosleep resumed> 0xaf4953e8) = 0
19:18:18.274280,1055,<... close resumed> ) = -1 EBADF (Bad file number)
19:18:18.274599,1028,nanosleep({0, 1000000}, <unfinished ...>
19:18:18.274974,1055,close(1479) = -1 EBADF (Bad file number)
19:18:18.275509,1055,close(1480) = -1 EBADF (Bad file number)
19:18:18.276083,1055,close(1481) = -1 EBADF (Bad file number)
19:18:18.276651,1055,close(1482) = -1 EBADF (Bad file number)
19:18:18.277217,1055,close(1483) = -1 EBADF (Bad file number)
19:18:18.277704,1055,close(1484) = -1 EBADF (Bad file number)
19:18:18.278229,1055,close(1485) = -1 EBADF (Bad file number)
19:18:18.278716,1055,close(1486) = -1 EBADF (Bad file number)
19:18:18.279262,1055,close(1487) = -1 EBADF (Bad file number)
19:18:18.279762,1055,close(1488) = -1 EBADF (Bad file number)
19:18:18.280302,1055,close(1489) = -1 EBADF (Bad file number)
19:18:18.280789,1055,close(1490) = -1 EBADF (Bad file number)
19:18:18.281312,1055,close(1491) = -1 EBADF (Bad file number)
19:18:18.281797,1055,close(1492) = -1 EBADF (Bad file number)
19:18:18.282343,1055,close(1493) = -1 EBADF (Bad file number)
19:18:18.282843,1055,close(1494) = -1 EBADF (Bad file number)
19:18:18.283378,1055,close(1495) = -1 EBADF (Bad file number)
19:18:18.283877,1055,close(1496) = -1 EBADF (Bad file number)
19:18:18.284411,1055,close(1497) = -1 EBADF (Bad file number)
19:18:18.284909,1055,close(1498) = -1 EBADF (Bad file number)
19:18:18.285446,1055,close(1499) = -1 EBADF (Bad file number)
19:18:18.285945,1055,close(1500) = -1 EBADF (Bad file number)
19:18:18.286479,1055,close(1501) = -1 EBADF (Bad file number)
19:18:18.286982,1055,close(1502) = -1 EBADF (Bad file number)
19:18:18.287482,1055,close(1503) = -1 EBADF (Bad file number)
19:18:18.287986,1055,close(1504) = -1 EBADF (Bad file number)
19:18:18.288484,1055,close(1505) = -1 EBADF (Bad file number)
19:18:18.288987,1055,close(1506) = -1 EBADF (Bad file number)
19:18:18.289487,1055,close(1507) = -1 EBADF (Bad file number)
19:18:18.310798,1028,<... nanosleep resumed> 0xaf4953e8) = 0
19:18:18.315731,1055,close(1508 <unfinished ...>
19:18:18.316187,1028,nanosleep({0, 1000000}, <unfinished ...>
19:18:18.316528,1055,<... close resumed> ) = -1 EBADF (Bad file number)
19:18:18.316868,1055,close(1509) = -1 EBADF (Bad file number)
19:18:18.317402,1055,close(1510) = -1 EBADF (Bad file number)
19:18:18.317894,1055,close(1511) = -1 EBADF (Bad file number)
19:18:18.318421,1055,close(1512) = -1 EBADF (Bad file number)
19:18:18.318909,1055,close(1513) = -1 EBADF (Bad file number)
19:18:18.319435,1055,close(1514) = -1 EBADF (Bad file number)
19:18:18.320002,1055,close(1515) = -1 EBADF (Bad file number)
19:18:18.320489,1055,close(1516) = -1 EBADF (Bad file number)
19:18:18.320999,1055,close(1517) = -1 EBADF (Bad file number)
19:18:18.321499,1055,close(1518) = -1 EBADF (Bad file number)
19:18:18.322023,1055,close(1519) = -1 EBADF (Bad file number)
19:18:18.322533,1055,close(1520) = -1 EBADF (Bad file number)
19:18:18.323124,1055,close(1521 <unfinished ...>
19:18:18.325650,1028,<... nanosleep resumed> 0xaf4953e8) = 0
19:18:18.326091,1055,<... close resumed> ) = -1 EBADF (Bad file number)
19:18:18.326409,1028,nanosleep({0, 1000000}, <unfinished ...>
19:18:18.326804,1055,close(1522) = -1 EBADF (Bad file number)
19:18:18.327428,1055,close(1523) = -1 EBADF (Bad file number)
19:18:18.327919,1055,close(1524) = -1 EBADF (Bad file number)
19:18:18.328447,1055,close(1525) = -1 EBADF (Bad file number)
19:18:18.329016,1055,close(1526) = -1 EBADF (Bad file number)
19:18:18.329504,1055,close(1527) = -1 EBADF (Bad file number)
19:18:18.330065,1055,close(1528) = -1 EBADF (Bad file number)
19:18:18.330563,1055,close(1529) = -1 EBADF (Bad file number)
19:18:18.331127,1055,close(1530) = -1 EBADF (Bad file number)
19:18:18.331615,1055,close(1531) = -1 EBADF (Bad file number)
19:18:18.332141,1055,close(1532) = -1 EBADF (Bad file number)
19:18:18.332626,1055,close(1533) = -1 EBADF (Bad file number)
19:18:18.333155,1055,close(1534) = -1 EBADF (Bad file number)
19:18:18.333641,1055,close(1535) = -1 EBADF (Bad file number)
19:18:18.334181,1055,close(1536) = -1 EBADF (Bad file number)
19:18:18.334664,1055,close(1537) = -1 EBADF (Bad file number)
19:18:18.335226,1055,close(1538) = -1 EBADF (Bad file number)
19:18:18.335757,1055,close(1539) = -1 EBADF (Bad file number)
19:18:18.336298,1055,close(1540) = -1 EBADF (Bad file number)
19:18:18.336781,1055,close(1541) = -1 EBADF (Bad file number)
19:18:18.337294,1055,close(1542) = -1 EBADF (Bad file number)
19:18:18.337792,1055,close(1543) = -1 EBADF (Bad file number)
19:18:18.338299,1055,close(1544) = -1 EBADF (Bad file number)
19:18:18.338783,1055,close(1545) = -1 EBADF (Bad file number)
19:18:18.339273,1055,close(1546) = -1 EBADF (Bad file number)
19:18:18.339761,1055,close(1547) = -1 EBADF (Bad file number)
19:18:18.340273,1055,close(1548) = -1 EBADF (Bad file number)
19:18:18.340773,1055,close(1549) = -1 EBADF (Bad file number)
19:18:18.341279,1055,close(1550) = -1 EBADF (Bad file number)
19:18:18.341778,1055,close(1551) = -1 EBADF (Bad file number)
19:18:18.342306,1055,close(1552) = -1 EBADF (Bad file number)
19:18:18.342820,1055,close(1553) = -1 EBADF (Bad file number)
19:18:18.343338,1055,close(1554) = -1 EBADF (Bad file number)
19:18:18.343838,1055,close(1555) = -1 EBADF (Bad file number)
19:18:18.344342,1055,close(1556) = -1 EBADF (Bad file number)
19:18:18.344841,1055,close(1557) = -1 EBADF (Bad file number)
19:18:18.345344,1055,close(1558) = -1 EBADF (Bad file number)
19:18:18.345844,1055,close(1559) = -1 EBADF (Bad file number)
19:18:18.346375,1055,close(1560) = -1 EBADF (Bad file number)
19:18:18.346933,1055,close(1561) = -1 EBADF (Bad file number)
19:18:18.347440,1055,close(1562) = -1 EBADF (Bad file number)
19:18:18.348003,1055,close(1563) = -1 EBADF (Bad file number)
19:18:18.348502,1055,close(1564) = -1 EBADF (Bad file number)
19:18:18.349007,1055,close(1565) = -1 EBADF (Bad file number)
19:18:18.349507,1055,close(1566) = -1 EBADF (Bad file number)
19:18:18.350044,1055,close(1567) = -1 EBADF (Bad file number)
19:18:18.352868,1028,<... nanosleep resumed> 0xaf4953e8) = 0
19:18:18.353237,1055,close(1568 <unfinished ...>
19:18:18.353551,1028,nanosleep({0, 1000000}, <unfinished ...>
19:18:18.353871,1055,<... close resumed> ) = -1 EBADF (Bad file number)
19:18:18.355136,1055,close(1569) = -1 EBADF (Bad file number)
19:18:18.383901,1055,close(1570 <unfinished ...>
19:18:18.384181,1028,<... nanosleep resumed> 0xaf4953e8) = 0
19:18:18.386303,1055,<... close resumed> ) = -1 EBADF (Bad file number)
19:18:18.386650,1028,nanosleep({0, 1000000}, <unfinished ...>
19:18:18.387070,1055,close(1571) = -1 EBADF (Bad file number)
19:18:18.387576,1055,close(1572) = -1 EBADF (Bad file number)
19:18:18.388129,1055,close(1573) = -1 EBADF (Bad file number)
19:18:18.388599,1055,close(1574) = -1 EBADF (Bad file number)
19:18:18.389109,1055,close(1575) = -1 EBADF (Bad file number)
19:18:18.391250,1055,close(1576 <unfinished ...>
19:18:18.391646,1028,<... nanosleep resumed> 0xaf4953e8) = 0
19:18:18.391969,1055,<... close resumed> ) = -1 EBADF (Bad file number)
19:18:18.392311,1028,nanosleep({0, 1000000}, <unfinished ...>
19:18:18.392688,1055,close(1577) = -1 EBADF (Bad file number)
19:18:18.393231,1055,close(1578) = -1 EBADF (Bad file number)
19:18:18.393701,1055,close(1579) = -1 EBADF (Bad file number)
19:18:18.396285,1028,<... nanosleep resumed> 0xaf4953e8) = 0
19:18:18.396615,1055,close(1580 <unfinished ...>
19:18:18.396929,1028,nanosleep({0, 1000000}, <unfinished ...>
19:18:18.397287,1055,<... close resumed> ) = -1 EBADF (Bad file number)
19:18:18.397613,1055,close(1581) = -1 EBADF (Bad file number)
19:18:18.398221,1055,close(1582) = -1 EBADF (Bad file number)
19:18:18.398693,1055,close(1583) = -1 EBADF (Bad file number)
19:18:18.399199,1055,close(1584) = -1 EBADF (Bad file number)
19:18:18.399666,1055,close(1585) = -1 EBADF (Bad file number)
19:18:18.400171,1055,close(1586) = -1 EBADF (Bad file number)
19:18:18.400638,1055,close(1587) = -1 EBADF (Bad file number)
19:18:18.401159,1055,close(1588) = -1 EBADF (Bad file number)
19:18:18.401637,1055,close(1589) = -1 EBADF (Bad file number)
19:18:18.402153,1055,close(1590) = -1 EBADF (Bad file number)
19:18:18.402632,1055,close(1591) = -1 EBADF (Bad file number)
19:18:18.403157,1055,close(1592) = -1 EBADF (Bad file number)
19:18:18.403622,1055,close(1593) = -1 EBADF (Bad file number)
19:18:18.404127,1055,close(1594) = -1 EBADF (Bad file number)
19:18:18.404593,1055,close(1595) = -1 EBADF (Bad file number)
19:18:18.405112,1055,close(1596) = -1 EBADF (Bad file number)
19:18:18.405589,1055,close(1597) = -1 EBADF (Bad file number)
19:18:18.406113,1055,close(1598) = -1 EBADF (Bad file number)
19:18:18.406579,1055,close(1599) = -1 EBADF (Bad file number)
19:18:18.407081,1055,close(1600) = -1 EBADF (Bad file number)
19:18:18.407546,1055,close(1601) = -1 EBADF (Bad file number)
19:18:18.408049,1055,close(1602) = -1 EBADF (Bad file number)
19:18:18.408514,1055,close(1603) = -1 EBADF (Bad file number)
19:18:18.409017,1055,close(1604) = -1 EBADF (Bad file number)
19:18:18.418804,1055,close(1605 <unfinished ...>
19:18:18.419877,1028,<... nanosleep resumed> 0xaf4953e8) = 0
19:18:18.420207,1055,<... close resumed> ) = -1 EBADF (Bad file number)
19:18:18.420529,1028,nanosleep({0, 1000000}, <unfinished ...>
19:18:18.420938,1055,close(1606) = -1 EBADF (Bad file number)
19:18:18.421472,1055,close(1607) = -1 EBADF (Bad file number)
19:18:18.421943,1055,close(1608) = -1 EBADF (Bad file number)
19:18:18.422450,1055,close(1609) = -1 EBADF (Bad file number)
19:18:18.422917,1055,close(1610) = -1 EBADF (Bad file number)
19:18:18.423423,1055,close(1611) = -1 EBADF (Bad file number)
19:18:18.423889,1055,close(1612) = -1 EBADF (Bad file number)
19:18:18.424416,1055,close(1613) = -1 EBADF (Bad file number)
19:18:18.424895,1055,close(1614) = -1 EBADF (Bad file number)
19:18:18.425411,1055,close(1615) = -1 EBADF (Bad file number)
19:18:18.425904,1055,close(1616 <unfinished ...>
19:18:18.437588,1028,<... nanosleep resumed> 0xaf4953e8) = 0
19:18:18.437873,1055,<... close resumed> ) = -1 EBADF (Bad file number)
19:18:18.439277,1028,nanosleep({0, 1000000}, <unfinished ...>
19:18:18.439636,1055,close(1617) = -1 EBADF (Bad file number)
19:18:18.440189,1055,close(1618) = -1 EBADF (Bad file number)
19:18:18.440661,1055,close(1619) = -1 EBADF (Bad file number)
19:18:18.441190,1055,close(1620) = -1 EBADF (Bad file number)
19:18:18.441658,1055,close(1621) = -1 EBADF (Bad file number)
19:18:18.442208,1055,close(1622) = -1 EBADF (Bad file number)
19:18:18.442675,1055,close(1623) = -1 EBADF (Bad file number)
19:18:18.443180,1055,close(1624) = -1 EBADF (Bad file number)
19:18:18.443645,1055,close(1625) = -1 EBADF (Bad file number)
19:18:18.444149,1055,close(1626 <unfinished ...>
19:18:18.444840,1028,<... nanosleep resumed> 0xaf4953e8) = 0
19:18:18.445158,1055,<... close resumed> ) = -1 EBADF (Bad file number)
19:18:18.445464,1028,nanosleep({0, 1000000}, <unfinished ...>
19:18:18.445803,1055,close(1627 <unfinished ...>
19:18:18.463336,1028,<... nanosleep resumed> 0xaf4953e8) = 0
19:18:18.463629,1055,<... close resumed> ) = -1 EBADF (Bad file number)
19:18:18.463979,1028,nanosleep({0, 1000000}, <unfinished ...>
19:18:18.464355,1055,close(1628) = -1 EBADF (Bad file number)
19:18:18.464860,1055,close(1629) = -1 EBADF (Bad file number)
19:18:18.465388,1055,close(1630) = -1 EBADF (Bad file number)
19:18:18.467369,1028,<... nanosleep resumed> 0xaf4953e8) = 0
19:18:18.468097,1055,close(1631 <unfinished ...>
19:18:18.469094,1028,nanosleep({0, 1000000}, <unfinished ...>
19:18:18.469456,1055,<... close resumed> ) = -1 EBADF (Bad file number)
19:18:18.469860,1055,close(1632) = -1 EBADF (Bad file number)
19:18:18.470395,1055,close(1633) = -1 EBADF (Bad file number)
19:18:18.471087,1055,close(1634) = -1 EBADF (Bad file number)
19:18:18.471782,1055,close(1635 <unfinished ...>
19:18:18.472120,1028,<... nanosleep resumed> 0xaf4953e8) = 0
19:18:18.472384,1055,<... close resumed> ) = -1 EBADF (Bad file number)
19:18:18.472694,1028,nanosleep({0, 1000000}, <unfinished ...>
19:18:18.473106,1055,close(1636) = -1 EBADF (Bad file number)
19:18:18.473693,1055,close(1637) = -1 EBADF (Bad file number)
19:18:18.474220,1055,close(1638) = -1 EBADF (Bad file number)
19:18:18.474914,1028,<... nanosleep resumed> 0xaf4953e8) = 0
19:18:18.475294,1055,close(1639 <unfinished ...>
19:18:18.475600,1028,nanosleep({0, 1000000}, <unfinished ...>
19:18:18.475911,1055,<... close resumed> ) = -1 EBADF (Bad file number)
19:18:18.476285,1055,close(1640) = -1 EBADF (Bad file number)
19:18:18.476754,1055,close(1641) = -1 EBADF (Bad file number)
19:18:18.477335,1055,close(1642) = -1 EBADF (Bad file number)
19:18:18.477804,1055,close(1643) = -1 EBADF (Bad file number)
19:18:18.478326,1055,close(1644 <unfinished ...>
19:18:18.480194,1028,<... nanosleep resumed> 0xaf4953e8) = 0
19:18:18.480530,1028,nanosleep({0, 1000000}, 0xaf4953e8) = 0
19:18:18.492718,1028,nanosleep({0, 1000000}, <unfinished ...>
19:18:18.540180,1055,<... close resumed> ) = -1 EBADF (Bad file number)
19:18:18.540460,1028,<... nanosleep resumed> 0xaf4953e8) = 0
19:18:18.541690,1055,close(1645 <unfinished ...>
19:18:18.542082,1028,nanosleep({0, 1000000}, <unfinished ...>
19:18:18.542403,1055,<... close resumed> ) = -1 EBADF (Bad file number)
19:18:18.542725,1055,close(1646) = -1 EBADF (Bad file number)
19:18:18.543278,1055,close(1647) = -1 EBADF (Bad file number)
19:18:18.543749,1055,close(1648 <unfinished ...>
19:18:18.545322,1028,<... nanosleep resumed> 0xaf4953e8) = 0
19:18:18.545608,1055,<... close resumed> ) = -1 EBADF (Bad file number)
19:18:18.545967,1028,nanosleep({0, 1000000}, <unfinished ...>
19:18:18.546341,1055,close(1649) = -1 EBADF (Bad file number)
19:18:18.547875,1055,close(1650) = -1 EBADF (Bad file number)
19:18:18.548414,1055,close(1651) = -1 EBADF (Bad file number)
19:18:18.548960,1055,close(1652) = -1 EBADF (Bad file number)
19:18:18.549465,1055,close(1653) = -1 EBADF (Bad file number)
19:18:18.549979,1055,close(1654) = -1 EBADF (Bad file number)
19:18:18.550482,1055,close(1655) = -1 EBADF (Bad file number)
19:18:18.551048,1055,close(1656) = -1 EBADF (Bad file number)
19:18:18.551551,1055,close(1657) = -1 EBADF (Bad file number)
19:18:18.552128,1055,close(1658) = -1 EBADF (Bad file number)
19:18:18.552615,1055,close(1659) = -1 EBADF (Bad file number)
19:18:18.553159,1055,close(1660) = -1 EBADF (Bad file number)
19:18:18.553646,1055,close(1661) = -1 EBADF (Bad file number)
19:18:18.554187,1055,close(1662) = -1 EBADF (Bad file number)
19:18:18.554675,1055,close(1663) = -1 EBADF (Bad file number)
19:18:18.555218,1055,close(1664) = -1 EBADF (Bad file number)
19:18:18.555707,1055,close(1665) = -1 EBADF (Bad file number)
19:18:18.577347,1028,<... nanosleep resumed> 0xaf4953e8) = 0
19:18:18.578817,1055,close(1666 <unfinished ...>
19:18:18.579223,1028,nanosleep({0, 1000000}, <unfinished ...>
19:18:18.579562,1055,<... close resumed> ) = -1 EBADF (Bad file number)
19:18:18.579904,1055,close(1667) = -1 EBADF (Bad file number)
19:18:18.580455,1055,close(1668) = -1 EBADF (Bad file number)
19:18:18.580971,1055,close(1669) = -1 EBADF (Bad file number)
19:18:18.581474,1055,close(1670) = -1 EBADF (Bad file number)
19:18:18.582042,1055,close(1671) = -1 EBADF (Bad file number)
19:18:18.582530,1055,close(1672) = -1 EBADF (Bad file number)
19:18:18.583057,1055,close(1673) = -1 EBADF (Bad file number)
19:18:18.583543,1055,close(1674) = -1 EBADF (Bad file number)
19:18:18.584067,1055,close(1675) = -1 EBADF (Bad file number)
19:18:18.584555,1055,close(1676) = -1 EBADF (Bad file number)
19:18:18.585081,1055,close(1677) = -1 EBADF (Bad file number)
19:18:18.585568,1055,close(1678) = -1 EBADF (Bad file number)
19:18:18.586109,1055,close(1679) = -1 EBADF (Bad file number)
19:18:18.586610,1055,close(1680) = -1 EBADF (Bad file number)
19:18:18.587158,1055,close(1681) = -1 EBADF (Bad file number)
19:18:18.587643,1055,close(1682) = -1 EBADF (Bad file number)
19:18:18.588170,1055,close(1683) = -1 EBADF (Bad file number)
19:18:18.588658,1055,close(1684) = -1 EBADF (Bad file number)
19:18:18.589182,1055,close(1685) = -1 EBADF (Bad file number)
19:18:18.589667,1055,close(1686) = -1 EBADF (Bad file number)
19:18:18.590211,1055,close(1687) = -1 EBADF (Bad file number)
19:18:18.590711,1055,close(1688) = -1 EBADF (Bad file number)
19:18:18.591287,1055,close(1689) = -1 EBADF (Bad file number)
19:18:18.591773,1055,close(1690) = -1 EBADF (Bad file number)
19:18:18.592297,1055,close(1691) = -1 EBADF (Bad file number)
19:18:18.592784,1055,close(1692) = -1 EBADF (Bad file number)
19:18:18.593353,1055,close(1693) = -1 EBADF (Bad file number)
19:18:18.593860,1055,close(1694) = -1 EBADF (Bad file number)
19:18:18.594403,1055,close(1695) = -1 EBADF (Bad file number)
19:18:18.595136,1055,close(1696) = -1 EBADF (Bad file number)
19:18:18.626119,1028,<... nanosleep resumed> 0xaf4953e8) = 0
19:18:18.628206,1055,close(1697 <unfinished ...>
19:18:18.628554,1028,nanosleep({0, 1000000}, <unfinished ...>
19:18:18.628877,1055,<... close resumed> ) = -1 EBADF (Bad file number)
19:18:18.629940,1055,close(1698) = -1 EBADF (Bad file number)
19:18:18.630568,1028,<... nanosleep resumed> 0xaf4953e8) = 0
19:18:18.631004,1055,close(1699 <unfinished ...>
19:18:18.631359,1028,nanosleep({0, 1000000}, <unfinished ...>
19:18:18.631673,1055,<... close resumed> ) = -1 EBADF (Bad file number)
19:18:18.632107,1055,close(1700) = -1 EBADF (Bad file number)
19:18:18.633095,1055,close(1701) = -1 EBADF (Bad file number)
19:18:18.633603,1055,close(1702 <unfinished ...>
19:18:18.634017,1028,<... nanosleep resumed> 0xaf4953e8) = 0
19:18:18.634308,1055,<... close resumed> ) = -1 EBADF (Bad file number)
19:18:18.634661,1028,nanosleep({0, 1000000}, <unfinished ...>
19:18:18.635042,1055,close(1703) = -1 EBADF (Bad file number)
19:18:18.635544,1055,close(1704) = -1 EBADF (Bad file number)
19:18:18.636095,1055,close(1705) = -1 EBADF (Bad file number)
19:18:18.636563,1055,close(1706) = -1 EBADF (Bad file number)
19:18:18.637088,1055,close(1707) = -1 EBADF (Bad file number)
19:18:18.637556,1055,close(1708) = -1 EBADF (Bad file number)
19:18:18.638061,1055,close(1709) = -1 EBADF (Bad file number)
19:18:18.671413,1028,<... nanosleep resumed> 0xaf4953e8) = 0
19:18:18.674750,1028,nanosleep({0, 1000000}, <unfinished ...>
19:18:18.675559,1055,close(1710) = -1 EBADF (Bad file number)
19:18:18.676623,1055,close(1711) = -1 EBADF (Bad file number)
19:18:18.677346,1055,close(1712) = -1 EBADF (Bad file number)
19:18:18.677910,1055,close(1713 <unfinished ...>
19:18:18.678236,1028,<... nanosleep resumed> 0xaf4953e8) = 0
19:18:18.678498,1055,<... close resumed> ) = -1 EBADF (Bad file number)
19:18:18.678805,1028,nanosleep({0, 1000000}, <unfinished ...>
19:18:18.679333,1055,close(1714) = -1 EBADF (Bad file number)
19:18:18.679898,1055,close(1715) = -1 EBADF (Bad file number)
19:18:18.680407,1055,close(1716) = -1 EBADF (Bad file number)
19:18:18.680875,1055,close(1717) = -1 EBADF (Bad file number)
19:18:18.681381,1055,close(1718) = -1 EBADF (Bad file number)
19:18:18.681848,1055,close(1719) = -1 EBADF (Bad file number)
19:18:18.682408,1028,<... nanosleep resumed> 0xaf4953e8) = 0
19:18:18.682694,1055,close(1720 <unfinished ...>
19:18:18.683117,1028,nanosleep({0, 1000000}, <unfinished ...>
19:18:18.683443,1055,<... close resumed> ) = -1 EBADF (Bad file number)
19:18:18.683777,1055,close(1721) = -1 EBADF (Bad file number)
19:18:18.684303,1055,close(1722) = -1 EBADF (Bad file number)
19:18:18.684786,1055,close(1723) = -1 EBADF (Bad file number)
19:18:18.685309,1055,close(1724) = -1 EBADF (Bad file number)
19:18:18.685775,1055,close(1725) = -1 EBADF (Bad file number)
19:18:18.703062,1055,close(1726 <unfinished ...>
19:18:18.703286,1028,<... nanosleep resumed> 0xaf4953e8) = 0
19:18:18.703565,1055,<... close resumed> ) = -1 EBADF (Bad file number)
19:18:18.703886,1028,nanosleep({0, 1000000}, <unfinished ...>
19:18:18.704277,1055,close(1727) = -1 EBADF (Bad file number)
19:18:18.704794,1055,close(1728) = -1 EBADF (Bad file number)
19:18:18.705371,1055,close(1729) = -1 EBADF (Bad file number)
19:18:18.705854,1055,close(1730) = -1 EBADF (Bad file number)
19:18:18.706403,1055,close(1731) = -1 EBADF (Bad file number)
19:18:18.706916,1055,close(1732 <unfinished ...>
19:18:18.717882,1028,<... nanosleep resumed> 0xaf4953e8) = 0
19:18:18.718209,1055,<... close resumed> ) = -1 EBADF (Bad file number)
19:18:18.718536,1028,nanosleep({0, 1000000}, <unfinished ...>
19:18:18.718896,1055,close(1733) = -1 EBADF (Bad file number)
19:18:18.719779,1055,close(1734) = -1 EBADF (Bad file number)
19:18:18.720505,1055,close(1735 <unfinished ...>
19:18:18.720800,1028,<... nanosleep resumed> 0xaf4953e8) = 0
19:18:18.721129,1055,<... close resumed> ) = -1 EBADF (Bad file number)
19:18:18.721498,1028,nanosleep({0, 1000000}, <unfinished ...>
19:18:18.721848,1055,close(1736) = -1 EBADF (Bad file number)
19:18:18.722418,1055,close(1737) = -1 EBADF (Bad file number)
19:18:18.722901,1055,close(1738) = -1 EBADF (Bad file number)
19:18:18.723424,1055,close(1739) = -1 EBADF (Bad file number)
19:18:18.723954,1055,close(1740 <unfinished ...>
19:18:18.724328,1028,<... nanosleep resumed> 0xaf4953e8) = 0
19:18:18.724588,1055,<... close resumed> ) = -1 EBADF (Bad file number)
19:18:18.725008,1028,nanosleep({0, 1000000}, <unfinished ...>
19:18:18.725364,1055,close(1741 <unfinished ...>
19:18:18.736261,1028,<... nanosleep resumed> 0xaf4953e8) = 0
19:18:18.736591,1055,<... close resumed> ) = -1 EBADF (Bad file number)
19:18:18.737035,1028,nanosleep({0, 1000000}, <unfinished ...>
19:18:18.737396,1055,close(1742) = -1 EBADF (Bad file number)
19:18:18.737990,1055,close(1743) = -1 EBADF (Bad file number)
19:18:18.738482,1055,close(1744) = -1 EBADF (Bad file number)
19:18:18.739037,1055,close(1745) = -1 EBADF (Bad file number)
19:18:18.739555,1055,close(1746) = -1 EBADF (Bad file number)
19:18:18.740070,1055,close(1747) = -1 EBADF (Bad file number)
19:18:18.740572,1055,close(1748) = -1 EBADF (Bad file number)
19:18:18.741086,1055,close(1749) = -1 EBADF (Bad file number)
19:18:18.741576,1055,close(1750) = -1 EBADF (Bad file number)
19:18:18.742087,1055,close(1751) = -1 EBADF (Bad file number)
19:18:18.742590,1055,close(1752) = -1 EBADF (Bad file number)
19:18:18.743105,1055,close(1753) = -1 EBADF (Bad file number)
19:18:18.743592,1055,close(1754) = -1 EBADF (Bad file number)
19:18:18.744085,1055,close(1755) = -1 EBADF (Bad file number)
19:18:18.744570,1055,close(1756) = -1 EBADF (Bad file number)
19:18:18.745076,1055,close(1757) = -1 EBADF (Bad file number)
19:18:18.745578,1055,close(1758) = -1 EBADF (Bad file number)
19:18:18.746126,1055,close(1759) = -1 EBADF (Bad file number)
19:18:18.746612,1055,close(1760) = -1 EBADF (Bad file number)
19:18:18.747144,1055,close(1761) = -1 EBADF (Bad file number)
19:18:18.747635,1055,close(1762) = -1 EBADF (Bad file number)
19:18:18.748145,1055,close(1763) = -1 EBADF (Bad file number)
19:18:18.748646,1055,close(1764) = -1 EBADF (Bad file number)
19:18:18.749151,1055,close(1765) = -1 EBADF (Bad file number)
19:18:18.749652,1055,close(1766) = -1 EBADF (Bad file number)
19:18:18.750177,1055,close(1767) = -1 EBADF (Bad file number)
19:18:18.750690,1055,close(1768) = -1 EBADF (Bad file number)
19:18:18.751213,1055,close(1769) = -1 EBADF (Bad file number)
19:18:18.751733,1055,close(1770) = -1 EBADF (Bad file number)
19:18:18.752252,1055,close(1771) = -1 EBADF (Bad file number)
19:18:18.752751,1055,close(1772) = -1 EBADF (Bad file number)
19:18:18.753256,1055,close(1773) = -1 EBADF (Bad file number)
19:18:18.753757,1055,close(1774) = -1 EBADF (Bad file number)
19:18:18.754261,1055,close(1775) = -1 EBADF (Bad file number)
19:18:18.754760,1055,close(1776) = -1 EBADF (Bad file number)
19:18:18.755264,1055,close(1777) = -1 EBADF (Bad file number)
19:18:18.755764,1055,close(1778) = -1 EBADF (Bad file number)
19:18:18.756300,1055,close(1779) = -1 EBADF (Bad file number)
19:18:18.756799,1055,close(1780) = -1 EBADF (Bad file number)
19:18:18.757304,1055,close(1781) = -1 EBADF (Bad file number)
19:18:18.757805,1055,close(1782) = -1 EBADF (Bad file number)
19:18:18.758309,1055,close(1783) = -1 EBADF (Bad file number)
19:18:18.758808,1055,close(1784) = -1 EBADF (Bad file number)
19:18:18.776094,1055,close(1785 <unfinished ...>
19:18:18.776315,1028,<... nanosleep resumed> 0xaf4953e8) = 0
19:18:18.776625,1055,<... close resumed> ) = -1 EBADF (Bad file number)
19:18:18.777072,1028,nanosleep({0, 1000000}, <unfinished ...>
19:18:18.777433,1055,close(1786) = -1 EBADF (Bad file number)
19:18:18.777976,1055,close(1787) = -1 EBADF (Bad file number)
19:18:18.778470,1055,close(1788) = -1 EBADF (Bad file number)
19:18:18.778964,1055,close(1789) = -1 EBADF (Bad file number)
19:18:18.779454,1055,close(1790) = -1 EBADF (Bad file number)
19:18:18.779943,1055,close(1791) = -1 EBADF (Bad file number)
19:18:18.780473,1055,close(1792) = -1 EBADF (Bad file number)
19:18:18.781006,1055,close(1793) = -1 EBADF (Bad file number)
19:18:18.781508,1055,close(1794) = -1 EBADF (Bad file number)
19:18:18.782068,1055,close(1795) = -1 EBADF (Bad file number)
19:18:18.782555,1055,close(1796) = -1 EBADF (Bad file number)
19:18:18.783106,1055,close(1797) = -1 EBADF (Bad file number)
19:18:18.783594,1055,close(1798) = -1 EBADF (Bad file number)
19:18:18.784087,1055,close(1799) = -1 EBADF (Bad file number)
19:18:18.784573,1055,close(1800) = -1 EBADF (Bad file number)
19:18:18.785065,1055,close(1801) = -1 EBADF (Bad file number)
19:18:18.785552,1055,close(1802) = -1 EBADF (Bad file number)
19:18:18.786103,1055,close(1803) = -1 EBADF (Bad file number)
19:18:18.786590,1055,close(1804) = -1 EBADF (Bad file number)
19:18:18.787081,1055,close(1805) = -1 EBADF (Bad file number)
19:18:18.787568,1055,close(1806) = -1 EBADF (Bad file number)
19:18:18.788085,1055,close(1807) = -1 EBADF (Bad file number)
19:18:18.788600,1055,close(1808) = -1 EBADF (Bad file number)
19:18:18.789126,1055,close(1809) = -1 EBADF (Bad file number)
19:18:18.789627,1055,close(1810) = -1 EBADF (Bad file number)
19:18:18.790133,1055,close(1811) = -1 EBADF (Bad file number)
19:18:18.790632,1055,close(1812) = -1 EBADF (Bad file number)
19:18:18.791137,1055,close(1813) = -1 EBADF (Bad file number)
19:18:18.791637,1055,close(1814) = -1 EBADF (Bad file number)
19:18:18.792174,1055,close(1815) = -1 EBADF (Bad file number)
19:18:18.792672,1055,close(1816) = -1 EBADF (Bad file number)
19:18:18.793177,1055,close(1817) = -1 EBADF (Bad file number)
19:18:18.793678,1055,close(1818) = -1 EBADF (Bad file number)
19:18:18.794235,1055,close(1819) = -1 EBADF (Bad file number)
19:18:18.794740,1055,close(1820) = -1 EBADF (Bad file number)
19:18:18.795278,1055,close(1821) = -1 EBADF (Bad file number)
19:18:18.795779,1055,close(1822) = -1 EBADF (Bad file number)
19:18:18.796403,1055,close(1823) = -1 EBADF (Bad file number)
19:18:18.797033,1055,close(1824) = -1 EBADF (Bad file number)
19:18:18.797520,1055,close(1825) = -1 EBADF (Bad file number)
19:18:18.798011,1055,close(1826) = -1 EBADF (Bad file number)
19:18:18.798499,1055,close(1827) = -1 EBADF (Bad file number)
19:18:18.799009,1055,close(1828) = -1 EBADF (Bad file number)
19:18:18.799523,1055,close(1829) = -1 EBADF (Bad file number)
19:18:18.800052,1055,close(1830 <unfinished ...>
19:18:18.821894,1028,<... nanosleep resumed> 0xaf4953e8) = 0
19:18:18.822297,1055,<... close resumed> ) = -1 EBADF (Bad file number)
19:18:18.822711,1028,nanosleep({0, 1000000}, <unfinished ...>
19:18:18.823123,1055,close(1831) = -1 EBADF (Bad file number)
19:18:18.823728,1055,close(1832) = -1 EBADF (Bad file number)
19:18:18.824278,1055,close(1833) = -1 EBADF (Bad file number)
19:18:18.824767,1055,close(1834) = -1 EBADF (Bad file number)
19:18:18.825316,1055,close(1835) = -1 EBADF (Bad file number)
19:18:18.825805,1055,close(1836) = -1 EBADF (Bad file number)
19:18:18.826348,1055,close(1837) = -1 EBADF (Bad file number)
19:18:18.827209,1028,<... nanosleep resumed> 0xaf4953e8) = 0
19:18:18.827543,1055,close(1838 <unfinished ...>
19:18:18.827903,1028,nanosleep({0, 1000000}, <unfinished ...>
19:18:18.828324,1055,<... close resumed> ) = -1 EBADF (Bad file number)
19:18:18.828652,1055,close(1839) = -1 EBADF (Bad file number)
19:18:18.829180,1055,close(1840) = -1 EBADF (Bad file number)
19:18:18.829649,1055,close(1841) = -1 EBADF (Bad file number)
19:18:18.830268,1055,close(1842 <unfinished ...>
19:18:18.830559,1028,<... nanosleep resumed> 0xaf4953e8) = 0
19:18:18.830829,1055,<... close resumed> ) = -1 EBADF (Bad file number)
19:18:18.831219,1028,nanosleep({0, 1000000}, <unfinished ...>
19:18:18.831573,1055,close(1843) = -1 EBADF (Bad file number)
19:18:18.832228,1055,close(1844) = -1 EBADF (Bad file number)
19:18:18.832699,1055,close(1845) = -1 EBADF (Bad file number)
19:18:18.833364,1028,<... nanosleep resumed> 0xaf4953e8) = 0
19:18:18.833707,1055,close(1846 <unfinished ...>
19:18:18.834106,1028,nanosleep({0, 1000000}, <unfinished ...>
19:18:18.834519,1055,<... close resumed> ) = -1 EBADF (Bad file number)
19:18:18.834850,1055,close(1847) = -1 EBADF (Bad file number)
19:18:18.835382,1055,close(1848) = -1 EBADF (Bad file number)
19:18:18.835885,1055,close(1849) = -1 EBADF (Bad file number)
19:18:18.855382,1028,<... nanosleep resumed> 0xaf4953e8) = 0
19:18:18.855739,1055,close(1850 <unfinished ...>
19:18:18.856113,1028,nanosleep({0, 1000000}, <unfinished ...>
19:18:18.856461,1055,<... close resumed> ) = -1 EBADF (Bad file number)
19:18:18.856808,1055,close(1851) = -1 EBADF (Bad file number)
19:18:18.857329,1055,close(1852) = -1 EBADF (Bad file number)
19:18:18.857840,1055,close(1853) = -1 EBADF (Bad file number)
19:18:18.858356,1055,close(1854) = -1 EBADF (Bad file number)
19:18:18.858864,1055,close(1855) = -1 EBADF (Bad file number)
19:18:18.859378,1055,close(1856) = -1 EBADF (Bad file number)
19:18:18.859884,1055,close(1857) = -1 EBADF (Bad file number)
19:18:18.860398,1055,close(1858) = -1 EBADF (Bad file number)
19:18:18.860906,1055,close(1859) = -1 EBADF (Bad file number)
19:18:18.861419,1055,close(1860) = -1 EBADF (Bad file number)
19:18:18.861925,1055,close(1861) = -1 EBADF (Bad file number)
19:18:18.862438,1055,close(1862) = -1 EBADF (Bad file number)
19:18:18.862950,1055,close(1863) = -1 EBADF (Bad file number)
19:18:18.863456,1055,close(1864) = -1 EBADF (Bad file number)
19:18:18.863967,1055,close(1865) = -1 EBADF (Bad file number)
19:18:18.864474,1055,close(1866) = -1 EBADF (Bad file number)
19:18:18.864987,1055,close(1867) = -1 EBADF (Bad file number)
19:18:18.865492,1055,close(1868) = -1 EBADF (Bad file number)
19:18:18.866004,1055,close(1869) = -1 EBADF (Bad file number)
19:18:18.866511,1055,close(1870) = -1 EBADF (Bad file number)
19:18:18.867024,1055,close(1871) = -1 EBADF (Bad file number)
19:18:18.867529,1055,close(1872) = -1 EBADF (Bad file number)
19:18:18.868039,1055,close(1873) = -1 EBADF (Bad file number)
19:18:18.868545,1055,close(1874) = -1 EBADF (Bad file number)
19:18:18.869098,1055,close(1875) = -1 EBADF (Bad file number)
19:18:18.869603,1055,close(1876) = -1 EBADF (Bad file number)
19:18:18.871821,1028,<... nanosleep resumed> 0xaf4953e8) = 0
19:18:18.872221,1055,close(1877 <unfinished ...>
19:18:18.872560,1028,nanosleep({0, 1000000}, <unfinished ...>
19:18:18.872905,1055,<... close resumed> ) = -1 EBADF (Bad file number)
19:18:18.874186,1055,close(1878) = -1 EBADF (Bad file number)
19:18:18.874766,1055,close(1879) = -1 EBADF (Bad file number)
19:18:18.875375,1055,close(1880) = -1 EBADF (Bad file number)
19:18:18.875912,1055,close(1881) = -1 EBADF (Bad file number)
19:18:18.876455,1055,close(1882) = -1 EBADF (Bad file number)
19:18:18.876997,1055,close(1883) = -1 EBADF (Bad file number)
19:18:18.877530,1055,close(1884) = -1 EBADF (Bad file number)
19:18:18.878069,1055,close(1885) = -1 EBADF (Bad file number)
19:18:18.886894,1028,<... nanosleep resumed> 0xaf4953e8) = 0
19:18:18.888262,1055,close(1886 <unfinished ...>
19:18:18.889685,1028,nanosleep({0, 1000000}, <unfinished ...>
19:18:18.890093,1055,<... close resumed> ) = -1 EBADF (Bad file number)
19:18:18.890449,1055,close(1887) = -1 EBADF (Bad file number)
19:18:18.890971,1055,close(1888) = -1 EBADF (Bad file number)
19:18:18.891525,1055,close(1889) = -1 EBADF (Bad file number)
19:18:18.892085,1055,close(1890) = -1 EBADF (Bad file number)
19:18:18.892596,1055,close(1891) = -1 EBADF (Bad file number)
19:18:18.893110,1055,close(1892) = -1 EBADF (Bad file number)
19:18:18.893616,1055,close(1893) = -1 EBADF (Bad file number)
19:18:18.894149,1055,close(1894) = -1 EBADF (Bad file number)
19:18:18.894659,1055,close(1895) = -1 EBADF (Bad file number)
19:18:18.895174,1055,close(1896) = -1 EBADF (Bad file number)
19:18:18.895681,1055,close(1897) = -1 EBADF (Bad file number)
19:18:18.896196,1055,close(1898) = -1 EBADF (Bad file number)
19:18:18.896703,1055,close(1899) = -1 EBADF (Bad file number)
19:18:18.897216,1055,close(1900) = -1 EBADF (Bad file number)
19:18:18.897722,1055,close(1901) = -1 EBADF (Bad file number)
19:18:18.898235,1055,close(1902) = -1 EBADF (Bad file number)
19:18:18.898767,1055,close(1903) = -1 EBADF (Bad file number)
19:18:18.899281,1055,close(1904) = -1 EBADF (Bad file number)
19:18:18.899787,1055,close(1905) = -1 EBADF (Bad file number)
19:18:18.900301,1055,close(1906) = -1 EBADF (Bad file number)
19:18:18.900807,1055,close(1907) = -1 EBADF (Bad file number)
19:18:18.901320,1055,close(1908) = -1 EBADF (Bad file number)
19:18:18.901824,1055,close(1909) = -1 EBADF (Bad file number)
19:18:18.902336,1055,close(1910) = -1 EBADF (Bad file number)
19:18:18.902842,1055,close(1911) = -1 EBADF (Bad file number)
19:18:18.903354,1055,close(1912) = -1 EBADF (Bad file number)
19:18:18.903858,1055,close(1913) = -1 EBADF (Bad file number)
19:18:18.908141,1055,close(1914 <unfinished ...>
19:18:18.908393,1028,<... nanosleep resumed> 0xaf4953e8) = 0
19:18:18.910190,1055,<... close resumed> ) = -1 EBADF (Bad file number)
19:18:18.910560,1028,nanosleep({0, 1000000}, <unfinished ...>
19:18:18.910940,1055,close(1915) = -1 EBADF (Bad file number)
19:18:18.912263,1055,close(1916) = -1 EBADF (Bad file number)
19:18:18.912783,1055,close(1917) = -1 EBADF (Bad file number)
19:18:18.913304,1055,close(1918) = -1 EBADF (Bad file number)
19:18:18.913815,1055,close(1919) = -1 EBADF (Bad file number)
19:18:18.914331,1055,close(1920) = -1 EBADF (Bad file number)
19:18:18.914838,1055,close(1921) = -1 EBADF (Bad file number)
19:18:18.915353,1055,close(1922) = -1 EBADF (Bad file number)
19:18:18.915860,1055,close(1923) = -1 EBADF (Bad file number)
19:18:18.916373,1055,close(1924) = -1 EBADF (Bad file number)
19:18:18.928037,1028,<... nanosleep resumed> 0xaf4953e8) = 0
19:18:18.928458,1055,close(1925 <unfinished ...>
19:18:18.928801,1028,nanosleep({0, 1000000}, <unfinished ...>
19:18:18.929174,1055,<... close resumed> ) = -1 EBADF (Bad file number)
19:18:18.930781,1055,close(1926 <unfinished ...>
19:18:18.931118,1028,<... nanosleep resumed> 0xaf4953e8) = 0
19:18:18.931407,1055,<... close resumed> ) = -1 EBADF (Bad file number)
19:18:18.931747,1028,nanosleep({0, 1000000}, <unfinished ...>
19:18:18.932126,1055,close(1927) = -1 EBADF (Bad file number)
19:18:18.932677,1055,close(1928) = -1 EBADF (Bad file number)
19:18:18.933195,1055,close(1929) = -1 EBADF (Bad file number)
19:18:18.933705,1055,close(1930) = -1 EBADF (Bad file number)
19:18:18.935027,1028,<... nanosleep resumed> 0xaf4953e8) = 0
19:18:18.935447,1028,nanosleep({0, 1000000}, <unfinished ...>
19:18:18.935821,1055,close(1931) = -1 EBADF (Bad file number)
19:18:18.962076,1055,close(1932 <unfinished ...>
19:18:18.962345,1028,<... nanosleep resumed> 0xaf4953e8) = 0
19:18:18.964091,1055,<... close resumed> ) = -1 EBADF (Bad file number)
19:18:18.964465,1028,nanosleep({0, 1000000}, <unfinished ...>
19:18:18.964848,1055,close(1933) = -1 EBADF (Bad file number)
19:18:18.965408,1055,close(1934) = -1 EBADF (Bad file number)
19:18:18.986808,1055,close(1935 <unfinished ...>
19:18:18.987101,1028,<... nanosleep resumed> 0xaf4953e8) = 0
19:18:18.987430,1055,<... close resumed> ) = -1 EBADF (Bad file number)
19:18:18.987799,1028,nanosleep({0, 1000000}, <unfinished ...>
19:18:18.988205,1055,close(1936) = -1 EBADF (Bad file number)
19:18:18.988783,1055,close(1937) = -1 EBADF (Bad file number)
19:18:18.989327,1055,close(1938) = -1 EBADF (Bad file number)
19:18:18.989862,1055,close(1939) = -1 EBADF (Bad file number)
19:18:18.990405,1055,close(1940) = -1 EBADF (Bad file number)
19:18:18.990940,1055,close(1941) = -1 EBADF (Bad file number)
19:18:18.991482,1055,close(1942) = -1 EBADF (Bad file number)
19:18:18.992019,1055,close(1943) = -1 EBADF (Bad file number)
19:18:18.992553,1055,close(1944 <unfinished ...>
19:18:18.994434,1028,<... nanosleep resumed> 0xaf4953e8) = 0
19:18:18.994734,1055,<... close resumed> ) = -1 EBADF (Bad file number)
19:18:18.995083,1028,nanosleep({0, 1000000}, <unfinished ...>
19:18:18.995483,1055,close(1945) = -1 EBADF (Bad file number)
19:18:18.996740,1055,close(1946) = -1 EBADF (Bad file number)
19:18:18.998109,1055,close(1947) = -1 EBADF (Bad file number)
19:18:18.998638,1055,close(1948) = -1 EBADF (Bad file number)
19:18:18.999161,1055,close(1949) = -1 EBADF (Bad file number)
19:18:18.999671,1055,close(1950) = -1 EBADF (Bad file number)
19:18:19.000185,1055,close(1951) = -1 EBADF (Bad file number)
19:18:19.000690,1055,close(1952) = -1 EBADF (Bad file number)
19:18:19.001199,1055,close(1953) = -1 EBADF (Bad file number)
19:18:19.001701,1055,close(1954) = -1 EBADF (Bad file number)
19:18:19.002209,1055,close(1955) = -1 EBADF (Bad file number)
19:18:19.002712,1055,close(1956) = -1 EBADF (Bad file number)
19:18:19.003643,1055,close(1957) = -1 EBADF (Bad file number)
19:18:19.004157,1055,close(1958) = -1 EBADF (Bad file number)
19:18:19.004661,1055,close(1959) = -1 EBADF (Bad file number)
19:18:19.005172,1055,close(1960) = -1 EBADF (Bad file number)
19:18:19.005675,1055,close(1961) = -1 EBADF (Bad file number)
19:18:19.006296,1055,close(1962) = -1 EBADF (Bad file number)
19:18:19.006802,1055,close(1963) = -1 EBADF (Bad file number)
19:18:19.007314,1055,close(1964) = -1 EBADF (Bad file number)
19:18:19.007817,1055,close(1965) = -1 EBADF (Bad file number)
19:18:19.008326,1055,close(1966) = -1 EBADF (Bad file number)
19:18:19.008828,1055,close(1967) = -1 EBADF (Bad file number)
19:18:19.009337,1055,close(1968) = -1 EBADF (Bad file number)
19:18:19.009840,1055,close(1969) = -1 EBADF (Bad file number)
19:18:19.010348,1055,close(1970) = -1 EBADF (Bad file number)
19:18:19.010850,1055,close(1971) = -1 EBADF (Bad file number)
19:18:19.011359,1055,close(1972) = -1 EBADF (Bad file number)
19:18:19.011862,1055,close(1973) = -1 EBADF (Bad file number)
19:18:19.012371,1055,close(1974) = -1 EBADF (Bad file number)
19:18:19.012872,1055,close(1975) = -1 EBADF (Bad file number)
19:18:19.013381,1055,close(1976) = -1 EBADF (Bad file number)
19:18:19.013884,1055,close(1977) = -1 EBADF (Bad file number)
19:18:19.014392,1055,close(1978) = -1 EBADF (Bad file number)
19:18:19.014894,1055,close(1979) = -1 EBADF (Bad file number)
19:18:19.015404,1055,close(1980) = -1 EBADF (Bad file number)
19:18:19.041209,1055,close(1981) = -1 EBADF (Bad file number)
19:18:19.042822,1055,close(1982) = -1 EBADF (Bad file number)
19:18:19.043352,1055,close(1983) = -1 EBADF (Bad file number)
19:18:19.043865,1055,close(1984) = -1 EBADF (Bad file number)
19:18:19.044381,1055,close(1985) = -1 EBADF (Bad file number)
19:18:19.044888,1055,close(1986) = -1 EBADF (Bad file number)
19:18:19.045400,1055,close(1987) = -1 EBADF (Bad file number)
19:18:19.045907,1055,close(1988) = -1 EBADF (Bad file number)
19:18:19.046419,1055,close(1989) = -1 EBADF (Bad file number)
19:18:19.046923,1055,close(1990) = -1 EBADF (Bad file number)
19:18:19.047435,1055,close(1991) = -1 EBADF (Bad file number)
19:18:19.047940,1055,close(1992) = -1 EBADF (Bad file number)
19:18:19.048452,1055,close(1993) = -1 EBADF (Bad file number)
19:18:19.048962,1055,close(1994) = -1 EBADF (Bad file number)
19:18:19.049466,1055,close(1995) = -1 EBADF (Bad file number)
19:18:19.049976,1055,close(1996) = -1 EBADF (Bad file number)
19:18:19.050480,1055,close(1997) = -1 EBADF (Bad file number)
19:18:19.050990,1055,close(1998) = -1 EBADF (Bad file number)
19:18:19.056785,1055,close(1999) = -1 EBADF (Bad file number)
19:18:19.057328,1055,close(2000) = -1 EBADF (Bad file number)
19:18:19.057888,1055,close(2001) = -1 EBADF (Bad file number)
19:18:19.058407,1055,close(2002) = -1 EBADF (Bad file number)
19:18:19.058915,1055,close(2003) = -1 EBADF (Bad file number)
19:18:19.059827,1055,close(2004) = -1 EBADF (Bad file number)
19:18:19.060345,1055,close(2005) = -1 EBADF (Bad file number)
19:18:19.060853,1055,close(2006) = -1 EBADF (Bad file number)
19:18:19.061369,1055,close(2007) = -1 EBADF (Bad file number)
19:18:19.061910,1055,close(2008) = -1 EBADF (Bad file number)
19:18:19.062424,1055,close(2009) = -1 EBADF (Bad file number)
19:18:19.062930,1055,close(2010) = -1 EBADF (Bad file number)
19:18:19.063441,1055,close(2011) = -1 EBADF (Bad file number)
19:18:19.063953,1055,close(2012) = -1 EBADF (Bad file number)
19:18:19.064459,1055,close(2013) = -1 EBADF (Bad file number)
19:18:19.065026,1055,close(2014) = -1 EBADF (Bad file number)
19:18:19.085522,1055,close(2015) = -1 EBADF (Bad file number)
19:18:19.088058,1055,close(2016) = -1 EBADF (Bad file number)
19:18:19.089614,1055,close(2017) = -1 EBADF (Bad file number)
19:18:19.090213,1055,close(2018) = -1 EBADF (Bad file number)
19:18:19.090808,1055,close(2019) = -1 EBADF (Bad file number)
19:18:19.091380,1055,close(2020) = -1 EBADF (Bad file number)
19:18:19.092334,1055,close(2021) = -1 EBADF (Bad file number)
19:18:19.092843,1055,close(2022) = -1 EBADF (Bad file number)
19:18:19.093424,1055,close(2023) = -1 EBADF (Bad file number)
19:18:19.093931,1055,close(2024) = -1 EBADF (Bad file number)
19:18:19.094528,1055,close(2025) = -1 EBADF (Bad file number)
19:18:19.095249,1055,close(2026) = -1 EBADF (Bad file number)
19:18:19.095883,1055,close(2027) = -1 EBADF (Bad file number)
19:18:19.107844,1028,<... nanosleep resumed> 0xaf4953e8) = 0
19:18:19.109446,1055,close(2028) = -1 EBADF (Bad file number)
19:18:19.110064,1055,close(2029) = -1 EBADF (Bad file number)
19:18:19.110773,1055,close(2030) = -1 EBADF (Bad file number)
19:18:19.111365,1055,close(2031) = -1 EBADF (Bad file number)
19:18:19.111874,1055,close(2032) = -1 EBADF (Bad file number)
19:18:19.112448,1055,close(2033) = -1 EBADF (Bad file number)
19:18:19.113024,1055,close(2034) = -1 EBADF (Bad file number)
19:18:19.113557,1055,close(2035) = -1 EBADF (Bad file number)
19:18:19.114133,1055,close(2036) = -1 EBADF (Bad file number)
19:18:19.114702,1055,close(2037) = -1 EBADF (Bad file number)
19:18:19.115260,1055,close(2038) = -1 EBADF (Bad file number)
19:18:19.115768,1055,close(2039) = -1 EBADF (Bad file number)
19:18:19.116321,1055,close(2040) = -1 EBADF (Bad file number)
19:18:19.126429,1028,nanosleep({0, 1000000}, <unfinished ...>
19:18:19.126910,1055,close(2041) = -1 EBADF (Bad file number)
19:18:19.127510,1055,close(2042) = -1 EBADF (Bad file number)
19:18:19.128072,1055,close(2043) = -1 EBADF (Bad file number)
19:18:19.128608,1055,close(2044) = -1 EBADF (Bad file number)
19:18:19.129186,1055,close(2045) = -1 EBADF (Bad file number)
19:18:19.129719,1055,close(2046) = -1 EBADF (Bad file number)
19:18:19.130299,1055,close(2047) = -1 EBADF (Bad file number)
19:18:19.132186,1055,close(2048) = -1 EBADF (Bad file number)
19:18:19.133674,1055,close(2049) = -1 EBADF (Bad file number)
19:18:19.134275,1055,close(2050) = -1 EBADF (Bad file number)
19:18:19.134823,1055,close(2051) = -1 EBADF (Bad file number)
19:18:19.135362,1055,close(2052) = -1 EBADF (Bad file number)
19:18:19.135893,1055,close(2053) = -1 EBADF (Bad file number)
19:18:19.136433,1055,close(2054) = -1 EBADF (Bad file number)
19:18:19.136971,1055,close(2055) = -1 EBADF (Bad file number)
19:18:19.137501,1055,close(2056) = -1 EBADF (Bad file number)
19:18:19.138036,1055,close(2057) = -1 EBADF (Bad file number)
19:18:19.138566,1055,close(2058) = -1 EBADF (Bad file number)
19:18:19.139102,1055,close(2059) = -1 EBADF (Bad file number)
19:18:19.139631,1055,close(2060) = -1 EBADF (Bad file number)
19:18:19.140167,1055,close(2061) = -1 EBADF (Bad file number)
19:18:19.140723,1055,close(2062) = -1 EBADF (Bad file number)
19:18:19.141260,1055,close(2063) = -1 EBADF (Bad file number)
19:18:19.141791,1055,close(2064) = -1 EBADF (Bad file number)
19:18:19.142326,1055,close(2065) = -1 EBADF (Bad file number)
19:18:19.142856,1055,close(2066) = -1 EBADF (Bad file number)
19:18:19.143392,1055,close(2067) = -1 EBADF (Bad file number)
19:18:19.143922,1055,close(2068) = -1 EBADF (Bad file number)
19:18:19.144456,1055,close(2069) = -1 EBADF (Bad file number)
19:18:19.144993,1055,close(2070) = -1 EBADF (Bad file number)
19:18:19.145523,1055,close(2071) = -1 EBADF (Bad file number)
19:18:19.146058,1055,close(2072) = -1 EBADF (Bad file number)
19:18:19.146586,1055,close(2073) = -1 EBADF (Bad file number)
19:18:19.147122,1055,close(2074) = -1 EBADF (Bad file number)
19:18:19.147653,1055,close(2075) = -1 EBADF (Bad file number)
19:18:19.148186,1055,close(2076) = -1 EBADF (Bad file number)
19:18:19.148716,1055,close(2077) = -1 EBADF (Bad file number)
19:18:19.149252,1055,close(2078) = -1 EBADF (Bad file number)
19:18:19.149781,1055,close(2079) = -1 EBADF (Bad file number)
19:18:19.150316,1055,close(2080) = -1 EBADF (Bad file number)
19:18:19.150846,1055,close(2081) = -1 EBADF (Bad file number)
19:18:19.151381,1055,close(2082) = -1 EBADF (Bad file number)
19:18:19.151910,1055,close(2083) = -1 EBADF (Bad file number)
19:18:19.152445,1055,close(2084) = -1 EBADF (Bad file number)
19:18:19.152979,1055,close(2085) = -1 EBADF (Bad file number)
19:18:19.153510,1055,close(2086) = -1 EBADF (Bad file number)
19:18:19.154047,1055,close(2087) = -1 EBADF (Bad file number)
19:18:19.154575,1055,close(2088) = -1 EBADF (Bad file number)
19:18:19.155110,1055,close(2089) = -1 EBADF (Bad file number)
19:18:19.155640,1055,close(2090) = -1 EBADF (Bad file number)
19:18:19.156175,1055,close(2091) = -1 EBADF (Bad file number)
19:18:19.156703,1055,close(2092) = -1 EBADF (Bad file number)
19:18:19.157236,1055,close(2093) = -1 EBADF (Bad file number)
19:18:19.157766,1055,close(2094) = -1 EBADF (Bad file number)
19:18:19.158302,1055,close(2095) = -1 EBADF (Bad file number)
19:18:19.158829,1055,close(2096) = -1 EBADF (Bad file number)
19:18:19.159365,1055,close(2097) = -1 EBADF (Bad file number)
19:18:19.159896,1055,close(2098) = -1 EBADF (Bad file number)
19:18:19.160431,1055,close(2099) = -1 EBADF (Bad file number)
19:18:19.160965,1055,close(2100) = -1 EBADF (Bad file number)
19:18:19.161493,1055,close(2101) = -1 EBADF (Bad file number)
19:18:19.162028,1055,close(2102) = -1 EBADF (Bad file number)
19:18:19.162559,1055,close(2103) = -1 EBADF (Bad file number)
19:18:19.163092,1055,close(2104) = -1 EBADF (Bad file number)
19:18:19.163620,1055,close(2105) = -1 EBADF (Bad file number)
19:18:19.164157,1055,close(2106) = -1 EBADF (Bad file number)
19:18:19.164685,1055,close(2107) = -1 EBADF (Bad file number)
19:18:19.165219,1055,close(2108) = -1 EBADF (Bad file number)
19:18:19.165749,1055,close(2109) = -1 EBADF (Bad file number)
19:18:19.166284,1055,close(2110) = -1 EBADF (Bad file number)
19:18:19.166815,1055,close(2111) = -1 EBADF (Bad file number)
19:18:19.167349,1055,close(2112) = -1 EBADF (Bad file number)
19:18:19.167875,1055,close(2113) = -1 EBADF (Bad file number)
19:18:19.168410,1055,close(2114) = -1 EBADF (Bad file number)
19:18:19.168939,1055,close(2115) = -1 EBADF (Bad file number)
19:18:19.169472,1055,close(2116) = -1 EBADF (Bad file number)
19:18:19.170006,1055,close(2117) = -1 EBADF (Bad file number)
19:18:19.170534,1055,close(2118) = -1 EBADF (Bad file number)
19:18:19.171069,1055,close(2119) = -1 EBADF (Bad file number)
19:18:19.171598,1055,close(2120 <unfinished ...>
19:18:19.225972,1028,<... nanosleep resumed> 0xaf4953e8) = 0
19:18:19.226359,1055,<... close resumed> ) = -1 EBADF (Bad file number)
19:18:19.226709,1055,close(2121) = -1 EBADF (Bad file number)
19:18:19.227258,1055,close(2122) = -1 EBADF (Bad file number)
19:18:19.227796,1055,close(2123) = -1 EBADF (Bad file number)
19:18:19.228337,1055,close(2124) = -1 EBADF (Bad file number)
19:18:19.228870,1055,close(2125) = -1 EBADF (Bad file number)
19:18:19.229409,1055,close(2126) = -1 EBADF (Bad file number)
19:18:19.229949,1055,close(2127) = -1 EBADF (Bad file number)
19:18:19.230480,1055,close(2128) = -1 EBADF (Bad file number)
19:18:19.231018,1055,close(2129) = -1 EBADF (Bad file number)
19:18:19.289276,1055,close(2130) = -1 EBADF (Bad file number)
19:18:19.289822,1055,close(2131) = -1 EBADF (Bad file number)
19:18:19.290385,1055,close(2132) = -1 EBADF (Bad file number)
19:18:19.290897,1055,close(2133) = -1 EBADF (Bad file number)
19:18:19.291415,1055,close(2134) = -1 EBADF (Bad file number)
19:18:19.291924,1055,close(2135) = -1 EBADF (Bad file number)
19:18:19.292437,1055,close(2136) = -1 EBADF (Bad file number)
19:18:19.292948,1055,close(2137) = -1 EBADF (Bad file number)
19:18:19.293455,1055,close(2138) = -1 EBADF (Bad file number)
19:18:19.293967,1055,close(2139) = -1 EBADF (Bad file number)
19:18:19.294473,1055,close(2140) = -1 EBADF (Bad file number)
19:18:19.295053,1055,close(2141) = -1 EBADF (Bad file number)
19:18:19.295562,1055,close(2142) = -1 EBADF (Bad file number)
19:18:19.296075,1055,close(2143) = -1 EBADF (Bad file number)
19:18:19.296580,1055,close(2144) = -1 EBADF (Bad file number)
19:18:19.297091,1055,close(2145) = -1 EBADF (Bad file number)
19:18:19.297597,1055,close(2146) = -1 EBADF (Bad file number)
19:18:19.314268,1028,nanosleep({0, 1000000}, <unfinished ...>
19:18:19.314655,1055,close(2147) = -1 EBADF (Bad file number)
19:18:19.315179,1055,close(2148) = -1 EBADF (Bad file number)
19:18:19.315690,1055,close(2149) = -1 EBADF (Bad file number)
19:18:19.316204,1055,close(2150) = -1 EBADF (Bad file number)
19:18:19.316712,1055,close(2151) = -1 EBADF (Bad file number)
19:18:19.317225,1055,close(2152) = -1 EBADF (Bad file number)
19:18:19.317730,1055,close(2153) = -1 EBADF (Bad file number)
19:18:19.318243,1055,close(2154) = -1 EBADF (Bad file number)
19:18:19.328254,1055,close(2155) = -1 EBADF (Bad file number)
19:18:19.328822,1055,close(2156) = -1 EBADF (Bad file number)
19:18:19.329366,1055,close(2157) = -1 EBADF (Bad file number)
19:18:19.329901,1055,close(2158) = -1 EBADF (Bad file number)
19:18:19.330441,1055,close(2159) = -1 EBADF (Bad file number)
19:18:19.330978,1055,close(2160) = -1 EBADF (Bad file number)
19:18:19.331511,1055,close(2161) = -1 EBADF (Bad file number)
19:18:19.332047,1055,close(2162) = -1 EBADF (Bad file number)
19:18:19.332578,1055,close(2163) = -1 EBADF (Bad file number)
19:18:19.333114,1055,close(2164) = -1 EBADF (Bad file number)
19:18:19.333643,1055,close(2165) = -1 EBADF (Bad file number)
19:18:19.334179,1055,close(2166) = -1 EBADF (Bad file number)
19:18:19.334709,1055,close(2167) = -1 EBADF (Bad file number)
19:18:19.335242,1055,close(2168) = -1 EBADF (Bad file number)
19:18:19.346648,1028,<... nanosleep resumed> 0xaf4953e8) = 0
19:18:19.347018,1055,close(2169 <unfinished ...>
19:18:19.347370,1028,nanosleep({0, 1000000}, <unfinished ...>
19:18:19.347731,1055,<... close resumed> ) = -1 EBADF (Bad file number)
19:18:19.348105,1055,close(2170) = -1 EBADF (Bad file number)
19:18:19.348645,1055,close(2171) = -1 EBADF (Bad file number)
19:18:19.349184,1055,close(2172) = -1 EBADF (Bad file number)
19:18:19.349715,1055,close(2173) = -1 EBADF (Bad file number)
19:18:19.350253,1055,close(2174) = -1 EBADF (Bad file number)
19:18:19.350815,1055,close(2175) = -1 EBADF (Bad file number)
19:18:19.351355,1055,close(2176) = -1 EBADF (Bad file number)
19:18:19.351885,1055,close(2177) = -1 EBADF (Bad file number)
19:18:19.352422,1055,close(2178) = -1 EBADF (Bad file number)
19:18:19.352958,1055,close(2179) = -1 EBADF (Bad file number)
19:18:19.353487,1055,close(2180) = -1 EBADF (Bad file number)
19:18:19.354023,1055,close(2181) = -1 EBADF (Bad file number)
19:18:19.354554,1055,close(2182) = -1 EBADF (Bad file number)
19:18:19.355089,1055,close(2183) = -1 EBADF (Bad file number)
19:18:19.355619,1055,close(2184) = -1 EBADF (Bad file number)
19:18:19.356154,1055,close(2185) = -1 EBADF (Bad file number)
19:18:19.356683,1055,close(2186) = -1 EBADF (Bad file number)
19:18:19.357220,1055,close(2187) = -1 EBADF (Bad file number)
19:18:19.357749,1055,close(2188) = -1 EBADF (Bad file number)
19:18:19.358283,1055,close(2189) = -1 EBADF (Bad file number)
19:18:19.358813,1055,close(2190) = -1 EBADF (Bad file number)
19:18:19.359350,1055,close(2191) = -1 EBADF (Bad file number)
19:18:19.359878,1055,close(2192) = -1 EBADF (Bad file number)
19:18:19.360412,1055,close(2193) = -1 EBADF (Bad file number)
19:18:19.360948,1055,close(2194) = -1 EBADF (Bad file number)
19:18:19.361477,1055,close(2195) = -1 EBADF (Bad file number)
19:18:19.362011,1055,close(2196) = -1 EBADF (Bad file number)
19:18:19.362538,1055,close(2197) = -1 EBADF (Bad file number)
19:18:19.363075,1055,close(2198) = -1 EBADF (Bad file number)
19:18:19.363604,1055,close(2199) = -1 EBADF (Bad file number)
19:18:19.364138,1055,close(2200) = -1 EBADF (Bad file number)
19:18:19.364666,1055,close(2201) = -1 EBADF (Bad file number)
19:18:19.365201,1055,close(2202) = -1 EBADF (Bad file number)
19:18:19.365730,1055,close(2203) = -1 EBADF (Bad file number)
19:18:19.366262,1055,close(2204) = -1 EBADF (Bad file number)
19:18:19.366789,1055,close(2205) = -1 EBADF (Bad file number)
19:18:19.367323,1055,close(2206) = -1 EBADF (Bad file number)
19:18:19.367852,1055,close(2207) = -1 EBADF (Bad file number)
19:18:19.368384,1055,close(2208) = -1 EBADF (Bad file number)
19:18:19.368913,1055,close(2209) = -1 EBADF (Bad file number)
19:18:19.386774,1055,close(2210 <unfinished ...>
19:18:19.387090,1028,<... nanosleep resumed> 0xaf4953e8) = 0
19:18:19.387399,1055,<... close resumed> ) = -1 EBADF (Bad file number)
19:18:19.387789,1028,nanosleep({0, 1000000}, <unfinished ...>
19:18:19.388174,1055,close(2211) = -1 EBADF (Bad file number)
19:18:19.388734,1055,close(2212) = -1 EBADF (Bad file number)
19:18:19.389252,1055,close(2213) = -1 EBADF (Bad file number)
19:18:19.389828,1028,<... nanosleep resumed> 0xaf4953e8) = 0
19:18:19.390146,1055,close(2214 <unfinished ...>
19:18:19.390474,1028,nanosleep({0, 1000000}, <unfinished ...>
19:18:19.390813,1055,<... close resumed> ) = -1 EBADF (Bad file number)
19:18:19.391164,1055,close(2215) = -1 EBADF (Bad file number)
19:18:19.391674,1055,close(2216) = -1 EBADF (Bad file number)
19:18:19.392188,1055,close(2217) = -1 EBADF (Bad file number)
19:18:19.392697,1055,close(2218) = -1 EBADF (Bad file number)
19:18:19.393212,1055,close(2219) = -1 EBADF (Bad file number)
19:18:19.393717,1055,close(2220) = -1 EBADF (Bad file number)
19:18:19.394229,1055,close(2221) = -1 EBADF (Bad file number)
19:18:19.394736,1055,close(2222) = -1 EBADF (Bad file number)
19:18:19.395249,1055,close(2223) = -1 EBADF (Bad file number)
19:18:19.395753,1055,close(2224) = -1 EBADF (Bad file number)
19:18:19.396264,1055,close(2225) = -1 EBADF (Bad file number)
19:18:19.396771,1055,close(2226) = -1 EBADF (Bad file number)
19:18:19.425839,1055,close(2227 <unfinished ...>
19:18:19.426079,1028,<... nanosleep resumed> 0xaf4953e8) = 0
19:18:19.426380,1055,<... close resumed> ) = -1 EBADF (Bad file number)
19:18:19.426761,1028,nanosleep({0, 1000000}, <unfinished ...>
19:18:19.427156,1055,close(2228) = -1 EBADF (Bad file number)
19:18:19.427740,1055,close(2229) = -1 EBADF (Bad file number)
19:18:19.428281,1055,close(2230) = -1 EBADF (Bad file number)
19:18:19.428815,1055,close(2231) = -1 EBADF (Bad file number)
19:18:19.429351,1055,close(2232) = -1 EBADF (Bad file number)
19:18:19.429882,1055,close(2233) = -1 EBADF (Bad file number)
19:18:19.430418,1055,close(2234) = -1 EBADF (Bad file number)
19:18:19.430955,1055,close(2235) = -1 EBADF (Bad file number)
19:18:19.431484,1055,close(2236) = -1 EBADF (Bad file number)
19:18:19.432017,1055,close(2237) = -1 EBADF (Bad file number)
19:18:19.432548,1055,close(2238) = -1 EBADF (Bad file number)
19:18:19.433083,1055,close(2239) = -1 EBADF (Bad file number)
19:18:19.433611,1055,close(2240) = -1 EBADF (Bad file number)
19:18:19.434145,1055,close(2241) = -1 EBADF (Bad file number)
19:18:19.434675,1055,close(2242) = -1 EBADF (Bad file number)
19:18:19.435209,1055,close(2243) = -1 EBADF (Bad file number)
19:18:19.435737,1055,close(2244) = -1 EBADF (Bad file number)
19:18:19.436269,1055,close(2245) = -1 EBADF (Bad file number)
19:18:19.436797,1055,close(2246) = -1 EBADF (Bad file number)
19:18:19.437332,1055,close(2247) = -1 EBADF (Bad file number)
19:18:19.437859,1055,close(2248) = -1 EBADF (Bad file number)
19:18:19.438392,1055,close(2249) = -1 EBADF (Bad file number)
19:18:19.438921,1055,close(2250) = -1 EBADF (Bad file number)
19:18:19.439455,1055,close(2251) = -1 EBADF (Bad file number)
19:18:19.439989,1055,close(2252) = -1 EBADF (Bad file number)
19:18:19.440516,1055,close(2253) = -1 EBADF (Bad file number)
19:18:19.441050,1055,close(2254) = -1 EBADF (Bad file number)
19:18:19.441579,1055,close(2255) = -1 EBADF (Bad file number)
19:18:19.442113,1055,close(2256) = -1 EBADF (Bad file number)
19:18:19.442640,1055,close(2257) = -1 EBADF (Bad file number)
19:18:19.443173,1055,close(2258) = -1 EBADF (Bad file number)
19:18:19.443704,1055,close(2259) = -1 EBADF (Bad file number)
19:18:19.444236,1055,close(2260) = -1 EBADF (Bad file number)
19:18:19.444761,1055,close(2261) = -1 EBADF (Bad file number)
19:18:19.445294,1055,close(2262) = -1 EBADF (Bad file number)
19:18:19.445822,1055,close(2263) = -1 EBADF (Bad file number)
19:18:19.446922,1028,<... nanosleep resumed> 0xaf4953e8) = 0
19:18:19.447246,1055,close(2264 <unfinished ...>
19:18:19.447577,1028,nanosleep({0, 1000000}, <unfinished ...>
19:18:19.447917,1055,<... close resumed> ) = -1 EBADF (Bad file number)
19:18:19.448278,1055,close(2265) = -1 EBADF (Bad file number)
19:18:19.448789,1055,close(2266) = -1 EBADF (Bad file number)
19:18:19.449305,1055,close(2267) = -1 EBADF (Bad file number)
19:18:19.449811,1055,close(2268) = -1 EBADF (Bad file number)
19:18:19.450323,1055,close(2269) = -1 EBADF (Bad file number)
19:18:19.450829,1055,close(2270) = -1 EBADF (Bad file number)
19:18:19.451342,1055,close(2271) = -1 EBADF (Bad file number)
19:18:19.451846,1055,close(2272) = -1 EBADF (Bad file number)
19:18:19.452356,1055,close(2273) = -1 EBADF (Bad file number)
19:18:19.452861,1055,close(2274) = -1 EBADF (Bad file number)
19:18:19.453372,1055,close(2275) = -1 EBADF (Bad file number)
19:18:19.453875,1055,close(2276) = -1 EBADF (Bad file number)
19:18:19.454385,1055,close(2277) = -1 EBADF (Bad file number)
19:18:19.454889,1055,close(2278) = -1 EBADF (Bad file number)
19:18:19.470006,1055,close(2279 <unfinished ...>
19:18:19.470251,1028,<... nanosleep resumed> 0xaf4953e8) = 0
19:18:19.470562,1055,<... close resumed> ) = -1 EBADF (Bad file number)
19:18:19.470916,1028,nanosleep({0, 1000000}, <unfinished ...>
19:18:19.471313,1055,close(2280) = -1 EBADF (Bad file number)
19:18:19.471911,1055,close(2281) = -1 EBADF (Bad file number)
19:18:19.472454,1055,close(2282) = -1 EBADF (Bad file number)
19:18:19.473088,1055,close(2283 <unfinished ...>
19:18:19.473391,1028,<... nanosleep resumed> 0xaf4953e8) = 0
19:18:19.474008,1055,<... close resumed> ) = -1 EBADF (Bad file number)
19:18:19.474365,1028,nanosleep({0, 1000000}, <unfinished ...>
19:18:19.475202,1055,close(2284) = -1 EBADF (Bad file number)
19:18:19.476315,1055,close(2285) = -1 EBADF (Bad file number)
19:18:19.486471,1028,<... nanosleep resumed> 0xaf4953e8) = 0
19:18:19.486812,1055,close(2286 <unfinished ...>
19:18:19.487157,1028,nanosleep({0, 1000000}, <unfinished ...>
19:18:19.487502,1055,<... close resumed> ) = -1 EBADF (Bad file number)
19:18:19.487859,1055,close(2287) = -1 EBADF (Bad file number)
19:18:19.488379,1055,close(2288) = -1 EBADF (Bad file number)
19:18:19.488887,1055,close(2289) = -1 EBADF (Bad file number)
19:18:19.489402,1055,close(2290) = -1 EBADF (Bad file number)
19:18:19.489910,1055,close(2291) = -1 EBADF (Bad file number)
19:18:19.490423,1055,close(2292) = -1 EBADF (Bad file number)
19:18:19.490928,1055,close(2293) = -1 EBADF (Bad file number)
19:18:19.491440,1055,close(2294) = -1 EBADF (Bad file number)
19:18:19.491952,1055,close(2295) = -1 EBADF (Bad file number)
19:18:19.492458,1055,close(2296) = -1 EBADF (Bad file number)
19:18:19.492969,1055,close(2297) = -1 EBADF (Bad file number)
19:18:19.493576,1028,<... nanosleep resumed> 0xaf4953e8) = 0
19:18:19.493901,1055,close(2298 <unfinished ...>
19:18:19.494251,1028,nanosleep({0, 1000000}, <unfinished ...>
19:18:19.494606,1055,<... close resumed> ) = -1 EBADF (Bad file number)
19:18:19.494970,1055,close(2299) = -1 EBADF (Bad file number)
19:18:19.495505,1055,close(2300) = -1 EBADF (Bad file number)
19:18:19.496040,1055,close(2301) = -1 EBADF (Bad file number)
19:18:19.496572,1055,close(2302) = -1 EBADF (Bad file number)
19:18:19.497109,1055,close(2303) = -1 EBADF (Bad file number)
19:18:19.497639,1055,close(2304) = -1 EBADF (Bad file number)
19:18:19.498174,1055,close(2305) = -1 EBADF (Bad file number)
19:18:19.498705,1055,close(2306) = -1 EBADF (Bad file number)
19:18:19.499240,1055,close(2307) = -1 EBADF (Bad file number)
19:18:19.499769,1055,close(2308) = -1 EBADF (Bad file number)
19:18:19.500303,1055,close(2309) = -1 EBADF (Bad file number)
19:18:19.500831,1055,close(2310) = -1 EBADF (Bad file number)
19:18:19.501366,1055,close(2311 <unfinished ...>
19:18:19.507915,1028,<... nanosleep resumed> 0xaf4953e8) = 0
19:18:19.508233,1055,<... close resumed> ) = -1 EBADF (Bad file number)
19:18:19.508580,1028,nanosleep({0, 1000000}, <unfinished ...>
19:18:19.509001,1055,close(2312) = -1 EBADF (Bad file number)
19:18:19.509561,1055,close(2313) = -1 EBADF (Bad file number)
19:18:19.510126,1055,close(2314) = -1 EBADF (Bad file number)
19:18:19.510638,1055,close(2315 <unfinished ...>
19:18:19.511037,1028,<... nanosleep resumed> 0xaf4953e8) = 0
19:18:19.511326,1055,<... close resumed> ) = -1 EBADF (Bad file number)
19:18:19.511694,1028,nanosleep({0, 1000000}, <unfinished ...>
19:18:19.512069,1055,close(2316) = -1 EBADF (Bad file number)
19:18:19.512625,1055,close(2317) = -1 EBADF (Bad file number)
19:18:19.513186,1055,close(2318) = -1 EBADF (Bad file number)
19:18:19.513720,1055,close(2319) = -1 EBADF (Bad file number)
19:18:19.514257,1055,close(2320) = -1 EBADF (Bad file number)
19:18:19.514789,1055,close(2321) = -1 EBADF (Bad file number)
19:18:19.515325,1055,close(2322) = -1 EBADF (Bad file number)
19:18:19.515856,1055,close(2323) = -1 EBADF (Bad file number)
19:18:19.516436,1055,close(2324) = -1 EBADF (Bad file number)
19:18:19.516968,1055,close(2325) = -1 EBADF (Bad file number)
19:18:19.517499,1055,close(2326) = -1 EBADF (Bad file number)
19:18:19.518066,1055,close(2327) = -1 EBADF (Bad file number)
19:18:19.518598,1055,close(2328) = -1 EBADF (Bad file number)
19:18:19.519135,1055,close(2329) = -1 EBADF (Bad file number)
19:18:19.519666,1055,close(2330) = -1 EBADF (Bad file number)
19:18:19.520203,1055,close(2331) = -1 EBADF (Bad file number)
19:18:19.520730,1055,close(2332) = -1 EBADF (Bad file number)
19:18:19.521264,1055,close(2333) = -1 EBADF (Bad file number)
19:18:19.521793,1055,close(2334) = -1 EBADF (Bad file number)
19:18:19.522328,1055,close(2335) = -1 EBADF (Bad file number)
19:18:19.522857,1055,close(2336) = -1 EBADF (Bad file number)
19:18:19.523389,1055,close(2337) = -1 EBADF (Bad file number)
19:18:19.523918,1055,close(2338) = -1 EBADF (Bad file number)
19:18:19.524455,1055,close(2339) = -1 EBADF (Bad file number)
19:18:19.524988,1055,close(2340) = -1 EBADF (Bad file number)
19:18:19.525516,1055,close(2341) = -1 EBADF (Bad file number)
19:18:19.526050,1055,close(2342) = -1 EBADF (Bad file number)
19:18:19.526580,1055,close(2343) = -1 EBADF (Bad file number)
19:18:19.553460,1028,<... nanosleep resumed> 0xaf4953e8) = 0
19:18:19.553837,1055,close(2344 <unfinished ...>
19:18:19.554184,1028,nanosleep({0, 1000000}, <unfinished ...>
19:18:19.554530,1055,<... close resumed> ) = -1 EBADF (Bad file number)
19:18:19.554877,1055,close(2345) = -1 EBADF (Bad file number)
19:18:19.555399,1055,close(2346) = -1 EBADF (Bad file number)
19:18:19.555908,1055,close(2347) = -1 EBADF (Bad file number)
19:18:19.556423,1055,close(2348) = -1 EBADF (Bad file number)
19:18:19.556930,1055,close(2349) = -1 EBADF (Bad file number)
19:18:19.557443,1055,close(2350) = -1 EBADF (Bad file number)
19:18:19.558128,1055,close(2351 <unfinished ...>
19:18:19.558457,1028,<... nanosleep resumed> 0xaf4953e8) = 0
19:18:19.558788,1028,nanosleep({0, 1000000}, 0xaf4953e8) = 0
19:18:19.560827,1028,nanosleep({0, 1000000}, 0xaf4953e8) = 0
19:18:19.580503,1055,<... close resumed> ) = -1 EBADF (Bad file number)
19:18:19.595300,1055,close(2352 <unfinished ...>
19:18:19.595594,1028,nanosleep({0, 1000000}, <unfinished ...>
19:18:19.596100,1055,<... close resumed> ) = -1 EBADF (Bad file number)
19:18:19.596457,1055,close(2353) = -1 EBADF (Bad file number)
19:18:19.596981,1055,close(2354) = -1 EBADF (Bad file number)
19:18:19.597493,1055,close(2355) = -1 EBADF (Bad file number)
19:18:19.598011,1055,close(2356) = -1 EBADF (Bad file number)
19:18:19.598522,1055,close(2357) = -1 EBADF (Bad file number)
19:18:19.599040,1055,close(2358 <unfinished ...>
19:18:19.606114,1028,<... nanosleep resumed> 0xaf4953e8) = 0
19:18:19.606432,1055,<... close resumed> ) = -1 EBADF (Bad file number)
19:18:19.606781,1028,nanosleep({0, 1000000}, <unfinished ...>
19:18:19.607165,1055,close(2359) = -1 EBADF (Bad file number)
19:18:19.607728,1055,close(2360) = -1 EBADF (Bad file number)
19:18:19.608297,1055,close(2361) = -1 EBADF (Bad file number)
19:18:19.608812,1055,close(2362) = -1 EBADF (Bad file number)
19:18:19.609329,1055,close(2363) = -1 EBADF (Bad file number)
19:18:19.609851,1055,close(2364) = -1 EBADF (Bad file number)
19:18:19.610388,1055,close(2365) = -1 EBADF (Bad file number)
19:18:19.610919,1055,close(2366) = -1 EBADF (Bad file number)
19:18:19.611456,1055,close(2367) = -1 EBADF (Bad file number)
19:18:19.611992,1055,close(2368) = -1 EBADF (Bad file number)
19:18:19.612524,1055,close(2369) = -1 EBADF (Bad file number)
19:18:19.613061,1055,close(2370) = -1 EBADF (Bad file number)
19:18:19.613589,1055,close(2371) = -1 EBADF (Bad file number)
19:18:19.614212,1028,<... nanosleep resumed> 0xaf4953e8) = 0
19:18:19.614533,1055,close(2372 <unfinished ...>
19:18:19.615244,1028,nanosleep({0, 1000000}, <unfinished ...>
19:18:19.615608,1055,<... close resumed> ) = -1 EBADF (Bad file number)
19:18:19.615961,1055,close(2373 <unfinished ...>
19:18:19.626595,1028,<... nanosleep resumed> 0xaf4953e8) = 0
19:18:19.626913,1055,<... close resumed> ) = -1 EBADF (Bad file number)
19:18:19.627271,1028,nanosleep({0, 1000000}, <unfinished ...>
19:18:19.627649,1055,close(2374) = -1 EBADF (Bad file number)
19:18:19.628220,1055,close(2375) = -1 EBADF (Bad file number)
19:18:19.628733,1055,close(2376) = -1 EBADF (Bad file number)
19:18:19.629250,1055,close(2377) = -1 EBADF (Bad file number)
19:18:19.629758,1055,close(2378) = -1 EBADF (Bad file number)
19:18:19.630272,1055,close(2379) = -1 EBADF (Bad file number)
19:18:19.630780,1055,close(2380) = -1 EBADF (Bad file number)
19:18:19.631292,1055,close(2381) = -1 EBADF (Bad file number)
19:18:19.631797,1055,close(2382) = -1 EBADF (Bad file number)
19:18:19.632309,1055,close(2383) = -1 EBADF (Bad file number)
19:18:19.632815,1055,close(2384) = -1 EBADF (Bad file number)
19:18:19.633327,1055,close(2385) = -1 EBADF (Bad file number)
19:18:19.633832,1055,close(2386) = -1 EBADF (Bad file number)
19:18:19.634343,1055,close(2387) = -1 EBADF (Bad file number)
19:18:19.634848,1055,close(2388) = -1 EBADF (Bad file number)
19:18:19.635360,1055,close(2389) = -1 EBADF (Bad file number)
19:18:19.635865,1055,close(2390) = -1 EBADF (Bad file number)
19:18:19.636376,1055,close(2391) = -1 EBADF (Bad file number)
19:18:19.636881,1055,close(2392) = -1 EBADF (Bad file number)
19:18:19.637394,1055,close(2393) = -1 EBADF (Bad file number)
19:18:19.637898,1055,close(2394) = -1 EBADF (Bad file number)
19:18:19.638409,1055,close(2395) = -1 EBADF (Bad file number)
19:18:19.638915,1055,close(2396) = -1 EBADF (Bad file number)
19:18:19.639427,1055,close(2397) = -1 EBADF (Bad file number)
19:18:19.639930,1055,close(2398) = -1 EBADF (Bad file number)
19:18:19.640440,1055,close(2399) = -1 EBADF (Bad file number)
19:18:19.640951,1055,close(2400) = -1 EBADF (Bad file number)
19:18:19.641456,1055,close(2401) = -1 EBADF (Bad file number)
19:18:19.646493,1055,close(2402 <unfinished ...>
19:18:19.646803,1028,<... nanosleep resumed> 0xaf4953e8) = 0
19:18:19.647173,1055,<... close resumed> ) = -1 EBADF (Bad file number)
19:18:19.647536,1028,nanosleep({0, 1000000}, <unfinished ...>
19:18:19.648184,1055,close(2403) = -1 EBADF (Bad file number)
19:18:19.648759,1055,close(2404) = -1 EBADF (Bad file number)
19:18:19.649286,1055,close(2405) = -1 EBADF (Bad file number)
19:18:19.649807,1055,close(2406) = -1 EBADF (Bad file number)
19:18:19.650395,1028,<... nanosleep resumed> 0xaf4953e8) = 0
19:18:19.650712,1055,close(2407 <unfinished ...>
19:18:19.651172,1028,nanosleep({0, 1000000}, <unfinished ...>
19:18:19.651514,1055,<... close resumed> ) = -1 EBADF (Bad file number)
19:18:19.651861,1055,close(2408) = -1 EBADF (Bad file number)
19:18:19.652381,1055,close(2409) = -1 EBADF (Bad file number)
19:18:19.652891,1055,close(2410) = -1 EBADF (Bad file number)
19:18:19.653406,1055,close(2411) = -1 EBADF (Bad file number)
19:18:19.653914,1055,close(2412) = -1 EBADF (Bad file number)
19:18:19.654496,1028,<... nanosleep resumed> 0xaf4953e8) = 0
19:18:19.654806,1055,close(2413 <unfinished ...>
19:18:19.655142,1028,nanosleep({0, 1000000}, <unfinished ...>
19:18:19.655481,1055,<... close resumed> ) = -1 EBADF (Bad file number)
19:18:19.676425,1028,<... nanosleep resumed> 0xaf4953e8) = 0
19:18:19.676797,1055,close(2414 <unfinished ...>
19:18:19.677163,1028,nanosleep({0, 1000000}, <unfinished ...>
19:18:19.677527,1055,<... close resumed> ) = -1 EBADF (Bad file number)
19:18:19.677905,1055,close(2415) = -1 EBADF (Bad file number)
19:18:19.678451,1055,close(2416) = -1 EBADF (Bad file number)
19:18:19.678993,1055,close(2417) = -1 EBADF (Bad file number)
19:18:19.679525,1055,close(2418) = -1 EBADF (Bad file number)
19:18:19.680063,1055,close(2419) = -1 EBADF (Bad file number)
19:18:19.680623,1055,close(2420) = -1 EBADF (Bad file number)
19:18:19.681163,1055,close(2421) = -1 EBADF (Bad file number)
19:18:19.681693,1055,close(2422) = -1 EBADF (Bad file number)
19:18:19.682229,1055,close(2423) = -1 EBADF (Bad file number)
19:18:19.682763,1055,close(2424) = -1 EBADF (Bad file number)
19:18:19.683298,1055,close(2425) = -1 EBADF (Bad file number)
19:18:19.683829,1055,close(2426) = -1 EBADF (Bad file number)
19:18:19.684364,1055,close(2427) = -1 EBADF (Bad file number)
19:18:19.684893,1055,close(2428) = -1 EBADF (Bad file number)
19:18:19.685429,1055,close(2429) = -1 EBADF (Bad file number)
19:18:19.685965,1055,close(2430) = -1 EBADF (Bad file number)
19:18:19.686493,1055,close(2431) = -1 EBADF (Bad file number)
19:18:19.687029,1055,close(2432) = -1 EBADF (Bad file number)
19:18:19.687560,1055,close(2433) = -1 EBADF (Bad file number)
19:18:19.688247,1028,<... nanosleep resumed> 0xaf4953e8) = 0
19:18:19.688581,1055,close(2434 <unfinished ...>
19:18:19.688912,1028,nanosleep({0, 1000000}, <unfinished ...>
19:18:19.689260,1055,<... close resumed> ) = -1 EBADF (Bad file number)
19:18:19.689613,1055,close(2435) = -1 EBADF (Bad file number)
19:18:19.690133,1055,close(2436) = -1 EBADF (Bad file number)
19:18:19.690644,1055,close(2437) = -1 EBADF (Bad file number)
19:18:19.691159,1055,close(2438) = -1 EBADF (Bad file number)
19:18:19.691667,1055,close(2439 <unfinished ...>
19:18:19.692378,1028,<... nanosleep resumed> 0xaf4953e8) = 0
19:18:19.692663,1055,<... close resumed> ) = -1 EBADF (Bad file number)
19:18:19.693038,1028,nanosleep({0, 1000000}, <unfinished ...>
19:18:19.693408,1055,close(2440) = -1 EBADF (Bad file number)
19:18:19.693967,1055,close(2441) = -1 EBADF (Bad file number)
19:18:19.694477,1055,close(2442) = -1 EBADF (Bad file number)
19:18:19.694992,1055,close(2443) = -1 EBADF (Bad file number)
19:18:19.695499,1055,close(2444) = -1 EBADF (Bad file number)
19:18:19.696014,1055,close(2445) = -1 EBADF (Bad file number)
19:18:19.696521,1055,close(2446) = -1 EBADF (Bad file number)
19:18:19.697033,1055,close(2447) = -1 EBADF (Bad file number)
19:18:19.697540,1055,close(2448) = -1 EBADF (Bad file number)
19:18:19.698053,1055,close(2449) = -1 EBADF (Bad file number)
19:18:19.698558,1055,close(2450) = -1 EBADF (Bad file number)
19:18:19.699070,1055,close(2451) = -1 EBADF (Bad file number)
19:18:19.699576,1055,close(2452) = -1 EBADF (Bad file number)
19:18:19.700088,1055,close(2453) = -1 EBADF (Bad file number)
19:18:19.700593,1055,close(2454) = -1 EBADF (Bad file number)
19:18:19.701106,1055,close(2455) = -1 EBADF (Bad file number)
19:18:19.701611,1055,close(2456) = -1 EBADF (Bad file number)
19:18:19.702124,1055,close(2457) = -1 EBADF (Bad file number)
19:18:19.702629,1055,close(2458) = -1 EBADF (Bad file number)
19:18:19.703140,1055,close(2459) = -1 EBADF (Bad file number)
19:18:19.703645,1055,close(2460) = -1 EBADF (Bad file number)
19:18:19.704157,1055,close(2461) = -1 EBADF (Bad file number)
19:18:19.704661,1055,close(2462) = -1 EBADF (Bad file number)
19:18:19.705171,1055,close(2463) = -1 EBADF (Bad file number)
19:18:19.705678,1055,close(2464) = -1 EBADF (Bad file number)
19:18:19.706190,1055,close(2465) = -1 EBADF (Bad file number)
19:18:19.706693,1055,close(2466) = -1 EBADF (Bad file number)
19:18:19.707203,1055,close(2467) = -1 EBADF (Bad file number)
19:18:19.707708,1055,close(2468) = -1 EBADF (Bad file number)
19:18:19.708220,1055,close(2469) = -1 EBADF (Bad file number)
19:18:19.737833,1028,<... nanosleep resumed> 0xaf4953e8) = 0
19:18:19.738191,1055,close(2470 <unfinished ...>
19:18:19.738547,1028,nanosleep({0, 1000000}, <unfinished ...>
19:18:19.738914,1055,<... close resumed> ) = -1 EBADF (Bad file number)
19:18:19.739327,1055,close(2471) = -1 EBADF (Bad file number)
19:18:19.739869,1055,close(2472) = -1 EBADF (Bad file number)
19:18:19.740415,1055,close(2473) = -1 EBADF (Bad file number)
19:18:19.740956,1055,close(2474) = -1 EBADF (Bad file number)
19:18:19.741488,1055,close(2475) = -1 EBADF (Bad file number)
19:18:19.742026,1055,close(2476) = -1 EBADF (Bad file number)
19:18:19.742558,1055,close(2477) = -1 EBADF (Bad file number)
19:18:19.743096,1055,close(2478) = -1 EBADF (Bad file number)
19:18:19.743625,1055,close(2479) = -1 EBADF (Bad file number)
19:18:19.744162,1055,close(2480) = -1 EBADF (Bad file number)
19:18:19.744694,1055,close(2481) = -1 EBADF (Bad file number)
19:18:19.745303,1028,<... nanosleep resumed> 0xaf4953e8) = 0
19:18:19.745630,1055,close(2482 <unfinished ...>
19:18:19.745980,1028,nanosleep({0, 1000000}, <unfinished ...>
19:18:19.746338,1055,<... close resumed> ) = -1 EBADF (Bad file number)
19:18:19.746697,1055,close(2483) = -1 EBADF (Bad file number)
19:18:19.747239,1055,close(2484) = -1 EBADF (Bad file number)
19:18:19.747773,1055,close(2485) = -1 EBADF (Bad file number)
19:18:19.748310,1055,close(2486) = -1 EBADF (Bad file number)
19:18:19.748842,1055,close(2487) = -1 EBADF (Bad file number)
19:18:19.749378,1055,close(2488) = -1 EBADF (Bad file number)
19:18:19.749910,1055,close(2489) = -1 EBADF (Bad file number)
19:18:19.750444,1055,close(2490) = -1 EBADF (Bad file number)
19:18:19.751174,1055,close(2491 <unfinished ...>
19:18:19.751519,1028,<... nanosleep resumed> 0xaf4953e8) = 0
19:18:19.751804,1055,<... close resumed> ) = -1 EBADF (Bad file number)
19:18:19.752152,1028,nanosleep({0, 1000000}, <unfinished ...>
19:18:19.752522,1055,close(2492) = -1 EBADF (Bad file number)
19:18:19.753406,1055,close(2493) = -1 EBADF (Bad file number)
19:18:19.753917,1055,close(2494) = -1 EBADF (Bad file number)
19:18:19.754433,1055,close(2495) = -1 EBADF (Bad file number)
19:18:19.754947,1055,close(2496) = -1 EBADF (Bad file number)
19:18:19.755455,1055,close(2497) = -1 EBADF (Bad file number)
19:18:19.755966,1055,close(2498) = -1 EBADF (Bad file number)
19:18:19.756471,1055,close(2499) = -1 EBADF (Bad file number)
19:18:19.756983,1055,close(2500) = -1 EBADF (Bad file number)
19:18:19.757490,1055,close(2501) = -1 EBADF (Bad file number)
19:18:19.758002,1055,close(2502) = -1 EBADF (Bad file number)
19:18:19.758507,1055,close(2503) = -1 EBADF (Bad file number)
19:18:19.759019,1055,close(2504) = -1 EBADF (Bad file number)
19:18:19.759525,1055,close(2505) = -1 EBADF (Bad file number)
19:18:19.760036,1055,close(2506) = -1 EBADF (Bad file number)
19:18:19.760540,1055,close(2507) = -1 EBADF (Bad file number)
19:18:19.761052,1055,close(2508) = -1 EBADF (Bad file number)
19:18:19.761559,1055,close(2509) = -1 EBADF (Bad file number)
19:18:19.762069,1055,close(2510) = -1 EBADF (Bad file number)
19:18:19.762574,1055,close(2511) = -1 EBADF (Bad file number)
19:18:19.763253,1028,<... nanosleep resumed> 0xaf4953e8) = 0
19:18:19.763606,1028,nanosleep({0, 1000000}, 0xaf4953e8) = 0
19:18:19.779910,1055,close(2512 <unfinished ...>
19:18:19.780304,1028,nanosleep({0, 1000000}, <unfinished ...>
19:18:19.780656,1055,<... close resumed> ) = -1 EBADF (Bad file number)
19:18:19.781029,1055,close(2513) = -1 EBADF (Bad file number)
19:18:19.781547,1055,close(2514) = -1 EBADF (Bad file number)
19:18:19.782065,1055,close(2515) = -1 EBADF (Bad file number)
19:18:19.782575,1055,close(2516) = -1 EBADF (Bad file number)
19:18:19.783090,1055,close(2517) = -1 EBADF (Bad file number)
19:18:19.783599,1055,close(2518) = -1 EBADF (Bad file number)
19:18:19.784114,1055,close(2519) = -1 EBADF (Bad file number)
19:18:19.784620,1055,close(2520) = -1 EBADF (Bad file number)
19:18:19.785132,1055,close(2521) = -1 EBADF (Bad file number)
19:18:19.785667,1055,close(2522) = -1 EBADF (Bad file number)
19:18:19.786756,1055,close(2523) = -1 EBADF (Bad file number)
19:18:19.798665,1028,<... nanosleep resumed> 0xaf4953e8) = 0
19:18:19.799035,1055,close(2524 <unfinished ...>
19:18:19.799394,1028,nanosleep({0, 1000000}, <unfinished ...>
19:18:19.799758,1055,<... close resumed> ) = -1 EBADF (Bad file number)
19:18:19.800143,1055,close(2525) = -1 EBADF (Bad file number)
19:18:19.800682,1055,close(2526) = -1 EBADF (Bad file number)
19:18:19.801223,1055,close(2527) = -1 EBADF (Bad file number)
19:18:19.801754,1055,close(2528) = -1 EBADF (Bad file number)
19:18:19.802292,1055,close(2529) = -1 EBADF (Bad file number)
19:18:19.802824,1055,close(2530) = -1 EBADF (Bad file number)
19:18:19.803360,1055,close(2531) = -1 EBADF (Bad file number)
19:18:19.803889,1055,close(2532) = -1 EBADF (Bad file number)
19:18:19.804425,1055,close(2533) = -1 EBADF (Bad file number)
19:18:19.804960,1055,close(2534) = -1 EBADF (Bad file number)
19:18:19.824352,1055,close(2535 <unfinished ...>
19:18:19.824620,1028,<... nanosleep resumed> 0xaf4953e8) = 0
19:18:19.825032,1055,<... close resumed> ) = -1 EBADF (Bad file number)
19:18:19.836442,1028,nanosleep({0, 1000000}, <unfinished ...>
19:18:19.836769,1055,close(2536) = -1 EBADF (Bad file number)
19:18:19.837437,1055,close(2537) = -1 EBADF (Bad file number)
19:18:19.837967,1055,close(2538) = -1 EBADF (Bad file number)
19:18:19.838571,1055,close(2539 <unfinished ...>
19:18:19.838875,1028,<... nanosleep resumed> 0xaf4953e8) = 0
19:18:19.839164,1055,<... close resumed> ) = -1 EBADF (Bad file number)
19:18:19.839528,1028,nanosleep({0, 1000000}, <unfinished ...>
19:18:19.839897,1055,close(2540) = -1 EBADF (Bad file number)
19:18:19.840804,1055,close(2541) = -1 EBADF (Bad file number)
19:18:19.841347,1055,close(2542) = -1 EBADF (Bad file number)
19:18:19.841880,1055,close(2543) = -1 EBADF (Bad file number)
19:18:19.842417,1055,close(2544) = -1 EBADF (Bad file number)
19:18:19.842954,1055,close(2545) = -1 EBADF (Bad file number)
19:18:19.843488,1055,close(2546) = -1 EBADF (Bad file number)
19:18:19.844024,1055,close(2547) = -1 EBADF (Bad file number)
19:18:19.844667,1055,close(2548) = -1 EBADF (Bad file number)
19:18:19.845210,1055,close(2549) = -1 EBADF (Bad file number)
19:18:19.845697,1055,close(2550) = -1 EBADF (Bad file number)
19:18:19.846241,1055,close(2551) = -1 EBADF (Bad file number)
19:18:19.846727,1055,close(2552) = -1 EBADF (Bad file number)
19:18:19.847252,1055,close(2553) = -1 EBADF (Bad file number)
19:18:19.847739,1055,close(2554) = -1 EBADF (Bad file number)
19:18:19.848263,1055,close(2555) = -1 EBADF (Bad file number)
19:18:19.848750,1055,close(2556) = -1 EBADF (Bad file number)
19:18:19.849273,1055,close(2557) = -1 EBADF (Bad file number)
19:18:19.856886,1028,<... nanosleep resumed> 0xaf4953e8) = 0
19:18:19.857325,1055,close(2558 <unfinished ...>
19:18:19.857654,1028,nanosleep({0, 1000000}, <unfinished ...>
19:18:19.858056,1055,<... close resumed> ) = -1 EBADF (Bad file number)
19:18:19.858394,1055,close(2559) = -1 EBADF (Bad file number)
19:18:19.859025,1055,close(2560) = -1 EBADF (Bad file number)
19:18:19.859551,1055,close(2561) = -1 EBADF (Bad file number)
19:18:19.860077,1055,close(2562) = -1 EBADF (Bad file number)
19:18:19.860546,1055,close(2563) = -1 EBADF (Bad file number)
19:18:19.861069,1055,close(2564) = -1 EBADF (Bad file number)
19:18:19.861535,1055,close(2565) = -1 EBADF (Bad file number)
19:18:19.862152,1055,close(2566 <unfinished ...>
19:18:19.862430,1028,<... nanosleep resumed> 0xaf4953e8) = 0
19:18:19.862688,1055,<... close resumed> ) = -1 EBADF (Bad file number)
19:18:19.863125,1028,nanosleep({0, 1000000}, <unfinished ...>
19:18:19.863559,1055,close(2567) = -1 EBADF (Bad file number)
19:18:19.864153,1055,close(2568) = -1 EBADF (Bad file number)
19:18:19.864680,1055,close(2569) = -1 EBADF (Bad file number)
19:18:19.865214,1055,close(2570) = -1 EBADF (Bad file number)
19:18:19.865701,1055,close(2571) = -1 EBADF (Bad file number)
19:18:19.866243,1055,close(2572) = -1 EBADF (Bad file number)
19:18:19.880967,1028,<... nanosleep resumed> 0xaf4953e8) = 0
19:18:19.881313,1055,close(2573 <unfinished ...>
19:18:19.881711,1028,nanosleep({0, 1000000}, <unfinished ...>
19:18:19.882103,1055,<... close resumed> ) = -1 EBADF (Bad file number)
19:18:19.882435,1055,close(2574) = -1 EBADF (Bad file number)
19:18:19.882908,1055,close(2575) = -1 EBADF (Bad file number)
19:18:19.883420,1055,close(2576) = -1 EBADF (Bad file number)
19:18:19.883940,1055,close(2577) = -1 EBADF (Bad file number)
19:18:19.884436,1055,close(2578) = -1 EBADF (Bad file number)
19:18:19.884903,1055,close(2579) = -1 EBADF (Bad file number)
19:18:19.885424,1055,close(2580) = -1 EBADF (Bad file number)
19:18:19.885890,1055,close(2581) = -1 EBADF (Bad file number)
19:18:19.886394,1055,close(2582) = -1 EBADF (Bad file number)
19:18:19.886861,1055,close(2583) = -1 EBADF (Bad file number)
19:18:19.887331,1055,close(2584) = -1 EBADF (Bad file number)
19:18:19.887796,1055,close(2585) = -1 EBADF (Bad file number)
19:18:19.905126,1028,<... nanosleep resumed> 0xaf4953e8) = 0
19:18:19.905471,1055,close(2586 <unfinished ...>
19:18:19.905785,1028,nanosleep({0, 1000000}, <unfinished ...>
19:18:19.906172,1055,<... close resumed> ) = -1 EBADF (Bad file number)
19:18:19.932021,1055,close(2587 <unfinished ...>
19:18:19.932299,1028,<... nanosleep resumed> 0xaf4953e8) = 0
19:18:19.932775,1055,<... close resumed> ) = -1 EBADF (Bad file number)
19:18:19.933141,1028,nanosleep({0, 1000000}, <unfinished ...>
19:18:19.933490,1055,close(2588) = -1 EBADF (Bad file number)
19:18:19.934050,1055,close(2589) = -1 EBADF (Bad file number)
19:18:19.934522,1055,close(2590) = -1 EBADF (Bad file number)
19:18:19.935059,1055,close(2591) = -1 EBADF (Bad file number)
19:18:19.935527,1055,close(2592) = -1 EBADF (Bad file number)
19:18:19.936048,1055,close(2593) = -1 EBADF (Bad file number)
19:18:19.936514,1055,close(2594) = -1 EBADF (Bad file number)
19:18:19.937018,1055,close(2595) = -1 EBADF (Bad file number)
19:18:19.937518,1055,close(2596) = -1 EBADF (Bad file number)
19:18:19.946548,1028,<... nanosleep resumed> 0xaf4953e8) = 0
19:18:19.946873,1055,close(2597 <unfinished ...>
19:18:19.947244,1028,nanosleep({0, 1000000}, <unfinished ...>
19:18:19.947579,1055,<... close resumed> ) = -1 EBADF (Bad file number)
19:18:19.947923,1055,close(2598) = -1 EBADF (Bad file number)
19:18:19.948422,1055,close(2599) = -1 EBADF (Bad file number)
19:18:19.948977,1055,close(2600) = -1 EBADF (Bad file number)
19:18:19.949467,1055,close(2601) = -1 EBADF (Bad file number)
19:18:19.949961,1055,close(2602) = -1 EBADF (Bad file number)
19:18:19.950450,1055,close(2603) = -1 EBADF (Bad file number)
19:18:19.950942,1055,close(2604) = -1 EBADF (Bad file number)
19:18:19.951428,1055,close(2605) = -1 EBADF (Bad file number)
19:18:19.951945,1055,close(2606) = -1 EBADF (Bad file number)
19:18:19.952459,1055,close(2607) = -1 EBADF (Bad file number)
19:18:19.952983,1055,close(2608) = -1 EBADF (Bad file number)
19:18:19.953482,1055,close(2609) = -1 EBADF (Bad file number)
19:18:19.954006,1055,close(2610) = -1 EBADF (Bad file number)
19:18:19.954492,1055,close(2611) = -1 EBADF (Bad file number)
19:18:19.955016,1055,close(2612) = -1 EBADF (Bad file number)
19:18:19.955514,1055,close(2613) = -1 EBADF (Bad file number)
19:18:19.956079,1055,close(2614) = -1 EBADF (Bad file number)
19:18:19.956566,1055,close(2615 <unfinished ...>
19:18:19.957047,1028,<... nanosleep resumed> 0xaf4953e8) = 0
19:18:19.957364,1028,nanosleep({0, 1000000}, 0xaf4953e8) = 0
19:18:19.963216,1028,nanosleep({0, 1000000}, 0xaf4953e8) = 0
19:18:19.968044,1028,nanosleep({0, 1000000}, 0xaf4953e8) = 0
19:18:19.971570,1028,nanosleep({0, 1000000}, 0xaf4953e8) = 0
19:18:19.973437,1028,nanosleep({0, 1000000}, 0xaf4953e8) = 0
19:18:19.987052,1055,<... close resumed> ) = -1 EBADF (Bad file number)
19:18:19.987931,1028,nanosleep({0, 1000000}, <unfinished ...>
19:18:19.988444,1055,close(2616) = -1 EBADF (Bad file number)
19:18:19.989092,1055,close(2617) = -1 EBADF (Bad file number)
19:18:19.989609,1055,close(2618) = -1 EBADF (Bad file number)
19:18:19.990198,1055,close(2619 <unfinished ...>
19:18:19.990562,1028,<... nanosleep resumed> 0xaf4953e8) = 0
19:18:19.990824,1055,<... close resumed> ) = -1 EBADF (Bad file number)
19:18:19.991188,1028,nanosleep({0, 1000000}, <unfinished ...>
19:18:19.991530,1055,close(2620) = -1 EBADF (Bad file number)
19:18:19.992112,1055,close(2621) = -1 EBADF (Bad file number)
19:18:19.992580,1055,close(2622) = -1 EBADF (Bad file number)
19:18:19.993095,1055,close(2623 <unfinished ...>
19:18:19.993505,1028,<... nanosleep resumed> 0xaf4953e8) = 0
19:18:19.993766,1055,<... close resumed> ) = -1 EBADF (Bad file number)
19:18:19.994115,1028,nanosleep({0, 1000000}, <unfinished ...>
19:18:19.994485,1055,close(2624) = -1 EBADF (Bad file number)
19:18:19.995070,1055,close(2625) = -1 EBADF (Bad file number)
19:18:19.995594,1055,close(2626) = -1 EBADF (Bad file number)
19:18:19.996133,1055,close(2627) = -1 EBADF (Bad file number)
19:18:19.996601,1055,close(2628) = -1 EBADF (Bad file number)
19:18:19.997124,1055,close(2629) = -1 EBADF (Bad file number)
19:18:19.997602,1055,close(2630) = -1 EBADF (Bad file number)
19:18:19.998149,1055,close(2631) = -1 EBADF (Bad file number)
19:18:19.998628,1055,close(2632) = -1 EBADF (Bad file number)
19:18:19.999151,1055,close(2633) = -1 EBADF (Bad file number)
19:18:19.999615,1055,close(2634) = -1 EBADF (Bad file number)
19:18:20.000135,1055,close(2635) = -1 EBADF (Bad file number)
19:18:20.000609,1055,close(2636) = -1 EBADF (Bad file number)
19:18:20.001117,1055,close(2637) = -1 EBADF (Bad file number)
19:18:20.007034,1055,close(2638 <unfinished ...>
19:18:20.007343,1028,<... nanosleep resumed> 0xaf4953e8) = 0
19:18:20.007619,1055,<... close resumed> ) = -1 EBADF (Bad file number)
19:18:20.008056,1028,nanosleep({0, 1000000}, <unfinished ...>
19:18:20.008400,1055,close(2639) = -1 EBADF (Bad file number)
19:18:20.008988,1055,close(2640) = -1 EBADF (Bad file number)
19:18:20.009484,1055,close(2641) = -1 EBADF (Bad file number)
19:18:20.009977,1055,close(2642) = -1 EBADF (Bad file number)
19:18:20.010468,1055,close(2643) = -1 EBADF (Bad file number)
19:18:20.011014,1055,close(2644) = -1 EBADF (Bad file number)
19:18:20.011480,1055,close(2645) = -1 EBADF (Bad file number)
19:18:20.011971,1055,close(2646) = -1 EBADF (Bad file number)
19:18:20.012540,1028,<... nanosleep resumed> 0xaf4953e8) = 0
19:18:20.012823,1055,close(2647 <unfinished ...>
19:18:20.013182,1028,nanosleep({0, 1000000}, <unfinished ...>
19:18:20.013501,1055,<... close resumed> ) = -1 EBADF (Bad file number)
19:18:20.013831,1055,close(2648) = -1 EBADF (Bad file number)
19:18:20.014422,1055,close(2649) = -1 EBADF (Bad file number)
19:18:20.014889,1055,close(2650) = -1 EBADF (Bad file number)
19:18:20.015409,1055,close(2651) = -1 EBADF (Bad file number)
19:18:20.015874,1055,close(2652 <unfinished ...>
19:18:20.027616,1028,<... nanosleep resumed> 0xaf4953e8) = 0
19:18:20.027910,1055,<... close resumed> ) = -1 EBADF (Bad file number)
19:18:20.028250,1028,nanosleep({0, 1000000}, <unfinished ...>
19:18:20.028634,1055,close(2653) = -1 EBADF (Bad file number)
19:18:20.029173,1055,close(2654) = -1 EBADF (Bad file number)
19:18:20.029654,1055,close(2655) = -1 EBADF (Bad file number)
19:18:20.030140,1055,close(2656) = -1 EBADF (Bad file number)
19:18:20.030645,1055,close(2657) = -1 EBADF (Bad file number)
19:18:20.031129,1055,close(2658) = -1 EBADF (Bad file number)
19:18:20.031606,1055,close(2659) = -1 EBADF (Bad file number)
19:18:20.032090,1055,close(2660) = -1 EBADF (Bad file number)
19:18:20.032568,1055,close(2661) = -1 EBADF (Bad file number)
19:18:20.033066,1055,close(2662) = -1 EBADF (Bad file number)
19:18:20.033555,1055,close(2663) = -1 EBADF (Bad file number)
19:18:20.034060,1055,close(2664) = -1 EBADF (Bad file number)
19:18:20.034537,1055,close(2665) = -1 EBADF (Bad file number)
19:18:20.035018,1055,close(2666) = -1 EBADF (Bad file number)
19:18:20.035492,1055,close(2667) = -1 EBADF (Bad file number)
19:18:20.036006,1055,close(2668) = -1 EBADF (Bad file number)
19:18:20.036483,1055,close(2669) = -1 EBADF (Bad file number)
19:18:20.036964,1055,close(2670) = -1 EBADF (Bad file number)
19:18:20.037441,1055,close(2671) = -1 EBADF (Bad file number)
19:18:20.037944,1055,close(2672) = -1 EBADF (Bad file number)
19:18:20.038435,1055,close(2673) = -1 EBADF (Bad file number)
19:18:20.050177,1028,<... nanosleep resumed> 0xaf4953e8) = 0
19:18:20.050505,1055,close(2674 <unfinished ...>
19:18:20.050819,1028,nanosleep({0, 1000000}, <unfinished ...>
19:18:20.051145,1055,<... close resumed> ) = -1 EBADF (Bad file number)
19:18:20.051476,1055,close(2675) = -1 EBADF (Bad file number)
19:18:20.052014,1055,close(2676) = -1 EBADF (Bad file number)
19:18:20.052483,1055,close(2677) = -1 EBADF (Bad file number)
19:18:20.052955,1055,close(2678) = -1 EBADF (Bad file number)
19:18:20.053420,1055,close(2679) = -1 EBADF (Bad file number)
19:18:20.053887,1055,close(2680) = -1 EBADF (Bad file number)
19:18:20.054382,1055,close(2681) = -1 EBADF (Bad file number)
19:18:20.054858,1055,close(2682) = -1 EBADF (Bad file number)
19:18:20.055341,1055,close(2683) = -1 EBADF (Bad file number)
19:18:20.055819,1055,close(2684) = -1 EBADF (Bad file number)
19:18:20.056486,1055,close(2685) = -1 EBADF (Bad file number)
19:18:20.071431,1028,<... nanosleep resumed> 0xaf4953e8) = 0
19:18:20.071758,1032,<... futex resumed> ) = -1 ETIMEDOUT (Connection timed out)
19:18:20.072105,1027,<... futex resumed> ) = -1 ETIMEDOUT (Connection timed out)
19:18:20.072428,1055,close(2686 <unfinished ...>
19:18:20.072757,1028,nanosleep({0, 1000000}, <unfinished ...>
19:18:20.073253,1032,futex(0xb689b58c, FUTEX_WAIT_PRIVATE, -450, NULL <unfinished ...>
19:18:20.073593,1027,futex(0xb689b58c, FUTEX_WAIT_PRIVATE, -450, NULL <unfinished ...>
19:18:20.073920,1055,<... close resumed> ) = -1 EBADF (Bad file number)
19:18:20.074310,1055,close(2687) = -1 EBADF (Bad file number)
19:18:20.074804,1055,close(2688) = -1 EBADF (Bad file number)
19:18:20.075343,1055,close(2689) = -1 EBADF (Bad file number)
19:18:20.075831,1055,close(2690) = -1 EBADF (Bad file number)
19:18:20.076357,1055,close(2691) = -1 EBADF (Bad file number)
19:18:20.076843,1055,close(2692) = -1 EBADF (Bad file number)
19:18:20.077360,1055,close(2693) = -1 EBADF (Bad file number)
19:18:20.077859,1055,close(2694) = -1 EBADF (Bad file number)
19:18:20.078396,1055,close(2695) = -1 EBADF (Bad file number)
19:18:20.078894,1055,close(2696) = -1 EBADF (Bad file number)
19:18:20.079398,1055,close(2697) = -1 EBADF (Bad file number)
19:18:20.079895,1055,close(2698) = -1 EBADF (Bad file number)
19:18:20.080396,1055,close(2699) = -1 EBADF (Bad file number)
19:18:20.080893,1055,close(2700) = -1 EBADF (Bad file number)
19:18:20.081397,1055,close(2701) = -1 EBADF (Bad file number)
19:18:20.081894,1055,close(2702) = -1 EBADF (Bad file number)
19:18:20.082396,1055,close(2703 <unfinished ...>
19:18:20.086095,1028,<... nanosleep resumed> 0xaf4953e8) = 0
19:18:20.086445,1055,<... close resumed> ) = -1 EBADF (Bad file number)
19:18:20.086853,1028,nanosleep({0, 1000000}, <unfinished ...>
19:18:20.087284,1055,close(2704) = -1 EBADF (Bad file number)
19:18:20.087812,1055,close(2705) = -1 EBADF (Bad file number)
19:18:20.088779,1028,<... nanosleep resumed> 0xaf4953e8) = 0
19:18:20.089225,1055,close(2706 <unfinished ...>
19:18:20.089550,1028,nanosleep({0, 1000000}, <unfinished ...>
19:18:20.089893,1055,<... close resumed> ) = -1 EBADF (Bad file number)
19:18:20.090349,1055,close(2707) = -1 EBADF (Bad file number)
19:18:20.091056,1055,close(2708) = -1 EBADF (Bad file number)
19:18:20.091646,1028,<... nanosleep resumed> 0xaf4953e8) = 0
19:18:20.091982,1055,close(2709 <unfinished ...>
19:18:20.092414,1028,nanosleep({0, 1000000}, <unfinished ...>
19:18:20.092894,1055,<... close resumed> ) = -1 EBADF (Bad file number)
19:18:20.093398,1055,close(2710) = -1 EBADF (Bad file number)
19:18:20.093926,1055,close(2711) = -1 EBADF (Bad file number)
19:18:20.094508,1055,close(2712 <unfinished ...>
19:18:20.095107,1028,<... nanosleep resumed> 0xaf4953e8) = 0
19:18:20.095404,1055,<... close resumed> ) = -1 EBADF (Bad file number)
19:18:20.095735,1028,nanosleep({0, 1000000}, <unfinished ...>
19:18:20.096411,1055,close(2713) = -1 EBADF (Bad file number)
19:18:20.097023,1055,close(2714) = -1 EBADF (Bad file number)
19:18:20.097514,1055,close(2715) = -1 EBADF (Bad file number)
19:18:20.098067,1055,close(2716) = -1 EBADF (Bad file number)
19:18:20.105999,1055,close(2717 <unfinished ...>
19:18:20.106346,1028,<... nanosleep resumed> 0xaf4953e8) = 0
19:18:20.106722,1055,<... close resumed> ) = -1 EBADF (Bad file number)
19:18:20.107124,1028,nanosleep({0, 1000000}, <unfinished ...>
19:18:20.107490,1055,close(2718) = -1 EBADF (Bad file number)
19:18:20.108131,1055,close(2719) = -1 EBADF (Bad file number)
19:18:20.108631,1055,close(2720) = -1 EBADF (Bad file number)
19:18:20.109227,1055,close(2721 <unfinished ...>
19:18:20.109520,1028,<... nanosleep resumed> 0xaf4953e8) = 0
19:18:20.109792,1055,<... close resumed> ) = -1 EBADF (Bad file number)
19:18:20.110210,1028,nanosleep({0, 1000000}, <unfinished ...>
19:18:20.110689,1055,close(2722) = -1 EBADF (Bad file number)
19:18:20.111335,1055,close(2723) = -1 EBADF (Bad file number)
19:18:20.111832,1055,close(2724) = -1 EBADF (Bad file number)
19:18:20.112448,1028,<... nanosleep resumed> 0xaf4953e8) = 0
19:18:20.112750,1055,close(2725 <unfinished ...>
19:18:20.113134,1028,nanosleep({0, 1000000}, <unfinished ...>
19:18:20.113465,1055,<... close resumed> ) = -1 EBADF (Bad file number)
19:18:20.113845,1055,close(2726) = -1 EBADF (Bad file number)
19:18:20.114405,1055,close(2727) = -1 EBADF (Bad file number)
19:18:20.115050,1055,close(2728 <unfinished ...>
19:18:20.115407,1028,<... nanosleep resumed> 0xaf4953e8) = 0
19:18:20.115681,1055,<... close resumed> ) = -1 EBADF (Bad file number)
19:18:20.116044,1028,nanosleep({0, 1000000}, <unfinished ...>
19:18:20.126430,1055,close(2729) = -1 EBADF (Bad file number)
19:18:20.127100,1055,close(2730) = -1 EBADF (Bad file number)
19:18:20.127576,1055,close(2731) = -1 EBADF (Bad file number)
19:18:20.128172,1055,close(2732 <unfinished ...>
19:18:20.128625,1028,<... nanosleep resumed> 0xaf4953e8) = 0
19:18:20.128915,1055,<... close resumed> ) = -1 EBADF (Bad file number)
19:18:20.129294,1028,nanosleep({0, 1000000}, <unfinished ...>
19:18:20.129802,1055,close(2733) = -1 EBADF (Bad file number)
19:18:20.130607,1055,close(2734) = -1 EBADF (Bad file number)
19:18:20.131161,1055,close(2735) = -1 EBADF (Bad file number)
19:18:20.131631,1055,close(2736) = -1 EBADF (Bad file number)
19:18:20.132147,1055,close(2737) = -1 EBADF (Bad file number)
19:18:20.132633,1055,close(2738) = -1 EBADF (Bad file number)
19:18:20.133163,1055,close(2739 <unfinished ...>
19:18:20.133526,1028,<... nanosleep resumed> 0xaf4953e8) = 0
19:18:20.133791,1055,<... close resumed> ) = -1 EBADF (Bad file number)
19:18:20.134260,1028,nanosleep({0, 1000000}, <unfinished ...>
19:18:20.134801,1055,close(2740) = -1 EBADF (Bad file number)
19:18:20.135429,1055,close(2741) = -1 EBADF (Bad file number)
19:18:20.135898,1055,close(2742) = -1 EBADF (Bad file number)
19:18:20.136459,1055,close(2743) = -1 EBADF (Bad file number)
19:18:20.137050,1055,close(2744) = -1 EBADF (Bad file number)
19:18:20.137567,1055,close(2745) = -1 EBADF (Bad file number)
19:18:20.138157,1055,close(2746) = -1 EBADF (Bad file number)
19:18:20.146138,1055,close(2747 <unfinished ...>
19:18:20.146392,1028,<... nanosleep resumed> 0xaf4953e8) = 0
19:18:20.146688,1055,<... close resumed> ) = -1 EBADF (Bad file number)
19:18:20.147070,1028,nanosleep({0, 1000000}, <unfinished ...>
19:18:20.147440,1055,close(2748) = -1 EBADF (Bad file number)
19:18:20.148174,1055,close(2749) = -1 EBADF (Bad file number)
19:18:20.148673,1055,close(2750) = -1 EBADF (Bad file number)
19:18:20.149175,1055,close(2751) = -1 EBADF (Bad file number)
19:18:20.149670,1055,close(2752) = -1 EBADF (Bad file number)
19:18:20.150271,1028,<... nanosleep resumed> 0xaf4953e8) = 0
19:18:20.150613,1055,close(2753 <unfinished ...>
19:18:20.150941,1028,nanosleep({0, 1000000}, <unfinished ...>
19:18:20.151369,1055,<... close resumed> ) = -1 EBADF (Bad file number)
19:18:20.151728,1055,close(2754) = -1 EBADF (Bad file number)
19:18:20.152307,1055,close(2755) = -1 EBADF (Bad file number)
19:18:20.152807,1055,close(2756) = -1 EBADF (Bad file number)
19:18:20.153364,1055,close(2757) = -1 EBADF (Bad file number)
19:18:20.153879,1055,close(2758 <unfinished ...>
19:18:20.154280,1028,<... nanosleep resumed> 0xaf4953e8) = 0
19:18:20.155024,1055,<... close resumed> ) = -1 EBADF (Bad file number)
19:18:20.155407,1028,nanosleep({0, 1000000}, <unfinished ...>
19:18:20.155783,1055,close(2759) = -1 EBADF (Bad file number)
19:18:20.156374,1055,close(2760) = -1 EBADF (Bad file number)
19:18:20.156880,1055,close(2761) = -1 EBADF (Bad file number)
19:18:20.157435,1055,close(2762) = -1 EBADF (Bad file number)
19:18:20.157922,1055,close(2763) = -1 EBADF (Bad file number)
19:18:20.166278,1055,close(2764 <unfinished ...>
19:18:20.166513,1028,<... nanosleep resumed> 0xaf4953e8) = 0
19:18:20.166788,1055,<... close resumed> ) = -1 EBADF (Bad file number)
19:18:20.167178,1028,nanosleep({0, 1000000}, <unfinished ...>
19:18:20.167525,1055,close(2765) = -1 EBADF (Bad file number)
19:18:20.168111,1055,close(2766) = -1 EBADF (Bad file number)
19:18:20.168629,1055,close(2767) = -1 EBADF (Bad file number)
19:18:20.169156,1055,close(2768) = -1 EBADF (Bad file number)
19:18:20.169761,1055,close(2769 <unfinished ...>
19:18:20.170095,1028,<... nanosleep resumed> 0xaf4953e8) = 0
19:18:20.170384,1055,<... close resumed> ) = -1 EBADF (Bad file number)
19:18:20.170691,1028,nanosleep({0, 1000000}, <unfinished ...>
19:18:20.171068,1055,close(2770) = -1 EBADF (Bad file number)
19:18:20.171905,1055,close(2771) = -1 EBADF (Bad file number)
19:18:20.172426,1055,close(2772) = -1 EBADF (Bad file number)
19:18:20.172893,1055,close(2773) = -1 EBADF (Bad file number)
19:18:20.173398,1055,close(2774) = -1 EBADF (Bad file number)
19:18:20.173893,1055,close(2775) = -1 EBADF (Bad file number)
19:18:20.174383,1055,close(2776) = -1 EBADF (Bad file number)
19:18:20.174848,1055,close(2777) = -1 EBADF (Bad file number)
19:18:20.175352,1055,close(2778) = -1 EBADF (Bad file number)
19:18:20.175816,1055,close(2779) = -1 EBADF (Bad file number)
19:18:20.176320,1055,close(2780) = -1 EBADF (Bad file number)
19:18:20.176786,1055,close(2781) = -1 EBADF (Bad file number)
19:18:20.177255,1055,close(2782) = -1 EBADF (Bad file number)
19:18:20.177719,1055,close(2783) = -1 EBADF (Bad file number)
19:18:20.178210,1055,close(2784) = -1 EBADF (Bad file number)
19:18:20.178746,1055,close(2785) = -1 EBADF (Bad file number)
19:18:20.179236,1055,close(2786) = -1 EBADF (Bad file number)
19:18:20.179700,1055,close(2787) = -1 EBADF (Bad file number)
19:18:20.180190,1055,close(2788) = -1 EBADF (Bad file number)
19:18:20.180668,1055,close(2789) = -1 EBADF (Bad file number)
19:18:20.181189,1055,close(2790) = -1 EBADF (Bad file number)
19:18:20.181653,1055,close(2791) = -1 EBADF (Bad file number)
19:18:20.182174,1055,close(2792) = -1 EBADF (Bad file number)
19:18:20.182651,1055,close(2793) = -1 EBADF (Bad file number)
19:18:20.183164,1055,close(2794) = -1 EBADF (Bad file number)
19:18:20.183640,1055,close(2795) = -1 EBADF (Bad file number)
19:18:20.184154,1055,close(2796) = -1 EBADF (Bad file number)
19:18:20.184630,1055,close(2797) = -1 EBADF (Bad file number)
19:18:20.185144,1055,close(2798) = -1 EBADF (Bad file number)
19:18:20.185619,1055,close(2799) = -1 EBADF (Bad file number)
19:18:20.186134,1055,close(2800) = -1 EBADF (Bad file number)
19:18:20.215434,1028,<... nanosleep resumed> 0xaf4953e8) = 0
19:18:20.215801,1055,close(2801 <unfinished ...>
19:18:20.216167,1028,nanosleep({0, 1000000}, <unfinished ...>
19:18:20.216521,1055,<... close resumed> ) = -1 EBADF (Bad file number)
19:18:20.216874,1055,close(2802) = -1 EBADF (Bad file number)
19:18:20.217401,1055,close(2803) = -1 EBADF (Bad file number)
19:18:20.231275,1055,close(2804 <unfinished ...>
19:18:20.231505,1028,<... nanosleep resumed> 0xaf4953e8) = 0
19:18:20.231795,1055,<... close resumed> ) = -1 EBADF (Bad file number)
19:18:20.232142,1028,nanosleep({0, 1000000}, <unfinished ...>
19:18:20.232495,1055,close(2805) = -1 EBADF (Bad file number)
19:18:20.233097,1055,close(2806) = -1 EBADF (Bad file number)
19:18:20.233581,1055,close(2807) = -1 EBADF (Bad file number)
19:18:20.234101,1055,close(2808) = -1 EBADF (Bad file number)
19:18:20.234582,1055,close(2809) = -1 EBADF (Bad file number)
19:18:20.235147,1055,close(2810) = -1 EBADF (Bad file number)
19:18:20.235615,1055,close(2811) = -1 EBADF (Bad file number)
19:18:20.252613,1028,<... nanosleep resumed> 0xaf4953e8) = 0
19:18:20.253324,1055,close(2812 <unfinished ...>
19:18:20.253639,1028,nanosleep({0, 1000000}, <unfinished ...>
19:18:20.254525,1055,<... close resumed> ) = -1 EBADF (Bad file number)
19:18:20.255158,1055,close(2813) = -1 EBADF (Bad file number)
19:18:20.256983,1055,close(2814 <unfinished ...>
19:18:20.277134,1028,<... nanosleep resumed> 0xaf4953e8) = 0
19:18:20.278572,1055,<... close resumed> ) = -1 EBADF (Bad file number)
19:18:20.278962,1028,nanosleep({0, 1000000}, <unfinished ...>
19:18:20.279342,1055,close(2815) = -1 EBADF (Bad file number)
19:18:20.279862,1055,close(2816) = -1 EBADF (Bad file number)
19:18:20.280390,1055,close(2817) = -1 EBADF (Bad file number)
19:18:20.280858,1055,close(2818) = -1 EBADF (Bad file number)
19:18:20.281406,1055,close(2819) = -1 EBADF (Bad file number)
19:18:20.281872,1055,close(2820) = -1 EBADF (Bad file number)
19:18:20.282395,1055,close(2821) = -1 EBADF (Bad file number)
19:18:20.282860,1055,close(2822) = -1 EBADF (Bad file number)
19:18:20.283381,1055,close(2823) = -1 EBADF (Bad file number)
19:18:20.283847,1055,close(2824) = -1 EBADF (Bad file number)
19:18:20.284352,1055,close(2825) = -1 EBADF (Bad file number)
19:18:20.284816,1055,close(2826) = -1 EBADF (Bad file number)
19:18:20.285341,1055,close(2827) = -1 EBADF (Bad file number)
19:18:20.285819,1055,close(2828) = -1 EBADF (Bad file number)
19:18:20.286337,1055,close(2829) = -1 EBADF (Bad file number)
19:18:20.286801,1055,close(2830) = -1 EBADF (Bad file number)
19:18:20.287303,1055,close(2831) = -1 EBADF (Bad file number)
19:18:20.287769,1055,close(2832) = -1 EBADF (Bad file number)
19:18:20.288294,1055,close(2833) = -1 EBADF (Bad file number)
19:18:20.288810,1055,close(2834) = -1 EBADF (Bad file number)
19:18:20.289330,1055,close(2835) = -1 EBADF (Bad file number)
19:18:20.289796,1055,close(2836) = -1 EBADF (Bad file number)
19:18:20.290309,1055,close(2837) = -1 EBADF (Bad file number)
19:18:20.290786,1055,close(2838) = -1 EBADF (Bad file number)
19:18:20.291294,1055,close(2839) = -1 EBADF (Bad file number)
19:18:20.291759,1055,close(2840) = -1 EBADF (Bad file number)
19:18:20.292263,1055,close(2841) = -1 EBADF (Bad file number)
19:18:20.292727,1055,close(2842) = -1 EBADF (Bad file number)
19:18:20.293256,1055,close(2843) = -1 EBADF (Bad file number)
19:18:20.293747,1055,close(2844) = -1 EBADF (Bad file number)
19:18:20.294263,1055,close(2845) = -1 EBADF (Bad file number)
19:18:20.304308,1028,<... nanosleep resumed> 0xaf4953e8) = 0
19:18:20.304628,1055,close(2846 <unfinished ...>
19:18:20.304979,1028,nanosleep({0, 1000000}, <unfinished ...>
19:18:20.305326,1055,<... close resumed> ) = -1 EBADF (Bad file number)
19:18:20.305660,1055,close(2847) = -1 EBADF (Bad file number)
19:18:20.306270,1055,close(2848) = -1 EBADF (Bad file number)
19:18:20.306867,1055,close(2849) = -1 EBADF (Bad file number)
19:18:20.307411,1055,close(2850) = -1 EBADF (Bad file number)
19:18:20.307898,1055,close(2851) = -1 EBADF (Bad file number)
19:18:20.308391,1055,close(2852) = -1 EBADF (Bad file number)
19:18:20.308879,1055,close(2853) = -1 EBADF (Bad file number)
19:18:20.309394,1055,close(2854) = -1 EBADF (Bad file number)
19:18:20.309907,1055,close(2855) = -1 EBADF (Bad file number)
19:18:20.310399,1055,close(2856) = -1 EBADF (Bad file number)
19:18:20.310887,1055,close(2857) = -1 EBADF (Bad file number)
19:18:20.311377,1055,close(2858) = -1 EBADF (Bad file number)
19:18:20.311863,1055,close(2859) = -1 EBADF (Bad file number)
19:18:20.312379,1055,close(2860) = -1 EBADF (Bad file number)
19:18:20.312881,1055,close(2861) = -1 EBADF (Bad file number)
19:18:20.313388,1055,close(2862) = -1 EBADF (Bad file number)
19:18:20.313875,1055,close(2863) = -1 EBADF (Bad file number)
19:18:20.314393,1055,close(2864) = -1 EBADF (Bad file number)
19:18:20.314894,1055,close(2865) = -1 EBADF (Bad file number)
19:18:20.315399,1055,close(2866) = -1 EBADF (Bad file number)
19:18:20.315900,1055,close(2867) = -1 EBADF (Bad file number)
19:18:20.316441,1055,close(2868 <unfinished ...>
19:18:20.343651,1028,<... nanosleep resumed> 0xaf4953e8) = 0
19:18:20.344050,1055,<... close resumed> ) = -1 EBADF (Bad file number)
19:18:20.344391,1028,nanosleep({0, 1000000}, <unfinished ...>
19:18:20.344758,1055,close(2869) = -1 EBADF (Bad file number)
19:18:20.345328,1055,close(2870) = -1 EBADF (Bad file number)
19:18:20.345821,1055,close(2871) = -1 EBADF (Bad file number)
19:18:20.346391,1055,close(2872) = -1 EBADF (Bad file number)
19:18:20.346913,1055,close(2873) = -1 EBADF (Bad file number)
19:18:20.347437,1055,close(2874) = -1 EBADF (Bad file number)
19:18:20.347989,1055,close(2875) = -1 EBADF (Bad file number)
19:18:20.348477,1055,close(2876) = -1 EBADF (Bad file number)
19:18:20.349005,1055,close(2877) = -1 EBADF (Bad file number)
19:18:20.349491,1055,close(2878) = -1 EBADF (Bad file number)
19:18:20.350015,1055,close(2879) = -1 EBADF (Bad file number)
19:18:20.350502,1055,close(2880) = -1 EBADF (Bad file number)
19:18:20.351027,1055,close(2881) = -1 EBADF (Bad file number)
19:18:20.351513,1055,close(2882) = -1 EBADF (Bad file number)
19:18:20.352037,1055,close(2883) = -1 EBADF (Bad file number)
19:18:20.352523,1055,close(2884) = -1 EBADF (Bad file number)
19:18:20.353049,1055,close(2885) = -1 EBADF (Bad file number)
19:18:20.353533,1055,close(2886) = -1 EBADF (Bad file number)
19:18:20.354071,1055,close(2887) = -1 EBADF (Bad file number)
19:18:20.354598,1055,close(2888) = -1 EBADF (Bad file number)
19:18:20.355132,1055,close(2889) = -1 EBADF (Bad file number)
19:18:20.355618,1055,close(2890) = -1 EBADF (Bad file number)
19:18:20.356142,1055,close(2891) = -1 EBADF (Bad file number)
19:18:20.356629,1055,close(2892) = -1 EBADF (Bad file number)
19:18:20.357139,1055,close(2893) = -1 EBADF (Bad file number)
19:18:20.357639,1055,close(2894) = -1 EBADF (Bad file number)
19:18:20.358142,1055,close(2895) = -1 EBADF (Bad file number)
19:18:20.358641,1055,close(2896) = -1 EBADF (Bad file number)
19:18:20.359164,1055,close(2897) = -1 EBADF (Bad file number)
19:18:20.359677,1055,close(2898) = -1 EBADF (Bad file number)
19:18:20.360182,1055,close(2899 <unfinished ...>
19:18:20.391095,1028,<... nanosleep resumed> 0xaf4953e8) = 0
19:18:20.392063,1055,<... close resumed> ) = -1 EBADF (Bad file number)
19:18:20.392396,1028,nanosleep({0, 1000000}, <unfinished ...>
19:18:20.392749,1055,close(2900) = -1 EBADF (Bad file number)
19:18:20.393388,1055,close(2901) = -1 EBADF (Bad file number)
19:18:20.393893,1055,close(2902) = -1 EBADF (Bad file number)
19:18:20.394414,1055,close(2903) = -1 EBADF (Bad file number)
19:18:20.396403,1028,<... nanosleep resumed> 0xaf4953e8) = 0
19:18:20.396713,1055,close(2904 <unfinished ...>
19:18:20.397095,1028,nanosleep({0, 1000000}, <unfinished ...>
19:18:20.397412,1055,<... close resumed> ) = -1 EBADF (Bad file number)
19:18:20.397955,1055,close(2905) = -1 EBADF (Bad file number)
19:18:20.398534,1055,close(2906) = -1 EBADF (Bad file number)
19:18:20.399083,1055,close(2907) = -1 EBADF (Bad file number)
19:18:20.399588,1055,close(2908) = -1 EBADF (Bad file number)
19:18:20.400136,1055,close(2909) = -1 EBADF (Bad file number)
19:18:20.400604,1055,close(2910) = -1 EBADF (Bad file number)
19:18:20.401139,1055,close(2911) = -1 EBADF (Bad file number)
19:18:20.401606,1055,close(2912) = -1 EBADF (Bad file number)
19:18:20.402117,1055,close(2913) = -1 EBADF (Bad file number)
19:18:20.402582,1055,close(2914) = -1 EBADF (Bad file number)
19:18:20.403106,1055,close(2915) = -1 EBADF (Bad file number)
19:18:20.403585,1055,close(2916) = -1 EBADF (Bad file number)
19:18:20.404118,1055,close(2917) = -1 EBADF (Bad file number)
19:18:20.404583,1055,close(2918) = -1 EBADF (Bad file number)
19:18:20.405104,1055,close(2919) = -1 EBADF (Bad file number)
19:18:20.405570,1055,close(2920) = -1 EBADF (Bad file number)
19:18:20.406092,1055,close(2921) = -1 EBADF (Bad file number)
19:18:20.406557,1055,close(2922) = -1 EBADF (Bad file number)
19:18:20.407060,1055,close(2923) = -1 EBADF (Bad file number)
19:18:20.407525,1055,close(2924) = -1 EBADF (Bad file number)
19:18:20.408030,1055,close(2925) = -1 EBADF (Bad file number)
19:18:20.408507,1055,close(2926) = -1 EBADF (Bad file number)
19:18:20.409021,1055,close(2927) = -1 EBADF (Bad file number)
19:18:20.409499,1055,close(2928) = -1 EBADF (Bad file number)
19:18:20.409996,1055,close(2929) = -1 EBADF (Bad file number)
19:18:20.410461,1055,close(2930) = -1 EBADF (Bad file number)
19:18:20.410925,1055,close(2931) = -1 EBADF (Bad file number)
19:18:20.411422,1055,close(2932) = -1 EBADF (Bad file number)
19:18:20.411901,1055,close(2933) = -1 EBADF (Bad file number)
19:18:20.412385,1055,close(2934) = -1 EBADF (Bad file number)
19:18:20.412862,1055,close(2935) = -1 EBADF (Bad file number)
19:18:20.413345,1055,close(2936) = -1 EBADF (Bad file number)
19:18:20.413823,1055,close(2937) = -1 EBADF (Bad file number)
19:18:20.414306,1055,close(2938 <unfinished ...>
19:18:20.423511,1028,<... nanosleep resumed> 0xaf4953e8) = 0
19:18:20.423816,1055,<... close resumed> ) = -1 EBADF (Bad file number)
19:18:20.424217,1028,nanosleep({0, 1000000}, <unfinished ...>
19:18:20.424568,1055,close(2939) = -1 EBADF (Bad file number)
19:18:20.425142,1055,close(2940) = -1 EBADF (Bad file number)
19:18:20.425615,1055,close(2941) = -1 EBADF (Bad file number)
19:18:20.426162,1055,close(2942) = -1 EBADF (Bad file number)
19:18:20.426629,1055,close(2943) = -1 EBADF (Bad file number)
19:18:20.427134,1055,close(2944) = -1 EBADF (Bad file number)
19:18:20.427602,1055,close(2945) = -1 EBADF (Bad file number)
19:18:20.428109,1055,close(2946) = -1 EBADF (Bad file number)
19:18:20.428587,1055,close(2947) = -1 EBADF (Bad file number)
19:18:20.429101,1055,close(2948) = -1 EBADF (Bad file number)
19:18:20.429567,1055,close(2949) = -1 EBADF (Bad file number)
19:18:20.430070,1055,close(2950) = -1 EBADF (Bad file number)
19:18:20.430534,1055,close(2951) = -1 EBADF (Bad file number)
19:18:20.431039,1055,close(2952) = -1 EBADF (Bad file number)
19:18:20.431516,1055,close(2953) = -1 EBADF (Bad file number)
19:18:20.432066,1055,close(2954) = -1 EBADF (Bad file number)
19:18:20.432548,1055,close(2955) = -1 EBADF (Bad file number)
19:18:20.433105,1055,close(2956 <unfinished ...>
19:18:20.450692,1028,<... nanosleep resumed> 0xaf4953e8) = 0
19:18:20.450996,1055,<... close resumed> ) = -1 EBADF (Bad file number)
19:18:20.451319,1028,nanosleep({0, 1000000}, <unfinished ...>
19:18:20.451667,1055,close(2957) = -1 EBADF (Bad file number)
19:18:20.452215,1055,close(2958) = -1 EBADF (Bad file number)
19:18:20.452698,1055,close(2959) = -1 EBADF (Bad file number)
19:18:20.453186,1055,close(2960) = -1 EBADF (Bad file number)
19:18:20.453668,1055,close(2961) = -1 EBADF (Bad file number)
19:18:20.454172,1055,close(2962) = -1 EBADF (Bad file number)
19:18:20.454664,1055,close(2963) = -1 EBADF (Bad file number)
19:18:20.455168,1055,close(2964) = -1 EBADF (Bad file number)
19:18:20.455819,1055,close(2965 <unfinished ...>
19:18:20.456181,1028,<... nanosleep resumed> 0xaf4953e8) = 0
19:18:20.456441,1055,<... close resumed> ) = -1 EBADF (Bad file number)
19:18:20.456747,1028,nanosleep({0, 1000000}, <unfinished ...>
19:18:20.457164,1055,close(2966) = -1 EBADF (Bad file number)
19:18:20.457673,1055,close(2967) = -1 EBADF (Bad file number)
19:18:20.458183,1055,close(2968) = -1 EBADF (Bad file number)
19:18:20.458651,1055,close(2969) = -1 EBADF (Bad file number)
19:18:20.459156,1055,close(2970) = -1 EBADF (Bad file number)
19:18:20.459643,1055,close(2971) = -1 EBADF (Bad file number)
19:18:20.460161,1055,close(2972) = -1 EBADF (Bad file number)
19:18:20.460626,1055,close(2973 <unfinished ...>
19:18:20.461007,1028,<... nanosleep resumed> 0xaf4953e8) = 0
19:18:20.461293,1055,<... close resumed> ) = -1 EBADF (Bad file number)
19:18:20.461631,1028,nanosleep({0, 1000000}, <unfinished ...>
19:18:20.462023,1055,close(2974) = -1 EBADF (Bad file number)
19:18:20.462567,1055,close(2975) = -1 EBADF (Bad file number)
19:18:20.463175,1055,close(2976) = -1 EBADF (Bad file number)
19:18:20.463716,1055,close(2977) = -1 EBADF (Bad file number)
19:18:20.464265,1055,close(2978) = -1 EBADF (Bad file number)
19:18:20.464731,1055,close(2979) = -1 EBADF (Bad file number)
19:18:20.465275,1055,close(2980) = -1 EBADF (Bad file number)
19:18:20.465741,1055,close(2981) = -1 EBADF (Bad file number)
19:18:20.466243,1055,close(2982) = -1 EBADF (Bad file number)
19:18:20.466707,1055,close(2983) = -1 EBADF (Bad file number)
19:18:20.467178,1055,close(2984) = -1 EBADF (Bad file number)
19:18:20.467642,1055,close(2985) = -1 EBADF (Bad file number)
19:18:20.468137,1055,close(2986) = -1 EBADF (Bad file number)
19:18:20.468625,1055,close(2987) = -1 EBADF (Bad file number)
19:18:20.469130,1055,close(2988) = -1 EBADF (Bad file number)
19:18:20.469606,1055,close(2989) = -1 EBADF (Bad file number)
19:18:20.470088,1055,close(2990) = -1 EBADF (Bad file number)
19:18:20.470564,1055,close(2991) = -1 EBADF (Bad file number)
19:18:20.471076,1055,close(2992) = -1 EBADF (Bad file number)
19:18:20.471554,1055,close(2993) = -1 EBADF (Bad file number)
19:18:20.472037,1055,close(2994) = -1 EBADF (Bad file number)
19:18:20.472512,1055,close(2995) = -1 EBADF (Bad file number)
19:18:20.472995,1055,close(2996) = -1 EBADF (Bad file number)
19:18:20.473472,1055,close(2997) = -1 EBADF (Bad file number)
19:18:20.474022,1055,close(2998) = -1 EBADF (Bad file number)
19:18:20.474486,1055,close(2999) = -1 EBADF (Bad file number)
19:18:20.474994,1055,close(3000) = -1 EBADF (Bad file number)
19:18:20.475486,1055,close(3001) = -1 EBADF (Bad file number)
19:18:20.476016,1055,close(3002) = -1 EBADF (Bad file number)
19:18:20.476479,1055,close(3003) = -1 EBADF (Bad file number)
19:18:20.476971,1055,close(3004) = -1 EBADF (Bad file number)
19:18:20.477463,1055,close(3005) = -1 EBADF (Bad file number)
19:18:20.477925,1055,close(3006) = -1 EBADF (Bad file number)
19:18:20.478430,1055,close(3007) = -1 EBADF (Bad file number)
19:18:20.498766,1055,close(3008 <unfinished ...>
19:18:20.499085,1028,<... nanosleep resumed> 0xaf4953e8) = 0
19:18:20.499372,1055,<... close resumed> ) = -1 EBADF (Bad file number)
19:18:20.499694,1028,nanosleep({0, 1000000}, <unfinished ...>
19:18:20.500133,1055,close(3009) = -1 EBADF (Bad file number)
19:18:20.500647,1055,close(3010) = -1 EBADF (Bad file number)
19:18:20.501161,1055,close(3011) = -1 EBADF (Bad file number)
19:18:20.501630,1055,close(3012) = -1 EBADF (Bad file number)
19:18:20.502151,1055,close(3013 <unfinished ...>
19:18:20.502515,1028,<... nanosleep resumed> 0xaf4953e8) = 0
19:18:20.502789,1055,<... close resumed> ) = -1 EBADF (Bad file number)
19:18:20.503174,1028,nanosleep({0, 1000000}, <unfinished ...>
19:18:20.503522,1055,close(3014) = -1 EBADF (Bad file number)
19:18:20.504132,1055,close(3015) = -1 EBADF (Bad file number)
19:18:20.504616,1055,close(3016) = -1 EBADF (Bad file number)
19:18:20.505141,1055,close(3017) = -1 EBADF (Bad file number)
19:18:20.505620,1055,close(3018) = -1 EBADF (Bad file number)
19:18:20.519444,1028,<... nanosleep resumed> 0xaf4953e8) = 0
19:18:20.519773,1055,close(3019 <unfinished ...>
19:18:20.520169,1028,nanosleep({0, 1000000}, <unfinished ...>
19:18:20.520488,1055,<... close resumed> ) = -1 EBADF (Bad file number)
19:18:20.521020,1055,close(3020) = -1 EBADF (Bad file number)
19:18:20.521578,1055,close(3021) = -1 EBADF (Bad file number)
19:18:20.522159,1055,close(3022) = -1 EBADF (Bad file number)
19:18:20.522779,1055,close(3023 <unfinished ...>
19:18:20.523129,1028,<... nanosleep resumed> 0xaf4953e8) = 0
19:18:20.523390,1055,<... close resumed> ) = -1 EBADF (Bad file number)
19:18:20.523697,1028,nanosleep({0, 1000000}, <unfinished ...>
19:18:20.524165,1055,close(3024) = -1 EBADF (Bad file number)
19:18:20.524688,1055,close(3025) = -1 EBADF (Bad file number)
19:18:20.525243,1055,close(3026) = -1 EBADF (Bad file number)
19:18:20.525731,1055,close(3027) = -1 EBADF (Bad file number)
19:18:20.526348,1055,close(3028) = -1 EBADF (Bad file number)
19:18:20.526914,1055,close(3029) = -1 EBADF (Bad file number)
19:18:20.527440,1055,close(3030) = -1 EBADF (Bad file number)
19:18:20.527926,1055,close(3031) = -1 EBADF (Bad file number)
19:18:20.528463,1055,close(3032) = -1 EBADF (Bad file number)
19:18:20.529001,1055,close(3033) = -1 EBADF (Bad file number)
19:18:20.529487,1055,close(3034) = -1 EBADF (Bad file number)
19:18:20.530011,1055,close(3035) = -1 EBADF (Bad file number)
19:18:20.530497,1055,close(3036) = -1 EBADF (Bad file number)
19:18:20.531023,1055,close(3037) = -1 EBADF (Bad file number)
19:18:20.531509,1055,close(3038) = -1 EBADF (Bad file number)
19:18:20.532032,1055,close(3039) = -1 EBADF (Bad file number)
19:18:20.532547,1055,close(3040) = -1 EBADF (Bad file number)
19:18:20.533089,1055,close(3041) = -1 EBADF (Bad file number)
19:18:20.533589,1055,close(3042) = -1 EBADF (Bad file number)
19:18:20.534134,1055,close(3043) = -1 EBADF (Bad file number)
19:18:20.534621,1055,close(3044) = -1 EBADF (Bad file number)
19:18:20.535145,1055,close(3045) = -1 EBADF (Bad file number)
19:18:20.535630,1055,close(3046) = -1 EBADF (Bad file number)
19:18:20.536154,1055,close(3047) = -1 EBADF (Bad file number)
19:18:20.536640,1055,close(3048) = -1 EBADF (Bad file number)
19:18:20.537150,1055,close(3049) = -1 EBADF (Bad file number)
19:18:20.537648,1055,close(3050) = -1 EBADF (Bad file number)
19:18:20.538151,1055,close(3051) = -1 EBADF (Bad file number)
19:18:20.538652,1055,close(3052) = -1 EBADF (Bad file number)
19:18:20.539157,1055,close(3053) = -1 EBADF (Bad file number)
19:18:20.539654,1055,close(3054) = -1 EBADF (Bad file number)
19:18:20.540189,1055,close(3055) = -1 EBADF (Bad file number)
19:18:20.540689,1055,close(3056) = -1 EBADF (Bad file number)
19:18:20.541194,1055,close(3057) = -1 EBADF (Bad file number)
19:18:20.541693,1055,close(3058) = -1 EBADF (Bad file number)
19:18:20.542196,1055,close(3059) = -1 EBADF (Bad file number)
19:18:20.542695,1055,close(3060) = -1 EBADF (Bad file number)
19:18:20.543200,1055,close(3061) = -1 EBADF (Bad file number)
19:18:20.543697,1055,close(3062) = -1 EBADF (Bad file number)
19:18:20.544200,1055,close(3063) = -1 EBADF (Bad file number)
19:18:20.544698,1055,close(3064) = -1 EBADF (Bad file number)
19:18:20.545205,1055,close(3065) = -1 EBADF (Bad file number)
19:18:20.545705,1055,close(3066) = -1 EBADF (Bad file number)
19:18:20.546241,1055,close(3067) = -1 EBADF (Bad file number)
19:18:20.546741,1055,close(3068 <unfinished ...>
19:18:20.578087,1028,<... nanosleep resumed> 0xaf4953e8) = 0
19:18:20.578387,1055,<... close resumed> ) = -1 EBADF (Bad file number)
19:18:20.578717,1028,nanosleep({0, 1000000}, <unfinished ...>
19:18:20.579112,1055,close(3069) = -1 EBADF (Bad file number)
19:18:20.579634,1055,close(3070) = -1 EBADF (Bad file number)
19:18:20.580714,1055,close(3071 <unfinished ...>
19:18:20.581053,1028,<... nanosleep resumed> 0xaf4953e8) = 0
19:18:20.581315,1055,<... close resumed> ) = -1 EBADF (Bad file number)
19:18:20.581679,1028,nanosleep({0, 1000000}, <unfinished ...>
19:18:20.582100,1055,close(3072) = -1 EBADF (Bad file number)
19:18:20.582610,1055,close(3073) = -1 EBADF (Bad file number)
19:18:20.583136,1055,close(3074) = -1 EBADF (Bad file number)
19:18:20.583604,1055,close(3075) = -1 EBADF (Bad file number)
19:18:20.584110,1055,close(3076) = -1 EBADF (Bad file number)
19:18:20.584578,1055,close(3077) = -1 EBADF (Bad file number)
19:18:20.585172,1055,close(3078 <unfinished ...>
19:18:20.585460,1028,<... nanosleep resumed> 0xaf4953e8) = 0
19:18:20.585738,1055,<... close resumed> ) = -1 EBADF (Bad file number)
19:18:20.586116,1028,nanosleep({0, 1000000}, <unfinished ...>
19:18:20.586470,1055,close(3079) = -1 EBADF (Bad file number)
19:18:20.587045,1055,close(3080) = -1 EBADF (Bad file number)
19:18:20.587550,1055,close(3081) = -1 EBADF (Bad file number)
19:18:20.604791,1028,<... nanosleep resumed> 0xaf4953e8) = 0
19:18:20.605161,1055,close(3082 <unfinished ...>
19:18:20.605484,1028,nanosleep({0, 1000000}, <unfinished ...>
19:18:20.605813,1055,<... close resumed> ) = -1 EBADF (Bad file number)
19:18:20.606177,1055,close(3083) = -1 EBADF (Bad file number)
19:18:20.606664,1055,close(3084) = -1 EBADF (Bad file number)
19:18:20.607184,1055,close(3085) = -1 EBADF (Bad file number)
19:18:20.607665,1055,close(3086) = -1 EBADF (Bad file number)
19:18:20.608223,1055,close(3087) = -1 EBADF (Bad file number)
19:18:20.608691,1055,close(3088) = -1 EBADF (Bad file number)
19:18:20.609262,1055,close(3089) = -1 EBADF (Bad file number)
19:18:20.609729,1055,close(3090) = -1 EBADF (Bad file number)
19:18:20.610233,1055,close(3091) = -1 EBADF (Bad file number)
19:18:20.610700,1055,close(3092) = -1 EBADF (Bad file number)
19:18:20.611210,1055,close(3093) = -1 EBADF (Bad file number)
19:18:20.626247,1028,<... nanosleep resumed> 0xaf4953e8) = 0
19:18:20.627076,1055,close(3094 <unfinished ...>
19:18:20.627410,1028,nanosleep({0, 1000000}, <unfinished ...>
19:18:20.627745,1055,<... close resumed> ) = -1 EBADF (Bad file number)
19:18:20.628149,1055,close(3095) = -1 EBADF (Bad file number)
19:18:20.628644,1055,close(3096) = -1 EBADF (Bad file number)
19:18:20.629141,1055,close(3097) = -1 EBADF (Bad file number)
19:18:20.629630,1055,close(3098) = -1 EBADF (Bad file number)
19:18:20.630184,1055,close(3099) = -1 EBADF (Bad file number)
19:18:20.630672,1055,close(3100) = -1 EBADF (Bad file number)
19:18:20.631187,1055,close(3101) = -1 EBADF (Bad file number)
19:18:20.631689,1055,close(3102) = -1 EBADF (Bad file number)
19:18:20.632198,1055,close(3103) = -1 EBADF (Bad file number)
19:18:20.632687,1055,close(3104) = -1 EBADF (Bad file number)
19:18:20.633179,1055,close(3105) = -1 EBADF (Bad file number)
19:18:20.633665,1055,close(3106) = -1 EBADF (Bad file number)
19:18:20.634175,1055,close(3107) = -1 EBADF (Bad file number)
19:18:20.634676,1055,close(3108) = -1 EBADF (Bad file number)
19:18:20.635188,1055,close(3109) = -1 EBADF (Bad file number)
19:18:20.635675,1055,close(3110) = -1 EBADF (Bad file number)
19:18:20.646130,1028,<... nanosleep resumed> 0xaf4953e8) = 0
19:18:20.646474,1055,close(3111 <unfinished ...>
19:18:20.646796,1028,nanosleep({0, 1000000}, <unfinished ...>
19:18:20.647130,1055,<... close resumed> ) = -1 EBADF (Bad file number)
19:18:20.647456,1055,close(3112) = -1 EBADF (Bad file number)
19:18:20.647949,1055,close(3113) = -1 EBADF (Bad file number)
19:18:20.648432,1055,close(3114) = -1 EBADF (Bad file number)
19:18:20.648912,1055,close(3115) = -1 EBADF (Bad file number)
19:18:20.649399,1055,close(3116) = -1 EBADF (Bad file number)
19:18:20.649880,1055,close(3117) = -1 EBADF (Bad file number)
19:18:20.650364,1055,close(3118) = -1 EBADF (Bad file number)
19:18:20.650843,1055,close(3119) = -1 EBADF (Bad file number)
19:18:20.651328,1055,close(3120) = -1 EBADF (Bad file number)
19:18:20.651808,1055,close(3121) = -1 EBADF (Bad file number)
19:18:20.652291,1055,close(3122) = -1 EBADF (Bad file number)
19:18:20.652768,1055,close(3123) = -1 EBADF (Bad file number)
19:18:20.653284,1055,close(3124) = -1 EBADF (Bad file number)
19:18:20.653762,1055,close(3125) = -1 EBADF (Bad file number)
19:18:20.654246,1055,close(3126) = -1 EBADF (Bad file number)
19:18:20.654723,1055,close(3127) = -1 EBADF (Bad file number)
19:18:20.655208,1055,close(3128) = -1 EBADF (Bad file number)
19:18:20.655686,1055,close(3129) = -1 EBADF (Bad file number)
19:18:20.656201,1055,close(3130) = -1 EBADF (Bad file number)
19:18:20.656678,1055,close(3131 <unfinished ...>
19:18:20.668068,1028,<... nanosleep resumed> 0xaf4953e8) = 0
19:18:20.668382,1055,<... close resumed> ) = -1 EBADF (Bad file number)
19:18:20.668706,1028,nanosleep({0, 1000000}, <unfinished ...>
19:18:20.669138,1055,close(3132) = -1 EBADF (Bad file number)
19:18:20.669670,1055,close(3133) = -1 EBADF (Bad file number)
19:18:20.670227,1055,close(3134) = -1 EBADF (Bad file number)
19:18:20.670697,1055,close(3135) = -1 EBADF (Bad file number)
19:18:20.671234,1055,close(3136) = -1 EBADF (Bad file number)
19:18:20.671702,1055,close(3137) = -1 EBADF (Bad file number)
19:18:20.672258,1055,close(3138) = -1 EBADF (Bad file number)
19:18:20.672750,1055,close(3139 <unfinished ...>
19:18:20.673499,1028,<... nanosleep resumed> 0xaf4953e8) = 0
19:18:20.673806,1055,<... close resumed> ) = -1 EBADF (Bad file number)
19:18:20.674195,1028,nanosleep({0, 1000000}, <unfinished ...>
19:18:20.674561,1055,close(3140) = -1 EBADF (Bad file number)
19:18:20.675155,1055,close(3141) = -1 EBADF (Bad file number)
19:18:20.675659,1055,close(3142) = -1 EBADF (Bad file number)
19:18:20.676253,1055,close(3143) = -1 EBADF (Bad file number)
19:18:20.676821,1055,close(3144) = -1 EBADF (Bad file number)
19:18:20.677419,1055,close(3145) = -1 EBADF (Bad file number)
19:18:20.691621,1028,<... nanosleep resumed> 0xaf4953e8) = 0
19:18:20.691972,1055,close(3146 <unfinished ...>
19:18:20.692379,1028,nanosleep({0, 1000000}, <unfinished ...>
19:18:20.692702,1055,<... close resumed> ) = -1 EBADF (Bad file number)
19:18:20.693078,1055,close(3147) = -1 EBADF (Bad file number)
19:18:20.693588,1055,close(3148) = -1 EBADF (Bad file number)
19:18:20.694260,1055,close(3149) = -1 EBADF (Bad file number)
19:18:20.694809,1028,<... nanosleep resumed> 0xaf4953e8) = 0
19:18:20.695134,1055,close(3150 <unfinished ...>
19:18:20.695531,1028,nanosleep({0, 1000000}, <unfinished ...>
19:18:20.695845,1055,<... close resumed> ) = -1 EBADF (Bad file number)
19:18:20.696199,1055,close(3151) = -1 EBADF (Bad file number)
19:18:20.696670,1055,close(3152) = -1 EBADF (Bad file number)
19:18:20.697198,1055,close(3153) = -1 EBADF (Bad file number)
19:18:20.697677,1055,close(3154) = -1 EBADF (Bad file number)
19:18:20.717825,1028,<... nanosleep resumed> 0xaf4953e8) = 0
19:18:20.718233,1055,close(3155 <unfinished ...>
19:18:20.718585,1028,nanosleep({0, 1000000}, <unfinished ...>
19:18:20.718905,1055,<... close resumed> ) = -1 EBADF (Bad file number)
19:18:20.719271,1055,close(3156) = -1 EBADF (Bad file number)
19:18:20.719746,1055,close(3157) = -1 EBADF (Bad file number)
19:18:20.720294,1055,close(3158) = -1 EBADF (Bad file number)
19:18:20.720893,1028,<... nanosleep resumed> 0xaf4953e8) = 0
19:18:20.721219,1055,close(3159 <unfinished ...>
19:18:20.721603,1028,nanosleep({0, 1000000}, <unfinished ...>
19:18:20.721997,1055,<... close resumed> ) = -1 EBADF (Bad file number)
19:18:20.722323,1055,close(3160) = -1 EBADF (Bad file number)
19:18:20.722900,1055,close(3161) = -1 EBADF (Bad file number)
19:18:20.723389,1055,close(3162) = -1 EBADF (Bad file number)
19:18:20.723858,1055,close(3163) = -1 EBADF (Bad file number)
19:18:20.724332,1055,close(3164) = -1 EBADF (Bad file number)
19:18:20.724801,1055,close(3165) = -1 EBADF (Bad file number)
19:18:20.725294,1055,close(3166) = -1 EBADF (Bad file number)
19:18:20.725772,1055,close(3167) = -1 EBADF (Bad file number)
19:18:20.726289,1055,close(3168) = -1 EBADF (Bad file number)
19:18:20.739737,1055,close(3169 <unfinished ...>
19:18:20.739949,1028,<... nanosleep resumed> 0xaf4953e8) = 0
19:18:20.740221,1055,<... close resumed> ) = -1 EBADF (Bad file number)
19:18:20.740539,1028,nanosleep({0, 1000000}, <unfinished ...>
19:18:20.740924,1055,close(3170) = -1 EBADF (Bad file number)
19:18:20.741446,1055,close(3171) = -1 EBADF (Bad file number)
19:18:20.741936,1055,close(3172) = -1 EBADF (Bad file number)
19:18:20.742418,1055,close(3173) = -1 EBADF (Bad file number)
19:18:20.742898,1055,close(3174) = -1 EBADF (Bad file number)
19:18:20.743383,1055,close(3175) = -1 EBADF (Bad file number)
19:18:20.743863,1055,close(3176) = -1 EBADF (Bad file number)
19:18:20.744349,1055,close(3177) = -1 EBADF (Bad file number)
19:18:20.744828,1055,close(3178) = -1 EBADF (Bad file number)
19:18:20.745313,1055,close(3179) = -1 EBADF (Bad file number)
19:18:20.745792,1055,close(3180) = -1 EBADF (Bad file number)
19:18:20.746309,1055,close(3181) = -1 EBADF (Bad file number)
19:18:20.746788,1055,close(3182) = -1 EBADF (Bad file number)
19:18:20.747272,1055,close(3183 <unfinished ...>
19:18:20.748215,1028,<... nanosleep resumed> 0xaf4953e8) = 0
19:18:20.748590,1028,nanosleep({0, 1000000}, 0xaf4953e8) = 0
19:18:20.755808,1028,nanosleep({0, 1000000}, 0xaf4953e8) = 0
19:18:20.758381,1028,nanosleep({0, 1000000}, 0xaf4953e8) = 0
19:18:20.760190,1028,nanosleep({0, 1000000}, 0xaf4953e8) = 0
19:18:20.786571,1055,<... close resumed> ) = -1 EBADF (Bad file number)
19:18:20.786883,1055,close(3184) = -1 EBADF (Bad file number)
19:18:20.787380,1055,close(3185) = -1 EBADF (Bad file number)
19:18:20.787866,1055,close(3186) = -1 EBADF (Bad file number)
19:18:20.788355,1055,close(3187) = -1 EBADF (Bad file number)
19:18:20.788838,1055,close(3188) = -1 EBADF (Bad file number)
19:18:20.789326,1055,close(3189) = -1 EBADF (Bad file number)
19:18:20.789806,1055,close(3190) = -1 EBADF (Bad file number)
19:18:20.790292,1055,close(3191) = -1 EBADF (Bad file number)
19:18:20.790772,1055,close(3192) = -1 EBADF (Bad file number)
19:18:20.791258,1055,close(3193) = -1 EBADF (Bad file number)
19:18:20.791736,1055,close(3194) = -1 EBADF (Bad file number)
19:18:20.792222,1055,close(3195) = -1 EBADF (Bad file number)
19:18:20.792704,1055,close(3196) = -1 EBADF (Bad file number)
19:18:20.793239,1055,close(3197) = -1 EBADF (Bad file number)
19:18:20.793730,1055,close(3198) = -1 EBADF (Bad file number)
19:18:20.794216,1055,close(3199) = -1 EBADF (Bad file number)
19:18:20.794685,1055,close(3200) = -1 EBADF (Bad file number)
19:18:20.795266,1055,close(3201) = -1 EBADF (Bad file number)
19:18:20.795748,1055,close(3202) = -1 EBADF (Bad file number)
19:18:20.796267,1055,close(3203) = -1 EBADF (Bad file number)
19:18:20.796749,1055,close(3204) = -1 EBADF (Bad file number)
19:18:20.797238,1055,close(3205) = -1 EBADF (Bad file number)
19:18:20.797718,1055,close(3206) = -1 EBADF (Bad file number)
19:18:20.798203,1055,close(3207) = -1 EBADF (Bad file number)
19:18:20.798684,1055,close(3208) = -1 EBADF (Bad file number)
19:18:20.799171,1055,close(3209) = -1 EBADF (Bad file number)
19:18:20.799649,1055,close(3210) = -1 EBADF (Bad file number)
19:18:20.800132,1055,close(3211) = -1 EBADF (Bad file number)
19:18:20.800610,1055,close(3212) = -1 EBADF (Bad file number)
19:18:20.801127,1055,close(3213) = -1 EBADF (Bad file number)
19:18:20.801605,1055,close(3214) = -1 EBADF (Bad file number)
19:18:20.802089,1055,close(3215) = -1 EBADF (Bad file number)
19:18:20.805605,1028,nanosleep({0, 1000000}, <unfinished ...>
19:18:20.806043,1055,close(3216) = -1 EBADF (Bad file number)
19:18:20.806550,1055,close(3217) = -1 EBADF (Bad file number)
19:18:20.807100,1055,close(3218) = -1 EBADF (Bad file number)
19:18:20.807712,1028,<... nanosleep resumed> 0xaf4953e8) = 0
19:18:20.808039,1055,close(3219 <unfinished ...>
19:18:20.808343,1028,nanosleep({0, 1000000}, <unfinished ...>
19:18:20.808656,1055,<... close resumed> ) = -1 EBADF (Bad file number)
19:18:20.808986,1055,close(3220) = -1 EBADF (Bad file number)
19:18:20.809469,1055,close(3221) = -1 EBADF (Bad file number)
19:18:20.809964,1055,close(3222) = -1 EBADF (Bad file number)
19:18:20.810453,1055,close(3223) = -1 EBADF (Bad file number)
19:18:20.810947,1055,close(3224) = -1 EBADF (Bad file number)
19:18:20.811460,1055,close(3225) = -1 EBADF (Bad file number)
19:18:20.811965,1055,close(3226) = -1 EBADF (Bad file number)
19:18:20.812467,1055,close(3227) = -1 EBADF (Bad file number)
19:18:20.812974,1055,close(3228) = -1 EBADF (Bad file number)
19:18:20.813474,1055,close(3229) = -1 EBADF (Bad file number)
19:18:20.813979,1055,close(3230) = -1 EBADF (Bad file number)
19:18:20.814783,1028,<... nanosleep resumed> 0xaf4953e8) = 0
19:18:20.815139,1055,close(3231 <unfinished ...>
19:18:20.815451,1028,nanosleep({0, 1000000}, <unfinished ...>
19:18:20.815772,1055,<... close resumed> ) = -1 EBADF (Bad file number)
19:18:20.816150,1055,close(3232) = -1 EBADF (Bad file number)
19:18:20.826339,1055,close(3233 <unfinished ...>
19:18:20.826606,1028,<... nanosleep resumed> 0xaf4953e8) = 0
19:18:20.827027,1055,<... close resumed> ) = -1 EBADF (Bad file number)
19:18:20.827351,1028,nanosleep({0, 1000000}, <unfinished ...>
19:18:20.827779,1055,close(3234) = -1 EBADF (Bad file number)
19:18:20.828384,1055,close(3235) = -1 EBADF (Bad file number)
19:18:20.828877,1055,close(3236) = -1 EBADF (Bad file number)
19:18:20.829432,1055,close(3237) = -1 EBADF (Bad file number)
19:18:20.829922,1055,close(3238) = -1 EBADF (Bad file number)
19:18:20.830525,1028,<... nanosleep resumed> 0xaf4953e8) = 0
19:18:20.830826,1055,close(3239 <unfinished ...>
19:18:20.831181,1028,nanosleep({0, 1000000}, <unfinished ...>
19:18:20.831507,1055,<... close resumed> ) = -1 EBADF (Bad file number)
19:18:20.831845,1055,close(3240) = -1 EBADF (Bad file number)
19:18:20.832427,1055,close(3241) = -1 EBADF (Bad file number)
19:18:20.832908,1055,close(3242) = -1 EBADF (Bad file number)
19:18:20.833633,1028,<... nanosleep resumed> 0xaf4953e8) = 0
19:18:20.833987,1055,close(3243 <unfinished ...>
19:18:20.834360,1028,nanosleep({0, 1000000}, <unfinished ...>
19:18:20.834716,1055,<... close resumed> ) = -1 EBADF (Bad file number)
19:18:20.835131,1055,close(3244) = -1 EBADF (Bad file number)
19:18:20.835660,1055,close(3245) = -1 EBADF (Bad file number)
19:18:20.836240,1055,close(3246) = -1 EBADF (Bad file number)
19:18:20.857348,1055,close(3247 <unfinished ...>
19:18:20.857617,1028,<... nanosleep resumed> 0xaf4953e8) = 0
19:18:20.857938,1055,<... close resumed> ) = -1 EBADF (Bad file number)
19:18:20.858299,1028,nanosleep({0, 1000000}, <unfinished ...>
19:18:20.858696,1055,close(3248) = -1 EBADF (Bad file number)
19:18:20.859322,1055,close(3249) = -1 EBADF (Bad file number)
19:18:20.859860,1055,close(3250) = -1 EBADF (Bad file number)
19:18:20.860403,1055,close(3251) = -1 EBADF (Bad file number)
19:18:20.860944,1055,close(3252) = -1 EBADF (Bad file number)
19:18:20.861477,1055,close(3253) = -1 EBADF (Bad file number)
19:18:20.862014,1055,close(3254 <unfinished ...>
19:18:20.862421,1028,<... nanosleep resumed> 0xaf4953e8) = 0
19:18:20.862716,1055,<... close resumed> ) = -1 EBADF (Bad file number)
19:18:20.863070,1028,nanosleep({0, 1000000}, <unfinished ...>
19:18:20.863457,1055,close(3255) = -1 EBADF (Bad file number)
19:18:20.864042,1055,close(3256) = -1 EBADF (Bad file number)
19:18:20.864578,1055,close(3257) = -1 EBADF (Bad file number)
19:18:20.865115,1055,close(3258) = -1 EBADF (Bad file number)
19:18:20.865647,1055,close(3259) = -1 EBADF (Bad file number)
19:18:20.866185,1055,close(3260) = -1 EBADF (Bad file number)
19:18:20.866717,1055,close(3261) = -1 EBADF (Bad file number)
19:18:20.867253,1055,close(3262) = -1 EBADF (Bad file number)
19:18:20.867783,1055,close(3263) = -1 EBADF (Bad file number)
19:18:20.868320,1055,close(3264) = -1 EBADF (Bad file number)
19:18:20.868849,1055,close(3265) = -1 EBADF (Bad file number)
19:18:20.869385,1055,close(3266) = -1 EBADF (Bad file number)
19:18:20.869916,1055,close(3267) = -1 EBADF (Bad file number)
19:18:20.870451,1055,close(3268) = -1 EBADF (Bad file number)
19:18:20.870987,1055,close(3269) = -1 EBADF (Bad file number)
19:18:20.871517,1055,close(3270 <unfinished ...>
19:18:20.871992,1028,<... nanosleep resumed> 0xaf4953e8) = 0
19:18:20.872355,1055,<... close resumed> ) = -1 EBADF (Bad file number)
19:18:20.872694,1028,nanosleep({0, 1000000}, <unfinished ...>
19:18:20.873071,1055,close(3271) = -1 EBADF (Bad file number)
19:18:20.874002,1055,close(3272) = -1 EBADF (Bad file number)
19:18:20.874596,1055,close(3273 <unfinished ...>
19:18:20.874903,1028,<... nanosleep resumed> 0xaf4953e8) = 0
19:18:20.875274,1028,nanosleep({0, 1000000}, <unfinished ...>
19:18:20.875632,1055,<... close resumed> ) = -1 EBADF (Bad file number)
19:18:20.876026,1055,close(3274) = -1 EBADF (Bad file number)
19:18:20.876564,1055,close(3275) = -1 EBADF (Bad file number)
19:18:20.877104,1055,close(3276) = -1 EBADF (Bad file number)
19:18:20.877636,1055,close(3277) = -1 EBADF (Bad file number)
19:18:20.878173,1055,close(3278) = -1 EBADF (Bad file number)
19:18:20.878704,1055,close(3279) = -1 EBADF (Bad file number)
19:18:20.879239,1055,close(3280) = -1 EBADF (Bad file number)
19:18:20.879769,1055,close(3281) = -1 EBADF (Bad file number)
19:18:20.880306,1055,close(3282) = -1 EBADF (Bad file number)
19:18:20.899023,1055,close(3283 <unfinished ...>
19:18:20.899295,1028,<... nanosleep resumed> 0xaf4953e8) = 0
19:18:20.899618,1055,<... close resumed> ) = -1 EBADF (Bad file number)
19:18:20.900018,1028,nanosleep({0, 1000000}, <unfinished ...>
19:18:20.900416,1055,close(3284) = -1 EBADF (Bad file number)
19:18:20.900999,1055,close(3285) = -1 EBADF (Bad file number)
19:18:20.901535,1055,close(3286) = -1 EBADF (Bad file number)
19:18:20.902106,1055,close(3287) = -1 EBADF (Bad file number)
19:18:20.902640,1055,close(3288) = -1 EBADF (Bad file number)
19:18:20.903211,1055,close(3289) = -1 EBADF (Bad file number)
19:18:20.903744,1055,close(3290) = -1 EBADF (Bad file number)
19:18:20.904314,1055,close(3291) = -1 EBADF (Bad file number)
19:18:20.904844,1055,close(3292) = -1 EBADF (Bad file number)
19:18:20.905418,1055,close(3293) = -1 EBADF (Bad file number)
19:18:20.905981,1055,close(3294) = -1 EBADF (Bad file number)
19:18:20.906525,1055,close(3295) = -1 EBADF (Bad file number)
19:18:20.907064,1055,close(3296) = -1 EBADF (Bad file number)
19:18:20.907596,1055,close(3297) = -1 EBADF (Bad file number)
19:18:20.908132,1055,close(3298) = -1 EBADF (Bad file number)
19:18:20.908660,1055,close(3299) = -1 EBADF (Bad file number)
19:18:20.909195,1055,close(3300) = -1 EBADF (Bad file number)
19:18:20.909726,1055,close(3301) = -1 EBADF (Bad file number)
19:18:20.910261,1055,close(3302) = -1 EBADF (Bad file number)
19:18:20.910790,1055,close(3303) = -1 EBADF (Bad file number)
19:18:20.911888,1028,<... nanosleep resumed> 0xaf4953e8) = 0
19:18:20.912269,1055,close(3304 <unfinished ...>
19:18:20.912743,1028,nanosleep({0, 1000000}, <unfinished ...>
19:18:20.913172,1055,<... close resumed> ) = -1 EBADF (Bad file number)
19:18:20.913529,1055,close(3305) = -1 EBADF (Bad file number)
19:18:20.914114,1055,close(3306) = -1 EBADF (Bad file number)
19:18:20.914709,1055,close(3307) = -1 EBADF (Bad file number)
19:18:20.915267,1055,close(3308) = -1 EBADF (Bad file number)
19:18:20.915803,1055,close(3309) = -1 EBADF (Bad file number)
19:18:20.916380,1055,close(3310) = -1 EBADF (Bad file number)
19:18:20.916910,1055,close(3311) = -1 EBADF (Bad file number)
19:18:20.917487,1055,close(3312) = -1 EBADF (Bad file number)
19:18:20.918065,1055,close(3313) = -1 EBADF (Bad file number)
19:18:20.918596,1055,close(3314) = -1 EBADF (Bad file number)
19:18:20.919170,1055,close(3315) = -1 EBADF (Bad file number)
19:18:20.919701,1055,close(3316) = -1 EBADF (Bad file number)
19:18:20.920278,1055,close(3317) = -1 EBADF (Bad file number)
19:18:20.920807,1055,close(3318) = -1 EBADF (Bad file number)
19:18:20.921382,1055,close(3319) = -1 EBADF (Bad file number)
19:18:20.921912,1055,close(3320) = -1 EBADF (Bad file number)
19:18:20.922489,1055,close(3321) = -1 EBADF (Bad file number)
19:18:20.931763,1055,close(3322 <unfinished ...>
19:18:20.932066,1028,<... nanosleep resumed> 0xaf4953e8) = 0
19:18:20.932369,1055,<... close resumed> ) = -1 EBADF (Bad file number)
19:18:20.932714,1028,nanosleep({0, 1000000}, <unfinished ...>
19:18:20.933137,1055,close(3323) = -1 EBADF (Bad file number)
19:18:20.933702,1055,close(3324) = -1 EBADF (Bad file number)
19:18:20.934250,1055,close(3325) = -1 EBADF (Bad file number)
19:18:20.934761,1055,close(3326) = -1 EBADF (Bad file number)
19:18:20.935276,1055,close(3327) = -1 EBADF (Bad file number)
19:18:20.935785,1055,close(3328) = -1 EBADF (Bad file number)
19:18:20.936300,1055,close(3329 <unfinished ...>
19:18:20.959739,1028,<... nanosleep resumed> 0xaf4953e8) = 0
19:18:20.960082,1055,<... close resumed> ) = -1 EBADF (Bad file number)
19:18:20.960448,1028,nanosleep({0, 1000000}, <unfinished ...>
19:18:20.960843,1055,close(3330) = -1 EBADF (Bad file number)
19:18:20.961440,1055,close(3331) = -1 EBADF (Bad file number)
19:18:20.961984,1055,close(3332) = -1 EBADF (Bad file number)
19:18:20.962519,1055,close(3333) = -1 EBADF (Bad file number)
19:18:20.963058,1055,close(3334) = -1 EBADF (Bad file number)
19:18:20.963590,1055,close(3335) = -1 EBADF (Bad file number)
19:18:20.964128,1055,close(3336) = -1 EBADF (Bad file number)
19:18:20.964659,1055,close(3337) = -1 EBADF (Bad file number)
19:18:20.965195,1055,close(3338) = -1 EBADF (Bad file number)
19:18:20.965726,1055,close(3339) = -1 EBADF (Bad file number)
19:18:20.966263,1055,close(3340) = -1 EBADF (Bad file number)
19:18:20.966794,1055,close(3341) = -1 EBADF (Bad file number)
19:18:20.967330,1055,close(3342) = -1 EBADF (Bad file number)
19:18:20.967858,1055,close(3343) = -1 EBADF (Bad file number)
19:18:20.968394,1055,close(3344) = -1 EBADF (Bad file number)
19:18:20.968930,1055,close(3345) = -1 EBADF (Bad file number)
19:18:20.969459,1055,close(3346) = -1 EBADF (Bad file number)
19:18:20.969994,1055,close(3347) = -1 EBADF (Bad file number)
19:18:20.970523,1055,close(3348) = -1 EBADF (Bad file number)
19:18:20.971059,1055,close(3349) = -1 EBADF (Bad file number)
19:18:20.971588,1055,close(3350) = -1 EBADF (Bad file number)
19:18:20.972122,1055,close(3351) = -1 EBADF (Bad file number)
19:18:20.972653,1055,close(3352) = -1 EBADF (Bad file number)
19:18:20.973317,1028,<... nanosleep resumed> 0xaf4953e8) = 0
19:18:20.973645,1055,close(3353 <unfinished ...>
19:18:20.973995,1028,nanosleep({0, 1000000}, <unfinished ...>
19:18:20.974353,1055,<... close resumed> ) = -1 EBADF (Bad file number)
19:18:20.974713,1055,close(3354) = -1 EBADF (Bad file number)
19:18:20.975255,1055,close(3355) = -1 EBADF (Bad file number)
19:18:20.975788,1055,close(3356) = -1 EBADF (Bad file number)
19:18:20.976327,1055,close(3357) = -1 EBADF (Bad file number)
19:18:20.976858,1055,close(3358) = -1 EBADF (Bad file number)
19:18:20.977394,1055,close(3359) = -1 EBADF (Bad file number)
19:18:20.977930,1055,close(3360) = -1 EBADF (Bad file number)
19:18:20.978460,1055,close(3361) = -1 EBADF (Bad file number)
19:18:20.978995,1055,close(3362) = -1 EBADF (Bad file number)
19:18:20.979523,1055,close(3363) = -1 EBADF (Bad file number)
19:18:20.980059,1055,close(3364) = -1 EBADF (Bad file number)
19:18:20.980590,1055,close(3365) = -1 EBADF (Bad file number)
19:18:20.981126,1055,close(3366) = -1 EBADF (Bad file number)
19:18:20.981655,1055,close(3367) = -1 EBADF (Bad file number)
19:18:20.982192,1055,close(3368) = -1 EBADF (Bad file number)
19:18:20.982723,1055,close(3369) = -1 EBADF (Bad file number)
19:18:20.983256,1055,close(3370) = -1 EBADF (Bad file number)
19:18:20.987129,1028,<... nanosleep resumed> 0xaf4953e8) = 0
19:18:20.987474,1055,close(3371 <unfinished ...>
19:18:20.987812,1028,nanosleep({0, 1000000}, <unfinished ...>
19:18:20.988164,1055,<... close resumed> ) = -1 EBADF (Bad file number)
19:18:20.988513,1055,close(3372) = -1 EBADF (Bad file number)
19:18:20.989078,1055,close(3373) = -1 EBADF (Bad file number)
19:18:20.989589,1055,close(3374) = -1 EBADF (Bad file number)
19:18:20.990105,1055,close(3375) = -1 EBADF (Bad file number)
19:18:20.990614,1055,close(3376) = -1 EBADF (Bad file number)
19:18:20.991154,1055,close(3377) = -1 EBADF (Bad file number)
19:18:20.991662,1055,close(3378) = -1 EBADF (Bad file number)
19:18:20.992174,1055,close(3379) = -1 EBADF (Bad file number)
19:18:20.992681,1055,close(3380) = -1 EBADF (Bad file number)
19:18:20.993195,1055,close(3381) = -1 EBADF (Bad file number)
19:18:20.993701,1055,close(3382) = -1 EBADF (Bad file number)
19:18:20.994212,1055,close(3383) = -1 EBADF (Bad file number)
19:18:20.994718,1055,close(3384) = -1 EBADF (Bad file number)
19:18:20.995230,1055,close(3385) = -1 EBADF (Bad file number)
19:18:20.995734,1055,close(3386) = -1 EBADF (Bad file number)
19:18:20.996495,1028,<... nanosleep resumed> 0xaf4953e8) = 0
19:18:20.996822,1055,close(3387 <unfinished ...>
19:18:20.997173,1028,nanosleep({0, 1000000}, <unfinished ...>
19:18:20.997517,1055,<... close resumed> ) = -1 EBADF (Bad file number)
19:18:20.997902,1055,close(3388) = -1 EBADF (Bad file number)
19:18:20.998441,1055,close(3389) = -1 EBADF (Bad file number)
19:18:20.998979,1055,close(3390) = -1 EBADF (Bad file number)
19:18:20.999511,1055,close(3391) = -1 EBADF (Bad file number)
19:18:21.000050,1055,close(3392) = -1 EBADF (Bad file number)
19:18:21.000575,1055,close(3393) = -1 EBADF (Bad file number)
19:18:21.001106,1055,close(3394) = -1 EBADF (Bad file number)
19:18:21.001631,1055,close(3395) = -1 EBADF (Bad file number)
19:18:21.002163,1055,close(3396) = -1 EBADF (Bad file number)
19:18:21.002689,1055,close(3397) = -1 EBADF (Bad file number)
19:18:21.003220,1055,close(3398) = -1 EBADF (Bad file number)
19:18:21.003744,1055,close(3399) = -1 EBADF (Bad file number)
19:18:21.004275,1055,close(3400) = -1 EBADF (Bad file number)
19:18:21.004801,1055,close(3401) = -1 EBADF (Bad file number)
19:18:21.019889,1028,<... nanosleep resumed> 0xaf4953e8) = 0
19:18:21.020392,1055,close(3402 <unfinished ...>
19:18:21.020774,1028,nanosleep({0, 1000000}, <unfinished ...>
19:18:21.021127,1055,<... close resumed> ) = -1 EBADF (Bad file number)
19:18:21.021485,1055,close(3403) = -1 EBADF (Bad file number)
19:18:21.022013,1055,close(3404) = -1 EBADF (Bad file number)
19:18:21.022547,1055,close(3405) = -1 EBADF (Bad file number)
19:18:21.023085,1055,close(3406) = -1 EBADF (Bad file number)
19:18:21.023615,1055,close(3407) = -1 EBADF (Bad file number)
19:18:21.024151,1055,close(3408) = -1 EBADF (Bad file number)
19:18:21.024681,1055,close(3409 <unfinished ...>
19:18:21.025406,1028,<... nanosleep resumed> 0xaf4953e8) = 0
19:18:21.025689,1055,<... close resumed> ) = -1 EBADF (Bad file number)
19:18:21.038117,1028,nanosleep({0, 1000000}, <unfinished ...>
19:18:21.038521,1055,close(3410) = -1 EBADF (Bad file number)
19:18:21.039086,1055,close(3411) = -1 EBADF (Bad file number)
19:18:21.039599,1055,close(3412) = -1 EBADF (Bad file number)
19:18:21.040116,1055,close(3413 <unfinished ...>
19:18:21.040553,1028,<... nanosleep resumed> 0xaf4953e8) = 0
19:18:21.040835,1055,<... close resumed> ) = -1 EBADF (Bad file number)
19:18:21.042912,1028,nanosleep({0, 1000000}, <unfinished ...>
19:18:21.043332,1055,close(3414) = -1 EBADF (Bad file number)
19:18:21.043893,1055,close(3415) = -1 EBADF (Bad file number)
19:18:21.044412,1055,close(3416) = -1 EBADF (Bad file number)
19:18:21.044921,1055,close(3417) = -1 EBADF (Bad file number)
19:18:21.045434,1055,close(3418) = -1 EBADF (Bad file number)
19:18:21.058085,1055,close(3419 <unfinished ...>
19:18:21.058341,1028,<... nanosleep resumed> 0xaf4953e8) = 0
19:18:21.058708,1055,<... close resumed> ) = -1 EBADF (Bad file number)
19:18:21.059059,1028,nanosleep({0, 1000000}, <unfinished ...>
19:18:21.059437,1055,close(3420) = -1 EBADF (Bad file number)
19:18:21.060002,1055,close(3421) = -1 EBADF (Bad file number)
19:18:21.060512,1055,close(3422) = -1 EBADF (Bad file number)
19:18:21.061050,1055,close(3423) = -1 EBADF (Bad file number)
19:18:21.061559,1055,close(3424) = -1 EBADF (Bad file number)
19:18:21.062134,1055,close(3425 <unfinished ...>
19:18:21.062434,1028,<... nanosleep resumed> 0xaf4953e8) = 0
19:18:21.062714,1055,<... close resumed> ) = -1 EBADF (Bad file number)
19:18:21.063050,1028,nanosleep({0, 1000000}, <unfinished ...>
19:18:21.063415,1055,close(3426) = -1 EBADF (Bad file number)
19:18:21.063966,1055,close(3427) = -1 EBADF (Bad file number)
19:18:21.064474,1055,close(3428) = -1 EBADF (Bad file number)
19:18:21.064988,1055,close(3429) = -1 EBADF (Bad file number)
19:18:21.065491,1055,close(3430) = -1 EBADF (Bad file number)
19:18:21.088761,1055,close(3431 <unfinished ...>
19:18:21.089029,1028,<... nanosleep resumed> 0xaf4953e8) = 0
19:18:21.089344,1055,<... close resumed> ) = -1 EBADF (Bad file number)
19:18:21.089701,1028,nanosleep({0, 1000000}, <unfinished ...>
19:18:21.090101,1055,close(3432) = -1 EBADF (Bad file number)
19:18:21.090691,1055,close(3433) = -1 EBADF (Bad file number)
19:18:21.091232,1055,close(3434) = -1 EBADF (Bad file number)
19:18:21.091762,1055,close(3435) = -1 EBADF (Bad file number)
19:18:21.092300,1055,close(3436) = -1 EBADF (Bad file number)
19:18:21.092831,1055,close(3437) = -1 EBADF (Bad file number)
19:18:21.093367,1055,close(3438) = -1 EBADF (Bad file number)
19:18:21.093894,1055,close(3439) = -1 EBADF (Bad file number)
19:18:21.094431,1055,close(3440) = -1 EBADF (Bad file number)
19:18:21.094966,1055,close(3441) = -1 EBADF (Bad file number)
19:18:21.095494,1055,close(3442) = -1 EBADF (Bad file number)
19:18:21.096028,1055,close(3443) = -1 EBADF (Bad file number)
19:18:21.096557,1055,close(3444) = -1 EBADF (Bad file number)
19:18:21.097225,1055,close(3445) = -1 EBADF (Bad file number)
19:18:21.097819,1055,close(3446) = -1 EBADF (Bad file number)
19:18:21.098394,1055,close(3447) = -1 EBADF (Bad file number)
19:18:21.098930,1055,close(3448) = -1 EBADF (Bad file number)
19:18:21.099501,1055,close(3449) = -1 EBADF (Bad file number)
19:18:21.100073,1055,close(3450) = -1 EBADF (Bad file number)
19:18:21.100601,1055,close(3451) = -1 EBADF (Bad file number)
19:18:21.101177,1055,close(3452) = -1 EBADF (Bad file number)
19:18:21.101704,1055,close(3453) = -1 EBADF (Bad file number)
19:18:21.103170,1055,close(3454 <unfinished ...>
19:18:21.103517,1028,<... nanosleep resumed> 0xaf4953e8) = 0
19:18:21.103805,1055,<... close resumed> ) = -1 EBADF (Bad file number)
19:18:21.104194,1028,nanosleep({0, 1000000}, <unfinished ...>
19:18:21.104595,1055,close(3455) = -1 EBADF (Bad file number)
19:18:21.105252,1055,close(3456) = -1 EBADF (Bad file number)
19:18:21.105769,1055,close(3457) = -1 EBADF (Bad file number)
19:18:21.116961,1028,<... nanosleep resumed> 0xaf4953e8) = 0
19:18:21.117337,1055,close(3458 <unfinished ...>
19:18:21.117695,1028,nanosleep({0, 1000000}, <unfinished ...>
19:18:21.118366,1055,<... close resumed> ) = -1 EBADF (Bad file number)
19:18:21.118808,1055,close(3459) = -1 EBADF (Bad file number)
19:18:21.119722,1055,close(3460) = -1 EBADF (Bad file number)
19:18:21.120252,1055,close(3461) = -1 EBADF (Bad file number)
19:18:21.120784,1055,close(3462) = -1 EBADF (Bad file number)
19:18:21.121322,1055,close(3463) = -1 EBADF (Bad file number)
19:18:21.121853,1055,close(3464) = -1 EBADF (Bad file number)
19:18:21.122390,1055,close(3465) = -1 EBADF (Bad file number)
19:18:21.122990,1028,<... nanosleep resumed> 0xaf4953e8) = 0
19:18:21.123300,1055,close(3466 <unfinished ...>
19:18:21.123629,1028,nanosleep({0, 1000000}, <unfinished ...>
19:18:21.123974,1055,<... close resumed> ) = -1 EBADF (Bad file number)
19:18:21.124344,1055,close(3467) = -1 EBADF (Bad file number)
19:18:21.124872,1055,close(3468) = -1 EBADF (Bad file number)
19:18:21.135533,1055,close(3469 <unfinished ...>
19:18:21.135811,1028,<... nanosleep resumed> 0xaf4953e8) = 0
19:18:21.136144,1055,<... close resumed> ) = -1 EBADF (Bad file number)
19:18:21.136506,1028,nanosleep({0, 1000000}, <unfinished ...>
19:18:21.136900,1055,close(3470) = -1 EBADF (Bad file number)
19:18:21.137484,1055,close(3471) = -1 EBADF (Bad file number)
19:18:21.138025,1055,close(3472) = -1 EBADF (Bad file number)
19:18:21.138563,1055,close(3473) = -1 EBADF (Bad file number)
19:18:21.139077,1055,close(3474) = -1 EBADF (Bad file number)
19:18:21.139584,1055,close(3475) = -1 EBADF (Bad file number)
19:18:21.143417,1055,close(3476 <unfinished ...>
19:18:21.143801,1028,<... nanosleep resumed> 0xaf4953e8) = 0
19:18:21.144147,1055,<... close resumed> ) = -1 EBADF (Bad file number)
19:18:21.144509,1028,nanosleep({0, 1000000}, <unfinished ...>
19:18:21.144903,1055,close(3477) = -1 EBADF (Bad file number)
19:18:21.145523,1055,close(3478) = -1 EBADF (Bad file number)
19:18:21.146101,1055,close(3479) = -1 EBADF (Bad file number)
19:18:21.155381,1055,close(3480 <unfinished ...>
19:18:21.155652,1028,<... nanosleep resumed> 0xaf4953e8) = 0
19:18:21.155985,1055,<... close resumed> ) = -1 EBADF (Bad file number)
19:18:21.156353,1028,nanosleep({0, 1000000}, <unfinished ...>
19:18:21.156749,1055,close(3481) = -1 EBADF (Bad file number)
19:18:21.157335,1055,close(3482) = -1 EBADF (Bad file number)
19:18:21.157872,1055,close(3483) = -1 EBADF (Bad file number)
19:18:21.158487,1055,close(3484 <unfinished ...>
19:18:21.158790,1028,<... nanosleep resumed> 0xaf4953e8) = 0
19:18:21.159078,1055,<... close resumed> ) = -1 EBADF (Bad file number)
19:18:21.159409,1028,nanosleep({0, 1000000}, <unfinished ...>
19:18:21.159775,1055,close(3485) = -1 EBADF (Bad file number)
19:18:21.160334,1055,close(3486) = -1 EBADF (Bad file number)
19:18:21.160907,1055,close(3487) = -1 EBADF (Bad file number)
19:18:21.161569,1028,<... nanosleep resumed> 0xaf4953e8) = 0
19:18:21.161937,1055,close(3488 <unfinished ...>
19:18:21.162355,1028,nanosleep({0, 1000000}, <unfinished ...>
19:18:21.162728,1055,<... close resumed> ) = -1 EBADF (Bad file number)
19:18:21.163127,1055,close(3489) = -1 EBADF (Bad file number)
19:18:21.163663,1055,close(3490) = -1 EBADF (Bad file number)
19:18:21.164240,1055,close(3491) = -1 EBADF (Bad file number)
19:18:21.164772,1055,close(3492) = -1 EBADF (Bad file number)
19:18:21.165350,1055,close(3493) = -1 EBADF (Bad file number)
19:18:21.165880,1055,close(3494) = -1 EBADF (Bad file number)
19:18:21.166453,1055,close(3495) = -1 EBADF (Bad file number)
19:18:21.208061,1028,<... nanosleep resumed> 0xaf4953e8) = 0
19:18:21.209147,1055,close(3496 <unfinished ...>
19:18:21.209495,1028,nanosleep({0, 1000000}, <unfinished ...>
19:18:21.209841,1055,<... close resumed> ) = -1 EBADF (Bad file number)
19:18:21.210198,1055,close(3497) = -1 EBADF (Bad file number)
19:18:21.210713,1055,close(3498) = -1 EBADF (Bad file number)
19:18:21.211230,1055,close(3499) = -1 EBADF (Bad file number)
19:18:21.211741,1055,close(3500) = -1 EBADF (Bad file number)
19:18:21.212256,1055,close(3501) = -1 EBADF (Bad file number)
19:18:21.212763,1055,close(3502) = -1 EBADF (Bad file number)
19:18:21.213277,1055,close(3503) = -1 EBADF (Bad file number)
19:18:21.213785,1055,close(3504) = -1 EBADF (Bad file number)
19:18:21.214299,1055,close(3505) = -1 EBADF (Bad file number)
19:18:21.214805,1055,close(3506) = -1 EBADF (Bad file number)
19:18:21.215317,1055,close(3507) = -1 EBADF (Bad file number)
19:18:21.215823,1055,close(3508) = -1 EBADF (Bad file number)
19:18:21.216337,1055,close(3509) = -1 EBADF (Bad file number)
19:18:21.216842,1055,close(3510) = -1 EBADF (Bad file number)
19:18:21.217354,1055,close(3511) = -1 EBADF (Bad file number)
19:18:21.217860,1055,close(3512) = -1 EBADF (Bad file number)
19:18:21.218399,1055,close(3513) = -1 EBADF (Bad file number)
19:18:21.218905,1055,close(3514) = -1 EBADF (Bad file number)
19:18:21.219418,1055,close(3515) = -1 EBADF (Bad file number)
19:18:21.219930,1055,close(3516) = -1 EBADF (Bad file number)
19:18:21.220437,1055,close(3517) = -1 EBADF (Bad file number)
19:18:21.220947,1055,close(3518) = -1 EBADF (Bad file number)
19:18:21.221452,1055,close(3519) = -1 EBADF (Bad file number)
19:18:21.221965,1055,close(3520) = -1 EBADF (Bad file number)
19:18:21.222471,1055,close(3521) = -1 EBADF (Bad file number)
19:18:21.222983,1055,close(3522) = -1 EBADF (Bad file number)
19:18:21.259041,1028,<... nanosleep resumed> 0xaf4953e8) = 0
19:18:21.259810,1055,close(3523 <unfinished ...>
19:18:21.260164,1028,nanosleep({0, 1000000}, <unfinished ...>
19:18:21.261074,1055,<... close resumed> ) = -1 EBADF (Bad file number)
19:18:21.261697,1055,close(3524) = -1 EBADF (Bad file number)
19:18:21.263579,1055,close(3525) = -1 EBADF (Bad file number)
19:18:21.264107,1055,close(3526) = -1 EBADF (Bad file number)
19:18:21.264620,1055,close(3527) = -1 EBADF (Bad file number)
19:18:21.265138,1055,close(3528) = -1 EBADF (Bad file number)
19:18:21.265648,1055,close(3529) = -1 EBADF (Bad file number)
19:18:21.266163,1055,close(3530) = -1 EBADF (Bad file number)
19:18:21.266670,1055,close(3531) = -1 EBADF (Bad file number)
19:18:21.267185,1055,close(3532) = -1 EBADF (Bad file number)
19:18:21.267697,1055,close(3533 <unfinished ...>
19:18:21.283460,1028,<... nanosleep resumed> 0xaf4953e8) = 0
19:18:21.283757,1055,<... close resumed> ) = -1 EBADF (Bad file number)
19:18:21.284108,1028,nanosleep({0, 1000000}, <unfinished ...>
19:18:21.284484,1055,close(3534) = -1 EBADF (Bad file number)
19:18:21.285038,1055,close(3535) = -1 EBADF (Bad file number)
19:18:21.285552,1055,close(3536) = -1 EBADF (Bad file number)
19:18:21.286070,1055,close(3537) = -1 EBADF (Bad file number)
19:18:21.286579,1055,close(3538) = -1 EBADF (Bad file number)
19:18:21.287093,1055,close(3539) = -1 EBADF (Bad file number)
19:18:21.287601,1055,close(3540) = -1 EBADF (Bad file number)
19:18:21.288116,1055,close(3541) = -1 EBADF (Bad file number)
19:18:21.288621,1055,close(3542) = -1 EBADF (Bad file number)
19:18:21.289132,1055,close(3543) = -1 EBADF (Bad file number)
19:18:21.289638,1055,close(3544) = -1 EBADF (Bad file number)
19:18:21.290152,1055,close(3545) = -1 EBADF (Bad file number)
19:18:21.290656,1055,close(3546) = -1 EBADF (Bad file number)
19:18:21.291169,1055,close(3547) = -1 EBADF (Bad file number)
19:18:21.291675,1055,close(3548) = -1 EBADF (Bad file number)
19:18:21.292188,1055,close(3549) = -1 EBADF (Bad file number)
19:18:21.292694,1055,close(3550) = -1 EBADF (Bad file number)
19:18:21.293205,1055,close(3551) = -1 EBADF (Bad file number)
19:18:21.293711,1055,close(3552) = -1 EBADF (Bad file number)
19:18:21.313451,1028,<... nanosleep resumed> 0xaf4953e8) = 0
19:18:21.313802,1055,close(3553 <unfinished ...>
19:18:21.314151,1028,nanosleep({0, 1000000}, <unfinished ...>
19:18:21.314498,1055,<... close resumed> ) = -1 EBADF (Bad file number)
19:18:21.314845,1055,close(3554) = -1 EBADF (Bad file number)
19:18:21.315366,1055,close(3555) = -1 EBADF (Bad file number)
19:18:21.315876,1055,close(3556) = -1 EBADF (Bad file number)
19:18:21.316393,1055,close(3557) = -1 EBADF (Bad file number)
19:18:21.316902,1055,close(3558) = -1 EBADF (Bad file number)
19:18:21.317416,1055,close(3559) = -1 EBADF (Bad file number)
19:18:21.317930,1055,close(3560) = -1 EBADF (Bad file number)
19:18:21.318437,1055,close(3561) = -1 EBADF (Bad file number)
19:18:21.318949,1055,close(3562) = -1 EBADF (Bad file number)
19:18:21.319455,1055,close(3563) = -1 EBADF (Bad file number)
19:18:21.319969,1055,close(3564) = -1 EBADF (Bad file number)
19:18:21.320503,1055,close(3565 <unfinished ...>
19:18:21.343896,1028,<... nanosleep resumed> 0xaf4953e8) = 0
19:18:21.344243,1055,<... close resumed> ) = -1 EBADF (Bad file number)
19:18:21.344593,1028,nanosleep({0, 1000000}, <unfinished ...>
19:18:21.344980,1055,close(3566) = -1 EBADF (Bad file number)
19:18:21.345530,1055,close(3567) = -1 EBADF (Bad file number)
19:18:21.346051,1055,close(3568) = -1 EBADF (Bad file number)
19:18:21.346563,1055,close(3569) = -1 EBADF (Bad file number)
19:18:21.347078,1055,close(3570) = -1 EBADF (Bad file number)
19:18:21.347587,1055,close(3571) = -1 EBADF (Bad file number)
19:18:21.348103,1055,close(3572) = -1 EBADF (Bad file number)
19:18:21.373116,1055,close(3573 <unfinished ...>
19:18:21.373373,1028,<... nanosleep resumed> 0xaf4953e8) = 0
19:18:21.373681,1055,<... close resumed> ) = -1 EBADF (Bad file number)
19:18:21.374032,1028,nanosleep({0, 1000000}, <unfinished ...>
19:18:21.374409,1055,close(3574) = -1 EBADF (Bad file number)
19:18:21.374966,1055,close(3575) = -1 EBADF (Bad file number)
19:18:21.399134,1028,<... nanosleep resumed> 0xaf4953e8) = 0
19:18:21.399509,1055,close(3576 <unfinished ...>
19:18:21.399865,1028,nanosleep({0, 1000000}, <unfinished ...>
19:18:21.400233,1055,<... close resumed> ) = -1 EBADF (Bad file number)
19:18:21.400610,1055,close(3577) = -1 EBADF (Bad file number)
19:18:21.401157,1055,close(3578) = -1 EBADF (Bad file number)
19:18:21.401692,1055,close(3579) = -1 EBADF (Bad file number)
19:18:21.402233,1055,close(3580) = -1 EBADF (Bad file number)
19:18:21.402767,1055,close(3581) = -1 EBADF (Bad file number)
19:18:21.403306,1055,close(3582) = -1 EBADF (Bad file number)
19:18:21.403840,1055,close(3583) = -1 EBADF (Bad file number)
19:18:21.404377,1055,close(3584) = -1 EBADF (Bad file number)
19:18:21.404910,1055,close(3585) = -1 EBADF (Bad file number)
19:18:21.405447,1055,close(3586) = -1 EBADF (Bad file number)
19:18:21.428446,1055,close(3587 <unfinished ...>
19:18:21.428714,1028,<... nanosleep resumed> 0xaf4953e8) = 0
19:18:21.429042,1055,<... close resumed> ) = -1 EBADF (Bad file number)
19:18:21.429408,1028,nanosleep({0, 1000000}, <unfinished ...>
19:18:21.429803,1055,close(3588) = -1 EBADF (Bad file number)
19:18:21.430398,1055,close(3589) = -1 EBADF (Bad file number)
19:18:21.430941,1055,close(3590) = -1 EBADF (Bad file number)
19:18:21.431476,1055,close(3591) = -1 EBADF (Bad file number)
19:18:21.432015,1055,close(3592) = -1 EBADF (Bad file number)
19:18:21.432549,1055,close(3593) = -1 EBADF (Bad file number)
19:18:21.433088,1055,close(3594) = -1 EBADF (Bad file number)
19:18:21.433710,1028,<... nanosleep resumed> 0xaf4953e8) = 0
19:18:21.434029,1055,close(3595 <unfinished ...>
19:18:21.434358,1028,nanosleep({0, 1000000}, <unfinished ...>
19:18:21.434696,1055,<... close resumed> ) = -1 EBADF (Bad file number)
19:18:21.435045,1055,close(3596) = -1 EBADF (Bad file number)
19:18:21.435557,1055,close(3597) = -1 EBADF (Bad file number)
19:18:21.436072,1055,close(3598) = -1 EBADF (Bad file number)
19:18:21.436579,1055,close(3599) = -1 EBADF (Bad file number)
19:18:21.437093,1055,close(3600) = -1 EBADF (Bad file number)
19:18:21.437600,1055,close(3601) = -1 EBADF (Bad file number)
19:18:21.438112,1055,close(3602) = -1 EBADF (Bad file number)
19:18:21.438617,1055,close(3603) = -1 EBADF (Bad file number)
19:18:21.439130,1055,close(3604) = -1 EBADF (Bad file number)
19:18:21.459656,1028,<... nanosleep resumed> 0xaf4953e8) = 0
19:18:21.460009,1055,close(3605 <unfinished ...>
19:18:21.460352,1028,nanosleep({0, 1000000}, <unfinished ...>
19:18:21.460699,1055,<... close resumed> ) = -1 EBADF (Bad file number)
19:18:21.461067,1055,close(3606) = -1 EBADF (Bad file number)
19:18:21.461582,1055,close(3607) = -1 EBADF (Bad file number)
19:18:21.462515,1028,<... nanosleep resumed> 0xaf4953e8) = 0
19:18:21.462829,1055,close(3608 <unfinished ...>
19:18:21.463168,1028,nanosleep({0, 1000000}, <unfinished ...>
19:18:21.463507,1055,<... close resumed> ) = -1 EBADF (Bad file number)
19:18:21.463854,1055,close(3609) = -1 EBADF (Bad file number)
19:18:21.464373,1055,close(3610) = -1 EBADF (Bad file number)
19:18:21.464882,1055,close(3611) = -1 EBADF (Bad file number)
19:18:21.465396,1055,close(3612) = -1 EBADF (Bad file number)
19:18:21.465905,1055,close(3613) = -1 EBADF (Bad file number)
19:18:21.466419,1055,close(3614) = -1 EBADF (Bad file number)
19:18:21.466932,1055,close(3615) = -1 EBADF (Bad file number)
19:18:21.467439,1055,close(3616) = -1 EBADF (Bad file number)
19:18:21.467953,1055,close(3617) = -1 EBADF (Bad file number)
19:18:21.468459,1055,close(3618) = -1 EBADF (Bad file number)
19:18:21.491449,1028,<... nanosleep resumed> 0xaf4953e8) = 0
19:18:21.491811,1055,close(3619 <unfinished ...>
19:18:21.492182,1028,nanosleep({0, 1000000}, <unfinished ...>
19:18:21.492529,1055,<... close resumed> ) = -1 EBADF (Bad file number)
19:18:21.492886,1055,close(3620) = -1 EBADF (Bad file number)
19:18:21.493409,1055,close(3621) = -1 EBADF (Bad file number)
19:18:21.493927,1055,close(3622) = -1 EBADF (Bad file number)
19:18:21.494437,1055,close(3623) = -1 EBADF (Bad file number)
19:18:21.494953,1055,close(3624) = -1 EBADF (Bad file number)
19:18:21.495462,1055,close(3625) = -1 EBADF (Bad file number)
19:18:21.495976,1055,close(3626) = -1 EBADF (Bad file number)
19:18:21.496483,1055,close(3627 <unfinished ...>
19:18:21.515967,1028,<... nanosleep resumed> 0xaf4953e8) = 0
19:18:21.516303,1055,<... close resumed> ) = -1 EBADF (Bad file number)
19:18:21.516655,1028,nanosleep({0, 1000000}, <unfinished ...>
19:18:21.517058,1055,close(3628) = -1 EBADF (Bad file number)
19:18:21.517641,1055,close(3629) = -1 EBADF (Bad file number)
19:18:21.518183,1055,close(3630) = -1 EBADF (Bad file number)
19:18:21.518716,1055,close(3631) = -1 EBADF (Bad file number)
19:18:21.519255,1055,close(3632) = -1 EBADF (Bad file number)
19:18:21.519789,1055,close(3633) = -1 EBADF (Bad file number)
19:18:21.520328,1055,close(3634) = -1 EBADF (Bad file number)
19:18:21.520859,1055,close(3635) = -1 EBADF (Bad file number)
19:18:21.521400,1055,close(3636) = -1 EBADF (Bad file number)
19:18:21.521938,1055,close(3637) = -1 EBADF (Bad file number)
19:18:21.522470,1055,close(3638) = -1 EBADF (Bad file number)
19:18:21.523004,1055,close(3639) = -1 EBADF (Bad file number)
19:18:21.523535,1055,close(3640) = -1 EBADF (Bad file number)
19:18:21.524139,1028,<... nanosleep resumed> 0xaf4953e8) = 0
19:18:21.524450,1055,close(3641 <unfinished ...>
19:18:21.524780,1028,nanosleep({0, 1000000}, <unfinished ...>
19:18:21.525127,1055,<... close resumed> ) = -1 EBADF (Bad file number)
19:18:21.525469,1055,close(3642) = -1 EBADF (Bad file number)
19:18:21.546298,1028,<... nanosleep resumed> 0xaf4953e8) = 0
19:18:21.546779,1055,close(3643 <unfinished ...>
19:18:21.547132,1028,nanosleep({0, 1000000}, <unfinished ...>
19:18:21.547480,1055,<... close resumed> ) = -1 EBADF (Bad file number)
19:18:21.547832,1055,close(3644) = -1 EBADF (Bad file number)
19:18:21.548355,1055,close(3645) = -1 EBADF (Bad file number)
19:18:21.548866,1055,close(3646) = -1 EBADF (Bad file number)
19:18:21.549382,1055,close(3647) = -1 EBADF (Bad file number)
19:18:21.549892,1055,close(3648) = -1 EBADF (Bad file number)
19:18:21.550408,1055,close(3649) = -1 EBADF (Bad file number)
19:18:21.550914,1055,close(3650) = -1 EBADF (Bad file number)
19:18:21.551428,1055,close(3651) = -1 EBADF (Bad file number)
19:18:21.551942,1055,close(3652) = -1 EBADF (Bad file number)
19:18:21.552449,1055,close(3653) = -1 EBADF (Bad file number)
19:18:21.552962,1055,close(3654) = -1 EBADF (Bad file number)
19:18:21.553499,1055,close(3655) = -1 EBADF (Bad file number)
19:18:21.554016,1055,close(3656) = -1 EBADF (Bad file number)
19:18:21.554525,1055,close(3657) = -1 EBADF (Bad file number)
19:18:21.555039,1055,close(3658) = -1 EBADF (Bad file number)
19:18:21.555545,1055,close(3659) = -1 EBADF (Bad file number)
19:18:21.556060,1055,close(3660) = -1 EBADF (Bad file number)
19:18:21.556567,1055,close(3661) = -1 EBADF (Bad file number)
19:18:21.557079,1055,close(3662) = -1 EBADF (Bad file number)
19:18:21.557585,1055,close(3663) = -1 EBADF (Bad file number)
19:18:21.558098,1055,close(3664) = -1 EBADF (Bad file number)
19:18:21.558606,1055,close(3665) = -1 EBADF (Bad file number)
19:18:21.559118,1055,close(3666) = -1 EBADF (Bad file number)
19:18:21.559623,1055,close(3667) = -1 EBADF (Bad file number)
19:18:21.560137,1055,close(3668) = -1 EBADF (Bad file number)
19:18:21.560644,1055,close(3669) = -1 EBADF (Bad file number)
19:18:21.561158,1055,close(3670) = -1 EBADF (Bad file number)
19:18:21.561663,1055,close(3671) = -1 EBADF (Bad file number)
19:18:21.562176,1055,close(3672) = -1 EBADF (Bad file number)
19:18:21.587822,1028,<... nanosleep resumed> 0xaf4953e8) = 0
19:18:21.605287,1055,close(3673 <unfinished ...>
19:18:21.605677,1028,nanosleep({0, 1000000}, <unfinished ...>
19:18:21.606035,1055,<... close resumed> ) = -1 EBADF (Bad file number)
19:18:21.606385,1055,close(3674) = -1 EBADF (Bad file number)
19:18:21.606901,1055,close(3675) = -1 EBADF (Bad file number)
19:18:21.607421,1055,close(3676) = -1 EBADF (Bad file number)
19:18:21.632424,1055,close(3677 <unfinished ...>
19:18:21.632698,1028,<... nanosleep resumed> 0xaf4953e8) = 0
19:18:21.633008,1055,<... close resumed> ) = -1 EBADF (Bad file number)
19:18:21.633352,1028,nanosleep({0, 1000000}, <unfinished ...>
19:18:21.633735,1055,close(3678) = -1 EBADF (Bad file number)
19:18:21.634329,1055,close(3679) = -1 EBADF (Bad file number)
19:18:21.634869,1055,close(3680) = -1 EBADF (Bad file number)
19:18:21.635412,1055,close(3681) = -1 EBADF (Bad file number)
19:18:21.635952,1055,close(3682) = -1 EBADF (Bad file number)
19:18:21.646683,1028,<... nanosleep resumed> 0xaf4953e8) = 0
19:18:21.647054,1028,nanosleep({0, 1000000}, 0xaf4953e8) = 0
19:18:21.649233,1028,nanosleep({0, 1000000}, 0xaf4953e8) = 0
19:18:21.651133,1028,nanosleep({0, 1000000}, 0xaf4953e8) = 0
19:18:21.656655,1028,nanosleep({0, 1000000}, 0xaf4953e8) = 0
19:18:21.666843,1028,nanosleep({0, 1000000}, 0xaf4953e8) = 0
19:18:21.673833,1028,nanosleep({0, 1000000}, 0xaf4953e8) = 0
19:18:21.729555,1055,close(3683) = -1 EBADF (Bad file number)
19:18:21.730162,1055,close(3684) = -1 EBADF (Bad file number)
19:18:21.730701,1055,close(3685) = -1 EBADF (Bad file number)
19:18:21.731247,1055,close(3686) = -1 EBADF (Bad file number)
19:18:21.731787,1055,close(3687) = -1 EBADF (Bad file number)
19:18:21.732327,1055,close(3688) = -1 EBADF (Bad file number)
19:18:21.732862,1055,close(3689) = -1 EBADF (Bad file number)
19:18:21.733402,1055,close(3690) = -1 EBADF (Bad file number)
19:18:21.733943,1055,close(3691) = -1 EBADF (Bad file number)
19:18:21.734477,1055,close(3692) = -1 EBADF (Bad file number)
19:18:21.735014,1055,close(3693) = -1 EBADF (Bad file number)
19:18:21.735547,1055,close(3694) = -1 EBADF (Bad file number)
19:18:21.736086,1055,close(3695) = -1 EBADF (Bad file number)
19:18:21.736618,1055,close(3696) = -1 EBADF (Bad file number)
19:18:21.737155,1055,close(3697) = -1 EBADF (Bad file number)
19:18:21.737687,1055,close(3698) = -1 EBADF (Bad file number)
19:18:21.738225,1055,close(3699) = -1 EBADF (Bad file number)
19:18:21.738756,1055,close(3700) = -1 EBADF (Bad file number)
19:18:21.739292,1055,close(3701) = -1 EBADF (Bad file number)
19:18:21.739825,1055,close(3702) = -1 EBADF (Bad file number)
19:18:21.740394,1055,close(3703) = -1 EBADF (Bad file number)
19:18:21.740932,1055,close(3704) = -1 EBADF (Bad file number)
19:18:21.741463,1055,close(3705) = -1 EBADF (Bad file number)
19:18:21.742001,1055,close(3706) = -1 EBADF (Bad file number)
19:18:21.742533,1055,close(3707) = -1 EBADF (Bad file number)
19:18:21.743070,1055,close(3708) = -1 EBADF (Bad file number)
19:18:21.743601,1055,close(3709) = -1 EBADF (Bad file number)
19:18:21.744139,1055,close(3710) = -1 EBADF (Bad file number)
19:18:21.744671,1055,close(3711) = -1 EBADF (Bad file number)
19:18:21.745206,1055,close(3712) = -1 EBADF (Bad file number)
19:18:21.745738,1055,close(3713) = -1 EBADF (Bad file number)
19:18:21.746276,1055,close(3714) = -1 EBADF (Bad file number)
19:18:21.746807,1055,close(3715) = -1 EBADF (Bad file number)
19:18:21.747343,1055,close(3716) = -1 EBADF (Bad file number)
19:18:21.747874,1055,close(3717) = -1 EBADF (Bad file number)
19:18:21.748412,1055,close(3718) = -1 EBADF (Bad file number)
19:18:21.748947,1055,close(3719) = -1 EBADF (Bad file number)
19:18:21.749478,1055,close(3720) = -1 EBADF (Bad file number)
19:18:21.785509,1055,close(3721) = -1 EBADF (Bad file number)
19:18:21.786097,1055,close(3722) = -1 EBADF (Bad file number)
19:18:21.786618,1055,close(3723) = -1 EBADF (Bad file number)
19:18:21.787138,1055,close(3724) = -1 EBADF (Bad file number)
19:18:21.787649,1055,close(3725) = -1 EBADF (Bad file number)
19:18:21.788582,1055,close(3726) = -1 EBADF (Bad file number)
19:18:21.789136,1055,close(3727) = -1 EBADF (Bad file number)
19:18:21.789689,1055,close(3728) = -1 EBADF (Bad file number)
19:18:21.790205,1055,close(3729) = -1 EBADF (Bad file number)
19:18:21.790772,1055,close(3730) = -1 EBADF (Bad file number)
19:18:21.791291,1055,close(3731) = -1 EBADF (Bad file number)
19:18:21.791822,1055,close(3732) = -1 EBADF (Bad file number)
19:18:21.792360,1055,close(3733) = -1 EBADF (Bad file number)
19:18:21.792892,1055,close(3734) = -1 EBADF (Bad file number)
19:18:21.793432,1055,close(3735) = -1 EBADF (Bad file number)
19:18:21.793969,1055,close(3736) = -1 EBADF (Bad file number)
19:18:21.794500,1055,close(3737) = -1 EBADF (Bad file number)
19:18:21.795062,1055,close(3738) = -1 EBADF (Bad file number)
19:18:21.795571,1055,close(3739) = -1 EBADF (Bad file number)
19:18:21.796086,1055,close(3740) = -1 EBADF (Bad file number)
19:18:21.796592,1055,close(3741) = -1 EBADF (Bad file number)
19:18:21.824907,1028,nanosleep({0, 1000000}, <unfinished ...>
19:18:21.825321,1055,close(3742) = -1 EBADF (Bad file number)
19:18:21.825844,1055,close(3743) = -1 EBADF (Bad file number)
19:18:21.826363,1055,close(3744) = -1 EBADF (Bad file number)
19:18:21.826874,1055,close(3745) = -1 EBADF (Bad file number)
19:18:21.827391,1055,close(3746) = -1 EBADF (Bad file number)
19:18:21.827900,1055,close(3747) = -1 EBADF (Bad file number)
19:18:21.838334,1028,<... nanosleep resumed> 0xaf4953e8) = 0
19:18:21.838758,1028,nanosleep({0, 1000000}, 0xaf4953e8) = 0
19:18:21.842155,1028,nanosleep({0, 1000000}, 0xaf4953e8) = 0
19:18:21.844551,1028,nanosleep({0, 1000000}, 0xaf4953e8) = 0
19:18:21.856367,1028,nanosleep({0, 1000000}, 0xaf4953e8) = 0
19:18:21.915764,1055,close(3748) = -1 EBADF (Bad file number)
19:18:21.916361,1055,close(3749) = -1 EBADF (Bad file number)
19:18:21.916838,1055,close(3750) = -1 EBADF (Bad file number)
19:18:21.917405,1055,close(3751) = -1 EBADF (Bad file number)
19:18:21.917939,1055,close(3752) = -1 EBADF (Bad file number)
19:18:21.918440,1055,close(3753) = -1 EBADF (Bad file number)
19:18:21.918908,1055,close(3754) = -1 EBADF (Bad file number)
19:18:21.919432,1055,close(3755) = -1 EBADF (Bad file number)
19:18:21.920006,1055,close(3756) = -1 EBADF (Bad file number)
19:18:21.920477,1055,close(3757) = -1 EBADF (Bad file number)
19:18:21.920975,1055,close(3758) = -1 EBADF (Bad file number)
19:18:21.921468,1055,close(3759) = -1 EBADF (Bad file number)
19:18:21.921978,1055,close(3760) = -1 EBADF (Bad file number)
19:18:21.922458,1055,close(3761) = -1 EBADF (Bad file number)
19:18:21.922953,1055,close(3762) = -1 EBADF (Bad file number)
19:18:21.923447,1055,close(3763) = -1 EBADF (Bad file number)
19:18:21.923955,1055,close(3764) = -1 EBADF (Bad file number)
19:18:21.924460,1055,close(3765) = -1 EBADF (Bad file number)
19:18:21.925013,1055,close(3766) = -1 EBADF (Bad file number)
19:18:21.925479,1055,close(3767) = -1 EBADF (Bad file number)
19:18:21.926001,1055,close(3768) = -1 EBADF (Bad file number)
19:18:21.926496,1055,close(3769) = -1 EBADF (Bad file number)
19:18:21.927026,1055,close(3770) = -1 EBADF (Bad file number)
19:18:21.927492,1055,close(3771) = -1 EBADF (Bad file number)
19:18:21.947433,1055,close(3772) = -1 EBADF (Bad file number)
19:18:21.947943,1055,close(3773) = -1 EBADF (Bad file number)
19:18:21.948431,1055,close(3774) = -1 EBADF (Bad file number)
19:18:21.948901,1055,close(3775) = -1 EBADF (Bad file number)
19:18:21.949409,1055,close(3776) = -1 EBADF (Bad file number)
19:18:21.950021,1055,close(3777) = -1 EBADF (Bad file number)
19:18:21.950491,1055,close(3778) = -1 EBADF (Bad file number)
19:18:21.950998,1055,close(3779) = -1 EBADF (Bad file number)
19:18:21.951539,1055,close(3780) = -1 EBADF (Bad file number)
19:18:21.952074,1055,close(3781) = -1 EBADF (Bad file number)
19:18:21.952576,1055,close(3782) = -1 EBADF (Bad file number)
19:18:21.953083,1055,close(3783) = -1 EBADF (Bad file number)
19:18:21.953551,1055,close(3784) = -1 EBADF (Bad file number)
19:18:21.954057,1055,close(3785) = -1 EBADF (Bad file number)
19:18:21.954523,1055,close(3786) = -1 EBADF (Bad file number)
19:18:21.955042,1055,close(3787) = -1 EBADF (Bad file number)
19:18:21.955523,1055,close(3788) = -1 EBADF (Bad file number)
19:18:21.956055,1055,close(3789) = -1 EBADF (Bad file number)
19:18:21.956520,1055,close(3790) = -1 EBADF (Bad file number)
19:18:21.957024,1055,close(3791) = -1 EBADF (Bad file number)
19:18:21.977150,1028,nanosleep({0, 1000000}, <unfinished ...>
19:18:21.977532,1055,close(3792) = -1 EBADF (Bad file number)
19:18:21.978096,1055,close(3793) = -1 EBADF (Bad file number)
19:18:21.978589,1055,close(3794) = -1 EBADF (Bad file number)
19:18:21.979156,1055,close(3795) = -1 EBADF (Bad file number)
19:18:21.980168,1055,close(3796) = -1 EBADF (Bad file number)
19:18:21.980640,1055,close(3797) = -1 EBADF (Bad file number)
19:18:21.981146,1055,close(3798) = -1 EBADF (Bad file number)
19:18:21.981615,1055,close(3799) = -1 EBADF (Bad file number)
19:18:21.982122,1055,close(3800) = -1 EBADF (Bad file number)
19:18:21.982590,1055,close(3801) = -1 EBADF (Bad file number)
19:18:21.983098,1055,close(3802) = -1 EBADF (Bad file number)
19:18:21.983577,1055,close(3803) = -1 EBADF (Bad file number)
19:18:21.984104,1055,close(3804) = -1 EBADF (Bad file number)
19:18:21.984571,1055,close(3805) = -1 EBADF (Bad file number)
19:18:21.985090,1055,close(3806) = -1 EBADF (Bad file number)
19:18:21.985568,1055,close(3807) = -1 EBADF (Bad file number)
19:18:21.986096,1055,close(3808) = -1 EBADF (Bad file number)
19:18:21.986563,1055,close(3809) = -1 EBADF (Bad file number)
19:18:21.987095,1055,close(3810) = -1 EBADF (Bad file number)
19:18:21.987561,1055,close(3811) = -1 EBADF (Bad file number)
19:18:21.988034,1055,close(3812) = -1 EBADF (Bad file number)
19:18:21.988501,1055,close(3813) = -1 EBADF (Bad file number)
19:18:21.988972,1055,close(3814) = -1 EBADF (Bad file number)
19:18:21.989466,1055,close(3815) = -1 EBADF (Bad file number)
19:18:21.989954,1055,close(3816) = -1 EBADF (Bad file number)
19:18:21.990434,1055,close(3817) = -1 EBADF (Bad file number)
19:18:21.990917,1055,close(3818) = -1 EBADF (Bad file number)
19:18:21.991396,1055,close(3819) = -1 EBADF (Bad file number)
19:18:21.991875,1055,close(3820) = -1 EBADF (Bad file number)
19:18:21.992383,1055,close(3821) = -1 EBADF (Bad file number)
19:18:22.014930,1055,close(3822) = -1 EBADF (Bad file number)
19:18:22.015483,1055,close(3823) = -1 EBADF (Bad file number)
19:18:22.035881,1028,<... nanosleep resumed> 0xaf4953e8) = 0
19:18:22.036257,1055,close(3824) = -1 EBADF (Bad file number)
19:18:22.036734,1055,close(3825) = -1 EBADF (Bad file number)
19:18:22.037270,1055,close(3826) = -1 EBADF (Bad file number)
19:18:22.038180,1055,close(3827) = -1 EBADF (Bad file number)
19:18:22.038721,1055,close(3828) = -1 EBADF (Bad file number)
19:18:22.039402,1055,close(3829) = -1 EBADF (Bad file number)
19:18:22.040097,1055,close(3830) = -1 EBADF (Bad file number)
19:18:22.040587,1055,close(3831) = -1 EBADF (Bad file number)
19:18:22.041169,1055,close(3832) = -1 EBADF (Bad file number)
19:18:22.041775,1055,close(3833) = -1 EBADF (Bad file number)
19:18:22.042316,1055,close(3834) = -1 EBADF (Bad file number)
19:18:22.042902,1055,close(3835) = -1 EBADF (Bad file number)
19:18:22.043438,1055,close(3836) = -1 EBADF (Bad file number)
19:18:22.043971,1055,close(3837) = -1 EBADF (Bad file number)
19:18:22.044452,1055,close(3838) = -1 EBADF (Bad file number)
19:18:22.044942,1055,close(3839) = -1 EBADF (Bad file number)
19:18:22.045453,1055,close(3840) = -1 EBADF (Bad file number)
19:18:22.045945,1055,close(3841) = -1 EBADF (Bad file number)
19:18:22.046439,1055,close(3842) = -1 EBADF (Bad file number)
19:18:22.065563,1055,close(3843 <unfinished ...>
19:18:22.065806,1028,nanosleep({0, 1000000}, <unfinished ...>
19:18:22.066200,1055,<... close resumed> ) = -1 EBADF (Bad file number)
19:18:22.066547,1055,close(3844) = -1 EBADF (Bad file number)
19:18:22.067117,1055,close(3845) = -1 EBADF (Bad file number)
19:18:22.067608,1055,close(3846) = -1 EBADF (Bad file number)
19:18:22.068164,1055,close(3847) = -1 EBADF (Bad file number)
19:18:22.068653,1055,close(3848) = -1 EBADF (Bad file number)
19:18:22.069182,1055,close(3849) = -1 EBADF (Bad file number)
19:18:22.069768,1055,close(3850 <unfinished ...>
19:18:22.070106,1028,<... nanosleep resumed> 0xaf4953e8) = 0
19:18:22.070377,1055,<... close resumed> ) = -1 EBADF (Bad file number)
19:18:22.070695,1028,nanosleep({0, 1000000}, <unfinished ...>
19:18:22.071106,1055,close(3851) = -1 EBADF (Bad file number)
19:18:22.071649,1055,close(3852) = -1 EBADF (Bad file number)
19:18:22.072213,1055,close(3853) = -1 EBADF (Bad file number)
19:18:22.073273,1028,<... nanosleep resumed> 0xaf4953e8) = 0
19:18:22.073572,1055,close(3854 <unfinished ...>
19:18:22.073941,1028,nanosleep({0, 1000000}, <unfinished ...>
19:18:22.074332,1055,<... close resumed> ) = -1 EBADF (Bad file number)
19:18:22.074649,1055,close(3855) = -1 EBADF (Bad file number)
19:18:22.075163,1055,close(3856) = -1 EBADF (Bad file number)
19:18:22.075633,1055,close(3857) = -1 EBADF (Bad file number)
19:18:22.076156,1055,close(3858) = -1 EBADF (Bad file number)
19:18:22.076622,1055,close(3859) = -1 EBADF (Bad file number)
19:18:22.077142,1055,close(3860) = -1 EBADF (Bad file number)
19:18:22.077620,1055,close(3861) = -1 EBADF (Bad file number)
19:18:22.078143,1055,close(3862) = -1 EBADF (Bad file number)
19:18:22.078607,1055,close(3863) = -1 EBADF (Bad file number)
19:18:22.079079,1055,close(3864) = -1 EBADF (Bad file number)
19:18:22.079543,1055,close(3865) = -1 EBADF (Bad file number)
19:18:22.080037,1055,close(3866) = -1 EBADF (Bad file number)
19:18:22.080645,1055,close(3867) = -1 EBADF (Bad file number)
19:18:22.106895,1028,<... nanosleep resumed> 0xaf4953e8) = 0
19:18:22.116716,1055,close(3868 <unfinished ...>
19:18:22.117170,1028,nanosleep({0, 1000000}, <unfinished ...>
19:18:22.117512,1055,<... close resumed> ) = -1 EBADF (Bad file number)
19:18:22.117858,1055,close(3869) = -1 EBADF (Bad file number)
19:18:22.118442,1055,close(3870) = -1 EBADF (Bad file number)
19:18:22.119038,1055,close(3871 <unfinished ...>
19:18:22.119492,1028,<... nanosleep resumed> 0xaf4953e8) = 0
19:18:22.119768,1055,<... close resumed> ) = -1 EBADF (Bad file number)
19:18:22.120162,1028,nanosleep({0, 1000000}, <unfinished ...>
19:18:22.120521,1055,close(3872) = -1 EBADF (Bad file number)
19:18:22.121100,1055,close(3873) = -1 EBADF (Bad file number)
19:18:22.121596,1055,close(3874) = -1 EBADF (Bad file number)
19:18:22.122182,1055,close(3875 <unfinished ...>
19:18:22.122496,1028,<... nanosleep resumed> 0xaf4953e8) = 0
19:18:22.122769,1055,<... close resumed> ) = -1 EBADF (Bad file number)
19:18:22.123132,1028,nanosleep({0, 1000000}, <unfinished ...>
19:18:22.123489,1055,close(3876) = -1 EBADF (Bad file number)
19:18:22.124107,1055,close(3877) = -1 EBADF (Bad file number)
19:18:22.124626,1055,close(3878) = -1 EBADF (Bad file number)
19:18:22.125402,1055,close(3879 <unfinished ...>
19:18:22.125743,1028,<... nanosleep resumed> 0xaf4953e8) = 0
19:18:22.126139,1055,<... close resumed> ) = -1 EBADF (Bad file number)
19:18:22.147198,1055,close(3880 <unfinished ...>
19:18:22.147499,1028,nanosleep({0, 1000000}, <unfinished ...>
19:18:22.147837,1055,<... close resumed> ) = -1 EBADF (Bad file number)
19:18:22.148249,1055,close(3881) = -1 EBADF (Bad file number)
19:18:22.148894,1055,close(3882) = -1 EBADF (Bad file number)
19:18:22.149458,1055,close(3883) = -1 EBADF (Bad file number)
19:18:22.150052,1028,<... nanosleep resumed> 0xaf4953e8) = 0
19:18:22.150654,1055,close(3884 <unfinished ...>
19:18:22.151113,1028,nanosleep({0, 1000000}, <unfinished ...>
19:18:22.151502,1055,<... close resumed> ) = -1 EBADF (Bad file number)
19:18:22.151848,1055,close(3885) = -1 EBADF (Bad file number)
19:18:22.152394,1055,close(3886) = -1 EBADF (Bad file number)
19:18:22.152884,1055,close(3887) = -1 EBADF (Bad file number)
19:18:22.153415,1055,close(3888) = -1 EBADF (Bad file number)
19:18:22.153902,1055,close(3889) = -1 EBADF (Bad file number)
19:18:22.154573,1055,close(3890 <unfinished ...>
19:18:22.154871,1028,<... nanosleep resumed> 0xaf4953e8) = 0
19:18:22.155198,1055,<... close resumed> ) = -1 EBADF (Bad file number)
19:18:22.155517,1028,nanosleep({0, 1000000}, <unfinished ...>
19:18:22.155869,1055,close(3891) = -1 EBADF (Bad file number)
19:18:22.186188,1028,<... nanosleep resumed> 0xaf4953e8) = 0
19:18:22.209263,1055,close(3892 <unfinished ...>
19:18:22.209622,1028,nanosleep({0, 1000000}, <unfinished ...>
19:18:22.209974,1055,<... close resumed> ) = -1 EBADF (Bad file number)
19:18:22.210328,1055,close(3893) = -1 EBADF (Bad file number)
19:18:22.210838,1055,close(3894) = -1 EBADF (Bad file number)
19:18:22.211348,1055,close(3895) = -1 EBADF (Bad file number)
19:18:22.211850,1055,close(3896) = -1 EBADF (Bad file number)
19:18:22.212354,1055,close(3897) = -1 EBADF (Bad file number)
19:18:22.212857,1055,close(3898) = -1 EBADF (Bad file number)
19:18:22.213365,1055,close(3899) = -1 EBADF (Bad file number)
19:18:22.213867,1055,close(3900) = -1 EBADF (Bad file number)
19:18:22.214374,1055,close(3901) = -1 EBADF (Bad file number)
19:18:22.214875,1055,close(3902) = -1 EBADF (Bad file number)
19:18:22.215414,1055,close(3903) = -1 EBADF (Bad file number)
19:18:22.215938,1055,close(3904) = -1 EBADF (Bad file number)
19:18:22.216452,1055,close(3905) = -1 EBADF (Bad file number)
19:18:22.217025,1055,close(3906) = -1 EBADF (Bad file number)
19:18:22.217541,1055,close(3907) = -1 EBADF (Bad file number)
19:18:22.218032,1055,close(3908) = -1 EBADF (Bad file number)
19:18:22.218519,1055,close(3909) = -1 EBADF (Bad file number)
19:18:22.219069,1055,close(3910) = -1 EBADF (Bad file number)
19:18:22.219558,1055,close(3911) = -1 EBADF (Bad file number)
19:18:22.220049,1055,close(3912) = -1 EBADF (Bad file number)
19:18:22.220533,1055,close(3913) = -1 EBADF (Bad file number)
19:18:22.221041,1055,close(3914) = -1 EBADF (Bad file number)
19:18:22.221542,1055,close(3915) = -1 EBADF (Bad file number)
19:18:22.222056,1055,close(3916) = -1 EBADF (Bad file number)
19:18:22.222543,1055,close(3917) = -1 EBADF (Bad file number)
19:18:22.223034,1055,close(3918) = -1 EBADF (Bad file number)
19:18:22.223520,1055,close(3919) = -1 EBADF (Bad file number)
19:18:22.224023,1055,close(3920) = -1 EBADF (Bad file number)
19:18:22.224521,1055,close(3921) = -1 EBADF (Bad file number)
19:18:22.225025,1055,close(3922) = -1 EBADF (Bad file number)
19:18:22.225526,1055,close(3923) = -1 EBADF (Bad file number)
19:18:22.226048,1055,close(3924) = -1 EBADF (Bad file number)
19:18:22.256209,1028,<... nanosleep resumed> 0xaf4953e8) = 0
19:18:22.256634,1055,close(3925 <unfinished ...>
19:18:22.257059,1028,nanosleep({0, 1000000}, <unfinished ...>
19:18:22.257392,1055,<... close resumed> ) = -1 EBADF (Bad file number)
19:18:22.257737,1055,close(3926) = -1 EBADF (Bad file number)
19:18:22.258273,1055,close(3927) = -1 EBADF (Bad file number)
19:18:22.258764,1055,close(3928) = -1 EBADF (Bad file number)
19:18:22.259291,1055,close(3929) = -1 EBADF (Bad file number)
19:18:22.259781,1055,close(3930) = -1 EBADF (Bad file number)
19:18:22.260333,1055,close(3931) = -1 EBADF (Bad file number)
19:18:22.260822,1055,close(3932) = -1 EBADF (Bad file number)
19:18:22.261346,1055,close(3933) = -1 EBADF (Bad file number)
19:18:22.261834,1055,close(3934) = -1 EBADF (Bad file number)
19:18:22.262361,1055,close(3935) = -1 EBADF (Bad file number)
19:18:22.262848,1055,close(3936) = -1 EBADF (Bad file number)
19:18:22.263373,1055,close(3937) = -1 EBADF (Bad file number)
19:18:22.263859,1055,close(3938) = -1 EBADF (Bad file number)
19:18:22.264410,1055,close(3939) = -1 EBADF (Bad file number)
19:18:22.264927,1055,close(3940) = -1 EBADF (Bad file number)
19:18:22.265445,1055,close(3941) = -1 EBADF (Bad file number)
19:18:22.265957,1055,close(3942) = -1 EBADF (Bad file number)
19:18:22.266457,1055,close(3943) = -1 EBADF (Bad file number)
19:18:22.266948,1055,close(3944) = -1 EBADF (Bad file number)
19:18:22.267435,1055,close(3945) = -1 EBADF (Bad file number)
19:18:22.267974,1055,close(3946) = -1 EBADF (Bad file number)
19:18:22.268476,1055,close(3947) = -1 EBADF (Bad file number)
19:18:22.268992,1055,close(3948) = -1 EBADF (Bad file number)
19:18:22.269478,1055,close(3949) = -1 EBADF (Bad file number)
19:18:22.269982,1055,close(3950) = -1 EBADF (Bad file number)
19:18:22.270483,1055,close(3951) = -1 EBADF (Bad file number)
19:18:22.270999,1055,close(3952) = -1 EBADF (Bad file number)
19:18:22.271484,1055,close(3953) = -1 EBADF (Bad file number)
19:18:22.271992,1055,close(3954) = -1 EBADF (Bad file number)
19:18:22.272491,1055,close(3955) = -1 EBADF (Bad file number)
19:18:22.272994,1055,close(3956) = -1 EBADF (Bad file number)
19:18:22.273493,1055,close(3957) = -1 EBADF (Bad file number)
19:18:22.273998,1055,close(3958) = -1 EBADF (Bad file number)
19:18:22.274497,1055,close(3959) = -1 EBADF (Bad file number)
19:18:22.275002,1055,close(3960) = -1 EBADF (Bad file number)
19:18:22.275500,1055,close(3961) = -1 EBADF (Bad file number)
19:18:22.276037,1055,close(3962) = -1 EBADF (Bad file number)
19:18:22.276537,1055,close(3963) = -1 EBADF (Bad file number)
19:18:22.319498,1028,<... nanosleep resumed> 0xaf4953e8) = 0
19:18:22.319900,1055,close(3964 <unfinished ...>
19:18:22.320263,1028,nanosleep({0, 1000000}, <unfinished ...>
19:18:22.320711,1055,<... close resumed> ) = -1 EBADF (Bad file number)
19:18:22.321164,1055,close(3965) = -1 EBADF (Bad file number)
19:18:22.321640,1055,close(3966) = -1 EBADF (Bad file number)
19:18:22.322188,1055,close(3967) = -1 EBADF (Bad file number)
19:18:22.322679,1055,close(3968) = -1 EBADF (Bad file number)
19:18:22.323232,1055,close(3969) = -1 EBADF (Bad file number)
19:18:22.323722,1055,close(3970) = -1 EBADF (Bad file number)
19:18:22.324217,1055,close(3971) = -1 EBADF (Bad file number)
19:18:22.324703,1055,close(3972) = -1 EBADF (Bad file number)
19:18:22.325195,1055,close(3973) = -1 EBADF (Bad file number)
19:18:22.325685,1055,close(3974) = -1 EBADF (Bad file number)
19:18:22.326237,1055,close(3975) = -1 EBADF (Bad file number)
19:18:22.326751,1055,close(3976) = -1 EBADF (Bad file number)
19:18:22.327273,1055,close(3977) = -1 EBADF (Bad file number)
19:18:22.327775,1055,close(3978) = -1 EBADF (Bad file number)
19:18:22.328362,1055,close(3979) = -1 EBADF (Bad file number)
19:18:22.328850,1055,close(3980) = -1 EBADF (Bad file number)
19:18:22.329471,1055,close(3981) = -1 EBADF (Bad file number)
19:18:22.330053,1055,close(3982) = -1 EBADF (Bad file number)
19:18:22.330542,1055,close(3983) = -1 EBADF (Bad file number)
19:18:22.331084,1055,close(3984) = -1 EBADF (Bad file number)
19:18:22.331571,1055,close(3985) = -1 EBADF (Bad file number)
19:18:22.332121,1055,close(3986) = -1 EBADF (Bad file number)
19:18:22.332608,1055,close(3987) = -1 EBADF (Bad file number)
19:18:22.333149,1055,close(3988) = -1 EBADF (Bad file number)
19:18:22.333636,1055,close(3989) = -1 EBADF (Bad file number)
19:18:22.334179,1055,close(3990) = -1 EBADF (Bad file number)
19:18:22.334667,1055,close(3991) = -1 EBADF (Bad file number)
19:18:22.335195,1055,close(3992) = -1 EBADF (Bad file number)
19:18:22.335715,1055,close(3993) = -1 EBADF (Bad file number)
19:18:22.336308,1055,close(3994) = -1 EBADF (Bad file number)
19:18:22.336810,1055,close(3995) = -1 EBADF (Bad file number)
19:18:22.337348,1055,close(3996) = -1 EBADF (Bad file number)
19:18:22.337835,1055,close(3997) = -1 EBADF (Bad file number)
19:18:22.338360,1055,close(3998) = -1 EBADF (Bad file number)
19:18:22.338846,1055,close(3999) = -1 EBADF (Bad file number)
19:18:22.339338,1055,close(4000) = -1 EBADF (Bad file number)
19:18:22.339824,1055,close(4001) = -1 EBADF (Bad file number)
19:18:22.340341,1055,close(4002) = -1 EBADF (Bad file number)
19:18:22.340842,1055,close(4003) = -1 EBADF (Bad file number)
19:18:22.341346,1055,close(4004) = -1 EBADF (Bad file number)
19:18:22.341846,1055,close(4005) = -1 EBADF (Bad file number)
19:18:22.342378,1055,close(4006) = -1 EBADF (Bad file number)
19:18:22.342942,1055,close(4007) = -1 EBADF (Bad file number)
19:18:22.343443,1055,close(4008) = -1 EBADF (Bad file number)
19:18:22.343993,1055,close(4009) = -1 EBADF (Bad file number)
19:18:22.344481,1055,close(4010) = -1 EBADF (Bad file number)
19:18:22.344973,1055,close(4011) = -1 EBADF (Bad file number)
19:18:22.345460,1055,close(4012) = -1 EBADF (Bad file number)
19:18:22.345970,1055,close(4013) = -1 EBADF (Bad file number)
19:18:22.430743,1028,<... nanosleep resumed> 0xaf4953e8) = 0
19:18:22.445480,1055,close(4014 <unfinished ...>
19:18:22.445824,1028,nanosleep({0, 1000000}, <unfinished ...>
19:18:22.446334,1055,<... close resumed> ) = -1 EBADF (Bad file number)
19:18:22.446681,1055,close(4015) = -1 EBADF (Bad file number)
19:18:22.447241,1055,close(4016) = -1 EBADF (Bad file number)
19:18:22.447735,1055,close(4017) = -1 EBADF (Bad file number)
19:18:22.448293,1055,close(4018) = -1 EBADF (Bad file number)
19:18:22.448821,1055,close(4019) = -1 EBADF (Bad file number)
19:18:22.449349,1055,close(4020) = -1 EBADF (Bad file number)
19:18:22.449837,1055,close(4021) = -1 EBADF (Bad file number)
19:18:22.450365,1055,close(4022) = -1 EBADF (Bad file number)
19:18:22.450854,1055,close(4023) = -1 EBADF (Bad file number)
19:18:22.451379,1055,close(4024) = -1 EBADF (Bad file number)
19:18:22.451867,1055,close(4025) = -1 EBADF (Bad file number)
19:18:22.452359,1055,close(4026) = -1 EBADF (Bad file number)
19:18:22.452848,1055,close(4027) = -1 EBADF (Bad file number)
19:18:22.453377,1055,close(4028) = -1 EBADF (Bad file number)
19:18:22.453892,1055,close(4029) = -1 EBADF (Bad file number)
19:18:22.454412,1055,close(4030) = -1 EBADF (Bad file number)
19:18:22.454916,1055,close(4031) = -1 EBADF (Bad file number)
19:18:22.455416,1055,close(4032) = -1 EBADF (Bad file number)
19:18:22.455941,1055,close(4033) = -1 EBADF (Bad file number)
19:18:22.456457,1055,close(4034) = -1 EBADF (Bad file number)
19:18:22.456964,1055,close(4035) = -1 EBADF (Bad file number)
19:18:22.457463,1055,close(4036) = -1 EBADF (Bad file number)
19:18:22.457967,1055,close(4037) = -1 EBADF (Bad file number)
19:18:22.458469,1055,close(4038) = -1 EBADF (Bad file number)
19:18:22.458975,1055,close(4039) = -1 EBADF (Bad file number)
19:18:22.459474,1055,close(4040) = -1 EBADF (Bad file number)
19:18:22.459979,1055,close(4041) = -1 EBADF (Bad file number)
19:18:22.460481,1055,close(4042) = -1 EBADF (Bad file number)
19:18:22.461021,1055,close(4043) = -1 EBADF (Bad file number)
19:18:22.461522,1055,close(4044) = -1 EBADF (Bad file number)
19:18:22.462028,1055,close(4045) = -1 EBADF (Bad file number)
19:18:22.462528,1055,close(4046) = -1 EBADF (Bad file number)
19:18:22.463034,1055,close(4047) = -1 EBADF (Bad file number)
19:18:22.463536,1055,close(4048) = -1 EBADF (Bad file number)
19:18:22.464042,1055,close(4049) = -1 EBADF (Bad file number)
19:18:22.464543,1055,close(4050) = -1 EBADF (Bad file number)
19:18:22.465101,1055,close(4051) = -1 EBADF (Bad file number)
19:18:22.465589,1055,close(4052) = -1 EBADF (Bad file number)
19:18:22.466140,1055,close(4053) = -1 EBADF (Bad file number)
19:18:22.466628,1055,close(4054) = -1 EBADF (Bad file number)
19:18:22.467146,1055,close(4055) = -1 EBADF (Bad file number)
19:18:22.467662,1055,close(4056) = -1 EBADF (Bad file number)
19:18:22.468188,1055,close(4057) = -1 EBADF (Bad file number)
19:18:22.520983,1028,<... nanosleep resumed> 0xaf4953e8) = 0
19:18:22.526983,1055,close(4058 <unfinished ...>
19:18:22.527356,1028,nanosleep({0, 1000000}, <unfinished ...>
19:18:22.527757,1055,<... close resumed> ) = -1 EBADF (Bad file number)
19:18:22.528166,1055,close(4059) = -1 EBADF (Bad file number)
19:18:22.528642,1055,close(4060) = -1 EBADF (Bad file number)
19:18:22.529200,1055,close(4061) = -1 EBADF (Bad file number)
19:18:22.529670,1055,close(4062) = -1 EBADF (Bad file number)
19:18:22.530196,1055,close(4063 <unfinished ...>
19:18:22.530570,1028,<... nanosleep resumed> 0xaf4953e8) = 0
19:18:22.530875,1055,<... close resumed> ) = -1 EBADF (Bad file number)
19:18:22.531239,1028,nanosleep({0, 1000000}, <unfinished ...>
19:18:22.531644,1055,close(4064) = -1 EBADF (Bad file number)
19:18:22.532268,1055,close(4065) = -1 EBADF (Bad file number)
19:18:22.532799,1055,close(4066) = -1 EBADF (Bad file number)
19:18:22.533345,1055,close(4067) = -1 EBADF (Bad file number)
19:18:22.533834,1055,close(4068) = -1 EBADF (Bad file number)
19:18:22.534401,1055,close(4069) = -1 EBADF (Bad file number)
19:18:22.535025,1055,close(4070 <unfinished ...>
19:18:22.535306,1028,<... nanosleep resumed> 0xaf4953e8) = 0
19:18:22.535591,1055,<... close resumed> ) = -1 EBADF (Bad file number)
19:18:22.535964,1028,nanosleep({0, 1000000}, <unfinished ...>
19:18:22.536317,1055,close(4071) = -1 EBADF (Bad file number)
19:18:22.536818,1055,close(4072) = -1 EBADF (Bad file number)
19:18:22.558642,1028,<... nanosleep resumed> 0xaf4953e8) = 0
19:18:22.559038,1055,close(4073 <unfinished ...>
19:18:22.559353,1028,nanosleep({0, 1000000}, <unfinished ...>
19:18:22.559674,1055,<... close resumed> ) = -1 EBADF (Bad file number)
19:18:22.560063,1055,close(4074) = -1 EBADF (Bad file number)
19:18:22.560539,1055,close(4075) = -1 EBADF (Bad file number)
19:18:22.561048,1055,close(4076) = -1 EBADF (Bad file number)
19:18:22.561518,1055,close(4077) = -1 EBADF (Bad file number)
19:18:22.562026,1055,close(4078) = -1 EBADF (Bad file number)
19:18:22.562495,1055,close(4079) = -1 EBADF (Bad file number)
19:18:22.563001,1055,close(4080) = -1 EBADF (Bad file number)
19:18:22.563468,1055,close(4081) = -1 EBADF (Bad file number)
19:18:22.563974,1055,close(4082) = -1 EBADF (Bad file number)
19:18:22.564466,1055,close(4083) = -1 EBADF (Bad file number)
19:18:22.564982,1055,close(4084) = -1 EBADF (Bad file number)
19:18:22.565461,1055,close(4085) = -1 EBADF (Bad file number)
19:18:22.565977,1055,close(4086) = -1 EBADF (Bad file number)
19:18:22.566457,1055,close(4087) = -1 EBADF (Bad file number)
19:18:22.566939,1055,close(4088) = -1 EBADF (Bad file number)
19:18:22.567418,1055,close(4089) = -1 EBADF (Bad file number)
19:18:22.567897,1055,close(4090) = -1 EBADF (Bad file number)
19:18:22.568382,1055,close(4091 <unfinished ...>
19:18:22.578951,1028,<... nanosleep resumed> 0xaf4953e8) = 0
19:18:22.579351,1028,nanosleep({0, 1000000}, 0xaf4953e8) = 0
19:18:22.581322,1028,nanosleep({0, 1000000}, 0xaf4953e8) = 0
19:18:22.583213,1028,nanosleep({0, 1000000}, 0xaf4953e8) = 0
19:18:22.586557,1028,nanosleep({0, 1000000}, 0xaf4953e8) = 0
19:18:22.590713,1028,nanosleep({0, 1000000}, 0xaf4953e8) = 0
19:18:22.594593,1028,nanosleep({0, 1000000}, 0xaf4953e8) = 0
19:18:22.625463,1055,<... close resumed> ) = -1 EBADF (Bad file number)
19:18:22.625835,1028,nanosleep({0, 1000000}, <unfinished ...>
19:18:22.626255,1055,close(4092) = -1 EBADF (Bad file number)
19:18:22.626789,1055,close(4093) = -1 EBADF (Bad file number)
19:18:22.627417,1055,close(4094) = -1 EBADF (Bad file number)
19:18:22.628045,1055,close(4095 <unfinished ...>
19:18:22.628324,1028,<... nanosleep resumed> 0xaf4953e8) = 0
19:18:22.628585,1055,<... close resumed> ) = -1 EBADF (Bad file number)
19:18:22.629323,1028,nanosleep({0, 1000000}, <unfinished ...>
19:18:22.630078,1055,execve("/sbin/chmod", ["chmod", "775", "/data/data/com.igamepower.appmas"..., "/data/data/com.igamepower.appmas"..., "/data/data/com.igamepower.appmas"..., "/data/data/com.igamepower.appmas"...], [/* 12 vars */]) = -1 EACCES (Permission denied)
19:18:22.632588,1055,execve("/vendor/bin/chmod", ["chmod", "775", "/data/data/com.igamepower.appmas"..., "/data/data/com.igamepower.appmas"..., "/data/data/com.igamepower.appmas"..., "/data/data/com.igamepower.appmas"...], [/* 12 vars */] <unfinished ...>
19:18:22.634365,1028,<... nanosleep resumed> 0xaf4953e8) = 0
19:18:22.634703,1055,<... execve resumed> ) = -1 ENOENT (No such file or directory)
19:18:22.635069,1028,nanosleep({0, 1000000}, <unfinished ...>
19:18:22.635437,1055,execve("/system/sbin/chmod", ["chmod", "775", "/data/data/com.igamepower.appmas"..., "/data/data/com.igamepower.appmas"..., "/data/data/com.igamepower.appmas"..., "/data/data/com.igamepower.appmas"...], [/* 12 vars */]) = -1 ENOENT (No such file or directory)
19:18:22.637385,1055,execve("/system/bin/chmod", ["chmod", "775", "/data/data/com.igamepower.appmas"..., "/data/data/com.igamepower.appmas"..., "/data/data/com.igamepower.appmas"..., "/data/data/com.igamepower.appmas"...], [/* 12 vars */] <unfinished ...>
19:18:22.657670,1028,<... nanosleep resumed> 0xaf4953e8) = 0
19:18:22.665323,1055,<... execve resumed> ) = 0
19:18:22.693612,1028,nanosleep({0, 1000000}, <unfinished ...>
19:18:22.693931,1023,<... read resumed> "", 4) = 0
19:18:22.694742,1023,close(50 <unfinished ...>
19:18:22.696155,1055,mprotect(0xb6fdf000, 75396, PROT_READ|PROT_WRITE|PROT_EXEC <unfinished ...>
19:18:22.696500,1023,<... close resumed> ) = 0
19:18:22.697260,1055,<... mprotect resumed> ) = 0
19:18:22.697604,1023,futex(0xb689b58c, FUTEX_WAIT_PRIVATE, -450, NULL <unfinished ...>
19:18:22.717620,1028,<... nanosleep resumed> 0xaf4953e8) = 0
19:18:22.718051,1028,nanosleep({0, 1000000}, 0xaf4953e8) = 0
19:18:22.720617,1028,nanosleep({0, 1000000}, 0xaf4953e8) = 0
19:18:22.723429,1028,sigaction(SIGURG, {SIG_DFL, , NULL, 0) = 0
19:18:22.724609,1028,sched_getparam(1028, { 0 }) = 0
19:18:22.725260,1028,sched_getscheduler(1028) = 0 (SCHED_OTHER)
19:18:22.725795,1028,open("/proc/1051/cgroup", O_RDONLY <unfinished ...>
19:18:22.778713,1055,mprotect(0xb6fdf000, 77824, PROT_READ|PROT_EXEC <unfinished ...>
19:18:22.779427,1028,<... open resumed> ) = 49
19:18:22.779740,1055,<... mprotect resumed> ) = 0
19:18:22.780155,1028,fstat64(49, <unfinished ...>
19:18:22.780513,1055,mprotect(0xb6ff2000, 4096, PROT_READ <unfinished ...>
19:18:22.780828,1028,<... fstat64 resumed> {st_mode=S_IFREG|0444, st_size=0, ...}) = 0
19:18:22.781733,1055,<... mprotect resumed> ) = 0
19:18:22.782067,1028,mprotect(0xb6584000, 4096, PROT_READ|PROT_WRITE <unfinished ...>
19:18:22.783261,1055,gettid( <unfinished ...>
19:18:22.783562,1028,<... mprotect resumed> ) = 0
19:18:22.783835,1055,<... gettid resumed> ) = 1055
19:18:22.784187,1028,mprotect(0xb6584000, 4096, PROT_READ <unfinished ...>
19:18:22.784768,1055,set_tls(0xb6ffe630, 0xb6ffe730, 0xb6ffe72c, 0x40, 0xb6ffe730 <unfinished ...>
19:18:22.785081,1028,<... syscall_125 resumed> ) = 0
19:18:22.785357,1055,<... set_tls resumed> ) = 0
19:18:22.785678,1028,read(49, <unfinished ...>
19:18:22.786126,1055,getpid( <unfinished ...>
19:18:22.786453,1028,<... read resumed> "2:cpu:/apps\n1:cpuacct:/uid/10050"..., 1024) = 33
19:18:22.786910,1055,<... getpid resumed> ) = 1055
19:18:22.787246,1028,close(49 <unfinished ...>
19:18:22.787939,1055,sigaction(SIGILL, {0xb6fe4c4d, [], SA_RESTART|SA_SIGINFO}, NULL, 0) = 0
19:18:22.796563,1028,<... close resumed> ) = 0
19:18:22.797042,1055,sigaction(SIGABRT, {0xb6fe4c4d, [], SA_RESTART|SA_SIGINFO}, <unfinished ...>
19:18:22.797654,1028,getpriority(PRIO_PROCESS, 1051 <unfinished ...>
19:18:22.798033,1055,<... sigaction resumed> NULL, 0xb6f84054) = 0
19:18:22.798422,1028,<... getpriority resumed> ) = 20
19:18:22.798846,1055,sigaction(SIGBUS, {0xb6fe4c4d, [], SA_RESTART|SA_SIGINFO}, <unfinished ...>
19:18:22.799483,1028,open("/proc/self/task/1051/stat", O_RDONLY <unfinished ...>
19:18:22.800025,1055,<... sigaction resumed> NULL, 0xb6f84054) = 0
19:18:22.800417,1028,<... open resumed> ) = 49
19:18:22.800741,1055,sigaction(SIGFPE, {0xb6fe4c4d, [], SA_RESTART|SA_SIGINFO}, <unfinished ...>
19:18:22.801225,1028,read(49, <unfinished ...>
19:18:22.801498,1055,<... sigaction resumed> NULL, 0xb6f84054) = 0
19:18:22.801865,1028,<... read resumed> "1051 (doTimerUpList) S 61 61 0 0"..., 511) = 238
19:18:22.802413,1055,sigaction(SIGSEGV, {0xb6fe4c4d, [], SA_RESTART|SA_SIGINFO}, <unfinished ...>
19:18:22.802936,1028,close(49 <unfinished ...>
19:18:22.803227,1055,<... sigaction resumed> NULL, 0xb6f84054) = 0
19:18:22.803523,1028,<... close resumed> ) = 0
19:18:22.803821,1055,sigaction(SIGSTKFLT, {0xb6fe4c4d, [], SA_RESTART|SA_SIGINFO}, <unfinished ...>
19:18:22.804391,1028,open("/proc/self/task/1051/schedstat", O_RDONLY <unfinished ...>
19:18:22.804850,1055,<... sigaction resumed> NULL, 0xb6f84054) = 0
19:18:22.805311,1028,<... open resumed> ) = 49
19:18:22.805617,1055,sigaction(SIGPIPE, {0xb6fe4c4d, [], SA_RESTART|SA_SIGINFO}, <unfinished ...>
19:18:22.806076,1028,read(49, <unfinished ...>
19:18:22.826482,1055,<... sigaction resumed> NULL, 0xb6f84054) = 0
19:18:22.827265,1028,<... read resumed> "0 70000000 28\n", 63) = 14
19:18:22.829181,1055,mprotect(0x2a000000, 95358, PROT_READ|PROT_WRITE|PROT_EXEC <unfinished ...>
19:18:22.829541,1028,close(49 <unfinished ...>
19:18:22.829825,1055,<... mprotect resumed> ) = 0
19:18:22.830207,1028,<... close resumed> ) = 0
19:18:22.832535,1055,stat64("/vendor/lib/liblog.so", <unfinished ...>
19:18:22.833214,1028,sched_getparam(1028, <unfinished ...>
19:18:22.833542,1055,<... stat64 resumed> 0xbefff730) = -1 ENOENT (No such file or directory)
19:18:22.833840,1028,<... sched_getparam resumed> { 0 }) = 0
19:18:22.834466,1055,stat64("/system/lib/liblog.so", <unfinished ...>
19:18:22.834897,1028,sched_getscheduler(1028 <unfinished ...>
19:18:22.835251,1055,<... stat64 resumed> {st_mode=S_IFREG|0644, st_size=13532, ...}) = 0
19:18:22.868466,1028,<... sched_getscheduler resumed> ) = 0 (SCHED_OTHER)
19:18:22.868895,1055,open("/system/lib/liblog.so", O_RDONLY <unfinished ...>
19:18:22.869416,1028,open("/proc/1050/cgroup", O_RDONLY <unfinished ...>
19:18:22.869867,1055,<... open resumed> ) = 3
19:18:22.870283,1028,<... open resumed> ) = 49
19:18:22.870739,1055,lseek(3, 0, SEEK_SET <unfinished ...>
19:18:22.871089,1028,fstat64(49, <unfinished ...>
19:18:22.871374,1055,<... lseek resumed> ) = 0
19:18:22.871685,1028,<... fstat64 resumed> {st_mode=S_IFREG|0444, st_size=0, ...}) = 0
19:18:22.872597,1055,read(3, <unfinished ...>
19:18:22.872943,1028,mprotect(0xb6584000, 4096, PROT_READ|PROT_WRITE <unfinished ...>
19:18:22.873281,1055,<... read resumed> "\177ELF\1\1\1\0\0\0\0\0\0\0\0\0\3\0(\0\1\0\0\0\0\0\0\0004\0\0\0"..., 4096) = 4096
19:18:22.873826,1028,<... mprotect resumed> ) = 0
19:18:22.874293,1055,lseek(3, -8, SEEK_END <unfinished ...>
19:18:22.874650,1028,mprotect(0xb6584000, 4096, PROT_READ <unfinished ...>
19:18:22.874947,1055,<... lseek resumed> ) = 13524
19:18:22.875263,1028,<... mprotect resumed> ) = 0
19:18:22.875600,1055,read(3, <unfinished ...>
19:18:22.875933,1028,read(49, <unfinished ...>
19:18:22.876225,1055,<... read resumed> "\1\0\0\0\0\0\0\0", 8) = 8
19:18:22.876634,1028,<... read resumed> "2:cpu:/apps\n1:cpuacct:/uid/10050"..., 1024) = 33
19:18:22.877542,1055,mmap2(NULL, 20480, PROT_NONE, MAP_PRIVATE|MAP_ANONYMOUS, -1, 0 <unfinished ...>
19:18:22.877911,1028,close(49 <unfinished ...>
19:18:22.878211,1055,<... mmap2 resumed> ) = 0xb6fda000
19:18:22.878529,1028,<... close resumed> ) = 0
19:18:22.878948,1055,madvise(0xb6fda000, 20480, 0xc /* MADV_??? */ <unfinished ...>
19:18:22.879341,1028,getpriority(PRIO_PROCESS, 1050 <unfinished ...>
19:18:22.886456,1055,<... madvise resumed> ) = -1 EINVAL (Invalid argument)
19:18:22.886808,1028,<... getpriority resumed> ) = 20
19:18:22.887441,1055,mmap2(0xb6fda000, 10589, PROT_READ|PROT_EXEC, MAP_PRIVATE|MAP_FIXED, 3, 0 <unfinished ...>
19:18:22.887889,1028,open("/proc/self/task/1050/stat", O_RDONLY <unfinished ...>
19:18:22.888443,1055,<... mmap2 resumed> ) = 0xb6fda000
19:18:22.888869,1028,<... open resumed> ) = 49
19:18:22.889208,1055,madvise(0xb6fda000, 10589, 0xc /* MADV_??? */ <unfinished ...>
19:18:22.889564,1028,read(49, <unfinished ...>
19:18:22.889857,1055,<... madvise resumed> ) = -1 EINVAL (Invalid argument)
19:18:22.890254,1028,<... read resumed> "1050 (getCurrentTime) S 61 61 0 "..., 511) = 239
19:18:22.890917,1055,mprotect(0xb6fda000, 12288, PROT_READ|PROT_WRITE|PROT_EXEC <unfinished ...>
19:18:22.891279,1028,close(49 <unfinished ...>
19:18:22.891590,1055,<... mprotect resumed> ) = 0
19:18:22.891927,1028,<... close resumed> ) = 0
19:18:22.892276,1055,mmap2(0xb6fdd000, 4116, PROT_READ|PROT_WRITE, MAP_PRIVATE|MAP_FIXED, 3, 0x2 <unfinished ...>
19:18:22.892679,1028,open("/proc/self/task/1050/schedstat", O_RDONLY <unfinished ...>
19:18:22.893210,1055,<... mmap2 resumed> ) = 0xb6fdd000
19:18:22.893638,1028,<... open resumed> ) = 49
19:18:22.893974,1055,madvise(0xb6fdd000, 4116, 0xc /* MADV_??? */ <unfinished ...>
19:18:22.894328,1028,read(49, <unfinished ...>
19:18:22.894621,1055,<... madvise resumed> ) = -1 EINVAL (Invalid argument)
19:18:22.894971,1028,<... read resumed> "0 30000000 28\n", 63) = 14
19:18:22.895746,1055,close(3 <unfinished ...>
19:18:22.896099,1028,close(49 <unfinished ...>
19:18:22.896396,1055,<... close resumed> ) = 0
19:18:22.896720,1028,<... close resumed> ) = 0
19:18:22.897123,1055,stat64("/vendor/lib/libc.so", <unfinished ...>
19:18:22.897775,1028,sched_getparam(1028, <unfinished ...>
19:18:22.898133,1055,<... stat64 resumed> 0xbefff698) = -1 ENOENT (No such file or directory)
19:18:22.898467,1028,<... sched_getparam resumed> { 0 }) = 0
19:18:22.898832,1055,stat64("/system/lib/libc.so", <unfinished ...>
19:18:22.899300,1028,sched_getscheduler(1028 <unfinished ...>
19:18:22.899627,1055,<... stat64 resumed> {st_mode=S_IFREG|0644, st_size=286496, ...}) = 0
19:18:22.900531,1028,<... sched_getscheduler resumed> ) = 0 (SCHED_OTHER)
19:18:22.900860,1055,open("/system/lib/libc.so", O_RDONLY <unfinished ...>
19:18:22.901356,1028,open("/proc/1049/cgroup", O_RDONLY <unfinished ...>
19:18:22.901813,1055,<... open resumed> ) = 3
19:18:22.902229,1028,<... open resumed> ) = 49
19:18:22.902557,1055,lseek(3, 0, SEEK_SET <unfinished ...>
19:18:22.902912,1028,fstat64(49, <unfinished ...>
19:18:22.903208,1055,<... lseek resumed> ) = 0
19:18:22.903529,1028,<... fstat64 resumed> {st_mode=S_IFREG|0444, st_size=0, ...}) = 0
19:18:22.922170,1055,read(3, <unfinished ...>
19:18:22.922605,1028,mprotect(0xb6584000, 4096, PROT_READ|PROT_WRITE <unfinished ...>
19:18:22.922937,1055,<... read resumed> "\177ELF\1\1\1\0\0\0\0\0\0\0\0\0\3\0(\0\1\0\0\0\0\0\0\0004\0\0\0"..., 4096) = 4096
19:18:22.923526,1028,<... mprotect resumed> ) = 0
19:18:22.924023,1055,lseek(3, -8, SEEK_END <unfinished ...>
19:18:22.924507,1028,mprotect(0xb6584000, 4096, PROT_READ <unfinished ...>
19:18:22.924816,1055,<... lseek resumed> ) = 286488
19:18:22.925201,1028,<... mprotect resumed> ) = 0
19:18:22.925524,1055,read(3, <unfinished ...>
19:18:22.925868,1028,read(49, <unfinished ...>
19:18:22.926223,1055,<... read resumed> "\1\0\0\0\0\0\0\0", 8) = 8
19:18:22.926658,1028,<... read resumed> "2:cpu:/apps\n1:cpuacct:/uid/10050"..., 1024) = 33
19:18:22.927252,1055,mmap2(NULL, 331776, PROT_NONE, MAP_PRIVATE|MAP_ANONYMOUS, -1, 0 <unfinished ...>
19:18:22.927632,1028,close(49 <unfinished ...>
19:18:22.927947,1055,<... mmap2 resumed> ) = 0xb6f89000
19:18:22.928282,1028,<... close resumed> ) = 0
19:18:22.928606,1055,madvise(0xb6f89000, 331776, 0xc /* MADV_??? */ <unfinished ...>
19:18:22.929028,1028,getpriority(PRIO_PROCESS, 1049 <unfinished ...>
19:18:22.929331,1055,<... madvise resumed> ) = -1 EINVAL (Invalid argument)
19:18:22.929653,1028,<... getpriority resumed> ) = 20
19:18:22.929985,1055,mmap2(0xb6f89000, 271104, PROT_READ|PROT_EXEC, MAP_PRIVATE|MAP_FIXED, 3, 0 <unfinished ...>
19:18:22.930409,1028,open("/proc/self/task/1049/stat", O_RDONLY <unfinished ...>
19:18:22.930944,1055,<... mmap2 resumed> ) = 0xb6f89000
19:18:22.931364,1028,<... open resumed> ) = 49
19:18:22.931694,1055,madvise(0xb6f89000, 271104, 0xc /* MADV_??? */ <unfinished ...>
19:18:22.932056,1028,read(49, <unfinished ...>
19:18:22.932348,1055,<... madvise resumed> ) = -1 EINVAL (Invalid argument)
19:18:22.932730,1028,<... read resumed> "1049 (doTimerGetConfi) S 61 61 0"..., 511) = 240
19:18:22.933260,1055,mprotect(0xb6f89000, 274432, PROT_READ|PROT_WRITE|PROT_EXEC <unfinished ...>
19:18:22.933618,1028,close(49 <unfinished ...>
19:18:22.933937,1055,<... mprotect resumed> ) = 0
19:18:22.934264,1028,<... close resumed> ) = 0
19:18:22.934587,1055,mmap2(0xb6fcc000, 10248, PROT_READ|PROT_WRITE, MAP_PRIVATE|MAP_FIXED, 3, 0x43 <unfinished ...>
19:18:22.934997,1028,open("/proc/self/task/1049/schedstat", O_RDONLY <unfinished ...>
19:18:22.935522,1055,<... mmap2 resumed> ) = 0xb6fcc000
19:18:22.935960,1028,<... open resumed> ) = 49
19:18:22.936291,1055,madvise(0xb6fcc000, 10248, 0xc /* MADV_??? */ <unfinished ...>
19:18:22.936647,1028,read(49, <unfinished ...>
19:18:22.936946,1055,<... madvise resumed> ) = -1 EINVAL (Invalid argument)
19:18:22.937289,1028,<... read resumed> "0 70000000 30\n", 63) = 14
19:18:22.937926,1055,mmap2(0xb6fcf000, 44955, PROT_READ|PROT_WRITE, MAP_PRIVATE|MAP_FIXED|MAP_ANONYMOUS, -1, 0 <unfinished ...>
19:18:22.938298,1028,close(49 <unfinished ...>
19:18:22.938629,1055,<... mmap2 resumed> ) = 0xb6fcf000
19:18:22.938965,1028,<... close resumed> ) = 0
19:18:22.939289,1055,madvise(0xb6fcf000, 44955, 0xc /* MADV_??? */ <unfinished ...>
19:18:22.939818,1028,sched_getparam(1028, <unfinished ...>
19:18:22.940123,1055,<... madvise resumed> ) = -1 EINVAL (Invalid argument)
19:18:22.940451,1028,<... sched_getparam resumed> { 0 }) = 0
19:18:22.940866,1055,close(3 <unfinished ...>
19:18:22.941215,1028,sched_getscheduler(1028 <unfinished ...>
19:18:22.941513,1055,<... close resumed> ) = 0
19:18:22.941830,1028,<... sched_getscheduler resumed> ) = 0 (SCHED_OTHER)
19:18:22.943286,1055,mprotect(0xb6f89000, 274432, PROT_READ|PROT_EXEC <unfinished ...>
19:18:22.943678,1028,open("/proc/1048/cgroup", O_RDONLY <unfinished ...>
19:18:22.944130,1055,<... mprotect resumed> ) = 0
19:18:22.944549,1028,<... open resumed> ) = 49
19:18:22.945040,1055,stat64("/vendor/lib/libstdc++.so", <unfinished ...>
19:18:22.945556,1028,fstat64(49, <unfinished ...>
19:18:22.945899,1055,<... stat64 resumed> 0xbefff698) = -1 ENOENT (No such file or directory)
19:18:22.946241,1028,<... fstat64 resumed> {st_mode=S_IFREG|0444, st_size=0, ...}) = 0
19:18:23.008297,1055,stat64("/system/lib/libstdc++.so", <unfinished ...>
19:18:23.008854,1028,mprotect(0xb6584000, 4096, PROT_READ|PROT_WRITE <unfinished ...>
19:18:23.009195,1055,<... stat64 resumed> {st_mode=S_IFREG|0644, st_size=5332, ...}) = 0
19:18:23.010059,1028,<... mprotect resumed> ) = 0
19:18:23.010371,1055,open("/system/lib/libstdc++.so", O_RDONLY <unfinished ...>
19:18:23.010879,1028,mprotect(0xb6584000, 4096, PROT_READ <unfinished ...>
19:18:23.011219,1055,<... open resumed> ) = 3
19:18:23.011528,1028,<... mprotect resumed> ) = 0
19:18:23.011834,1055,lseek(3, 0, SEEK_SET <unfinished ...>
19:18:23.012170,1028,read(49, <unfinished ...>
19:18:23.012448,1055,<... lseek resumed> ) = 0
19:18:23.012787,1028,<... read resumed> "2:cpu:/apps\n1:cpuacct:/uid/10050"..., 1024) = 33
19:18:23.013287,1055,read(3, <unfinished ...>
19:18:23.013622,1028,close(49 <unfinished ...>
19:18:23.013923,1055,<... read resumed> "\177ELF\1\1\1\0\0\0\0\0\0\0\0\0\3\0(\0\1\0\0\0\0\0\0\0004\0\0\0"..., 4096) = 4096
19:18:23.014463,1028,<... close resumed> ) = 0
19:18:23.014771,1055,lseek(3, -8, SEEK_END <unfinished ...>
19:18:23.015171,1028,getpriority(PRIO_PROCESS, 1048 <unfinished ...>
19:18:23.015457,1055,<... lseek resumed> ) = 5324
19:18:23.015763,1028,<... getpriority resumed> ) = 20
19:18:23.016078,1055,read(3, <unfinished ...>
19:18:23.016458,1028,open("/proc/self/task/1048/stat", O_RDONLY <unfinished ...>
19:18:23.016910,1055,<... read resumed> "\1\0\0\0\0\0\0\0", 8) = 8
19:18:23.017358,1028,<... open resumed> ) = 49
19:18:23.017677,1055,mmap2(NULL, 12288, PROT_NONE, MAP_PRIVATE|MAP_ANONYMOUS, -1, 0 <unfinished ...>
19:18:23.018029,1028,read(49, <unfinished ...>
19:18:23.018324,1055,<... mmap2 resumed> ) = 0xb6f86000
19:18:23.018683,1028,<... read resumed> "1048 (Thread-104) S 61 61 0 0 -1"..., 511) = 238
19:18:23.019181,1055,madvise(0xb6f86000, 12288, 0xc /* MADV_??? */ <unfinished ...>
19:18:23.019517,1028,close(49 <unfinished ...>
19:18:23.019794,1055,<... madvise resumed> ) = -1 EINVAL (Invalid argument)
19:18:23.020117,1028,<... close resumed> ) = 0
19:18:23.020424,1055,mmap2(0xb6f86000, 2652, PROT_READ|PROT_EXEC, MAP_PRIVATE|MAP_FIXED, 3, 0 <unfinished ...>
19:18:23.020802,1028,open("/proc/self/task/1048/schedstat", O_RDONLY <unfinished ...>
19:18:23.021320,1055,<... mmap2 resumed> ) = 0xb6f86000
19:18:23.021718,1028,<... open resumed> ) = 49
19:18:23.022037,1055,madvise(0xb6f86000, 2652, 0xc /* MADV_??? */ <unfinished ...>
19:18:23.022373,1028,read(49, <unfinished ...>
19:18:23.022650,1055,<... madvise resumed> ) = -1 EINVAL (Invalid argument)
19:18:23.022982,1028,<... read resumed> "270000000 1410000000 1340\n", 63) = 26
19:18:23.023476,1055,mprotect(0xb6f86000, 4096, PROT_READ|PROT_WRITE|PROT_EXEC <unfinished ...>
19:18:23.024651,1028,close(49 <unfinished ...>
19:18:23.024976,1055,<... mprotect resumed> ) = 0
19:18:23.025293,1028,<... close resumed> ) = 0
19:18:23.025604,1055,mmap2(0xb6f87000, 4096, PROT_READ|PROT_WRITE, MAP_PRIVATE|MAP_FIXED, 3, 0 <unfinished ...>
19:18:23.026403,1028,sched_getparam(1028, <unfinished ...>
19:18:23.026744,1055,<... mmap2 resumed> ) = 0xb6f87000
19:18:23.027062,1028,<... sched_getparam resumed> { 0 }) = 0
19:18:23.027405,1055,madvise(0xb6f87000, 4096, 0xc /* MADV_??? */ <unfinished ...>
19:18:23.027739,1028,sched_getscheduler(1028 <unfinished ...>
19:18:23.028025,1055,<... madvise resumed> ) = -1 EINVAL (Invalid argument)
19:18:23.028332,1028,<... sched_getscheduler resumed> ) = 0 (SCHED_OTHER)
19:18:23.045765,1055,mmap2(0xb6f88000, 16, PROT_READ|PROT_WRITE, MAP_PRIVATE|MAP_FIXED|MAP_ANONYMOUS, -1, 0 <unfinished ...>
19:18:23.046119,1028,open("/proc/1046/cgroup", O_RDONLY <unfinished ...>
19:18:23.046593,1055,<... mmap2 resumed> ) = 0xb6f88000
19:18:23.047109,1028,<... open resumed> ) = 49
19:18:23.047431,1055,madvise(0xb6f88000, 16, 0xc /* MADV_??? */ <unfinished ...>
19:18:23.047814,1028,fstat64(49, <unfinished ...>
19:18:23.048119,1055,<... madvise resumed> ) = -1 EINVAL (Invalid argument)
19:18:23.048436,1028,<... fstat64 resumed> {st_mode=S_IFREG|0444, st_size=0, ...}) = 0
19:18:23.049324,1055,close(3 <unfinished ...>
19:18:23.049661,1028,mprotect(0xb6584000, 4096, PROT_READ|PROT_WRITE <unfinished ...>
19:18:23.049993,1055,<... close resumed> ) = 0
19:18:23.050303,1028,<... mprotect resumed> ) = 0
19:18:23.050806,1055,mprotect(0xb6f86000, 4096, PROT_READ|PROT_EXEC <unfinished ...>
19:18:23.051245,1028,mprotect(0xb6584000, 4096, PROT_READ <unfinished ...>
19:18:23.051559,1055,<... mprotect resumed> ) = 0
19:18:23.051878,1028,<... mprotect resumed> ) = 0
19:18:23.052229,1055,mprotect(0xb6f87000, 4096, PROT_READ <unfinished ...>
19:18:23.052577,1028,read(49, <unfinished ...>
19:18:23.052879,1055,<... mprotect resumed> ) = 0
19:18:23.053267,1028,<... read resumed> "2:cpu:/apps\n1:cpuacct:/uid/10050"..., 1024) = 33
19:18:23.053779,1055,stat64("/vendor/lib/libm.so", <unfinished ...>
19:18:23.054264,1028,close(49 <unfinished ...>
19:18:23.054615,1055,<... stat64 resumed> 0xbefff698) = -1 ENOENT (No such file or directory)
19:18:23.054966,1028,<... close resumed> ) = 0
19:18:23.055295,1055,stat64("/system/lib/libm.so", <unfinished ...>
19:18:23.055819,1028,getpriority(PRIO_PROCESS, 1046 <unfinished ...>
19:18:23.056158,1055,<... stat64 resumed> {st_mode=S_IFREG|0644, st_size=87192, ...}) = 0
19:18:23.057060,1028,<... getpriority resumed> ) = 20
19:18:23.057385,1055,open("/system/lib/libm.so", O_RDONLY <unfinished ...>
19:18:23.057916,1028,open("/proc/self/task/1046/stat", O_RDONLY <unfinished ...>
19:18:23.076657,1055,<... open resumed> ) = 3
19:18:23.077460,1028,<... open resumed> ) = 49
19:18:23.077787,1055,lseek(3, 0, SEEK_SET <unfinished ...>
19:18:23.078129,1028,read(49, <unfinished ...>
19:18:23.078412,1055,<... lseek resumed> ) = 0
19:18:23.078780,1028,<... read resumed> "1046 (Thread-95) S 61 61 0 0 -1 "..., 511) = 234
19:18:23.079288,1055,read(3, <unfinished ...>
19:18:23.079614,1028,close(49 <unfinished ...>
19:18:23.079918,1055,<... read resumed> "\177ELF\1\1\1\0\0\0\0\0\0\0\0\0\3\0(\0\1\0\0\0\0\0\0\0004\0\0\0"..., 4096) = 4096
19:18:23.080462,1028,<... close resumed> ) = 0
19:18:23.080771,1055,lseek(3, -8, SEEK_END <unfinished ...>
19:18:23.081151,1028,open("/proc/self/task/1046/schedstat", O_RDONLY <unfinished ...>
19:18:23.081608,1055,<... lseek resumed> ) = 87184
19:18:23.082028,1028,<... open resumed> ) = 49
19:18:23.082339,1055,read(3, <unfinished ...>
19:18:23.082665,1028,read(49, <unfinished ...>
19:18:23.082962,1055,<... read resumed> "\1\0\0\0\0\0\0\0", 8) = 8
19:18:23.083356,1028,<... read resumed> "20000000 300000000 62\n", 63) = 22
19:18:23.083808,1055,mmap2(NULL, 94208, PROT_NONE, MAP_PRIVATE|MAP_ANONYMOUS, -1, 0 <unfinished ...>
19:18:23.084187,1028,close(49 <unfinished ...>
19:18:23.084494,1055,<... mmap2 resumed> ) = 0xb6f6f000
19:18:23.084806,1028,<... close resumed> ) = 0
19:18:23.085120,1055,madvise(0xb6f6f000, 94208, 0xc /* MADV_??? */ <unfinished ...>
19:18:23.085486,1028,gettid( <unfinished ...>
19:18:23.085761,1055,<... madvise resumed> ) = -1 EINVAL (Invalid argument)
19:18:23.086072,1028,<... gettid resumed> ) = 1028
19:18:23.086386,1055,mmap2(0xb6f6f000, 83940, PROT_READ|PROT_EXEC, MAP_PRIVATE|MAP_FIXED, 3, 0 <unfinished ...>
19:18:23.086735,1028,clock_gettime(CLOCK_MONOTONIC, <unfinished ...>
19:18:23.087079,1055,<... mmap2 resumed> ) = 0xb6f6f000
19:18:23.087386,1028,<... clock_gettime resumed> {121, 372031296}) = 0
19:18:23.087767,1055,madvise(0xb6f6f000, 83940, 0xc /* MADV_??? */ <unfinished ...>
19:18:23.088393,1028,getpid( <unfinished ...>
19:18:23.088671,1055,<... madvise resumed> ) = -1 EINVAL (Invalid argument)
19:18:23.088982,1028,<... getpid resumed> ) = 1023
19:18:23.089295,1055,mprotect(0xb6f6f000, 86016, PROT_READ|PROT_WRITE|PROT_EXEC <unfinished ...>
19:18:23.089661,1028,open("/proc/1023/maps", O_RDONLY <unfinished ...>
19:18:23.090060,1055,<... mprotect resumed> ) = 0
19:18:23.090413,1028,<... open resumed> ) = 49
19:18:23.090725,1055,mmap2(0xb6f84000, 4096, PROT_READ|PROT_WRITE, MAP_PRIVATE|MAP_FIXED, 3, 0x14 <unfinished ...>
19:18:23.091082,1028,fstat64(49, <unfinished ...>
19:18:23.091405,1055,<... mmap2 resumed> ) = 0xb6f84000
19:18:23.115583,1055,madvise(0xb6f84000, 4096, 0xc /* MADV_??? */ <unfinished ...>
19:18:23.115911,1028,<... fstat64 resumed> {st_mode=S_IFREG|0444, st_size=0, ...}) = 0
19:18:23.117791,1055,<... madvise resumed> ) = -1 EINVAL (Invalid argument)
19:18:23.118283,1028,mprotect(0xb6584000, 4096, PROT_READ|PROT_WRITE <unfinished ...>
19:18:23.118688,1055,mmap2(0xb6f85000, 32, PROT_READ|PROT_WRITE, MAP_PRIVATE|MAP_FIXED|MAP_ANONYMOUS, -1, 0 <unfinished ...>
19:18:23.119096,1028,<... mprotect resumed> ) = 0
19:18:23.119533,1055,<... mmap2 resumed> ) = 0xb6f85000
19:18:23.119938,1028,mprotect(0xb6584000, 4096, PROT_READ <unfinished ...>
19:18:23.120286,1055,madvise(0xb6f85000, 32, 0xc /* MADV_??? */ <unfinished ...>
19:18:23.120606,1028,<... mprotect resumed> ) = 0
19:18:23.120964,1055,<... madvise resumed> ) = -1 EINVAL (Invalid argument)
19:18:23.121306,1028,read(49, <unfinished ...>
19:18:23.121651,1055,close(3 <unfinished ...>
19:18:23.122312,1028,<... read resumed> "ac1e5000-ac220000 rw-p 00000000 "..., 1024) = 1024
19:18:23.122858,1055,<... close resumed> ) = 0
19:18:23.123473,1028,read(49, <unfinished ...>
19:18:23.124043,1055,mprotect(0xb6f6f000, 86016, PROT_READ|PROT_EXEC <unfinished ...>
19:18:23.124710,1028,<... read resumed> "0 rw-p 00000000 00:00 0 \nac97000"..., 1024) = 1024
19:18:23.125269,1055,<... mprotect resumed> ) = 0
19:18:23.138880,1055,mprotect(0xb6f84000, 4096, PROT_READ) = 0
19:18:23.139648,1055,mprotect(0xb6fda000, 12288, PROT_READ|PROT_EXEC) = 0
19:18:23.140230,1055,mprotect(0xb6fdd000, 4096, PROT_READ) = 0
19:18:23.140964,1055,stat64("/vendor/lib/libcutils.so", 0xbefff730) = -1 ENOENT (No such file or directory)
19:18:23.141769,1055,stat64("/system/lib/libcutils.so", {st_mode=S_IFREG|0644, st_size=63248, ...}) = 0
19:18:23.143332,1055,open("/system/lib/libcutils.so", O_RDONLY) = 3
19:18:23.144062,1055,lseek(3, 0, SEEK_SET) = 0
19:18:23.144598,1055,read(3, "\177ELF\1\1\1\0\0\0\0\0\0\0\0\0\3\0(\0\1\0\0\0\0\0\0\0004\0\0\0"..., 4096) = 4096
19:18:23.145384,1055,lseek(3, -8, SEEK_END) = 63240
19:18:23.145930,1055,read(3, "\1\0\0\0\0\0\0\0", 8) = 8
19:18:23.146536,1055,mmap2(NULL, 126976, PROT_NONE, MAP_PRIVATE|MAP_ANONYMOUS, -1, 0) = 0xb6f50000
19:18:23.171348,1055,madvise(0xb6f50000, 126976, 0xc /* MADV_??? */) = -1 EINVAL (Invalid argument)
19:18:23.171892,1055,mmap2(0xb6f50000, 58088, PROT_READ|PROT_EXEC, MAP_PRIVATE|MAP_FIXED, 3, 0) = 0xb6f50000
19:18:23.172531,1055,madvise(0xb6f50000, 58088, 0xc /* MADV_??? */) = -1 EINVAL (Invalid argument)
19:18:23.173060,1055,mprotect(0xb6f50000, 61440, PROT_READ|PROT_WRITE|PROT_EXEC) = 0
19:18:23.173624,1055,mmap2(0xb6f5f000, 4620, PROT_READ|PROT_WRITE, MAP_PRIVATE|MAP_FIXED, 3, 0xe) = 0xb6f5f000
19:18:23.174206,1055,madvise(0xb6f5f000, 4620, 0xc /* MADV_??? */) = -1 EINVAL (Invalid argument)
19:18:23.174885,1055,mmap2(0xb6f61000, 57096, PROT_READ|PROT_WRITE, MAP_PRIVATE|MAP_FIXED|MAP_ANONYMOUS, -1, 0) = 0xb6f61000
19:18:23.175501,1055,madvise(0xb6f61000, 57096, 0xc /* MADV_??? */) = -1 EINVAL (Invalid argument)
19:18:23.176068,1055,close(3) = 0
19:18:23.203087,1028,read(49, "00 0 \naccd3000-accd4000 ---p 000"..., 1024) = 1024
19:18:23.204478,1028,read(49, "-ae2e4000 r-xp 00000000 1f:00 72"..., 1024) = 1024
19:18:23.206081,1055,mprotect(0xb6f50000, 61440, PROT_READ|PROT_EXEC) = 0
19:18:23.206634,1055,mprotect(0xb6f5f000, 4096, PROT_READ) = 0
19:18:23.207257,1055,stat64("/vendor/lib/libusbhost.so", 0xbefff730) = -1 ENOENT (No such file or directory)
19:18:23.208008,1055,stat64("/system/lib/libusbhost.so", {st_mode=S_IFREG|0644, st_size=9376, ...}) = 0
19:18:23.209317,1055,open("/system/lib/libusbhost.so", O_RDONLY) = 3
19:18:23.210071,1055,lseek(3, 0, SEEK_SET) = 0
19:18:23.210605,1055,read(3, "\177ELF\1\1\1\0\0\0\0\0\0\0\0\0\3\0(\0\1\0\0\0\0\0\0\0004\0\0\0"..., 4096) = 4096
19:18:23.211390,1055,lseek(3, -8, SEEK_END) = 9368
19:18:23.211933,1055,read(3, "\1\0\0\0\0\0\0\0", 8) = 8
19:18:23.212543,1055,mmap2(NULL, 16384, PROT_NONE, MAP_PRIVATE|MAP_ANONYMOUS, -1, 0) = 0xb6f4c000
19:18:23.213115,1055,madvise(0xb6f4c000, 16384, 0xc /* MADV_??? */) = -1 EINVAL (Invalid argument)
19:18:23.213659,1055,mmap2(0xb6f4c000, 6110, PROT_READ|PROT_EXEC, MAP_PRIVATE|MAP_FIXED, 3, 0) = 0xb6f4c000
19:18:23.214268,1055,madvise(0xb6f4c000, 6110, 0xc /* MADV_??? */) = -1 EINVAL (Invalid argument)
19:18:23.214809,1055,mprotect(0xb6f4c000, 8192, PROT_READ|PROT_WRITE|PROT_EXEC) = 0
19:18:23.215371,1055,mmap2(0xb6f4e000, 4096, PROT_READ|PROT_WRITE, MAP_PRIVATE|MAP_FIXED, 3, 0x1) = 0xb6f4e000
19:18:23.215967,1055,madvise(0xb6f4e000, 4096, 0xc /* MADV_??? */) = -1 EINVAL (Invalid argument)
19:18:23.216507,1055,mmap2(0xb6f4f000, 16, PROT_READ|PROT_WRITE, MAP_PRIVATE|MAP_FIXED|MAP_ANONYMOUS, -1, 0) = 0xb6f4f000
19:18:23.217088,1055,madvise(0xb6f4f000, 16, 0xc /* MADV_??? */) = -1 EINVAL (Invalid argument)
19:18:23.217662,1055,close(3) = 0
19:18:23.218460,1055,mprotect(0xb6f4c000, 8192, PROT_READ|PROT_EXEC) = 0
19:18:23.242189,1028,read(49, <unfinished ...>
19:18:23.242523,1055,mprotect(0xb6f4e000, 4096, PROT_READ <unfinished ...>
19:18:23.243183,1028,<... read resumed> "o\nae9da000-ae9e0000 r-xp 0000000"..., 1024) = 1024
19:18:23.243671,1055,<... mprotect resumed> ) = 0
19:18:23.244188,1028,read(49, <unfinished ...>
19:18:23.245531,1055,mprotect(0x2a000000, 98304, PROT_READ|PROT_EXEC <unfinished ...>
19:18:23.246181,1028,<... read resumed> "00 r--p 00010000 1f:00 655 "..., 1024) = 1024
19:18:23.246674,1055,<... mprotect resumed> ) = 0
19:18:23.247169,1028,read(49, <unfinished ...>
19:18:23.247479,1055,mprotect(0x2a018000, 4096, PROT_READ <unfinished ...>
19:18:23.248104,1028,<... read resumed> "013000 1f:00 683 /system/"..., 1024) = 1024
19:18:23.248601,1055,<... mprotect resumed> ) = 0
19:18:23.249104,1028,read(49, <unfinished ...>
19:18:23.251937,1055,mmap2(NULL, 32768, PROT_READ, MAP_SHARED, 8, 0 <unfinished ...>
19:18:23.252560,1028,<... read resumed> "0-af27d000 r--s 00829000 1f:00 5"..., 1024) = 1024
19:18:23.253073,1055,<... mmap2 resumed> ) = 0xb6f44000
19:18:23.253578,1028,read(49, "f:00 508 /system/framewor"..., 1024) = 1024
19:18:23.286575,1028,read(49, "\nb0f00000-b0f01000 r-xp 00000000"..., 1024) = 1024
19:18:23.288681,1028,read(49, "re-junit.odex\nb1019000-b101a000 "..., 1024) = 1024
19:18:23.300879,1028,read(49, " rw-p 00000000 00:04 1817 "..., 1024) = 1024
19:18:23.302064,1028,read(49, "/libusbhost.so\nb65ee000-b65ef000"..., 1024) = 1024
19:18:23.303264,1028,read(49, "7000 r-xp 00000000 1f:00 651 "..., 1024) = 1024
19:18:23.304460,1028,read(49, "ox.so\nb67da000-b67df000 rw-p 000"..., 1024) = 1024
19:18:23.305723,1028,read(49, "0 629 /system/lib/libgabi"..., 1024) = 1024
19:18:23.343575,1028,read(49, "so\nb6b29000-b6b2a000 rw-p 000000"..., 1024) = 1024
19:18:23.368210,1028,read(49, " /system/lib/libgui.so\nb6bc300"..., 1024) = 1024
19:18:23.369442,1028,read(49, "stlport.so\nb6c17000-b6c19000 r-x"..., 1024) = 1024
19:18:23.370728,1028,read(49, " 591 /system/lib/libandro"..., 1024) = 1024
19:18:23.371920,1028,read(49, "angle.so\nb6ebe000-b6ebf000 ---p "..., 1024) = 1024
19:18:23.373135,1028,read(49, " \nb6f16000-b6f17000 r-xp 0000000"..., 1024) = 1024
19:18:23.374369,1028,read(49, "b88a1000 rw-p 00000000 00:00 0 "..., 1024) = 219
19:18:23.375205,1028,read(49, "", 1024) = 0
19:18:23.375779,1028,close(49) = 0
19:18:23.376353,1028,sigaction(SIGURG, {0xb6ec21b1, [], SA_RESTART|SA_SIGINFO|SA_ONSTACK}, {SIG_DFL, , 0) = 0
19:18:23.377205,1028,getpid() = 1023
19:18:23.377769,1028,tgkill(1023, 1046, SIGURG <unfinished ...>
19:18:23.378117,1046,<... read resumed> 0xb87e2e30, 4096) = ? ERESTARTSYS (To be restarted)
19:18:23.378414,1046,--- {si_signo=SIGURG, si_code=SI_TKILL, si_pid=1023, si_uid=10050} (Urgent I/O condition) ---
19:18:23.378793,1046,gettid() = 1046
19:18:23.379894,1046,rt_sigreturn(0xfffffffe) = 43
19:18:23.380431,1046,read(43, <unfinished ...>
19:18:23.380765,1028,<... tgkill resumed> ) = 0
19:18:23.381100,1028,sigaction(SIGURG, {SIG_DFL, , NULL, 0) = 0
19:18:23.381748,1028,clock_gettime(CLOCK_MONOTONIC, {121, 666699185}) = 0
19:18:23.383833,1028,sched_getparam(1028, <unfinished ...>
19:18:23.396479,1055,futex(0xb6fd26d4, FUTEX_WAKE_PRIVATE, 2147483647 <unfinished ...>
19:18:23.397115,1028,<... sched_getparam resumed> { 0 }) = 0
19:18:23.397451,1055,<... futex resumed> ) = 0
19:18:23.397941,1028,sched_getscheduler(1028 <unfinished ...>
19:18:23.398409,1055,clock_gettime(CLOCK_MONOTONIC, <unfinished ...>
19:18:23.400713,1028,<... sched_getscheduler resumed> ) = 0 (SCHED_OTHER)
19:18:23.401460,1055,<... clock_gettime resumed> {121, 685681609}) = 0
19:18:23.402249,1028,open("/proc/1045/cgroup", O_RDONLY <unfinished ...>
19:18:23.403078,1055,open("/dev/urandom", O_RDONLY <unfinished ...>
19:18:23.419019,1028,<... open resumed> ) = 49
19:18:23.419457,1055,<... open resumed> ) = 3
19:18:23.419873,1028,fstat64(49, <unfinished ...>
19:18:23.420278,1055,read(3, <unfinished ...>
19:18:23.420649,1028,<... fstat64 resumed> {st_mode=S_IFREG|0444, st_size=0, ...}) = 0
19:18:23.421546,1055,<... read resumed> "D\26¦w", 4) = 4
19:18:23.421968,1028,mprotect(0xb6584000, 4096, PROT_READ|PROT_WRITE <unfinished ...>
19:18:23.422371,1055,close(3 <unfinished ...>
19:18:23.422683,1028,<... mprotect resumed> ) = 0
19:18:23.422983,1055,<... close resumed> ) = 0
19:18:23.423339,1028,mprotect(0xb6584000, 4096, PROT_READ <unfinished ...>
19:18:23.423948,1055,mmap2(NULL, 4096, PROT_READ|PROT_WRITE, MAP_PRIVATE|MAP_ANONYMOUS, -1, 0 <unfinished ...>
19:18:23.424357,1028,<... mprotect resumed> ) = 0
19:18:23.424668,1055,<... mmap2 resumed> ) = 0xb6f43000
19:18:23.425058,1028,read(49, <unfinished ...>
19:18:23.425394,1055,madvise(0xb6f43000, 4096, 0xc /* MADV_??? */ <unfinished ...>
19:18:23.425754,1028,<... read resumed> "2:cpu:/apps\n1:cpuacct:/uid/10050"..., 1024) = 33
19:18:23.449342,1055,<... madvise resumed> ) = -1 EINVAL (Invalid argument)
19:18:23.449801,1028,close(49 <unfinished ...>
19:18:23.450740,1055,mprotect(0xb6f43000, 4096, PROT_READ <unfinished ...>
19:18:23.451175,1028,<... close resumed> ) = 0
19:18:23.451473,1055,<... mprotect resumed> ) = 0
19:18:23.451868,1028,getpriority(PRIO_PROCESS, 1045 <unfinished ...>
19:18:23.453125,1055,chmod("/data/data/com.igamepower.appmaster/files/gbfm.sh", 0775 <unfinished ...>
19:18:23.453719,1028,<... getpriority resumed> ) = 20
19:18:23.454130,1055,<... chmod resumed> ) = 0
19:18:23.454917,1028,open("/proc/self/task/1045/stat", O_RDONLY <unfinished ...>
19:18:23.455419,1055,chmod("/data/data/com.igamepower.appmaster/files/install.sh", 0775 <unfinished ...>
19:18:23.456125,1028,<... open resumed> ) = 49
19:18:23.456523,1055,<... chmod resumed> ) = 0
19:18:23.456858,1028,read(49, <unfinished ...>
19:18:23.457174,1055,chmod("/data/data/com.igamepower.appmaster/files/installsoft.sh", 0775 <unfinished ...>
19:18:23.487684,1028,<... read resumed> "1045 (getNetworkType) S 61 61 0 "..., 511) = 240
19:18:23.500049,1055,<... chmod resumed> ) = 0
19:18:23.500470,1028,close(49 <unfinished ...>
19:18:23.501190,1055,chmod("/data/data/com.igamepower.appmaster/files/runme.sh", 0775 <unfinished ...>
19:18:23.501795,1028,<... close resumed> ) = 0
19:18:23.502626,1055,<... chmod resumed> ) = 0
19:18:23.503015,1028,open("/proc/self/task/1045/schedstat", O_RDONLY <unfinished ...>
19:18:23.503934,1055,mprotect(0xb6f43000, 4096, PROT_READ|PROT_WRITE <unfinished ...>
19:18:23.504370,1028,<... open resumed> ) = 49
19:18:23.504711,1055,<... mprotect resumed> ) = 0
19:18:23.505056,1028,read(49, <unfinished ...>
19:18:23.505426,1055,mprotect(0xb6f43000, 4096, PROT_READ <unfinished ...>
19:18:23.505773,1028,<... read resumed> "80000000 590000000 607\n", 63) = 23
19:18:23.506232,1055,<... mprotect resumed> ) = 0
19:18:23.506577,1028,close(49 <unfinished ...>
19:18:23.507126,1055,futex(0xb6fd26cc, FUTEX_WAKE_PRIVATE, 2147483647 <unfinished ...>
19:18:23.507476,1028,<... close resumed> ) = 0
19:18:23.507775,1055,<... futex resumed> ) = 0
19:18:23.508309,1028,sched_getparam(1028, <unfinished ...>
19:18:23.508791,1055,munmap(0xb6f43000, 4096 <unfinished ...>
19:18:23.509123,1028,<... sched_getparam resumed> { 0 }) = 0
19:18:23.509493,1055,<... munmap resumed> ) = 0
19:18:23.509841,1028,sched_getscheduler(1028 <unfinished ...>
19:18:23.510241,1055,exit_group(0) = ?
19:18:23.534492,1054,<... wait4 resumed> [{WIFEXITED(s) && WEXITSTATUS(s) == 0}], 0, NULL) = 1055
19:18:23.534889,1028,<... sched_getscheduler resumed> ) = 0 (SCHED_OTHER)
19:18:23.535111,1023,<... futex resumed> ) = ? ERESTARTSYS (To be restarted)
19:18:23.535398,1054,--- {si_signo=SIGCHLD, si_code=CLD_EXITED, si_pid=1055, si_status=0, si_utime=6, si_stime=30} (Child exited) ---
19:18:23.535922,1028,open("/proc/1043/cgroup", O_RDONLY <unfinished ...>
19:18:23.536381,1023,futex(0xb689b58c, FUTEX_WAIT_PRIVATE, -450, NULL <unfinished ...>
19:18:23.536819,1054,futex(0xb689b58c, FUTEX_WAIT_PRIVATE, -450, NULL <unfinished ...>
19:18:23.537247,1028,<... open resumed> ) = 49
19:18:23.537621,1028,fstat64(49, {st_mode=S_IFREG|0444, st_size=0, ...}) = 0
19:18:23.560088,1028,mprotect(0xb6584000, 4096, PROT_READ|PROT_WRITE) = 0
19:18:23.560732,1028,mprotect(0xb6584000, 4096, PROT_READ) = 0
19:18:23.561339,1028,read(49, "2:cpu:/apps\n1:cpuacct:/uid/10050"..., 1024) = 33
19:18:23.562143,1028,close(49) = 0
19:18:23.562837,1028,getpriority(PRIO_PROCESS, 1043) = 20
19:18:23.563465,1028,open("/proc/self/task/1043/stat", O_RDONLY) = 49
19:18:23.564310,1028,read(49, "1043 (Thread-94) S 61 61 0 0 -1 "..., 511) = 237
19:18:23.565131,1028,close(49) = 0
19:18:23.565746,1028,open("/proc/self/task/1043/schedstat", O_RDONLY) = 49
19:18:23.566609,1028,read(49, "0 80000000 61\n", 63) = 14
19:18:23.567301,1028,close(49) = 0
19:18:23.567904,1028,gettid() = 1028
19:18:23.593196,1028,clock_gettime(CLOCK_MONOTONIC, {121, 878295002}) = 0
19:18:23.594032,1028,sigaction(SIGURG, {0xb6ec21b1, [], SA_RESTART|SA_SIGINFO|SA_ONSTACK}, {SIG_DFL, , 0) = 0
19:18:23.594839,1028,getpid() = 1023
19:18:23.595385,1028,tgkill(1023, 1043, SIGURG) = 0
19:18:23.615708,1043,<... read resumed> 0xb8780438, 4096) = ? ERESTARTSYS (To be restarted)
19:18:23.615985,1028,nanosleep({0, 1000000}, <unfinished ...>
19:18:23.616338,1043,--- {si_signo=SIGURG, si_code=SI_TKILL, si_pid=1023, si_uid=10050} (Urgent I/O condition) ---
19:18:23.616758,1043,gettid() = 1043
19:18:23.617820,1043,rt_sigreturn(0xfffffffe) = 39
19:18:23.618348,1043,read(39, <unfinished ...>
19:18:23.620452,1028,<... nanosleep resumed> 0xaf4953e8) = 0
19:18:23.620785,1028,sigaction(SIGURG, {SIG_DFL, , NULL, 0) = 0
19:18:23.621438,1028,clock_gettime(CLOCK_MONOTONIC, {121, 906409901}) = 0
19:18:23.623519,1028,sched_getparam(1028, { 0 }) = 0
19:18:23.624158,1028,sched_getscheduler(1028) = 0 (SCHED_OTHER)
19:18:23.624835,1028,open("/proc/1041/cgroup", O_RDONLY) = 49
19:18:23.625653,1028,fstat64(49, {st_mode=S_IFREG|0444, st_size=0, ...}) = 0
19:18:23.626796,1028,mprotect(0xb6584000, 4096, PROT_READ|PROT_WRITE) = 0
19:18:23.627416,1028,mprotect(0xb6584000, 4096, PROT_READ) = 0
19:18:23.628003,1028,read(49, "2:cpu:/apps\n1:cpuacct:/uid/10050"..., 1024) = 33
19:18:23.628805,1028,close(49) = 0
19:18:23.629440,1028,getpriority(PRIO_PROCESS, 1041) = 20
19:18:23.630078,1028,open("/proc/self/task/1041/stat", O_RDONLY) = 49
19:18:23.630902,1028,read(49, "1041 (Thread-93) S 61 61 0 0 -1 "..., 511) = 239
19:18:23.631721,1028,close(49) = 0
19:18:23.632339,1028,open("/proc/self/task/1041/schedstat", O_RDONLY) = 49
19:18:23.633194,1028,read(49, "30000000 170000000 70\n", 63) = 22
19:18:23.633930,1028,close(49) = 0
19:18:23.634527,1028,gettid() = 1028
19:18:23.635099,1028,clock_gettime(CLOCK_MONOTONIC, {121, 920050226}) = 0
19:18:23.635734,1028,sigaction(SIGURG, {0xb6ec21b1, [], SA_RESTART|SA_SIGINFO|SA_ONSTACK}, {SIG_DFL, , 0) = 0
19:18:23.636515,1028,getpid() = 1023
19:18:23.637081,1028,tgkill(1023, 1041, SIGURG) = 0
19:18:23.637639,1041,<... read resumed> 0xb8880a30, 4096) = ? ERESTARTSYS (To be restarted)
19:18:23.637994,1028,nanosleep({0, 1000000}, <unfinished ...>
19:18:23.638350,1041,--- {si_signo=SIGURG, si_code=SI_TKILL, si_pid=1023, si_uid=10050} (Urgent I/O condition) ---
19:18:23.638770,1041,gettid() = 1041
19:18:23.639864,1041,rt_sigreturn(0xfffffffe) = 36
19:18:23.640417,1041,read(36, <unfinished ...>
19:18:23.678501,1028,<... nanosleep resumed> 0xaf4953e8) = 0
19:18:23.678870,1028,sigaction(SIGURG, {SIG_DFL, , NULL, 0) = 0
19:18:23.679534,1028,clock_gettime(CLOCK_MONOTONIC, {121, 964477537}) = 0
19:18:23.681356,1028,sched_getparam(1028, { 0 }) = 0
19:18:23.681943,1028,sched_getscheduler(1028) = 0 (SCHED_OTHER)
19:18:23.682515,1028,open("/proc/1037/cgroup", O_RDONLY) = 49
19:18:23.683302,1028,fstat64(49, {st_mode=S_IFREG|0444, st_size=0, ...}) = 0
19:18:23.684396,1028,mprotect(0xb6584000, 4096, PROT_READ|PROT_WRITE) = 0
19:18:23.684992,1028,mprotect(0xb6584000, 4096, PROT_READ) = 0
19:18:23.685544,1028,read(49, "2:cpu:/apps\n1:cpuacct:/uid/10050"..., 1024) = 33
19:18:23.686315,1028,close(49) = 0
19:18:23.718317,1028,getpriority(PRIO_PROCESS, 1037) = 20
19:18:23.718979,1028,open("/proc/self/task/1037/stat", O_RDONLY) = 49
19:18:23.719828,1028,read(49, "1037 (Binder_3) S 61 61 0 0 -1 1"..., 511) = 237
19:18:23.721095,1028,close(49) = 0
19:18:23.721692,1028,open("/proc/self/task/1037/schedstat", O_RDONLY) = 49
19:18:23.722528,1028,read(49, "0 70000000 61\n", 63) = 14
19:18:23.723196,1028,close(49) = 0
19:18:23.723771,1028,gettid() = 1028
19:18:23.724320,1028,clock_gettime(CLOCK_MONOTONIC, {122, 9262939}) = 0
19:18:23.724928,1028,sigaction(SIGURG, {0xb6ec21b1, [], SA_RESTART|SA_SIGINFO|SA_ONSTACK}, {SIG_DFL, , 0) = 0
19:18:23.725668,1028,getpid() = 1023
19:18:23.726209,1028,tgkill(1023, 1037, SIGURG <unfinished ...>
19:18:23.726550,1037,<... ioctl resumed> , 0xacdd2e28) = ? ERESTARTSYS (To be restarted)
19:18:23.726841,1037,--- {si_signo=SIGURG, si_code=SI_TKILL, si_pid=1023, si_uid=10050} (Urgent I/O condition) ---
19:18:23.727192,1037,gettid() = 1037
19:18:23.727950,1037,rt_sigreturn(0xfffffffe) = 9
19:18:23.728484,1037,ioctl(9, 0xc0186201 <unfinished ...>
19:18:23.728818,1028,<... tgkill resumed> ) = 0
19:18:23.729150,1028,sigaction(SIGURG, {SIG_DFL, , NULL, 0) = 0
19:18:23.729791,1028,clock_gettime(CLOCK_MONOTONIC, {122, 14739043}) = 0
19:18:23.730837,1028,sched_getparam(1028, { 0 }) = 0
19:18:23.731419,1028,sched_getscheduler(1028) = 0 (SCHED_OTHER)
19:18:23.731995,1028,open("/proc/1036/cgroup", O_RDONLY) = 49
19:18:23.732751,1028,fstat64(49, {st_mode=S_IFREG|0444, st_size=0, ...}) = 0
19:18:23.733841,1028,mprotect(0xb6584000, 4096, PROT_READ|PROT_WRITE) = 0
19:18:23.734465,1028,mprotect(0xb6584000, 4096, PROT_READ) = 0
19:18:23.735022,1028,read(49, "2:cpu:/apps\n1:cpuacct:/uid/10050"..., 1024) = 33
19:18:23.735779,1028,close(49) = 0
19:18:23.787889,1028,getpriority(PRIO_PROCESS, 1036) = 20
19:18:23.798340,1028,open("/proc/self/task/1036/stat", O_RDONLY) = 49
19:18:23.799162,1028,read(49, "1036 (Binder_2) S 61 61 0 0 -1 1"..., 511) = 237
19:18:23.799956,1028,close(49) = 0
19:18:23.800547,1028,open("/proc/self/task/1036/schedstat", O_RDONLY) = 49
19:18:23.801386,1028,read(49, "10000000 100000000 84\n", 63) = 22
19:18:23.802090,1028,close(49) = 0
19:18:23.802672,1028,gettid() = 1028
19:18:23.803220,1028,clock_gettime(CLOCK_MONOTONIC, {122, 88163381}) = 0
19:18:23.803825,1028,sigaction(SIGURG, {0xb6ec21b1, [], SA_RESTART|SA_SIGINFO|SA_ONSTACK}, {SIG_DFL, , 0) = 0
19:18:23.804570,1028,getpid() = 1023
19:18:23.805112,1028,tgkill(1023, 1036, SIGURG) = 0
19:18:23.805647,1036,<... ioctl resumed> , 0xacedae28) = ? ERESTARTSYS (To be restarted)
19:18:23.805984,1028,nanosleep({0, 1000000}, <unfinished ...>
19:18:23.806326,1036,--- {si_signo=SIGURG, si_code=SI_TKILL, si_pid=1023, si_uid=10050} (Urgent I/O condition) ---
19:18:23.806691,1036,gettid() = 1036
19:18:23.807443,1036,rt_sigreturn(0xfffffffe) = 9
19:18:23.807973,1036,ioctl(9, 0xc0186201 <unfinished ...>
19:18:23.821197,1028,<... nanosleep resumed> 0xaf4953e8) = 0
19:18:23.821594,1028,sigaction(SIGURG, {SIG_DFL, , NULL, 0) = 0
19:18:23.822291,1028,clock_gettime(CLOCK_MONOTONIC, {122, 107243071}) = 0
19:18:23.823403,1028,sched_getparam(1028, { 0 }) = 0
19:18:23.824013,1028,sched_getscheduler(1028) = 0 (SCHED_OTHER)
19:18:23.824612,1028,open("/proc/1035/cgroup", O_RDONLY) = 49
19:18:23.825441,1028,fstat64(49, {st_mode=S_IFREG|0444, st_size=0, ...}) = 0
19:18:23.846672,1028,mprotect(0xb6584000, 4096, PROT_READ|PROT_WRITE) = 0
19:18:23.847293,1028,mprotect(0xb6584000, 4096, PROT_READ) = 0
19:18:23.848231,1028,read(49, "2:cpu:/apps\n1:cpuacct:/uid/10050"..., 1024) = 33
19:18:23.849172,1028,close(49) = 0
19:18:23.849769,1028,getpriority(PRIO_PROCESS, 1035) = 20
19:18:23.850386,1028,open("/proc/self/task/1035/stat", O_RDONLY) = 49
19:18:23.851241,1028,read(49, "1035 (Binder_1) S 61 61 0 0 -1 1"..., 511) = 238
19:18:23.851998,1028,close(49) = 0
19:18:23.852563,1028,open("/proc/self/task/1035/schedstat", O_RDONLY) = 49
19:18:23.853356,1028,read(49, "30000000 340000000 80\n", 63) = 22
19:18:23.854033,1028,close(49) = 0
19:18:23.854583,1028,gettid() = 1028
19:18:23.855110,1028,clock_gettime(CLOCK_MONOTONIC, {122, 140079310}) = 0
19:18:23.855726,1028,sigaction(SIGURG, {0xb6ec21b1, [], SA_RESTART|SA_SIGINFO|SA_ONSTACK}, {SIG_DFL, , 0) = 0
19:18:23.856475,1028,getpid() = 1023
19:18:23.856993,1028,tgkill(1023, 1035, SIGURG) = 0
19:18:23.857509,1035,<... ioctl resumed> , 0xacfe2e28) = ? ERESTARTSYS (To be restarted)
19:18:23.857825,1028,nanosleep({0, 1000000}, <unfinished ...>
19:18:23.858160,1035,--- {si_signo=SIGURG, si_code=SI_TKILL, si_pid=1023, si_uid=10050} (Urgent I/O condition) ---
19:18:23.858515,1035,gettid() = 1035
19:18:23.859232,1035,rt_sigreturn(0xfffffffe) = 9
19:18:23.859739,1035,ioctl(9, 0xc0186201 <unfinished ...>
19:18:23.965815,1028,<... nanosleep resumed> 0xaf4953e8) = 0
19:18:23.973435,1028,sigaction(SIGURG, {SIG_DFL, , NULL, 0) = 0
19:18:23.974143,1028,clock_gettime(CLOCK_MONOTONIC, {122, 259086998}) = 0
19:18:23.975091,1028,brk(0xb88e3000) = 0xb88e3000
19:18:23.976123,1028,sched_getparam(1028, { 0 }) = 0
19:18:23.976681,1028,sched_getscheduler(1028) = 0 (SCHED_OTHER)
19:18:23.977265,1028,open("/proc/1032/cgroup", O_RDONLY) = 49
19:18:24.000435,1028,fstat64(49, {st_mode=S_IFREG|0444, st_size=0, ...}) = 0
19:18:24.001590,1028,mprotect(0xb6584000, 4096, PROT_READ|PROT_WRITE) = 0
19:18:24.002141,1028,mprotect(0xb6584000, 4096, PROT_READ) = 0
19:18:24.002647,1028,read(49, "2:cpu:/apps\n1:cpuacct:/uid/10050"..., 1024) = 33
19:18:24.003444,1028,close(49) = 0
19:18:24.004030,1028,getpriority(PRIO_PROCESS, 1032) = 20
19:18:24.004602,1028,open("/proc/self/task/1032/stat", O_RDONLY) = 49
19:18:24.005361,1028,read(49, "1032 (FinalizerWatchd) S 61 61 0"..., 511) = 243
19:18:24.006136,1028,close(49) = 0
19:18:24.006689,1028,open("/proc/self/task/1032/schedstat", O_RDONLY) = 49
19:18:24.007469,1028,read(49, "0 130000000 97\n", 63) = 15
19:18:24.048035,1028,close(49) = 0
19:18:24.048940,1028,sched_getparam(1028, { 0 }) = 0
19:18:24.049526,1028,sched_getscheduler(1028) = 0 (SCHED_OTHER)
19:18:24.050155,1028,open("/proc/1031/cgroup", O_RDONLY) = 49
19:18:24.050996,1028,fstat64(49, {st_mode=S_IFREG|0444, st_size=0, ...}) = 0
19:18:24.052116,1028,mprotect(0xb6584000, 4096, PROT_READ|PROT_WRITE) = 0
19:18:24.052684,1028,mprotect(0xb6584000, 4096, PROT_READ) = 0
19:18:24.053280,1028,read(49, "2:cpu:/apps\n1:cpuacct:/uid/10050"..., 1024) = 33
19:18:24.054074,1028,close(49) = 0
19:18:24.054651,1028,getpriority(PRIO_PROCESS, 1031) = 20
19:18:24.055273,1028,open("/proc/self/task/1031/stat", O_RDONLY) = 49
19:18:24.056084,1028,read(49, "1031 (FinalizerDaemon) S 61 61 0"..., 511) = 244
19:18:24.056832,1028,close(49) = 0
19:18:24.057433,1028,open("/proc/self/task/1031/schedstat", O_RDONLY) = 49
19:18:24.075978,1028,read(49, "20000000 230000000 403\n", 63) = 23
19:18:24.076728,1028,close(49) = 0
19:18:24.077512,1028,sched_getparam(1028, { 0 }) = 0
19:18:24.078084,1028,sched_getscheduler(1028) = 0 (SCHED_OTHER)
19:18:24.078611,1028,open("/proc/1030/cgroup", O_RDONLY) = 49
19:18:24.079394,1028,fstat64(49, {st_mode=S_IFREG|0444, st_size=0, ...}) = 0
19:18:24.080467,1028,mprotect(0xb6584000, 4096, PROT_READ|PROT_WRITE) = 0
19:18:24.081080,1028,mprotect(0xb6584000, 4096, PROT_READ) = 0
19:18:24.081589,1028,read(49, "2:cpu:/apps\n1:cpuacct:/uid/10050"..., 1024) = 33
19:18:24.082334,1028,close(49) = 0
19:18:24.082883,1028,getpriority(PRIO_PROCESS, 1030) = 20
19:18:24.083504,1028,open("/proc/self/task/1030/stat", O_RDONLY) = 49
19:18:24.084287,1028,read(49, "1030 (ReferenceQueueD) S 61 61 0"..., 511) = 244
19:18:24.085062,1028,close(49) = 0
19:18:24.085616,1028,open("/proc/self/task/1030/schedstat", O_RDONLY) = 49
19:18:24.106616,1028,read(49, "0 50000000 64\n", 63) = 14
19:18:24.107335,1028,close(49) = 0
19:18:24.108131,1028,sched_getparam(1028, { 0 }) = 0
19:18:24.108665,1028,sched_getscheduler(1028) = 0 (SCHED_OTHER)
19:18:24.109251,1028,open("/proc/1029/cgroup", O_RDONLY) = 49
19:18:24.110044,1028,fstat64(49, {st_mode=S_IFREG|0444, st_size=0, ...}) = 0
19:18:24.111087,1028,mprotect(0xb6584000, 4096, PROT_READ|PROT_WRITE) = 0
19:18:24.111633,1028,mprotect(0xb6584000, 4096, PROT_READ) = 0
19:18:24.112199,1028,read(49, "2:cpu:/apps\n1:cpuacct:/uid/10050"..., 1024) = 33
19:18:24.112991,1028,close(49) = 0
19:18:24.113705,1028,getpriority(PRIO_PROCESS, 1029) = 20
19:18:24.114337,1028,open("/proc/self/task/1029/stat", O_RDONLY) = 49
19:18:24.115102,1028,read(49, "1029 (JDWP) S 61 61 0 0 -1 10779"..., 511) = 233
19:18:24.115855,1028,close(49) = 0
19:18:24.116492,1028,open("/proc/self/task/1029/schedstat", O_RDONLY) = 49
19:18:24.117282,1028,read(49, "0 30000000 39\n", 63) = 14
19:18:24.117933,1028,close(49) = 0
19:18:24.118499,1028,gettid() = 1028
19:18:24.119041,1028,clock_gettime(CLOCK_MONOTONIC, {122, 403983970}) = 0
19:18:24.119645,1028,sigaction(SIGURG, {0xb6ec21b1, [], SA_RESTART|SA_SIGINFO|SA_ONSTACK}, {SIG_DFL, , 0) = 0
19:18:24.120385,1028,getpid() = 1023
19:18:24.120923,1028,tgkill(1023, 1029, SIGURG <unfinished ...>
19:18:24.136348,1029,<... recvmsg resumed> 0xaf38de50, 0) = ? ERESTARTSYS (To be restarted)
19:18:24.136659,1028,<... tgkill resumed> ) = 0
19:18:24.137075,1029,--- {si_signo=SIGURG, si_code=SI_TKILL, si_pid=1023, si_uid=10050} (Urgent I/O condition) ---
19:18:24.137416,1028,nanosleep({0, 1000000}, <unfinished ...>
19:18:24.137850,1029,gettid() = 1029
19:18:24.139227,1029,rt_sigreturn(0xfffffffe) = 26
19:18:24.139757,1029,recvmsg(26, <unfinished ...>
19:18:24.142823,1028,<... nanosleep resumed> 0xaf4953e8) = 0
19:18:24.143187,1028,sigaction(SIGURG, {SIG_DFL, , NULL, 0) = 0
19:18:24.143816,1028,clock_gettime(CLOCK_MONOTONIC, {122, 428794487}) = 0
19:18:24.144904,1028,sched_getparam(1028, { 0 }) = 0
19:18:24.145524,1028,sched_getscheduler(1028) = 0 (SCHED_OTHER)
19:18:24.176256,1028,open("/proc/1028/cgroup", O_RDONLY) = 49
19:18:24.177310,1028,fstat64(49, {st_mode=S_IFREG|0444, st_size=0, ...}) = 0
19:18:24.178495,1028,mprotect(0xb6584000, 4096, PROT_READ|PROT_WRITE) = 0
19:18:24.179261,1028,mprotect(0xb6584000, 4096, PROT_READ) = 0
19:18:24.179830,1028,read(49, "2:cpu:/apps\n1:cpuacct:/uid/10050"..., 1024) = 33
19:18:24.180661,1028,close(49) = 0
19:18:24.181295,1028,getpriority(PRIO_PROCESS, 1028) = 20
19:18:24.181994,1028,open("/proc/self/task/1028/stat", O_RDONLY) = 49
19:18:24.182986,1028,read(49, "1028 (Signal Catcher) R 61 61 0 "..., 511) = 233
19:18:24.183754,1028,close(49) = 0
19:18:24.184381,1028,open("/proc/self/task/1028/schedstat", O_RDONLY) = 49
19:18:24.185229,1028,read(49, "240000000 3220000000 2498\n", 63) = 26
19:18:24.185987,1028,close(49) = 0
19:18:24.186617,1028,sched_getparam(1028, { 0 }) = 0
19:18:24.187229,1028,sched_getscheduler(1028) = 0 (SCHED_OTHER)
19:18:24.187795,1028,open("/proc/1027/cgroup", O_RDONLY) = 49
19:18:24.188583,1028,fstat64(49, {st_mode=S_IFREG|0444, st_size=0, ...}) = 0
19:18:24.189691,1028,mprotect(0xb6584000, 4096, PROT_READ|PROT_WRITE) = 0
19:18:24.190286,1028,mprotect(0xb6584000, 4096, PROT_READ) = 0
19:18:24.190814,1028,read(49, "2:cpu:/apps\n1:cpuacct:/uid/10050"..., 1024) = 33
19:18:24.191541,1028,close(49) = 0
19:18:24.192112,1028,getpriority(PRIO_PROCESS, 1027) = 20
19:18:24.192720,1028,open("/proc/self/task/1027/stat", O_RDONLY) = 49
19:18:24.193534,1028,read(49, "1027 (GC) S 61 61 0 0 -1 1077936"..., 511) = 234
19:18:24.194305,1028,close(49) = 0
19:18:24.194880,1028,open("/proc/self/task/1027/schedstat", O_RDONLY) = 49
19:18:24.195676,1028,read(49, "150000000 650000000 282\n", 63) = 24
19:18:24.241932,1028,close(49) = 0
19:18:24.242559,1028,getpid() = 1023
19:18:24.243103,1028,open("/proc/1023/task", O_RDONLY|O_DIRECTORY) = 49
19:18:24.243787,1028,getdents64(49, /* 22 entries */, 4200) = 528
19:18:24.247037,1028,getdents64(49, /* 0 entries */, 4200) = 0
19:18:24.247593,1028,close(49) = 0
19:18:24.248245,1028,futex(0xb689b58c, FUTEX_WAKE_PRIVATE, 2147483647) = 5
19:18:24.248767,1048,<... futex resumed> ) = 0
19:18:24.249117,1032,<... futex resumed> ) = 0
19:18:24.249391,1027,<... futex resumed> ) = 0
19:18:24.249666,1023,<... futex resumed> ) = 0
19:18:24.249929,1054,<... futex resumed> ) = 0
19:18:24.250231,1028,open("/data/anr/traces.txt", O_WRONLY|O_CREAT|O_APPEND, 0666 <unfinished ...>
19:18:24.250661,1048,futex(0xb689b5f4, FUTEX_WAIT_PRIVATE, 2, NULL <unfinished ...>
19:18:24.251082,1032,clock_gettime(CLOCK_MONOTONIC, <unfinished ...>
19:18:24.251496,1027,madvise(0xb3e37000, 4096, MADV_DONTNEED <unfinished ...>
19:18:24.252230,1023,futex(0xb689b5f4, FUTEX_WAIT_PRIVATE, 2, NULL <unfinished ...>
19:18:24.252658,1054,sched_yield( <unfinished ...>
19:18:24.253000,1028,<... open resumed> ) = 49
19:18:24.253317,1032,<... clock_gettime resumed> {122, 537970067}) = 0
19:18:24.253710,1027,<... madvise resumed> ) = 0
19:18:24.254136,1028,write(49, "\n\n----- pid 1023 at 2025-02-05 1"..., 19845 <unfinished ...>
19:18:24.254640,1032,futex(0xb887a5b8, FUTEX_WAIT_PRIVATE, -38, NULL <unfinished ...>
19:18:24.255083,1027,madvise(0xb3ead000, 4096, MADV_DONTNEED <unfinished ...>
19:18:24.255641,1028,<... write resumed> ) = 19845
19:18:24.256018,1027,<... madvise resumed> ) = 0
19:18:24.256344,1028,writev(3, [{"\4", 1}, {"dalvikvm\0", 9}, {"Wrote stack traces to '/data/anr"..., 45}], 3 <unfinished ...>
19:18:24.316356,1054,<... sched_yield resumed> ) = 0
19:18:24.316595,1027,madvise(0xb3ee0000, 4096, MADV_DONTNEED <unfinished ...>
19:18:24.317422,1054,nanosleep({0, 1000000}, <unfinished ...>
19:18:24.317788,1027,<... madvise resumed> ) = 0
19:18:24.318478,1028,<... writev resumed> ) = 55
19:18:24.319154,1027,madvise(0xb3ef2000, 20480, MADV_DONTNEED <unfinished ...>
19:18:24.319979,1028,close(49 <unfinished ...>
19:18:24.320283,1027,<... madvise resumed> ) = 0
19:18:24.320571,1028,<... close resumed> ) = 0
19:18:24.320904,1027,madvise(0xb3f06000, 12288, MADV_DONTNEED <unfinished ...>
19:18:24.321217,1028,rt_sigtimedwait([QUIT USR1 RT_7 RT_15 RT_20 RT_21 RT_22 RT_23 RT_24 RT_26 RT_27 RT_29 RT_30], NULL, NULL, 8 <unfinished ...>
19:18:24.321604,1027,<... madvise resumed> ) = 0
19:18:24.321945,1027,madvise(0xb3f10000, 24576, MADV_DONTNEED) = 0
19:18:24.324369,1027,madvise(0xb3dda000, 40960, MADV_DONTNEED) = 0
19:18:24.325176,1027,brk(0xb88e3000 <unfinished ...>
19:18:24.325454,1054,<... nanosleep resumed> NULL) = 0
19:18:24.325756,1027,<... brk resumed> ) = 0xb88e3000
19:18:24.326090,1054,nanosleep({0, 2000000}, <unfinished ...>
19:18:24.326476,1027,brk(0xb88d9000) = 0xb88d9000
19:18:24.327154,1027,brk(0xb88d9000) = 0xb88d9000
19:18:24.329267,1027,madvise(0xb88d5000, 8192, MADV_DONTNEED) = 0
19:18:24.329820,1027,futex(0xb689b5f4, FUTEX_WAKE_PRIVATE, 1) = 1
19:18:24.330363,1048,<... futex resumed> ) = 0
19:18:24.330695,1027,futex(0xb875a9a8, FUTEX_WAIT_PRIVATE, -24, NULL <unfinished ...>
19:18:24.331043,1048,futex(0xb689b5f4, FUTEX_WAKE_PRIVATE, 1) = 1
19:18:24.331567,1023,<... futex resumed> ) = 0
19:18:24.332427,1048,writev(3, [{"\5", 1}, {"DroidBox\0", 9}, {"DroidBox: { \"FileRW\": { \"operati"..., 101}], 3 <unfinished ...>
19:18:24.333231,1023,futex(0xb689b5f4, FUTEX_WAKE_PRIVATE, 1) = 0
19:18:24.333867,1048,<... writev resumed> ) = 111
19:18:24.335277,1023,getuid32( <unfinished ...>
19:18:24.335632,1048,write(47, "\0\0\34\233IDAT", 8 <unfinished ...>
19:18:24.336068,1023,<... getuid32 resumed> ) = 10050
19:18:24.336459,1048,<... write resumed> ) = 8
19:18:24.336984,1023,getuid32( <unfinished ...>
19:18:24.338255,1048,clock_gettime(CLOCK_MONOTONIC, <unfinished ...>
19:18:24.338555,1023,<... getuid32 resumed> ) = 10050
19:18:24.338841,1048,<... clock_gettime resumed> {122, 623502922}) = 0
19:18:24.339440,1023,writev(3, [{"\4", 1}, {"GameService\0", 12}, {"MyUid = 10050\0", 14}], 3 <unfinished ...>
19:18:24.340090,1048,getpid() = 1023
19:18:24.342868,1023,<... writev resumed> ) = 27
19:18:24.343155,1054,<... nanosleep resumed> NULL) = 0
19:18:24.343486,1048,readlink("/proc/1023/fd/47", <unfinished ...>
19:18:24.344204,1023,mmap2(NULL, 32768, PROT_READ|PROT_WRITE, MAP_PRIVATE|MAP_ANONYMOUS, -1, 0 <unfinished ...>
19:18:24.344699,1054,wait4(0, <unfinished ...>
19:18:24.345135,1048,<... readlink resumed> "/data/data/com.igamepower.appmaster/files/icons/icons_android.ico"..., 120) = 65
19:18:24.345858,1023,<... mmap2 resumed> ) = 0xac42f000
19:18:24.380669,1054,<... wait4 resumed> 0xac41fa64, 0, NULL) = -1 ECHILD (No child processes)
19:18:24.381350,1048,writev(3, [{"\5", 1}, {"dalvikvm\0", 9}, {"DroidBox: { \"FdAccess\": { \"path\""..., 190}], 3 <unfinished ...>
19:18:24.388269,1023,madvise(0xac42f000, 32768, 0xc /* MADV_??? */ <unfinished ...>
19:18:24.388846,1054,futex(0xb88914e8, FUTEX_WAIT_PRIVATE, 0, NULL <unfinished ...>
19:18:24.389877,1023,<... madvise resumed> ) = -1 EINVAL (Invalid argument)
19:18:24.390271,1048,<... writev resumed> ) = 200
19:18:24.391017,1023,mmap2(NULL, 1048576, PROT_READ|PROT_WRITE, MAP_PRIVATE|MAP_ANONYMOUS|MAP_NORESERVE, -1, 0 <unfinished ...>
19:18:24.394437,1048,writev(3, [{"\5", 1}, {"DroidBox\0", 9}, {"DroidBox: { \"FileRW\": { \"operati"..., 424}], 3 <unfinished ...>
19:18:24.398345,1023,<... mmap2 resumed> ) = 0xac0e5000
19:18:24.398668,1048,<... writev resumed> ) = 434
19:18:24.399873,1023,madvise(0xac0e5000, 1048576, 0xc /* MADV_??? */ <unfinished ...>
19:18:24.400274,1048,write(47, "x\234í\234Û\217\34×\235ß?§îÕÕ÷î¹s8¤Hñ\"\212+K\221ek)\7"..., 4096 <unfinished ...>
19:18:24.401782,1023,<... madvise resumed> ) = -1 EINVAL (Invalid argument)
19:18:24.402323,1048,<... write resumed> ) = 4096
19:18:24.403600,1023,mprotect(0xac0e5000, 4096, PROT_NONE <unfinished ...>
19:18:24.404723,1048,clock_gettime(CLOCK_MONOTONIC, <unfinished ...>
19:18:24.405462,1023,<... mprotect resumed> ) = 0
19:18:24.405736,1048,<... clock_gettime resumed> {122, 690402610}) = 0
19:18:24.457083,1023,clone( <unfinished ...>
19:18:24.457615,1048,getpid() = 1023
19:18:24.458520,1023,<... clone resumed> child_stack=0xac1e4f00, flags=CLONE_VM|CLONE_FS|CLONE_FILES|CLONE_SIGHAND|CLONE_THREAD|CLONE_SYSVSEM|0x400000) = 1062
19:18:24.458870,1048,readlink("/proc/1023/fd/47", <unfinished ...>
19:18:24.459303,1023,futex(0xb689b580, FUTEX_WAIT_PRIVATE, -382, NULL <unfinished ...>
19:18:24.459672,1048,<... readlink resumed> "/data/data/com.igamepower.appmaster/files/icons/icons_android.ico"..., 120) = 65
19:18:24.460501,1048,writev(3, [{"\5", 1}, {"dalvikvm\0", 9}, {"DroidBox: { \"FdAccess\": { \"path\""..., 191}], 3) = 201
19:18:24.464689,1048,writev(3, [{"\5", 1}, {"DroidBox\0", 9}, {"DroidBox: { \"FileRW\": { \"operati"..., 439}], 3) = 449
19:18:24.465930,1048,write(47, "\22\6\214ø\200\35\216p\216-èTÉõó-h\t\203*U,\226Ð¨ 3\"¦Ã\200\16"..., 3227) = 3227
19:18:24.511805,1062,set_tls(0xac1e4f00, 0xb888ca60, 0xac1e4ffc, 0x40, 0xac1e4f00) = 0
19:18:24.512439,1062,prctl(PR_SET_NAME, 0xac1e4e8c, 0, 0, 0) = 0
19:18:24.513063,1062,gettid() = 1062
19:18:24.513692,1062,futex(0xb689b580, FUTEX_WAKE_PRIVATE, 2147483647 <unfinished ...>
19:18:24.514093,1023,<... futex resumed> ) = 0
19:18:24.514439,1023,futex(0xb689b57c, FUTEX_WAIT_PRIVATE, 2, NULL <unfinished ...>
19:18:24.514718,1062,<... futex resumed> ) = 1
19:18:24.515059,1062,futex(0xb689b57c, FUTEX_WAKE_PRIVATE, 1 <unfinished ...>
19:18:24.515359,1023,<... futex resumed> ) = 0
19:18:24.515670,1023,futex(0xb689b57c, FUTEX_WAKE_PRIVATE, 1) = 0
19:18:24.538414,1062,<... futex resumed> ) = 1
19:18:24.538635,1048,clock_gettime(CLOCK_MONOTONIC, <unfinished ...>
19:18:24.545543,1023,futex(0xb689b580, FUTEX_WAKE_PRIVATE, 2147483647 <unfinished ...>
19:18:24.545881,1062,futex(0xb689b580, FUTEX_WAIT_PRIVATE, -384, NULL <unfinished ...>
19:18:24.546218,1048,<... clock_gettime resumed> {122, 830873476}) = 0
19:18:24.546601,1023,<... futex resumed> ) = 0
19:18:24.546919,1062,<... futex resumed> ) = -1 EAGAIN (Try again)
19:18:24.547284,1048,getpid( <unfinished ...>
19:18:24.548207,1023,getpid( <unfinished ...>
19:18:24.548515,1062,getpriority(PRIO_PROCESS, 1062 <unfinished ...>
19:18:24.548798,1048,<... getpid resumed> ) = 1023
19:18:24.549176,1023,<... getpid resumed> ) = 1023
19:18:24.549459,1062,<... getpriority resumed> ) = 20
19:18:24.549811,1048,readlink("/proc/1023/fd/47", <unfinished ...>
19:18:24.550264,1023,gettid( <unfinished ...>
19:18:24.550564,1062,setpriority(PRIO_PROCESS, 1062, 0 <unfinished ...>
19:18:24.550951,1048,<... readlink resumed> "/data/data/com.igamepower.appmaster/files/icons/icons_android.ico"..., 120) = 65
19:18:24.551620,1023,<... gettid resumed> ) = 1023
19:18:24.551915,1062,<... setpriority resumed> ) = 0
19:18:24.552346,1048,writev(3, [{"\5", 1}, {"dalvikvm\0", 9}, {"DroidBox: { \"FdAccess\": { \"path\""..., 191}], 3 <unfinished ...>
19:18:24.553109,1023,clock_gettime(CLOCK_MONOTONIC, <unfinished ...>
19:18:24.553589,1062,writev(3, [{"\4", 1}, {"GameService\0", 12}, {"Getrootthread starting\0", 23}], 3 <unfinished ...>
19:18:24.554491,1023,<... clock_gettime resumed> {122, 839130647}) = 0
19:18:24.555816,1048,<... writev resumed> ) = 201
19:18:24.556323,1023,ioctl(9, 0xc0186201 <unfinished ...>
19:18:24.556596,1062,<... writev resumed> ) = 36
19:18:24.557377,1048,writev(3, [{"\5", 1}, {"DroidBox\0", 9}, {"DroidBox: { \"FileRW\": { \"operati"..., 97}], 3 <unfinished ...>
19:18:24.558243,1023,<... ioctl resumed> , 0xbee6d1f0) = 0
19:18:24.558717,1062,access("/system/xbin/appmaster/sh", R_OK <unfinished ...>
19:18:24.559226,1048,<... writev resumed> ) = 107
19:18:24.560254,1023,clock_gettime(CLOCK_MONOTONIC, <unfinished ...>
19:18:24.560621,1062,<... access resumed> ) = -1 ENOENT (No such file or directory)
19:18:24.561052,1048,write(47, "Ö\33E\232", 4 <unfinished ...>
19:18:24.561392,1023,<... clock_gettime resumed> {122, 846031507}) = 0
19:18:24.562082,1062,access("/system/bin/su", F_OK <unfinished ...>
19:18:24.562547,1048,<... write resumed> ) = 4
19:18:24.563075,1023,getpid( <unfinished ...>
19:18:24.563410,1062,<... access resumed> ) = -1 ENOENT (No such file or directory)
19:18:24.564569,1048,clock_gettime(CLOCK_MONOTONIC, <unfinished ...>
19:18:24.564869,1023,<... getpid resumed> ) = 1023
19:18:24.565434,1062,access("/system/xbin/su", F_OK <unfinished ...>
19:18:24.565812,1048,<... clock_gettime resumed> {122, 850469197}) = 0
19:18:24.589024,1062,<... access resumed> ) = 0
19:18:24.589280,1048,getpid( <unfinished ...>
19:18:24.589493,1023,getuid32( <unfinished ...>
19:18:24.590583,1062,access("/system/xbin/appmaster/sh", R_OK <unfinished ...>
19:18:24.591064,1048,<... getpid resumed> ) = 1023
19:18:24.591353,1023,<... getuid32 resumed> ) = 10050
19:18:24.591653,1062,<... access resumed> ) = -1 ENOENT (No such file or directory)
19:18:24.592048,1048,readlink("/proc/1023/fd/47", <unfinished ...>
19:18:24.592618,1023,epoll_wait(0x1e, 0xbee6d1f8, 0x10, 0 <unfinished ...>
19:18:24.593270,1062,writev(3, [{"\4", 1}, {"GameService\0", 12}, {"ROOT STATUSROOT_STATE_SU\0", 25}], 3 <unfinished ...>
19:18:24.594045,1048,<... readlink resumed> "/data/data/com.igamepower.appmaster/files/icons/icons_android.ico"..., 120) = 65
19:18:24.594681,1023,<... epoll_wait resumed> ) = 0
19:18:24.595438,1048,writev(3, [{"\5", 1}, {"dalvikvm\0", 9}, {"DroidBox: { \"FdAccess\": { \"path\""..., 191}], 3 <unfinished ...>
19:18:24.596213,1023,clock_gettime(CLOCK_MONOTONIC, <unfinished ...>
19:18:24.596476,1062,<... writev resumed> ) = 38
19:18:24.597102,1023,<... clock_gettime resumed> {122, 881747811}) = 0
19:18:24.597518,1062,clock_gettime(CLOCK_MONOTONIC, <unfinished ...>
19:18:24.597788,1048,<... writev resumed> ) = 201
19:18:24.598382,1023,writev(3, [{"\6", 1}, {"GameService\0", 12}, {"GameService::OnStartCommand\0", 28}], 3 <unfinished ...>
19:18:24.599079,1062,<... clock_gettime resumed> {122, 883747754}) = 0
19:18:24.599838,1048,writev(3, [{"\5", 1}, {"DroidBox\0", 9}, {"DroidBox: { \"FileRW\": { \"operati"..., 97}], 3 <unfinished ...>
19:18:24.618488,1062,munmap(0xac42f000, 32768 <unfinished ...>
19:18:24.618723,1023,<... writev resumed> ) = 41
19:18:24.619278,1062,<... munmap resumed> ) = 0
19:18:24.619855,1023,writev(3, [{"\6", 1}, {"GameService\0", 12}, {"GameService::OnStart\0", 21}], 3 <unfinished ...>
19:18:24.620543,1048,<... writev resumed> ) = 107
19:18:24.621238,1062,sigprocmask(SIG_SETMASK, ~[SEGV], <unfinished ...>
19:18:24.623037,1048,write(47, "\0\0\0\0IEND", 8 <unfinished ...>
19:18:24.623427,1062,<... sigprocmask resumed> NULL) = 0
19:18:24.623720,1023,<... writev resumed> ) = 34
19:18:24.624133,1048,<... write resumed> ) = 8
19:18:24.624424,1062,munmap(0xac0e5000, 1048576 <unfinished ...>
19:18:24.625236,1023,getpid( <unfinished ...>
19:18:24.637672,1062,<... munmap resumed> ) = 0
19:18:24.638083,1023,<... getpid resumed> ) = 1023
19:18:24.638397,1062,exit(0) = ?
19:18:24.640489,1023,gettid() = 1023
19:18:24.641165,1023,clock_gettime(CLOCK_MONOTONIC, {122, 926097059}) = 0
19:18:24.641817,1023,ioctl(9, 0xc0186201, 0xbee6d1f0) = 0
19:18:24.643487,1023,clock_gettime(CLOCK_MONOTONIC, {122, 928421892}) = 0
19:18:24.644314,1023,getpid() = 1023
19:18:24.644828,1023,getuid32() = 10050
19:18:24.645439,1023,epoll_wait(0x1e, 0xbee6d1f8, 0x10, 0) = 0
19:18:24.646012,1023,clock_gettime(CLOCK_MONOTONIC, {122, 930939511}) = 0
19:18:24.646763,1023,writev(3, [{"\4", 1}, {"GameService\0", 12}, {"onBind\0", 7}], 3) = 20
19:18:24.648559,1023,getpid() = 1023
19:18:24.649107,1023,gettid() = 1023
19:18:24.649615,1023,clock_gettime(CLOCK_MONOTONIC, {122, 934541528}) = 0
19:18:24.650221,1023,ioctl(9, 0xc0186201, 0xbee6d1f0) = 0
19:18:24.652479,1023,ioctl(9, 0xc0186201 <unfinished ...>
19:18:24.652785,1056,<... ioctl resumed> , 0xac31fe28) = 0
19:18:24.653117,1023,<... ioctl resumed> , 0xbee6d1f0) = 0
19:18:24.653418,1056,write(24, "1056", 4 <unfinished ...>
19:18:24.653802,1023,clock_gettime(CLOCK_MONOTONIC, <unfinished ...>
19:18:24.654092,1056,<... write resumed> ) = 4
19:18:24.654384,1023,<... clock_gettime resumed> {122, 939030754}) = 0
19:18:24.654757,1056,getpriority(PRIO_PROCESS, 1056 <unfinished ...>
19:18:24.655217,1023,getpid( <unfinished ...>
19:18:24.655481,1056,<... getpriority resumed> ) = 20
19:18:24.655770,1023,<... getpid resumed> ) = 1023
19:18:24.656562,1056,clock_gettime(CLOCK_MONOTONIC, <unfinished ...>
19:18:24.656881,1023,getuid32( <unfinished ...>
19:18:24.657154,1056,<... clock_gettime resumed> {122, 941820120}) = 0
19:18:24.657513,1023,<... getuid32 resumed> ) = 10050
19:18:24.657902,1056,write(24, "1056", 4 <unfinished ...>
19:18:24.696448,1048,clock_gettime(CLOCK_MONOTONIC, <unfinished ...>
19:18:24.696706,1023,epoll_wait(0x1e, 0xbee6d1f8, 0x10, 0 <unfinished ...>
19:18:24.697107,1056,<... write resumed> ) = 4
19:18:24.697393,1048,<... clock_gettime resumed> {122, 982053777}) = 0
19:18:24.697765,1023,<... epoll_wait resumed> ) = 0
19:18:24.698110,1056,ioctl(9, 0xc0186201 <unfinished ...>
19:18:24.698428,1048,getpid( <unfinished ...>
19:18:24.698799,1023,clock_gettime(CLOCK_MONOTONIC, <unfinished ...>
19:18:24.699184,1048,<... getpid resumed> ) = 1023
19:18:24.699486,1023,<... clock_gettime resumed> {122, 984130852}) = 0
19:18:24.699916,1048,readlink("/proc/1023/fd/47", <unfinished ...>
19:18:24.700417,1023,clock_gettime(CLOCK_MONOTONIC, <unfinished ...>
19:18:24.700785,1048,<... readlink resumed> "/data/data/com.igamepower.appmaster/files/icons/icons_android.ico"..., 120) = 65
19:18:24.701478,1023,<... clock_gettime resumed> {122, 986121205}) = 0
19:18:24.702000,1048,writev(3, [{"\5", 1}, {"dalvikvm\0", 9}, {"DroidBox: { \"FdAccess\": { \"path\""..., 189}], 3 <unfinished ...>
19:18:24.703337,1023,writev(3, [{"\4", 1}, {"Choreographer\0", 14}, {"Skipped 3684 frames! The applic"..., 85}], 3 <unfinished ...>
19:18:24.705686,1048,<... writev resumed> ) = 199
19:18:24.706087,1023,<... writev resumed> ) = 100
19:18:24.706879,1048,writev(3, [{"\5", 1}, {"DroidBox\0", 9}, {"DroidBox: { \"FileRW\": { \"operati"..., 95}], 3 <unfinished ...>
19:18:24.707678,1023,clock_gettime(CLOCK_MONOTONIC, {122, 993053872}) = 0
19:18:24.708673,1048,<... writev resumed> ) = 105
19:18:24.709225,1023,recvfrom(38, <unfinished ...>
19:18:24.709564,1048,write(47, "®B`\202", 4 <unfinished ...>
19:18:24.710312,1023,<... recvfrom resumed> 0xb88738b0, 1240, 64, 0, 0) = -1 EAGAIN (Try again)
19:18:24.710713,1048,<... write resumed> ) = 4
19:18:24.711216,1023,recvfrom(41, <unfinished ...>
19:18:24.711695,1048,munmap(0xac1e5000, 69632 <unfinished ...>
19:18:24.712095,1023,<... recvfrom resumed> 0xb888dc48, 1240, 64, 0, 0) = -1 EAGAIN (Try again)
19:18:24.712442,1048,<... munmap resumed> ) = 0
19:18:24.712781,1023,futex(0xb6f62698, FUTEX_WAIT_PRIVATE, 2, NULL <unfinished ...>
19:18:24.713131,1048,futex(0xb6f62698, FUTEX_WAKE_PRIVATE, 1 <unfinished ...>
19:18:24.713520,1023,<... futex resumed> ) = -1 EAGAIN (Try again)
19:18:24.714060,1048,<... futex resumed> ) = 0
19:18:24.714411,1023,futex(0xb6f62698, FUTEX_WAKE_PRIVATE, 1 <unfinished ...>
19:18:24.714778,1048,munmap(0xac1f6000, 69632 <unfinished ...>
19:18:24.715122,1023,<... futex resumed> ) = 0
19:18:24.715477,1048,<... munmap resumed> ) = 0
19:18:24.715819,1023,futex(0xb6f62698, FUTEX_WAIT_PRIVATE, 2, NULL <unfinished ...>
19:18:24.716176,1048,futex(0xb6f62698, FUTEX_WAKE_PRIVATE, 1 <unfinished ...>
19:18:24.716461,1023,<... futex resumed> ) = -1 EAGAIN (Try again)
19:18:24.716729,1048,<... futex resumed> ) = 0
19:18:24.717077,1023,futex(0xb6f62698, FUTEX_WAKE_PRIVATE, 1 <unfinished ...>
19:18:24.717367,1048,munmap(0xac207000, 69632) = 0
19:18:24.757597,1023,<... futex resumed> ) = 0
19:18:24.757984,1048,munmap(0xac437000, 69632 <unfinished ...>
19:18:24.758326,1023,clock_gettime(CLOCK_MONOTONIC, <unfinished ...>
19:18:24.758676,1048,<... munmap resumed> ) = 0
19:18:24.759002,1023,<... clock_gettime resumed> {123, 43619363}) = 0
19:18:24.759538,1048,fstat64(47, <unfinished ...>
19:18:24.759905,1023,clock_gettime(CLOCK_MONOTONIC, <unfinished ...>
19:18:24.760203,1048,<... fstat64 resumed> {st_mode=S_IFREG|0600, st_size=7396, ...}) = 0
19:18:24.761040,1023,<... clock_gettime resumed> {123, 45670217}) = 0
19:18:24.761546,1048,close(47 <unfinished ...>
19:18:24.761990,1023,write(29, "W", 1 <unfinished ...>
19:18:24.762328,1048,<... close resumed> ) = 0
19:18:24.762662,1023,<... write resumed> ) = 1
19:18:24.765583,1048,gettimeofday( <unfinished ...>
19:18:24.767185,1023,clock_gettime(CLOCK_MONOTONIC, <unfinished ...>
19:18:24.767460,1048,<... gettimeofday resumed> {1738783104, 767363}, NULL) = 0
19:18:24.767826,1023,<... clock_gettime resumed> {123, 52473597}) = 0
19:18:24.769195,1023,recvfrom(37, 0xbee6c9a8, 24, 64, 0, 0) = -1 EAGAIN (Try again)
19:18:24.769821,1023,ioctl(9, 0xc0186201, 0xbee6d178) = 0
19:18:24.770777,1023,clock_gettime(CLOCK_MONOTONIC, {123, 55821314}) = 0
19:18:24.771993,1023,clock_gettime(CLOCK_MONOTONIC, {123, 57034836}) = 0
19:18:24.819184,1048,gettimeofday( <unfinished ...>
19:18:24.820644,1023,brk(0xb88e5000 <unfinished ...>
19:18:24.821009,1048,<... gettimeofday resumed> {1738783104, 820835}, NULL) = 0
19:18:24.821409,1023,<... brk resumed> ) = 0xb88e5000
19:18:24.821730,1048,futex(0xb6f62698, FUTEX_WAIT_PRIVATE, 2, NULL <unfinished ...>
19:18:24.822163,1023,futex(0xb6f62698, FUTEX_WAKE_PRIVATE, 1 <unfinished ...>
19:18:24.822444,1048,<... futex resumed> ) = -1 EAGAIN (Try again)
19:18:24.822742,1023,<... futex resumed> ) = 0
19:18:24.823103,1048,futex(0xb6f62698, FUTEX_WAKE_PRIVATE, 1 <unfinished ...>
19:18:24.824466,1023,open("/system/fonts/DroidNaskh-Regular-SystemUI.ttf", O_RDONLY <unfinished ...>
19:18:24.825052,1048,<... futex resumed> ) = 0
19:18:24.825409,1023,<... open resumed> ) = 47
19:18:24.825968,1048,gettimeofday( <unfinished ...>
19:18:24.826287,1023,lseek(47, 0, SEEK_END <unfinished ...>
19:18:24.826568,1048,<... gettimeofday resumed> {1738783104, 826470}, NULL) = 0
19:18:24.826985,1023,<... lseek resumed> ) = 158148
19:18:24.827380,1048,fcntl64(42, F_SETLK, {type=F_RDLCK, whence=SEEK_SET, start=1073741824, len=1} <unfinished ...>
19:18:24.827831,1023,lseek(47, 0, SEEK_SET <unfinished ...>
19:18:24.828158,1048,<... fcntl64 resumed> ) = 0
19:18:24.828451,1023,<... lseek resumed> ) = 0
19:18:24.828751,1048,fcntl64(42, F_SETLK, {type=F_RDLCK, whence=SEEK_SET, start=1073741826, len=510} <unfinished ...>
19:18:24.829194,1023,mmap2(NULL, 158148, PROT_READ, MAP_SHARED, 47, 0 <unfinished ...>
19:18:24.829503,1048,<... fcntl64 resumed> ) = 0
19:18:24.829861,1023,<... mmap2 resumed> ) = 0xac1f1000
19:18:24.830188,1048,fcntl64(42, F_SETLK, {type=F_UNLCK, whence=SEEK_SET, start=1073741824, len=1} <unfinished ...>
19:18:24.830635,1023,close(47 <unfinished ...>
19:18:24.830940,1048,<... fcntl64 resumed> ) = 0
19:18:24.831246,1023,<... close resumed> ) = 0
19:18:24.831578,1048,access("/data/data/com.igamepower.appmaster/databases/game_service_folderdb.db-journal", F_OK <unfinished ...>
19:18:24.832923,1023,sigprocmask(SIG_BLOCK, [], <unfinished ...>
19:18:24.833298,1048,<... access resumed> ) = 0
19:18:24.833595,1023,<... sigprocmask resumed> [QUIT USR1 PIPE]) = 0
19:18:24.833945,1048,stat64("/data/data/com.igamepower.appmaster/databases/game_service_folderdb.db-journal", <unfinished ...>
19:18:24.834746,1023,sigprocmask(SIG_BLOCK, [], <unfinished ...>
19:18:24.835113,1048,<... stat64 resumed> {st_mode=S_IFREG|0600, st_size=8720, ...}) = 0
19:18:24.835988,1023,<... sigprocmask resumed> [QUIT USR1 PIPE]) = 0
19:18:24.836379,1048,fcntl64(42, F_GETLK <unfinished ...>
19:18:24.836926,1023,open("/system/fonts/DroidSansEthiopic-Regular.ttf", O_RDONLY <unfinished ...>
19:18:24.837480,1048,<... fcntl64 resumed> , {type=F_UNLCK, whence=SEEK_SET, start=1073741825, len=1, pid=0}) = 0
19:18:24.837997,1023,<... open resumed> ) = 47
19:18:24.838343,1048,fstat64(42, <unfinished ...>
19:18:24.838669,1023,lseek(47, 0, SEEK_END <unfinished ...>
19:18:24.838997,1048,<... fstat64 resumed> {st_mode=S_IFREG|0660, st_size=32768, ...}) = 0
19:18:24.839866,1023,<... lseek resumed> ) = 227928
19:18:24.840791,1048,stat64("/data/data/com.igamepower.appmaster/databases/game_service_folderdb.db", {st_mode=S_IFREG|0660, st_size=32768, ...}) = 0
19:18:24.877795,1023,lseek(47, 0, SEEK_SET <unfinished ...>
19:18:24.878144,1048,umask(0 <unfinished ...>
19:18:24.878455,1023,<... lseek resumed> ) = 0
19:18:24.878739,1048,<... umask resumed> ) = 077
19:18:24.879077,1023,mmap2(NULL, 227928, PROT_READ, MAP_SHARED, 47, 0 <unfinished ...>
19:18:24.879409,1048,open("/data/data/com.igamepower.appmaster/databases/game_service_folderdb.db-journal", O_RDONLY <unfinished ...>
19:18:24.880169,1023,<... mmap2 resumed> ) = 0xac1b9000
19:18:24.880510,1048,<... open resumed> ) = 49
19:18:24.880844,1023,close(47 <unfinished ...>
19:18:24.881159,1048,umask(077 <unfinished ...>
19:18:24.881461,1023,<... close resumed> ) = 0
19:18:24.881741,1048,<... umask resumed> ) = 0
19:18:24.882387,1023,sigprocmask(SIG_BLOCK, [], <unfinished ...>
19:18:24.882746,1048,fchown32(49, 10050, 10050 <unfinished ...>
19:18:24.883076,1023,<... sigprocmask resumed> [QUIT USR1 PIPE]) = 0
19:18:24.883476,1048,<... fchown32 resumed> ) = 0
19:18:24.884006,1023,open("/system/fonts/DroidSansHebrew-Regular.ttf", O_RDONLY <unfinished ...>
19:18:24.884558,1048,fcntl64(49, F_GETFD <unfinished ...>
19:18:24.884915,1023,<... open resumed> ) = 47
19:18:24.885206,1048,<... fcntl64 resumed> ) = 0
19:18:24.885536,1023,lseek(47, 0, SEEK_END <unfinished ...>
19:18:24.885848,1048,fcntl64(49, F_SETFD, FD_CLOEXEC <unfinished ...>
19:18:24.886161,1023,<... lseek resumed> ) = 30024
19:18:24.886454,1048,<... fcntl64 resumed> ) = 0
19:18:24.886781,1023,lseek(47, 0, SEEK_SET <unfinished ...>
19:18:24.887104,1048,pread(49, <unfinished ...>
19:18:24.887406,1023,<... lseek resumed> ) = 0
19:18:24.887702,1048,<... pread resumed> "\0", 1, 3069335896) = 1
19:18:24.888100,1023,mmap2(NULL, 30024, PROT_READ, MAP_SHARED, 47, 0 <unfinished ...>
19:18:24.888429,1048,close(49 <unfinished ...>
19:18:24.888804,1023,<... mmap2 resumed> ) = 0xac440000
19:18:24.889109,1048,<... close resumed> ) = 0
19:18:24.889439,1023,close(47 <unfinished ...>
19:18:24.889754,1048,fstat64(42, <unfinished ...>
19:18:24.890062,1023,<... close resumed> ) = 0
19:18:24.890352,1048,<... fstat64 resumed> {st_mode=S_IFREG|0660, st_size=32768, ...}) = 0
19:18:24.911571,1023,sigprocmask(SIG_BLOCK, [], <unfinished ...>
19:18:24.911972,1048,pread(42, <unfinished ...>
19:18:24.912284,1023,<... sigprocmask resumed> [QUIT USR1 PIPE]) = 0
19:18:24.912632,1048,<... pread resumed> "\0\0\0\3\0\0\0\10\0\0\0\0\0\0\0\0", 16, 106148551000) = 16
19:18:24.913371,1023,open("/system/fonts/DroidSansThai.ttf", O_RDONLY <unfinished ...>
19:18:24.913868,1048,fstat64(42, <unfinished ...>
19:18:24.914237,1023,<... open resumed> ) = 47
19:18:24.914533,1048,<... fstat64 resumed> {st_mode=S_IFREG|0660, st_size=32768, ...}) = 0
19:18:24.915412,1023,lseek(47, 0, SEEK_END <unfinished ...>
19:18:24.915731,1048,access("/data/data/com.igamepower.appmaster/databases/game_service_folderdb.db-wal", F_OK) = -1 ENOENT (No such file or directory)
19:18:24.949815,1023,<... lseek resumed> ) = 35584
19:18:24.950256,1048,fstat64(42, <unfinished ...>
19:18:24.950595,1023,lseek(47, 0, SEEK_SET <unfinished ...>
19:18:24.950903,1048,<... fstat64 resumed> {st_mode=S_IFREG|0660, st_size=32768, ...}) = 0
19:18:24.951750,1023,<... lseek resumed> ) = 0
19:18:24.952172,1048,fcntl64(42, F_SETLK, {type=F_WRLCK, whence=SEEK_SET, start=1073741825, len=1} <unfinished ...>
19:18:24.952628,1023,mmap2(NULL, 35584, PROT_READ, MAP_SHARED, 47, 0 <unfinished ...>
19:18:24.952965,1048,<... fcntl64 resumed> ) = 0
19:18:24.953303,1023,<... mmap2 resumed> ) = 0xac437000
19:18:24.953992,1048,stat64("/data/data/com.igamepower.appmaster/databases/game_service_folderdb.db", <unfinished ...>
19:18:24.954729,1023,close(47 <unfinished ...>
19:18:24.955153,1048,<... stat64 resumed> {st_mode=S_IFREG|0660, st_size=32768, ...}) = 0
19:18:24.956007,1023,<... close resumed> ) = 0
19:18:24.956324,1048,umask(0 <unfinished ...>
19:18:24.956963,1023,sigprocmask(SIG_BLOCK, [], <unfinished ...>
19:18:24.957293,1048,<... umask resumed> ) = 077
19:18:24.957600,1023,<... sigprocmask resumed> [QUIT USR1 PIPE]) = 0
19:18:24.992570,1048,open("/data/data/com.igamepower.appmaster/databases/game_service_folderdb.db-journal", O_RDWR|O_CREAT, 0660 <unfinished ...>
19:18:24.993276,1023,sigprocmask(SIG_BLOCK, [], <unfinished ...>
19:18:24.993739,1048,<... open resumed> ) = 47
19:18:24.994173,1023,<... sigprocmask resumed> [QUIT USR1 PIPE]) = 0
19:18:24.994559,1048,umask(077 <unfinished ...>
19:18:24.994955,1023,sigprocmask(SIG_BLOCK, [], <unfinished ...>
19:18:24.995310,1048,<... umask resumed> ) = 0
19:18:24.995616,1023,<... sigprocmask resumed> [QUIT USR1 PIPE]) = 0
19:18:24.995979,1048,fchown32(47, 10050, 10050 <unfinished ...>
19:18:24.996592,1023,open("/system/fonts/DroidSansArmenian.ttf", O_RDONLY <unfinished ...>
19:18:24.997176,1048,<... fchown32 resumed> ) = 0
19:18:24.997545,1023,<... open resumed> ) = 49
19:18:24.997877,1048,fcntl64(47, F_GETFD <unfinished ...>
19:18:24.998228,1023,lseek(49, 0, SEEK_END <unfinished ...>
19:18:24.998533,1048,<... fcntl64 resumed> ) = 0
19:18:25.020237,1023,<... lseek resumed> ) = 13856
19:18:25.025556,1048,fcntl64(47, F_SETFD, FD_CLOEXEC <unfinished ...>
19:18:25.025908,1023,lseek(49, 0, SEEK_SET <unfinished ...>
19:18:25.026214,1048,<... fcntl64 resumed> ) = 0
19:18:25.026531,1023,<... lseek resumed> ) = 0
19:18:25.026959,1048,pwrite(47, "\0\0\0\0\0\0\0\0\0\0\0\0]W\217l\0\0\0\10\0\0\2\0\0\0\20\0\0\0\0\0"..., 512, 3069335932 <unfinished ...>
19:18:25.027566,1023,mmap2(NULL, 13856, PROT_READ, MAP_SHARED, 49, 0 <unfinished ...>
19:18:25.028051,1048,<... pwrite resumed> ) = 512
19:18:25.028454,1023,<... mmap2 resumed> ) = 0xb0f07000
19:18:25.028786,1048,pwrite(47, "\0\0\0\5", 4, 2202092591484 <unfinished ...>
19:18:25.029196,1023,close(49 <unfinished ...>
19:18:25.029516,1048,<... pwrite resumed> ) = 4
19:18:25.029822,1023,<... close resumed> ) = 0
19:18:25.030139,1048,pwrite(47, "\n\0\0\0\0\20\0\0\0\0\0\0\0\0\0\0\0\0\0\0\0\0\0\0\0\0\0\0\0\0\0\0"..., 4096, 2219272460668 <unfinished ...>
19:18:25.030923,1023,brk(0xb88e6000 <unfinished ...>
19:18:25.031268,1048,<... pwrite resumed> ) = 4096
19:18:25.031592,1023,<... brk resumed> ) = 0xb88e6000
19:18:25.031912,1048,pwrite(47, "]W\217l", 4, 19811458505084 <unfinished ...>
19:18:25.032465,1023,sigprocmask(SIG_BLOCK, [], <unfinished ...>
19:18:25.032828,1048,<... pwrite resumed> ) = 4
19:18:25.033142,1023,<... sigprocmask resumed> [QUIT USR1 PIPE]) = 0
19:18:25.033585,1048,pwrite(47, "\0\0\0\6", 4, 19828638374268 <unfinished ...>
19:18:25.034185,1023,open("/system/fonts/DroidSansGeorgian.ttf", O_RDONLY <unfinished ...>
19:18:25.034704,1048,<... pwrite resumed> ) = 4
19:18:25.035070,1023,<... open resumed> ) = 49
19:18:25.035386,1048,pwrite(47, "\n\0\0\0\0\20\0\0\0\0\0\0\0\0\0\0\0\0\0\0\0\0\0\0\0\0\0\0\0\0\0\0"..., 4096, 19845818243452 <unfinished ...>
19:18:25.035979,1023,lseek(49, 0, SEEK_END <unfinished ...>
19:18:25.036325,1048,<... pwrite resumed> ) = 4096
19:18:25.036637,1023,<... lseek resumed> ) = 21096
19:18:25.036960,1048,pwrite(47, "]W\217l", 4, 37438004287868 <unfinished ...>
19:18:25.037359,1023,lseek(49, 0, SEEK_SET <unfinished ...>
19:18:25.067329,1048,<... pwrite resumed> ) = 4
19:18:25.067588,1023,<... lseek resumed> ) = 0
19:18:25.068182,1048,pwrite(47, "\0\0\0\7", 4, 37455184157052 <unfinished ...>
19:18:25.068641,1023,mmap2(NULL, 21096, PROT_READ, MAP_SHARED, 49, 0 <unfinished ...>
19:18:25.069056,1048,<... pwrite resumed> ) = 4
19:18:25.069446,1023,<... mmap2 resumed> ) = 0xac431000
19:18:25.069761,1048,pwrite(47, "\n\0\0\0\0\20\0\0\0\0\0\0\0\0\0\0\0\0\0\0\0\0\0\0\0\0\0\0\0\0\0\0"..., 4096, 37472364026236 <unfinished ...>
19:18:25.070359,1023,close(49 <unfinished ...>
19:18:25.070806,1048,<... pwrite resumed> ) = 4096
19:18:25.071128,1023,<... close resumed> ) = 0
19:18:25.071853,1048,pwrite(47, "]W\217l", 4, 55064550070652 <unfinished ...>
19:18:25.072601,1023,sigprocmask(SIG_BLOCK, [], <unfinished ...>
19:18:25.073022,1048,<... pwrite resumed> ) = 4
19:18:25.073367,1023,<... sigprocmask resumed> [QUIT USR1 PIPE]) = 0
19:18:25.073763,1048,pwrite(47, "\0\0\0\10", 4, 55081729939836 <unfinished ...>
19:18:25.074308,1023,brk(0xb88e7000 <unfinished ...>
19:18:25.074706,1048,<... pwrite resumed> ) = 4
19:18:25.075040,1023,<... brk resumed> ) = 0xb88e7000
19:18:25.075370,1048,pwrite(47, "\n\0\0\0\0\20\0\0\0\0\0\0\0\0\0\0\0\0\0\0\0\0\0\0\0\0\0\0\0\0\0\0"..., 4096, 55098909809020 <unfinished ...>
19:18:25.076186,1023,open("/system/fonts/DroidSansDevanagari-Regular.ttf", O_RDONLY <unfinished ...>
19:18:25.076887,1048,<... pwrite resumed> ) = 4096
19:18:25.077274,1023,<... open resumed> ) = 49
19:18:25.077606,1048,pwrite(47, "]W\217l", 4, 72691095853436 <unfinished ...>
19:18:25.078035,1023,lseek(49, 0, SEEK_END <unfinished ...>
19:18:25.078391,1048,<... pwrite resumed> ) = 4
19:18:25.078714,1023,<... lseek resumed> ) = 123372
19:18:25.079123,1048,pwrite(47, "\0\0\0\4", 4, 72708275722620 <unfinished ...>
19:18:25.079552,1023,lseek(49, 0, SEEK_SET <unfinished ...>
19:18:25.105717,1048,<... pwrite resumed> ) = 4
19:18:25.106380,1023,<... lseek resumed> ) = 0
19:18:25.106724,1048,pwrite(47, "\r\0\0\0\0\20\0\0\0\0\0\0\0\0\0\0\0\0\0\0\0\0\0\0\0\0\0\0\0\0\0\0"..., 4096, 72725455591804 <unfinished ...>
19:18:25.107856,1023,mmap2(NULL, 123372, PROT_READ, MAP_SHARED, 49, 0 <unfinished ...>
19:18:25.108361,1048,<... pwrite resumed> ) = 4096
19:18:25.109237,1023,<... mmap2 resumed> ) = 0xac19a000
19:18:25.109564,1048,pwrite(47, "]W\217l", 4, 90317641636220 <unfinished ...>
19:18:25.109981,1023,close(49 <unfinished ...>
19:18:25.110415,1048,<... pwrite resumed> ) = 4
19:18:25.110742,1023,<... close resumed> ) = 0
19:18:25.111134,1048,fcntl64(42, F_SETLK, {type=F_WRLCK, whence=SEEK_SET, start=1073741824, len=1} <unfinished ...>
19:18:25.111947,1023,sigprocmask(SIG_BLOCK, [], <unfinished ...>
19:18:25.112316,1048,<... fcntl64 resumed> ) = 0
19:18:25.112641,1023,<... sigprocmask resumed> [QUIT USR1 PIPE]) = 0
19:18:25.113021,1048,fcntl64(42, F_SETLK, {type=F_WRLCK, whence=SEEK_SET, start=1073741826, len=510} <unfinished ...>
19:18:25.113528,1023,sigprocmask(SIG_BLOCK, [], <unfinished ...>
19:18:25.113895,1048,<... fcntl64 resumed> ) = 0
19:18:25.114216,1023,<... sigprocmask resumed> [QUIT USR1 PIPE]) = 0
19:18:25.114611,1048,pwrite(47, "\0\0\0\1", 4, 90334821505404 <unfinished ...>
19:18:25.115123,1023,sigprocmask(SIG_BLOCK, [], <unfinished ...>
19:18:25.115506,1048,<... pwrite resumed> ) = 4
19:18:25.115815,1023,<... sigprocmask resumed> [QUIT USR1 PIPE]) = 0
19:18:25.116180,1048,pwrite(47, "SQLite format 3\0\20\0\1\1\0@ \0\0\0\3\0\0\0\10"..., 4096, 90352001374588 <unfinished ...>
19:18:25.116794,1023,brk(0xb88e8000 <unfinished ...>
19:18:25.117196,1048,<... pwrite resumed> ) = 4096
19:18:25.117524,1023,<... brk resumed> ) = 0xb88e8000
19:18:25.117839,1048,pwrite(47, "]W\220Õ", 4, 107944187419004 <unfinished ...>
19:18:25.129463,1023,open("/system/fonts/DroidSansTamil-Regular.ttf", O_RDONLY <unfinished ...>
19:18:25.130182,1048,<... pwrite resumed> ) = 4
19:18:25.130566,1023,<... open resumed> ) = 49
19:18:25.131153,1048,pread(47, <unfinished ...>
19:18:25.131498,1023,lseek(49, 0, SEEK_END <unfinished ...>
19:18:25.131809,1048,<... pread resumed> "", 8, 109954232113496) = 0
19:18:25.132253,1023,<... lseek resumed> ) = 36308
19:18:25.132587,1048,fdatasync(47 <unfinished ...>
19:18:25.132963,1023,lseek(49, 0, SEEK_SET) = 0
19:18:25.135847,1023,mmap2(NULL, 36308, PROT_READ, MAP_SHARED, 49, 0 <unfinished ...>
19:18:25.155572,1048,<... fdatasync resumed> ) = 0
19:18:25.155986,1023,<... mmap2 resumed> ) = 0xac191000
19:18:25.156364,1048,open("/data/data/com.igamepower.appmaster/databases", O_RDONLY <unfinished ...>
19:18:25.157000,1023,close(49 <unfinished ...>
19:18:25.157383,1048,<... open resumed> ) = 50
19:18:25.157707,1023,<... close resumed> ) = 0
19:18:25.158040,1048,fcntl64(50, F_GETFD <unfinished ...>
19:18:25.158764,1023,sigprocmask(SIG_BLOCK, [], <unfinished ...>
19:18:25.159109,1048,<... fcntl64 resumed> ) = 0
19:18:25.159417,1023,<... sigprocmask resumed> [QUIT USR1 PIPE]) = 0
19:18:25.159773,1048,fcntl64(50, F_SETFD, FD_CLOEXEC <unfinished ...>
19:18:25.160219,1023,brk(0xb88e9000 <unfinished ...>
19:18:25.160546,1048,<... fcntl64 resumed> ) = 0
19:18:25.160918,1023,<... brk resumed> ) = 0xb88e9000
19:18:25.161234,1048,fdatasync(50 <unfinished ...>
19:18:25.162137,1023,open("/system/fonts/AnjaliNewLipi-light.ttf", O_RDONLY) = 49
19:18:25.163100,1023,lseek(49, 0, SEEK_END) = 47408
19:18:25.163667,1023,lseek(49, 0, SEEK_SET) = 0
19:18:25.164238,1023,mmap2(NULL, 47408, PROT_READ, MAP_SHARED, 49, 0) = 0xac185000
19:18:25.164862,1023,close(49) = 0
19:18:25.165704,1023,sigprocmask(SIG_BLOCK, [], [QUIT USR1 PIPE]) = 0
19:18:25.166413,1023,sigprocmask(SIG_BLOCK, [], <unfinished ...>
19:18:25.177153,1048,<... fdatasync resumed> ) = 0
19:18:25.177519,1048,close(50) = 0
19:18:25.178087,1048,pwrite(47, "ÙÕ\5ù ¡c×\0\0\0\6", 12, 3069335932) = 12
19:18:25.178906,1048,fdatasync(47) = 0
19:18:25.179728,1048,pwrite(42, "SQLite format 3\0\20\0\1\1\0@ \0\0\0\4\0\0\0\10"..., 4096, 3069335932) = 4096
19:18:25.180615,1048,pwrite(42, "\r\0\0\0\1\17x\0\17x\0\0\0\0\0\0\0\0\0\0\0\0\0\0\0\0\0\0\0\0\0\0"..., 4096, 52779627469180) = 4096
19:18:25.181473,1048,pwrite(42, "\n\0\0\0\1\17ó\0\17ó\0\0\0\0\0\0\0\0\0\0\0\0\0\0\0\0\0\0\0\0\0\0"..., 4096, 70371813513596) = 4096
19:18:25.182385,1048,pwrite(42, "\n\0\0\0\1\17ü\0\17ü\0\0\0\0\0\0\0\0\0\0\0\0\0\0\0\0\0\0\0\0\0\0"..., 4096, 87963999558012) = 4096
19:18:25.183319,1048,pwrite(42, "\n\0\0\0\1\17õ\0\17õ\0\0\0\0\0\0\0\0\0\0\0\0\0\0\0\0\0\0\0\0\0\0"..., 4096, 105556185602428) = 4096
19:18:25.184156,1048,pwrite(42, "\n\0\0\0\1\17û\0\17û\0\0\0\0\0\0\0\0\0\0\0\0\0\0\0\0\0\0\0\0\0\0"..., 4096, 123148371646844) = 4096
19:18:25.185037,1048,fdatasync(42) = 0
19:18:25.211500,1048,pwrite(47, "\0\0\0\0\0\0\0\0\0\0\0\0\0\0\0\0\0\0\0\0\0\0\0\0\0\0\0\0", 28, 3069335932) = 28
19:18:25.212417,1048,fdatasync(47) = 0
19:18:25.213228,1048,fstat64(47, {st_mode=S_IFREG|0600, st_size=25136, ...}) = 0
19:18:25.214381,1048,fcntl64(42, F_SETLK, {type=F_RDLCK, whence=SEEK_SET, start=1073741826, len=510}) = 0
19:18:25.215087,1048,fcntl64(42, F_SETLK, {type=F_UNLCK, whence=SEEK_SET, start=1073741824, len=2}) = 0
19:18:25.215783,1048,close(47) = 0
19:18:25.216348,1048,fcntl64(42, F_SETLK, {type=F_UNLCK, whence=SEEK_SET, start=0, len=0}) = 0
19:18:25.217115,1048,gettimeofday({1738783105, 217305}, NULL) = 0
19:18:25.218181,1048,gettimeofday( <unfinished ...>
19:18:25.249615,1023,<... sigprocmask resumed> [QUIT USR1 PIPE]) = 0
19:18:25.250100,1048,<... gettimeofday resumed> {1738783105, 249978}, NULL) = 0
19:18:25.250559,1023,sigprocmask(SIG_BLOCK, [], <unfinished ...>
19:18:25.251024,1048,brk(0xb88ea000 <unfinished ...>
19:18:25.251332,1023,<... sigprocmask resumed> [QUIT USR1 PIPE]) = 0
19:18:25.251677,1048,<... brk resumed> ) = 0xb88ea000
19:18:25.252032,1023,futex(0xb6f62698, FUTEX_WAIT_PRIVATE, 2, NULL <unfinished ...>
19:18:25.252401,1048,futex(0xb6f62698, FUTEX_WAKE_PRIVATE, 1 <unfinished ...>
19:18:25.252715,1023,<... futex resumed> ) = -1 EAGAIN (Try again)
19:18:25.253014,1048,<... futex resumed> ) = 0
19:18:25.253345,1023,futex(0xb6f62698, FUTEX_WAKE_PRIVATE, 1 <unfinished ...>
19:18:25.254212,1048,gettimeofday( <unfinished ...>
19:18:25.254522,1023,<... futex resumed> ) = 0
19:18:25.254811,1048,<... gettimeofday resumed> {1738783105, 254711}, NULL) = 0
19:18:25.256206,1023,open("/system/fonts/Lohit-Bengali.ttf", O_RDONLY <unfinished ...>
19:18:25.257251,1048,open("/dev/ashmem", O_RDWR <unfinished ...>
19:18:25.257697,1023,<... open resumed> ) = 47
19:18:25.258041,1048,<... open resumed> ) = 49
19:18:25.258376,1023,lseek(47, 0, SEEK_END <unfinished ...>
19:18:25.258719,1048,ioctl(49, 0x41007701 <unfinished ...>
19:18:25.259041,1023,<... lseek resumed> ) = 139296
19:18:25.259346,1048,<... ioctl resumed> , 0xac85f90c) = 0
19:18:25.259677,1023,lseek(47, 0, SEEK_SET <unfinished ...>
19:18:25.259995,1048,ioctl(49, 0x40047703 <unfinished ...>
19:18:25.260301,1023,<... lseek resumed> ) = 0
19:18:25.260588,1048,<... ioctl resumed> , 0x200000) = 0
19:18:25.260925,1023,mmap2(NULL, 139296, PROT_READ, MAP_SHARED, 47, 0 <unfinished ...>
19:18:25.261280,1048,ioctl(49, 0x40047705 <unfinished ...>
19:18:25.261617,1023,<... mmap2 resumed> ) = 0xac162000
19:18:25.261917,1048,<... ioctl resumed> , 0x3) = 0
19:18:25.262250,1023,close(47 <unfinished ...>
19:18:25.262557,1048,mmap2(NULL, 2097152, PROT_READ|PROT_WRITE, MAP_SHARED, 49, 0 <unfinished ...>
19:18:25.262888,1023,<... close resumed> ) = 0
19:18:25.276566,1048,<... mmap2 resumed> ) = 0xabf62000
19:18:25.301426,1023,brk(0xb88eb000 <unfinished ...>
19:18:25.301781,1048,ioctl(49, 0x40047705 <unfinished ...>
19:18:25.302126,1023,<... brk resumed> ) = 0xb88eb000
19:18:25.302437,1048,<... ioctl resumed> , 0x1) = 0
19:18:25.302891,1023,sigprocmask(SIG_BLOCK, [], <unfinished ...>
19:18:25.303950,1048,gettimeofday( <unfinished ...>
19:18:25.304263,1023,<... sigprocmask resumed> [QUIT USR1 PIPE]) = 0
19:18:25.304600,1048,<... gettimeofday resumed> {1738783105, 304499}, NULL) = 0
19:18:25.305096,1023,sigprocmask(SIG_BLOCK, [], <unfinished ...>
19:18:25.305541,1048,fcntl64(42, F_SETLK, {type=F_RDLCK, whence=SEEK_SET, start=1073741824, len=1} <unfinished ...>
19:18:25.305976,1023,<... sigprocmask resumed> [QUIT USR1 PIPE]) = 0
19:18:25.306330,1048,<... fcntl64 resumed> ) = 0
19:18:25.306683,1023,sigprocmask(SIG_BLOCK, [], <unfinished ...>
19:18:25.307041,1048,fcntl64(42, F_SETLK, {type=F_RDLCK, whence=SEEK_SET, start=1073741826, len=510} <unfinished ...>
19:18:25.326550,1023,<... sigprocmask resumed> [QUIT USR1 PIPE]) = 0
19:18:25.340246,1048,<... fcntl64 resumed> ) = 0
19:18:25.340779,1023,open("/system/fonts/Lohit-Kannada.ttf", O_RDONLY <unfinished ...>
19:18:25.341285,1048,fcntl64(42, F_SETLK, {type=F_UNLCK, whence=SEEK_SET, start=1073741824, len=1} <unfinished ...>
19:18:25.341768,1023,<... open resumed> ) = 47
19:18:25.342085,1048,<... fcntl64 resumed> ) = 0
19:18:25.342419,1023,lseek(47, 0, SEEK_END <unfinished ...>
19:18:25.342740,1048,access("/data/data/com.igamepower.appmaster/databases/game_service_folderdb.db-journal", F_OK <unfinished ...>
19:18:25.343470,1023,<... lseek resumed> ) = 197028
19:18:25.343804,1048,<... access resumed> ) = 0
19:18:25.344141,1023,lseek(47, 0, SEEK_SET <unfinished ...>
19:18:25.344453,1048,stat64("/data/data/com.igamepower.appmaster/databases/game_service_folderdb.db-journal", <unfinished ...>
19:18:25.345177,1023,<... lseek resumed> ) = 0
19:18:25.345494,1048,<... stat64 resumed> {st_mode=S_IFREG|0600, st_size=25136, ...}) = 0
19:18:25.346371,1023,mmap2(NULL, 197028, PROT_READ, MAP_SHARED, 47, 0 <unfinished ...>
19:18:25.346706,1048,fcntl64(42, F_GETLK <unfinished ...>
19:18:25.347046,1023,<... mmap2 resumed> ) = 0xabf31000
19:18:25.347341,1048,<... fcntl64 resumed> , {type=F_UNLCK, whence=SEEK_SET, start=1073741825, len=1, pid=0}) = 0
19:18:25.347794,1023,close(47 <unfinished ...>
19:18:25.348113,1048,fstat64(42, <unfinished ...>
19:18:25.348416,1023,<... close resumed> ) = 0
19:18:25.348706,1048,<... fstat64 resumed> {st_mode=S_IFREG|0660, st_size=32768, ...}) = 0
19:18:25.367002,1023,brk(0xb88ec000 <unfinished ...>
19:18:25.367354,1048,stat64("/data/data/com.igamepower.appmaster/databases/game_service_folderdb.db", <unfinished ...>
19:18:25.368058,1023,<... brk resumed> ) = 0xb88ec000
19:18:25.368390,1048,<... stat64 resumed> {st_mode=S_IFREG|0660, st_size=32768, ...}) = 0
19:18:25.369424,1023,sigprocmask(SIG_BLOCK, [], <unfinished ...>
19:18:25.369782,1048,umask(0 <unfinished ...>
19:18:25.370096,1023,<... sigprocmask resumed> [QUIT USR1 PIPE]) = 0
19:18:25.370643,1048,<... umask resumed> ) = 077
19:18:25.371019,1023,sigprocmask(SIG_BLOCK, [], <unfinished ...>
19:18:25.371394,1048,open("/data/data/com.igamepower.appmaster/databases/game_service_folderdb.db-journal", O_RDONLY <unfinished ...>
19:18:25.372125,1023,<... sigprocmask resumed> [QUIT USR1 PIPE]) = 0
19:18:25.372507,1048,<... open resumed> ) = 47
19:18:25.372862,1023,sigprocmask(SIG_BLOCK, [], <unfinished ...>
19:18:25.373219,1048,umask(077 <unfinished ...>
19:18:25.373524,1023,<... sigprocmask resumed> [QUIT USR1 PIPE]) = 0
19:18:25.373894,1048,<... umask resumed> ) = 0
19:18:25.374360,1023,open("/system/fonts/Lohit-Telugu.ttf", O_RDONLY <unfinished ...>
19:18:25.374910,1048,fchown32(47, 10050, 10050 <unfinished ...>
19:18:25.375272,1023,<... open resumed> ) = 50
19:18:25.375625,1048,<... fchown32 resumed> ) = 0
19:18:25.376048,1023,lseek(50, 0, SEEK_END <unfinished ...>
19:18:25.396629,1048,fcntl64(47, F_GETFD <unfinished ...>
19:18:25.396892,1023,<... lseek resumed> ) = 174276
19:18:25.397204,1048,<... fcntl64 resumed> ) = 0
19:18:25.397541,1023,lseek(50, 0, SEEK_SET <unfinished ...>
19:18:25.397886,1048,fcntl64(47, F_SETFD, FD_CLOEXEC <unfinished ...>
19:18:25.398197,1023,<... lseek resumed> ) = 0
19:18:25.398551,1048,<... fcntl64 resumed> ) = 0
19:18:25.398903,1023,mmap2(NULL, 174276, PROT_READ, MAP_SHARED, 50, 0 <unfinished ...>
19:18:25.399252,1048,pread(47, <unfinished ...>
19:18:25.399600,1023,<... mmap2 resumed> ) = 0xabf06000
19:18:25.399920,1048,<... pread resumed> "\0", 1, 3069335896) = 1
19:18:25.400337,1023,close(50 <unfinished ...>
19:18:25.400660,1048,close(47 <unfinished ...>
19:18:25.400982,1023,<... close resumed> ) = 0
19:18:25.401291,1048,<... close resumed> ) = 0
19:18:25.401648,1023,brk(0xb88ed000 <unfinished ...>
19:18:25.401981,1048,fstat64(42, <unfinished ...>
19:18:25.402308,1023,<... brk resumed> ) = 0xb88ed000
19:18:25.402615,1048,<... fstat64 resumed> {st_mode=S_IFREG|0660, st_size=32768, ...}) = 0
19:18:25.403794,1023,brk(0xb88ee000 <unfinished ...>
19:18:25.404133,1048,pread(42, <unfinished ...>
19:18:25.404460,1023,<... brk resumed> ) = 0xb88ee000
19:18:25.404772,1048,<... pread resumed> "\0\0\0\4\0\0\0\10\0\0\0\0\0\0\0\0", 16, 106148551000) = 16
19:18:25.405426,1023,sigprocmask(SIG_BLOCK, [], <unfinished ...>
19:18:25.405801,1048,fstat64(42, <unfinished ...>
19:18:25.406127,1023,<... sigprocmask resumed> [QUIT USR1 PIPE]) = 0
19:18:25.406479,1048,<... fstat64 resumed> {st_mode=S_IFREG|0660, st_size=32768, ...}) = 0
19:18:25.407430,1023,sigprocmask(SIG_BLOCK, [], <unfinished ...>
19:18:25.407799,1048,access("/data/data/com.igamepower.appmaster/databases/game_service_folderdb.db-wal", F_OK <unfinished ...>
19:18:25.408562,1023,<... sigprocmask resumed> [QUIT USR1 PIPE]) = 0
19:18:25.408955,1048,<... access resumed> ) = -1 ENOENT (No such file or directory)
19:18:25.409329,1023,sigprocmask(SIG_BLOCK, [], <unfinished ...>
19:18:25.409698,1048,fstat64(42, <unfinished ...>
19:18:25.410022,1023,<... sigprocmask resumed> [QUIT USR1 PIPE]) = 0
19:18:25.410371,1048,<... fstat64 resumed> {st_mode=S_IFREG|0660, st_size=32768, ...}) = 0
19:18:25.411431,1023,open("/system/fonts/AndroidEmoji.ttf", O_RDONLY <unfinished ...>
19:18:25.412208,1048,fcntl64(42, F_SETLK, {type=F_UNLCK, whence=SEEK_SET, start=0, len=0} <unfinished ...>
19:18:25.412694,1023,<... open resumed> ) = 47
19:18:25.413026,1048,<... fcntl64 resumed> ) = 0
19:18:25.413376,1023,lseek(47, 0, SEEK_END <unfinished ...>
19:18:25.413826,1048,gettimeofday( <unfinished ...>
19:18:25.414148,1023,<... lseek resumed> ) = 328252
19:18:25.414459,1048,<... gettimeofday resumed> {1738783105, 414354}, NULL) = 0
19:18:25.414898,1023,lseek(47, 0, SEEK_SET <unfinished ...>
19:18:25.415571,1048,munmap(0xabf62000, 2097152 <unfinished ...>
19:18:25.415909,1023,<... lseek resumed> ) = 0
19:18:25.416294,1048,<... munmap resumed> ) = 0
19:18:25.416643,1023,mmap2(NULL, 328252, PROT_READ, MAP_SHARED, 47, 0 <unfinished ...>
19:18:25.416991,1048,close(49 <unfinished ...>
19:18:25.417333,1023,<... mmap2 resumed> ) = 0xac111000
19:18:25.417730,1048,<... close resumed> ) = 0
19:18:25.418085,1023,close(47 <unfinished ...>
19:18:25.419082,1048,brk(0xb88ef000 <unfinished ...>
19:18:25.419407,1023,<... close resumed> ) = 0
19:18:25.419719,1048,<... brk resumed> ) = 0xb88ef000
19:18:25.420077,1023,futex(0xb6f62698, FUTEX_WAIT_PRIVATE, 2, NULL <unfinished ...>
19:18:25.420456,1048,futex(0xb6f62698, FUTEX_WAKE_PRIVATE, 1 <unfinished ...>
19:18:25.420784,1023,<... futex resumed> ) = -1 EAGAIN (Try again)
19:18:25.421094,1048,<... futex resumed> ) = 0
19:18:25.421438,1023,futex(0xb6f62698, FUTEX_WAKE_PRIVATE, 1) = 0
19:18:25.448209,1023,brk(0xb88f0000) = 0xb88f0000
19:18:25.450043,1023,sigprocmask(SIG_BLOCK, [], [QUIT USR1 PIPE]) = 0
19:18:25.452062,1023,sigprocmask(SIG_BLOCK, [], [QUIT USR1 PIPE]) = 0
19:18:25.452833,1023,brk(0xb88f1000) = 0xb88f1000
19:18:25.453668,1023,open("/system/fonts/DroidSansFallback.ttf", O_RDONLY) = 47
19:18:25.454478,1023,lseek(47, 0, SEEK_END) = 5398328
19:18:25.455055,1023,lseek(47, 0, SEEK_SET) = 0
19:18:25.455608,1023,mmap2(NULL, 5398328, PROT_READ, MAP_SHARED, 47, 0) = 0xab9e0000
19:18:25.456223,1023,close(47) = 0
19:18:25.456980,1023,mmap2(NULL, 233472, PROT_READ|PROT_WRITE, MAP_PRIVATE|MAP_ANONYMOUS, -1, 0) = 0xac0d8000
19:18:25.457602,1023,madvise(0xac0d8000, 233472, 0xc /* MADV_??? */) = -1 EINVAL (Invalid argument)
19:18:25.461717,1023,mmap2(NULL, 118784, PROT_READ|PROT_WRITE, MAP_PRIVATE|MAP_ANONYMOUS, -1, 0) = 0xac0bb000
19:18:25.462316,1023,madvise(0xac0bb000, 118784, 0xc /* MADV_??? */) = -1 EINVAL (Invalid argument)
19:18:25.464840,1023,sigprocmask(SIG_BLOCK, [], [QUIT USR1 PIPE]) = 0
19:18:25.505596,1023,sigprocmask(SIG_BLOCK, [], <unfinished ...>
19:18:25.505951,1048,brk(0xb88f2000 <unfinished ...>
19:18:25.506354,1023,<... sigprocmask resumed> [QUIT USR1 PIPE]) = 0
19:18:25.506707,1048,<... brk resumed> ) = 0xb88f2000
19:18:25.507139,1023,futex(0xb6f62698, FUTEX_WAIT_PRIVATE, 2, NULL <unfinished ...>
19:18:25.507515,1048,futex(0xb6f62698, FUTEX_WAKE_PRIVATE, 1 <unfinished ...>
19:18:25.507830,1023,<... futex resumed> ) = -1 EAGAIN (Try again)
19:18:25.508128,1048,<... futex resumed> ) = 0
19:18:25.508515,1023,futex(0xb6f62698, FUTEX_WAKE_PRIVATE, 1 <unfinished ...>
19:18:25.511018,1048,brk(0xb88f3000 <unfinished ...>
19:18:25.511337,1023,<... futex resumed> ) = 0
19:18:25.511637,1048,<... brk resumed> ) = 0xb88f3000
19:18:25.512011,1023,futex(0xb6f62698, FUTEX_WAIT_PRIVATE, 2, NULL <unfinished ...>
19:18:25.512374,1048,futex(0xb6f62698, FUTEX_WAKE_PRIVATE, 1 <unfinished ...>
19:18:25.512684,1023,<... futex resumed> ) = -1 EAGAIN (Try again)
19:18:25.512980,1048,<... futex resumed> ) = 0
19:18:25.513311,1023,futex(0xb6f62698, FUTEX_WAKE_PRIVATE, 1 <unfinished ...>
19:18:25.514672,1048,brk(0xb88f4000 <unfinished ...>
19:18:25.514989,1023,<... futex resumed> ) = 0
19:18:25.515287,1048,<... brk resumed> ) = 0xb88f4000
19:18:25.546405,1023,futex(0xb6f62698, FUTEX_WAIT_PRIVATE, 2, NULL <unfinished ...>
19:18:25.546675,1048,futex(0xb6f62698, FUTEX_WAKE_PRIVATE, 1 <unfinished ...>
19:18:25.575813,1023,<... futex resumed> ) = -1 EAGAIN (Try again)
19:18:25.576157,1048,<... futex resumed> ) = 0
19:18:25.576506,1023,futex(0xb6f62698, FUTEX_WAKE_PRIVATE, 1 <unfinished ...>
19:18:25.577955,1048,brk(0xb88f5000 <unfinished ...>
19:18:25.578854,1023,<... futex resumed> ) = 0
19:18:25.579226,1048,<... brk resumed> ) = 0xb88f5000
19:18:25.579715,1023,futex(0xb6f62698, FUTEX_WAIT_PRIVATE, 2, NULL <unfinished ...>
19:18:25.580138,1048,futex(0xb6f62698, FUTEX_WAKE_PRIVATE, 1 <unfinished ...>
19:18:25.580452,1023,<... futex resumed> ) = -1 EAGAIN (Try again)
19:18:25.580771,1048,<... futex resumed> ) = 0
19:18:25.581151,1023,futex(0xb6f62698, FUTEX_WAKE_PRIVATE, 1 <unfinished ...>
19:18:25.582857,1048,brk(0xb88f6000 <unfinished ...>
19:18:25.583225,1023,<... futex resumed> ) = 0
19:18:25.583532,1048,<... brk resumed> ) = 0xb88f6000
19:18:25.583948,1023,futex(0xb6f62698, FUTEX_WAIT_PRIVATE, 2, NULL <unfinished ...>
19:18:25.584319,1048,futex(0xb6f62698, FUTEX_WAKE_PRIVATE, 1 <unfinished ...>
19:18:25.584693,1023,<... futex resumed> ) = -1 EAGAIN (Try again)
19:18:25.585030,1048,<... futex resumed> ) = 0
19:18:25.585374,1023,futex(0xb6f62698, FUTEX_WAKE_PRIVATE, 1 <unfinished ...>
19:18:25.586743,1048,brk(0xb88f7000 <unfinished ...>
19:18:25.587078,1023,<... futex resumed> ) = 0
19:18:25.587392,1048,<... brk resumed> ) = 0xb88f7000
19:18:25.587746,1023,futex(0xb6f62698, FUTEX_WAIT_PRIVATE, 2, NULL <unfinished ...>
19:18:25.588132,1048,futex(0xb6f62698, FUTEX_WAKE_PRIVATE, 1 <unfinished ...>
19:18:25.588456,1023,<... futex resumed> ) = -1 EAGAIN (Try again)
19:18:25.588758,1048,<... futex resumed> ) = 0
19:18:25.589109,1023,futex(0xb6f62698, FUTEX_WAKE_PRIVATE, 1 <unfinished ...>
19:18:25.590366,1048,brk(0xb88f8000 <unfinished ...>
19:18:25.590691,1023,<... futex resumed> ) = 0
19:18:25.591007,1048,<... brk resumed> ) = 0xb88f8000
19:18:25.591361,1023,futex(0xb6f62698, FUTEX_WAIT_PRIVATE, 2, NULL <unfinished ...>
19:18:25.591739,1048,futex(0xb6f62698, FUTEX_WAKE_PRIVATE, 1 <unfinished ...>
19:18:25.592068,1023,<... futex resumed> ) = -1 EAGAIN (Try again)
19:18:25.592371,1048,<... futex resumed> ) = 0
19:18:25.592718,1023,futex(0xb6f62698, FUTEX_WAKE_PRIVATE, 1 <unfinished ...>
19:18:25.594062,1048,brk(0xb88f9000 <unfinished ...>
19:18:25.594388,1023,<... futex resumed> ) = 0
19:18:25.594700,1048,<... brk resumed> ) = 0xb88f9000
19:18:25.595062,1023,futex(0xb6f62698, FUTEX_WAIT_PRIVATE, 2, NULL <unfinished ...>
19:18:25.595440,1048,futex(0xb6f62698, FUTEX_WAKE_PRIVATE, 1 <unfinished ...>
19:18:25.595763,1023,<... futex resumed> ) = -1 EAGAIN (Try again)
19:18:25.596071,1048,<... futex resumed> ) = 0
19:18:25.596417,1023,futex(0xb6f62698, FUTEX_WAKE_PRIVATE, 1 <unfinished ...>
19:18:25.597589,1048,brk(0xb88fa000 <unfinished ...>
19:18:25.597920,1023,<... futex resumed> ) = 0
19:18:25.598231,1048,<... brk resumed> ) = 0xb88fa000
19:18:25.598583,1023,futex(0xb6f62698, FUTEX_WAIT_PRIVATE, 2, NULL <unfinished ...>
19:18:25.637166,1048,futex(0xb6f62698, FUTEX_WAKE_PRIVATE, 1 <unfinished ...>
19:18:25.637435,1023,<... futex resumed> ) = -1 EAGAIN (Try again)
19:18:25.637776,1048,<... futex resumed> ) = 0
19:18:25.638140,1023,futex(0xb6f62698, FUTEX_WAKE_PRIVATE, 1 <unfinished ...>
19:18:25.639611,1048,brk(0xb88fb000 <unfinished ...>
19:18:25.640015,1023,<... futex resumed> ) = 0
19:18:25.640337,1048,<... brk resumed> ) = 0xb88fb000
19:18:25.640701,1023,futex(0xb6f62698, FUTEX_WAIT_PRIVATE, 2, NULL <unfinished ...>
19:18:25.641081,1048,futex(0xb6f62698, FUTEX_WAKE_PRIVATE, 1 <unfinished ...>
19:18:25.641393,1023,<... futex resumed> ) = -1 EAGAIN (Try again)
19:18:25.641683,1048,<... futex resumed> ) = 0
19:18:25.642021,1023,futex(0xb6f62698, FUTEX_WAKE_PRIVATE, 1 <unfinished ...>
19:18:25.643410,1048,brk(0xb88fc000 <unfinished ...>
19:18:25.643753,1023,<... futex resumed> ) = 0
19:18:25.644107,1048,<... brk resumed> ) = 0xb88fc000
19:18:25.644465,1023,futex(0xb6f62698, FUTEX_WAIT_PRIVATE, 2, NULL <unfinished ...>
19:18:25.644846,1048,futex(0xb6f62698, FUTEX_WAKE_PRIVATE, 1 <unfinished ...>
19:18:25.645218,1023,<... futex resumed> ) = -1 EAGAIN (Try again)
19:18:25.645521,1048,<... futex resumed> ) = 0
19:18:25.665897,1023,futex(0xb6f62698, FUTEX_WAKE_PRIVATE, 1 <unfinished ...>
19:18:25.666159,1048,brk(0xb88fd000 <unfinished ...>
19:18:25.666493,1023,<... futex resumed> ) = 0
19:18:25.666795,1048,<... brk resumed> ) = 0xb88fd000
19:18:25.667484,1023,futex(0xb6f62698, FUTEX_WAIT_PRIVATE, 2, NULL <unfinished ...>
19:18:25.667864,1048,futex(0xb6f62698, FUTEX_WAKE_PRIVATE, 1 <unfinished ...>
19:18:25.668184,1023,<... futex resumed> ) = -1 EAGAIN (Try again)
19:18:25.668475,1048,<... futex resumed> ) = 0
19:18:25.668806,1023,futex(0xb6f62698, FUTEX_WAKE_PRIVATE, 1 <unfinished ...>
19:18:25.670136,1048,brk(0xb88fe000 <unfinished ...>
19:18:25.670449,1023,<... futex resumed> ) = 0
19:18:25.670746,1048,<... brk resumed> ) = 0xb88fe000
19:18:25.671090,1023,futex(0xb6f62698, FUTEX_WAIT_PRIVATE, 2, NULL <unfinished ...>
19:18:25.671449,1048,futex(0xb6f62698, FUTEX_WAKE_PRIVATE, 1 <unfinished ...>
19:18:25.671785,1023,<... futex resumed> ) = -1 EAGAIN (Try again)
19:18:25.672082,1048,<... futex resumed> ) = 0
19:18:25.672411,1023,futex(0xb6f62698, FUTEX_WAKE_PRIVATE, 1 <unfinished ...>
19:18:25.673680,1048,brk(0xb88ff000 <unfinished ...>
19:18:25.673999,1023,<... futex resumed> ) = 0
19:18:25.674297,1048,<... brk resumed> ) = 0xb88ff000
19:18:25.674631,1023,futex(0xb6f62698, FUTEX_WAIT_PRIVATE, 2, NULL <unfinished ...>
19:18:25.675007,1048,futex(0xb6f62698, FUTEX_WAKE_PRIVATE, 1 <unfinished ...>
19:18:25.675317,1023,<... futex resumed> ) = -1 EAGAIN (Try again)
19:18:25.675606,1048,<... futex resumed> ) = 0
19:18:25.675943,1023,futex(0xb6f62698, FUTEX_WAKE_PRIVATE, 1 <unfinished ...>
19:18:25.677231,1048,brk(0xb8900000 <unfinished ...>
19:18:25.677541,1023,<... futex resumed> ) = 0
19:18:25.677837,1048,<... brk resumed> ) = 0xb8900000
19:18:25.678179,1023,futex(0xb6f62698, FUTEX_WAIT_PRIVATE, 2, NULL <unfinished ...>
19:18:25.678539,1048,futex(0xb6f62698, FUTEX_WAKE_PRIVATE, 1 <unfinished ...>
19:18:25.678848,1023,<... futex resumed> ) = -1 EAGAIN (Try again)
19:18:25.679143,1048,<... futex resumed> ) = 0
19:18:25.679517,1023,futex(0xb6f62698, FUTEX_WAKE_PRIVATE, 1 <unfinished ...>
19:18:25.680715,1048,brk(0xb8901000 <unfinished ...>
19:18:25.681034,1023,<... futex resumed> ) = 0
19:18:25.686481,1023,futex(0xb6f62698, FUTEX_WAIT_PRIVATE, 2, NULL <unfinished ...>
19:18:25.705775,1048,<... brk resumed> ) = 0xb8901000
19:18:25.706170,1048,futex(0xb6f62698, FUTEX_WAKE_PRIVATE, 1 <unfinished ...>
19:18:25.706501,1023,<... futex resumed> ) = 0
19:18:25.706834,1023,futex(0xb6f62698, FUTEX_WAKE_PRIVATE, 1) = 0
19:18:25.707521,1023,brk(0xb8902000) = 0xb8902000
19:18:25.717437,1023,brk(0xb8903000) = 0xb8903000
19:18:25.718906,1023,mprotect(0xb1653000, 8192, PROT_READ|PROT_WRITE) = 0
19:18:25.732001,1048,<... futex resumed> ) = 1
19:18:25.732376,1048,futex(0xb876f0bc, FUTEX_WAIT_PRIVATE, 2, NULL <unfinished ...>
19:18:25.732755,1023,futex(0xb876f0bc, FUTEX_WAKE_PRIVATE, 1 <unfinished ...>
19:18:25.733083,1048,<... futex resumed> ) = 0
19:18:25.733413,1048,futex(0xb876f0bc, FUTEX_WAKE_PRIVATE, 1) = 0
19:18:25.735091,1048,brk(0xb8904000) = 0xb8904000
19:18:25.736732,1048,brk(0xb8905000) = 0xb8905000
19:18:25.763556,1023,<... futex resumed> ) = 1
19:18:25.764951,1048,brk(0xb8906000 <unfinished ...>
19:18:25.765301,1023,futex(0xb6f62698, FUTEX_WAIT_PRIVATE, 2, NULL <unfinished ...>
19:18:25.785923,1048,<... brk resumed> ) = 0xb8906000
19:18:25.786360,1048,futex(0xb6f62698, FUTEX_WAKE_PRIVATE, 1) = 1
19:18:25.786908,1023,<... futex resumed> ) = 0
19:18:25.788327,1048,brk(0xb8907000 <unfinished ...>
19:18:25.788683,1023,futex(0xb6f62698, FUTEX_WAIT_PRIVATE, 2, NULL <unfinished ...>
19:18:25.789008,1048,<... brk resumed> ) = 0xb8907000
19:18:25.789409,1048,futex(0xb6f62698, FUTEX_WAKE_PRIVATE, 1) = 1
19:18:25.789957,1023,<... futex resumed> ) = 0
19:18:25.791438,1048,brk(0xb8908000 <unfinished ...>
19:18:25.791794,1023,futex(0xb6f62698, FUTEX_WAIT_PRIVATE, 2, NULL <unfinished ...>
19:18:25.792117,1048,<... brk resumed> ) = 0xb8908000
19:18:25.792519,1048,futex(0xb6f62698, FUTEX_WAKE_PRIVATE, 1) = 1
19:18:25.793067,1023,<... futex resumed> ) = 0
19:18:25.794324,1048,brk(0xb8909000 <unfinished ...>
19:18:25.794676,1023,futex(0xb6f62698, FUTEX_WAIT_PRIVATE, 2, NULL <unfinished ...>
19:18:25.795000,1048,<... brk resumed> ) = 0xb8909000
19:18:25.795399,1048,futex(0xb6f62698, FUTEX_WAKE_PRIVATE, 1) = 1
19:18:25.795947,1023,<... futex resumed> ) = 0
19:18:25.819912,1023,futex(0xb6f62698, FUTEX_WAKE_PRIVATE, 1) = 0
19:18:25.820784,1023,brk(0xb8915000) = 0xb8915000
19:18:25.821797,1023,brk(0xb8916000) = 0xb8916000
19:18:25.823035,1023,brk(0xb8917000) = 0xb8917000
19:18:25.824043,1023,brk(0xb8918000) = 0xb8918000
19:18:25.849771,1048,brk(0xb8919000 <unfinished ...>
19:18:25.850594,1023,futex(0xb6f62698, FUTEX_WAIT_PRIVATE, 2, NULL <unfinished ...>
19:18:25.850943,1048,<... brk resumed> ) = 0xb8919000
19:18:25.851346,1048,futex(0xb6f62698, FUTEX_WAKE_PRIVATE, 1) = 1
19:18:25.851846,1023,<... futex resumed> ) = 0
19:18:25.853189,1048,gettimeofday( <unfinished ...>
19:18:25.853514,1023,futex(0xb6f62698, FUTEX_WAKE_PRIVATE, 1 <unfinished ...>
19:18:25.853796,1048,<... gettimeofday resumed> {1738783105, 853696}, NULL) = 0
19:18:25.854215,1023,<... futex resumed> ) = 0
19:18:25.854647,1048,brk(0xb891a000 <unfinished ...>
19:18:25.855002,1023,futex(0xb6f62698, FUTEX_WAIT_PRIVATE, 2, NULL <unfinished ...>
19:18:25.855288,1048,<... brk resumed> ) = 0xb891a000
19:18:25.855663,1048,futex(0xb6f62698, FUTEX_WAKE_PRIVATE, 1) = 1
19:18:25.856197,1023,<... futex resumed> ) = 0
19:18:25.856998,1048,gettimeofday( <unfinished ...>
19:18:25.857322,1023,futex(0xb6f62698, FUTEX_WAKE_PRIVATE, 1 <unfinished ...>
19:18:25.857602,1048,<... gettimeofday resumed> {1738783105, 857503}, NULL) = 0
19:18:25.857983,1023,<... futex resumed> ) = 0
19:18:25.858454,1048,gettimeofday({1738783105, 860568}, NULL) = 0
19:18:25.861338,1048,gettimeofday({1738783105, 861515}, NULL) = 0
19:18:25.862079,1048,writev(3, [{"\4", 1}, {"GameService\0", 12}, {"replace into game_package (packa"..., 123}], 3) = 136
19:18:25.863468,1048,getuid32() = 10050
19:18:25.864093,1048,stat64("/system/framework/framework-res.apk", {st_mode=S_IFREG|0644, st_size=8749696, ...}) = 0
19:18:25.865413,1048,stat64("/data/app/com.igamepower.appmaster-1.apk", {st_mode=S_IFREG|0644, st_size=219806, ...}) = 0
19:18:25.891299,1048,pread(33, <unfinished ...>
19:18:25.891679,1023,brk(0xb891b000 <unfinished ...>
19:18:25.891975,1048,<... pread resumed> "PK\3\4\n\0\0\0\0\0j\217\22?B\24õù-\4\0\0-\4\0\0\37\0\0\0", 30, 378012956622848) = 30
19:18:25.892506,1023,<... brk resumed> ) = 0xb891b000
19:18:25.892804,1048,futex(0xb6f62698, FUTEX_WAIT_PRIVATE, 2, NULL <unfinished ...>
19:18:25.893191,1023,futex(0xb6f62698, FUTEX_WAKE_PRIVATE, 1 <unfinished ...>
19:18:25.893812,1048,<... futex resumed> ) = -1 EAGAIN (Try again)
19:18:25.894312,1023,<... futex resumed> ) = 0
19:18:25.894770,1048,futex(0xb6f62698, FUTEX_WAKE_PRIVATE, 1 <unfinished ...>
19:18:25.899366,1023,getpid( <unfinished ...>
19:18:25.899696,1048,<... futex resumed> ) = 0
19:18:25.900047,1023,<... getpid resumed> ) = 1023
19:18:25.900374,1048,mmap2(NULL, 3127, PROT_READ, MAP_SHARED, 33, 0x15 <unfinished ...>
19:18:25.900724,1023,gettid( <unfinished ...>
19:18:25.901080,1048,<... mmap2 resumed> ) = 0xac0ba000
19:18:25.901385,1023,<... gettid resumed> ) = 1023
19:18:25.902175,1048,sigprocmask(SIG_BLOCK, [], <unfinished ...>
19:18:25.902557,1023,clock_gettime(CLOCK_MONOTONIC, <unfinished ...>
19:18:25.902846,1048,<... sigprocmask resumed> [QUIT USR1 PIPE]) = 0
19:18:25.903238,1023,<... clock_gettime resumed> {124, 187877015}) = 0
19:18:25.903639,1048,brk(0xb891d000 <unfinished ...>
19:18:25.904036,1023,ioctl(9, 0xc0186201 <unfinished ...>
19:18:25.904356,1048,<... brk resumed> ) = 0xb891d000
19:18:25.904718,1023,<... ioctl resumed> , 0xbee6d1f0) = 0
19:18:25.905160,1048,brk(0xb891f000 <unfinished ...>
19:18:25.907375,1023,ioctl(9, 0xc0186201 <unfinished ...>
19:18:25.907661,1048,<... brk resumed> ) = 0xb891f000
19:18:25.908349,1048,sigprocmask(SIG_BLOCK, [], [QUIT USR1 PIPE]) = 0
19:18:25.909980,1048,sigprocmask(SIG_BLOCK, [], <unfinished ...>
19:18:25.964568,1037,<... ioctl resumed> , 0xacdd2e28) = 0
19:18:25.969493,1023,<... ioctl resumed> , 0xbee6d1f0) = 0
19:18:25.969971,1048,<... sigprocmask resumed> [QUIT USR1 PIPE]) = 0
19:18:25.970362,1037,write(24, "1037", 4 <unfinished ...>
19:18:25.970762,1023,clock_gettime(CLOCK_MONOTONIC, <unfinished ...>
19:18:25.971219,1048,sigprocmask(SIG_BLOCK, [], <unfinished ...>
19:18:25.971562,1037,<... write resumed> ) = 4
19:18:25.971860,1023,<... clock_gettime resumed> {124, 256504009}) = 0
19:18:25.972246,1048,<... sigprocmask resumed> [QUIT USR1 PIPE]) = 0
19:18:25.972608,1037,getpriority(PRIO_PROCESS, 1037 <unfinished ...>
19:18:25.974963,1023,ioctl(9, 0xc0186201 <unfinished ...>
19:18:25.975667,1048,brk(0xb8927000 <unfinished ...>
19:18:25.976018,1037,<... getpriority resumed> ) = 20
19:18:25.976397,1023,<... ioctl resumed> , 0xbee6d100) = 0
19:18:25.976819,1048,<... brk resumed> ) = 0xb8927000
19:18:25.995614,1048,futex(0xb6f62698, FUTEX_WAKE_PRIVATE, 1 <unfinished ...>
19:18:25.995856,1037,futex(0xb6f62698, FUTEX_WAIT_PRIVATE, 2, NULL <unfinished ...>
19:18:25.996168,1023,ioctl(9, 0xc0186201 <unfinished ...>
19:18:25.996442,1048,<... futex resumed> ) = 0
19:18:25.996738,1037,<... futex resumed> ) = -1 EAGAIN (Try again)
19:18:25.997222,1023,<... ioctl resumed> , 0xbee6d100) = 0
19:18:25.999528,1048,munmap(0xac0ba000, 3127 <unfinished ...>
19:18:25.999865,1037,futex(0xb6f62698, FUTEX_WAKE_PRIVATE, 1 <unfinished ...>
19:18:26.002210,1023,clock_gettime(CLOCK_MONOTONIC, <unfinished ...>
19:18:26.002595,1048,<... munmap resumed> ) = 0
19:18:26.002902,1037,<... futex resumed> ) = 0
19:18:26.003201,1023,<... clock_gettime resumed> {124, 287848556}) = 0
19:18:26.003714,1048,access("/data/data/com.igamepower.appmaster/files", F_OK <unfinished ...>
19:18:26.005004,1037,clock_gettime(CLOCK_MONOTONIC, <unfinished ...>
19:18:26.005362,1023,clock_gettime(CLOCK_MONOTONIC, <unfinished ...>
19:18:26.005672,1048,<... access resumed> ) = 0
19:18:26.005982,1037,<... clock_gettime resumed> {124, 290602940}) = 0
19:18:26.006336,1023,<... clock_gettime resumed> {124, 290982652}) = 0
19:18:26.029004,1048,access("/data/data/com.igamepower.appmaster/files", F_OK <unfinished ...>
19:18:26.029448,1037,write(24, "1037", 4 <unfinished ...>
19:18:26.029991,1023,clock_gettime(CLOCK_MONOTONIC, <unfinished ...>
19:18:26.030352,1048,<... access resumed> ) = 0
19:18:26.030684,1037,<... write resumed> ) = 4
19:18:26.031051,1023,<... clock_gettime resumed> {124, 315662231}) = 0
19:18:26.031605,1048,access("/data/data/com.igamepower.appmaster/files/icons", F_OK <unfinished ...>
19:18:26.032213,1037,ioctl(9, 0xc0186201 <unfinished ...>
19:18:26.034428,1023,clock_gettime(CLOCK_MONOTONIC, <unfinished ...>
19:18:26.034747,1048,<... access resumed> ) = 0
19:18:26.035126,1023,<... clock_gettime resumed> {124, 319771966}) = 0
19:18:26.035717,1048,open("/data/data/com.igamepower.appmaster/files/icons/icons_com.igamepower.appmaster.ico", O_WRONLY|O_CREAT|O_TRUNC, 0600 <unfinished ...>
19:18:26.036562,1023,clock_gettime(CLOCK_MONOTONIC, <unfinished ...>
19:18:26.037140,1048,<... open resumed> ) = 47
19:18:26.037428,1023,<... clock_gettime resumed> {124, 322076451}) = 0
19:18:26.056330,1048,fstat64(47, <unfinished ...>
19:18:26.056858,1023,clock_gettime(CLOCK_MONOTONIC, <unfinished ...>
19:18:26.057253,1048,<... fstat64 resumed> {st_mode=S_IFREG|0600, st_size=0, ...}) = 0
19:18:26.058071,1023,<... clock_gettime resumed> {124, 342718218}) = 0
19:18:26.058581,1048,sigprocmask(SIG_BLOCK, [], <unfinished ...>
19:18:26.062978,1023,brk(0xb892b000 <unfinished ...>
19:18:26.063288,1048,<... sigprocmask resumed> [QUIT USR1 PIPE]) = 0
19:18:26.063776,1023,<... brk resumed> ) = 0xb892b000
19:18:26.064152,1048,futex(0xb6f62698, FUTEX_WAIT_PRIVATE, 2, NULL <unfinished ...>
19:18:26.064529,1023,futex(0xb6f62698, FUTEX_WAKE_PRIVATE, 1 <unfinished ...>
19:18:26.064829,1048,<... futex resumed> ) = -1 EAGAIN (Try again)
19:18:26.065188,1023,<... futex resumed> ) = 0
19:18:26.065489,1048,futex(0xb6f62698, FUTEX_WAKE_PRIVATE, 1 <unfinished ...>
19:18:26.067013,1023,brk(0xb892c000 <unfinished ...>
19:18:26.067293,1048,<... futex resumed> ) = 0
19:18:26.067597,1023,<... brk resumed> ) = 0xb892c000
19:18:26.068055,1048,futex(0xb6f62698, FUTEX_WAIT_PRIVATE, 2, NULL <unfinished ...>
19:18:26.068420,1023,futex(0xb6f62698, FUTEX_WAKE_PRIVATE, 1 <unfinished ...>
19:18:26.068698,1048,<... futex resumed> ) = -1 EAGAIN (Try again)
19:18:26.069031,1023,<... futex resumed> ) = 0
19:18:26.069329,1048,futex(0xb6f62698, FUTEX_WAKE_PRIVATE, 1) = 0
19:18:26.077720,1048,sigprocmask(SIG_BLOCK, [], [QUIT USR1 PIPE]) = 0
19:18:26.078540,1048,sigprocmask(SIG_BLOCK, [], [QUIT USR1 PIPE]) = 0
19:18:26.080224,1048,clock_gettime(CLOCK_MONOTONIC, {124, 365188617}) = 0
19:18:26.080846,1048,getpid() = 1023
19:18:26.081427,1048,readlink("/proc/1023/fd/47", "/data/data/com.igamepower.appmaster/files/icons/icons_com.igamepower.appmaster.ico"..., 120) = 82
19:18:26.082761,1048,writev(3, [{"\5", 1}, {"dalvikvm\0", 9}, {"DroidBox: { \"FdAccess\": { \"path\""..., 223}], 3) = 233
19:18:26.084451,1048,writev(3, [{"\5", 1}, {"DroidBox\0", 9}, {"DroidBox: { \"FileRW\": { \"operati"..., 99}], 3) = 109
19:18:26.087171,1048,write(47, "\211PNG\r\n\32\n", 8) = 8
19:18:26.088804,1048,clock_gettime(CLOCK_MONOTONIC, {124, 373785177}) = 0
19:18:26.089426,1048,getpid() = 1023
19:18:26.090013,1048,readlink("/proc/1023/fd/47", "/data/data/com.igamepower.appmaster/files/icons/icons_com.igamepower.appmaster.ico"..., 120) = 82
19:18:26.091301,1048,writev(3, [{"\5", 1}, {"dalvikvm\0", 9}, {"DroidBox: { \"FdAccess\": { \"path\""..., 224}], 3) = 234
19:18:26.093093,1048,writev(3, [{"\5", 1}, {"DroidBox\0", 9}, {"DroidBox: { \"FileRW\": { \"operati"..., 96}], 3) = 106
19:18:26.094423,1048,write(47, "\0\0\0\rIHDR", 8) = 8
19:18:26.095818,1048,clock_gettime(CLOCK_MONOTONIC, {124, 380821957}) = 0
19:18:26.096462,1048,getpid() = 1023
19:18:26.096985,1048,readlink("/proc/1023/fd/47", "/data/data/com.igamepower.appmaster/files/icons/icons_com.igamepower.appmaster.ico"..., 120) = 82
19:18:26.098245,1048,writev(3, [{"\5", 1}, {"dalvikvm\0", 9}, {"DroidBox: { \"FdAccess\": { \"path\""..., 225}], 3) = 235
19:18:26.100155,1048,writev(3, [{"\5", 1}, {"DroidBox\0", 9}, {"DroidBox: { \"FileRW\": { \"operati"..., 107}], 3) = 117
19:18:26.101440,1048,write(47, "\0\0\0B\0\0\0B\10\6\0\0\0", 13) = 13
19:18:26.111168,1023,futex(0xb876f0bc, FUTEX_WAIT_PRIVATE, 2, NULL <unfinished ...>
19:18:26.112248,1048,futex(0xb876f0bc, FUTEX_WAKE_PRIVATE, 1 <unfinished ...>
19:18:26.112608,1023,<... futex resumed> ) = -1 EAGAIN (Try again)
19:18:26.112902,1048,<... futex resumed> ) = 0
19:18:26.113228,1023,futex(0xb876f0bc, FUTEX_WAKE_PRIVATE, 1 <unfinished ...>
19:18:26.113590,1048,clock_gettime(CLOCK_MONOTONIC, <unfinished ...>
19:18:26.113891,1023,<... futex resumed> ) = 0
19:18:26.115299,1023,brk(0xb892d000 <unfinished ...>
19:18:26.115589,1048,<... clock_gettime resumed> {124, 400244078}) = 0
19:18:26.115987,1023,<... brk resumed> ) = 0xb892d000
19:18:26.116302,1048,getpid() = 1023
19:18:26.124253,1048,readlink("/proc/1023/fd/47", "/data/data/com.igamepower.appmaster/files/icons/icons_com.igamepower.appmaster.ico"..., 120) = 82
19:18:26.148195,1048,writev(3, [{"\5", 1}, {"dalvikvm\0", 9}, {"DroidBox: { \"FdAccess\": { \"path\""..., 225}], 3) = 235
19:18:26.149909,1048,writev(3, [{"\5", 1}, {"DroidBox\0", 9}, {"DroidBox: { \"FileRW\": { \"operati"..., 97}], 3) = 107
19:18:26.152627,1048,write(47, "ãT\0è", 4) = 4
19:18:26.154684,1048,brk(0xb892e000) = 0xb892e000
19:18:26.217458,1048,mmap2(NULL, 69632, PROT_READ|PROT_WRITE, MAP_PRIVATE|MAP_ANONYMOUS, -1, 0) = 0xac0aa000
19:18:26.218178,1048,madvise(0xac0aa000, 69632, 0xc /* MADV_??? */) = -1 EINVAL (Invalid argument)
19:18:26.218857,1048,mmap2(NULL, 69632, PROT_READ|PROT_WRITE, MAP_PRIVATE|MAP_ANONYMOUS, -1, 0) = 0xac099000
19:18:26.219440,1048,madvise(0xac099000, 69632, 0xc /* MADV_??? */) = -1 EINVAL (Invalid argument)
19:18:26.220092,1048,mmap2(NULL, 69632, PROT_READ|PROT_WRITE, MAP_PRIVATE|MAP_ANONYMOUS, -1, 0) = 0xac088000
19:18:26.220614,1048,madvise(0xac088000, 69632, 0xc /* MADV_??? */) = -1 EINVAL (Invalid argument)
19:18:26.221249,1048,mmap2(NULL, 69632, PROT_READ|PROT_WRITE, MAP_PRIVATE|MAP_ANONYMOUS, -1, 0) = 0xac077000
19:18:26.221772,1048,madvise(0xac077000, 69632, 0xc /* MADV_??? */) = -1 EINVAL (Invalid argument)
19:18:26.223669,1048,clock_gettime(CLOCK_MONOTONIC, {124, 508603835}) = 0
19:18:26.224307,1048,getpid() = 1023
19:18:26.224808,1048,readlink("/proc/1023/fd/47", "/data/data/com.igamepower.appmaster/files/icons/icons_com.igamepower.appmaster.ico"..., 120) = 82
19:18:26.236688,1023,brk(0xb892f000 <unfinished ...>
19:18:26.237348,1048,writev(3, [{"\5", 1}, {"dalvikvm\0", 9}, {"DroidBox: { \"FdAccess\": { \"path\""..., 225}], 3 <unfinished ...>
19:18:26.238187,1023,<... brk resumed> ) = 0xb892f000
19:18:26.239379,1023,getpid( <unfinished ...>
19:18:26.239650,1048,<... writev resumed> ) = 235
19:18:26.240022,1023,<... getpid resumed> ) = 1023
19:18:26.240793,1048,writev(3, [{"\5", 1}, {"DroidBox\0", 9}, {"DroidBox: { \"FileRW\": { \"operati"..., 97}], 3 <unfinished ...>
19:18:26.241624,1023,gettid() = 1023
19:18:26.243780,1048,<... writev resumed> ) = 107
19:18:26.244168,1023,clock_gettime(CLOCK_MONOTONIC, <unfinished ...>
19:18:26.244511,1048,write(47, "\0\0\0\4sBIT", 8 <unfinished ...>
19:18:26.244856,1023,<... clock_gettime resumed> {124, 529502448}) = 0
19:18:26.245335,1048,<... write resumed> ) = 8
19:18:26.245719,1023,ioctl(9, 0xc0186201 <unfinished ...>
19:18:26.269199,1048,clock_gettime(CLOCK_MONOTONIC, <unfinished ...>
19:18:26.269581,1023,<... ioctl resumed> , 0xbee6d1f0) = 0
19:18:26.269859,1048,<... clock_gettime resumed> {124, 554521989}) = 0
19:18:26.272501,1023,ioctl(9, 0xc0186201 <unfinished ...>
19:18:26.272832,1048,getpid() = 1023
19:18:26.274447,1048,readlink("/proc/1023/fd/47", "/data/data/com.igamepower.appmaster/files/icons/icons_com.igamepower.appmaster.ico"..., 120) = 82
19:18:26.276657,1048,writev(3, [{"\5", 1}, {"dalvikvm\0", 9}, {"DroidBox: { \"FdAccess\": { \"path\""..., 224}], 3) = 234
19:18:26.279918,1048,writev(3, [{"\5", 1}, {"DroidBox\0", 9}, {"DroidBox: { \"FileRW\": { \"operati"..., 88}], 3 <unfinished ...>
19:18:26.289306,1036,<... ioctl resumed> , 0xacedae28) = 0
19:18:26.290319,1023,<... ioctl resumed> , 0xbee6d1f0) = 0
19:18:26.290612,1048,<... writev resumed> ) = 98
19:18:26.291100,1036,write(24, "1036", 4 <unfinished ...>
19:18:26.291788,1023,clock_gettime(CLOCK_MONOTONIC, <unfinished ...>
19:18:26.292218,1048,write(47, "\10\10\10\10", 4 <unfinished ...>
19:18:26.292706,1036,<... write resumed> ) = 4
19:18:26.293057,1023,<... clock_gettime resumed> {124, 577692012}) = 0
19:18:26.293485,1048,<... write resumed> ) = 4
19:18:26.295793,1036,getpriority(PRIO_PROCESS, 1036 <unfinished ...>
19:18:26.299443,1048,clock_gettime(CLOCK_MONOTONIC, <unfinished ...>
19:18:26.309478,1036,<... getpriority resumed> ) = 20
19:18:26.309793,1048,<... clock_gettime resumed> {124, 594450969}) = 0
19:18:26.311314,1036,clock_gettime(CLOCK_MONOTONIC, <unfinished ...>
19:18:26.311645,1048,getpid( <unfinished ...>
19:18:26.312149,1036,<... clock_gettime resumed> {124, 596801372}) = 0
19:18:26.312509,1048,<... getpid resumed> ) = 1023
19:18:26.314527,1036,write(24, "1036", 4 <unfinished ...>
19:18:26.315003,1048,readlink("/proc/1023/fd/47", <unfinished ...>
19:18:26.315598,1036,<... write resumed> ) = 4
19:18:26.315997,1048,<... readlink resumed> "/data/data/com.igamepower.appmaster/files/icons/icons_com.igamepower.appmaster.ico"..., 120) = 82
19:18:26.316825,1036,ioctl(9, 0xc0186201 <unfinished ...>
19:18:26.317251,1048,writev(3, [{"\5", 1}, {"dalvikvm\0", 9}, {"DroidBox: { \"FdAccess\": { \"path\""..., 224}], 3) = 234
19:18:26.326630,1048,writev(3, [{"\5", 1}, {"DroidBox\0", 9}, {"DroidBox: { \"FileRW\": { \"operati"..., 92}], 3) = 102
19:18:26.330363,1048,write(47, "|\10d\210", 4) = 4
19:18:26.341900,1048,clock_gettime(CLOCK_MONOTONIC, {124, 626873623}) = 0
19:18:26.342521,1048,getpid() = 1023
19:18:26.343166,1048,readlink("/proc/1023/fd/47", "/data/data/com.igamepower.appmaster/files/icons/icons_com.igamepower.appmaster.ico"..., 120) = 82
19:18:26.344530,1048,writev(3, [{"\5", 1}, {"dalvikvm\0", 9}, {"DroidBox: { \"FdAccess\": { \"path\""..., 225}], 3) = 235
19:18:26.345950,1048,writev(3, [{"\5", 1}, {"DroidBox\0", 9}, {"DroidBox: { \"FileRW\": { \"operati"..., 101}], 3 <unfinished ...>
19:18:26.390025,1023,brk(0xb8930000) = 0xb8930000
19:18:26.392192,1048,<... writev resumed> ) = 111
19:18:26.392641,1023,ioctl(9, 0xc0186201 <unfinished ...>
19:18:26.393044,1048,write(47, "\0\0\7ÃIDAT", 8 <unfinished ...>
19:18:26.393453,1023,<... ioctl resumed> , 0xbee6d100) = 0
19:18:26.393812,1048,<... write resumed> ) = 8
19:18:26.396553,1023,ioctl(9, 0xc0186201, 0xbee6d100) = 0
19:18:26.400412,1048,clock_gettime(CLOCK_MONOTONIC, <unfinished ...>
19:18:26.404346,1023,clock_gettime(CLOCK_MONOTONIC, <unfinished ...>
19:18:26.404627,1048,<... clock_gettime resumed> {124, 689284669}) = 0
19:18:26.405025,1023,<... clock_gettime resumed> {124, 689658681}) = 0
19:18:26.405390,1048,getpid( <unfinished ...>
19:18:26.405750,1023,clock_gettime(CLOCK_MONOTONIC, <unfinished ...>
19:18:26.406048,1048,<... getpid resumed> ) = 1023
19:18:26.406366,1023,<... clock_gettime resumed> {124, 690982946}) = 0
19:18:26.406749,1048,readlink("/proc/1023/fd/47", <unfinished ...>
19:18:26.407210,1023,clock_gettime(CLOCK_MONOTONIC, <unfinished ...>
19:18:26.407562,1048,<... readlink resumed> "/data/data/com.igamepower.appmaster/files/icons/icons_com.igamepower.appmaster.ico"..., 120) = 82
19:18:26.408263,1023,<... clock_gettime resumed> {124, 692912104}) = 0
19:18:26.408744,1048,writev(3, [{"\5", 1}, {"dalvikvm\0", 9}, {"DroidBox: { \"FdAccess\": { \"path\""..., 225}], 3 <unfinished ...>
19:18:26.409502,1023,getpid() = 1023
19:18:26.410128,1048,<... writev resumed> ) = 235
19:18:26.410445,1023,getuid32() = 10050
19:18:26.437207,1023,epoll_wait(0x1e, 0xbee6d1f8, 0x10, 0) = 2
19:18:26.438535,1023,read(23, "W", 16) = 1
19:18:26.439172,1023,recvfrom(37, "nysv\0\0\0\0Ì3Ä¦\34\0\0\0£\3\0\0\224Â'¸", 24, MSG_DONTWAIT, NULL, NULL) = 24
19:18:26.439854,1023,recvfrom(37, 0xbee6c828, 24, 64, 0, 0) = -1 EAGAIN (Try again)
19:18:26.440605,1023,clock_gettime(CLOCK_MONOTONIC, {124, 725536020}) = 0
19:18:26.441345,1023,clock_gettime(CLOCK_MONOTONIC, {124, 726308466}) = 0
19:18:26.442490,1023,clock_gettime(CLOCK_MONOTONIC, {124, 727421323}) = 0
19:18:26.443282,1023,clock_gettime(CLOCK_MONOTONIC, {124, 728210872}) = 0
19:18:26.444105,1023,clock_gettime(CLOCK_MONOTONIC, {124, 729037818}) = 0
19:18:26.444844,1023,getpid() = 1023
19:18:26.445424,1023,getuid32( <unfinished ...>
19:18:26.463161,1048,writev(3, [{"\5", 1}, {"DroidBox\0", 9}, {"DroidBox: { \"FileRW\": { \"operati"..., 433}], 3 <unfinished ...>
19:18:26.464390,1023,<... getuid32 resumed> ) = 10050
19:18:26.465010,1023,epoll_wait(0x1e, 0xbee6d1f8, 0x10, 0 <unfinished ...>
19:18:26.465292,1048,<... writev resumed> ) = 443
19:18:26.465591,1023,<... epoll_wait resumed> ) = 0
19:18:26.465973,1048,write(47, "x\234í\233¿n\33G\36Ç?³bq@\n3Oà5\220&\225(\231rk\32\207«E\3"..., 1987 <unfinished ...>
19:18:26.466494,1023,clock_gettime(CLOCK_MONOTONIC, <unfinished ...>
19:18:26.466890,1048,<... write resumed> ) = 1987
19:18:26.467250,1023,<... clock_gettime resumed> {124, 751899161}) = 0
19:18:26.468409,1048,clock_gettime(CLOCK_MONOTONIC, <unfinished ...>
19:18:26.469030,1023,writev(3, [{"\4", 1}, {"GameService\0", 12}, {"Http resonseContent: null\0", 26}], 3 <unfinished ...>
19:18:26.469671,1048,<... clock_gettime resumed> {124, 754332886}) = 0
19:18:26.471608,1048,getpid( <unfinished ...>
19:18:26.472649,1023,<... writev resumed> ) = 39
19:18:26.472964,1048,<... getpid resumed> ) = 1023
19:18:26.473369,1023,getuid32( <unfinished ...>
19:18:26.473688,1048,readlink("/proc/1023/fd/47", <unfinished ...>
19:18:26.474140,1023,<... getuid32 resumed> ) = 10050
19:18:26.474559,1048,<... readlink resumed> "/data/data/com.igamepower.appmaster/files/icons/icons_com.igamepower.appmaster.ico"..., 120) = 82
19:18:26.475767,1023,getpid( <unfinished ...>
19:18:26.476221,1048,writev(3, [{"\5", 1}, {"dalvikvm\0", 9}, {"DroidBox: { \"FdAccess\": { \"path\""..., 225}], 3 <unfinished ...>
19:18:26.476955,1023,<... getpid resumed> ) = 1023
19:18:26.477407,1023,gettid( <unfinished ...>
19:18:26.477709,1048,<... writev resumed> ) = 235
19:18:26.478000,1023,<... gettid resumed> ) = 1023
19:18:26.478634,1048,writev(3, [{"\5", 1}, {"DroidBox\0", 9}, {"DroidBox: { \"FileRW\": { \"operati"..., 93}], 3 <unfinished ...>
19:18:26.479335,1023,clock_gettime(CLOCK_MONOTONIC, <unfinished ...>
19:18:26.479613,1048,<... writev resumed> ) = 103
19:18:26.479905,1023,<... clock_gettime resumed> {124, 764548680}) = 0
19:18:26.480326,1048,write(47, "Ê\230\rá", 4 <unfinished ...>
19:18:26.480681,1023,ioctl(9, 0xc0186201 <unfinished ...>
19:18:26.481039,1048,<... write resumed> ) = 4
19:18:26.481384,1023,<... ioctl resumed> , 0xbee6d1f0) = 0
19:18:26.482498,1048,clock_gettime(CLOCK_MONOTONIC, <unfinished ...>
19:18:26.485748,1023,ioctl(9, 0xc0186201 <unfinished ...>
19:18:26.486063,1048,<... clock_gettime resumed> {124, 770725474}) = 0
19:18:26.486430,1023,<... ioctl resumed> , 0xbee6d1f0) = 0
19:18:26.486765,1048,getpid( <unfinished ...>
19:18:26.487101,1023,clock_gettime(CLOCK_MONOTONIC, <unfinished ...>
19:18:26.487366,1048,<... getpid resumed> ) = 1023
19:18:26.487658,1023,<... clock_gettime resumed> {124, 772305410}) = 0
19:18:26.488064,1048,readlink("/proc/1023/fd/47", <unfinished ...>
19:18:26.490773,1023,writev(3, [{"\4", 1}, {"GameService\0", 12}, {"Create new thread\0", 18}], 3 <unfinished ...>
19:18:26.491557,1048,<... readlink resumed> "/data/data/com.igamepower.appmaster/files/icons/icons_com.igamepower.appmaster.ico"..., 120) = 82
19:18:26.492332,1023,<... writev resumed> ) = 31
19:18:26.492747,1048,writev(3, [{"\5", 1}, {"dalvikvm\0", 9}, {"DroidBox: { \"FdAccess\": { \"path\""..., 225}], 3 <unfinished ...>
19:18:26.513286,1023,mmap2(NULL, 32768, PROT_READ|PROT_WRITE, MAP_PRIVATE|MAP_ANONYMOUS, -1, 0 <unfinished ...>
19:18:26.513622,1048,<... writev resumed> ) = 235
19:18:26.518323,1023,<... mmap2 resumed> ) = 0xac06f000
19:18:26.520097,1048,writev(3, [{"\5", 1}, {"DroidBox\0", 9}, {"DroidBox: { \"FileRW\": { \"operati"..., 97}], 3 <unfinished ...>
19:18:26.520820,1023,madvise(0xac06f000, 32768, 0xc /* MADV_??? */) = -1 EINVAL (Invalid argument)
19:18:26.522777,1048,<... writev resumed> ) = 107
19:18:26.523198,1023,mmap2(NULL, 1048576, PROT_READ|PROT_WRITE, MAP_PRIVATE|MAP_ANONYMOUS|MAP_NORESERVE, -1, 0 <unfinished ...>
19:18:26.523565,1048,write(47, "\0\0\0\0IEND", 8) = 8
19:18:26.525171,1023,<... mmap2 resumed> ) = 0xabf6f000
19:18:26.526403,1048,clock_gettime(CLOCK_MONOTONIC, <unfinished ...>
19:18:26.526731,1023,madvise(0xabf6f000, 1048576, 0xc /* MADV_??? */ <unfinished ...>
19:18:26.527106,1048,<... clock_gettime resumed> {124, 811764550}) = 0
19:18:26.527473,1023,<... madvise resumed> ) = -1 EINVAL (Invalid argument)
19:18:26.527789,1048,getpid( <unfinished ...>
19:18:26.528209,1023,mprotect(0xabf6f000, 4096, PROT_NONE <unfinished ...>
19:18:26.528487,1048,<... getpid resumed> ) = 1023
19:18:26.528796,1023,<... mprotect resumed> ) = 0
19:18:26.529199,1048,readlink("/proc/1023/fd/47", <unfinished ...>
19:18:26.529673,1023,clone( <unfinished ...>
19:18:26.557755,1048,<... readlink resumed> "/data/data/com.igamepower.appmaster/files/icons/icons_com.igamepower.appmaster.ico"..., 120) = 82
19:18:26.560939,1048,writev(3, [{"\5", 1}, {"dalvikvm\0", 9}, {"DroidBox: { \"FdAccess\": { \"path\""..., 224}], 3 <unfinished ...>
19:18:26.562552,1023,<... clone resumed> child_stack=0xac06ef00, flags=CLONE_VM|CLONE_FS|CLONE_FILES|CLONE_SIGHAND|CLONE_THREAD|CLONE_SYSVSEM|0x400000) = 1063
19:18:26.564524,1048,<... writev resumed> ) = 234
19:18:26.565018,1023,futex(0xb689b580, FUTEX_WAIT_PRIVATE, -386, NULL <unfinished ...>
19:18:26.565724,1048,writev(3, [{"\5", 1}, {"DroidBox\0", 9}, {"DroidBox: { \"FileRW\": { \"operati"..., 96}], 3) = 106
19:18:26.568271,1048,write(47, "®B`\202", 4) = 4
19:18:26.569041,1048,munmap(0xac077000, 69632) = 0
19:18:26.569589,1048,munmap(0xac088000, 69632) = 0
19:18:26.570177,1048,munmap(0xac099000, 69632) = 0
19:18:26.570841,1048,munmap(0xac0aa000, 69632) = 0
19:18:26.571501,1048,fstat64(47, {st_mode=S_IFREG|0600, st_size=2060, ...}) = 0
19:18:26.572641,1048,close(47) = 0
19:18:26.575728,1048,gettimeofday({1738783106, 575977}, NULL) = 0
19:18:26.577210,1048,gettimeofday({1738783106, 577385}, NULL) = 0
19:18:26.578002,1048,gettimeofday({1738783106, 578174}, NULL) = 0
19:18:26.578621,1048,fcntl64(42, F_SETLK, {type=F_RDLCK, whence=SEEK_SET, start=1073741824, len=1}) = 0
19:18:26.579286,1048,fcntl64(42, F_SETLK, {type=F_RDLCK, whence=SEEK_SET, start=1073741826, len=510}) = 0
19:18:26.604937,1048,fcntl64(42, F_SETLK, {type=F_UNLCK, whence=SEEK_SET, start=1073741824, len=1} <unfinished ...>
19:18:26.605412,1063,set_tls(0xac06ef00, 0xb892f360, 0xac06effc, 0x40, 0xac06ef00 <unfinished ...>
19:18:26.639739,1048,<... syscall_221 resumed> ) = 0
19:18:26.640019,1063,<... set_tls resumed> ) = 0
19:18:26.641284,1048,access("/data/data/com.igamepower.appmaster/databases/game_service_folderdb.db-journal", F_OK <unfinished ...>
19:18:26.642066,1063,prctl(PR_SET_NAME, 0xac06ee8c, 0, 0, 0 <unfinished ...>
19:18:26.643379,1048,<... access resumed> ) = 0
19:18:26.643690,1063,<... prctl resumed> ) = 0
19:18:26.644096,1048,stat64("/data/data/com.igamepower.appmaster/databases/game_service_folderdb.db-journal", <unfinished ...>
19:18:26.644929,1063,gettid( <unfinished ...>
19:18:26.645278,1048,<... stat64 resumed> {st_mode=S_IFREG|0600, st_size=25136, ...}) = 0
19:18:26.646147,1063,<... gettid resumed> ) = 1063
19:18:26.646463,1048,fcntl64(42, F_GETLK <unfinished ...>
19:18:26.646777,1063,futex(0xb689b580, FUTEX_WAKE_PRIVATE, 2147483647 <unfinished ...>
19:18:26.647165,1048,<... fcntl64 resumed> , {type=F_UNLCK, whence=SEEK_SET, start=1073741825, len=1, pid=0}) = 0
19:18:26.647599,1063,<... futex resumed> ) = 1
19:18:26.647947,1048,fstat64(42, <unfinished ...>
19:18:26.648265,1023,<... futex resumed> ) = 0
19:18:26.648560,1063,futex(0xb689b580, FUTEX_WAIT_PRIVATE, -388, NULL <unfinished ...>
19:18:26.648848,1048,<... fstat64 resumed> {st_mode=S_IFREG|0660, st_size=32768, ...}) = 0
19:18:26.649703,1023,futex(0xb689b580, FUTEX_WAKE_PRIVATE, 2147483647 <unfinished ...>
19:18:26.650016,1063,<... futex resumed> ) = -1 EAGAIN (Try again)
19:18:26.650343,1048,stat64("/data/data/com.igamepower.appmaster/databases/game_service_folderdb.db", <unfinished ...>
19:18:26.651030,1023,<... futex resumed> ) = 0
19:18:26.651326,1063,futex(0xb689b57c, FUTEX_WAIT_PRIVATE, 2, NULL <unfinished ...>
19:18:26.651635,1048,<... stat64 resumed> {st_mode=S_IFREG|0660, st_size=32768, ...}) = 0
19:18:26.652483,1023,futex(0xb689b57c, FUTEX_WAKE_PRIVATE, 1 <unfinished ...>
19:18:26.652756,1063,<... futex resumed> ) = -1 EAGAIN (Try again)
19:18:26.653067,1048,umask(0 <unfinished ...>
19:18:26.653357,1023,<... futex resumed> ) = 0
19:18:26.653650,1063,futex(0xb689b57c, FUTEX_WAKE_PRIVATE, 1 <unfinished ...>
19:18:26.653944,1048,<... umask resumed> ) = 077
19:18:26.655369,1023,gettimeofday( <unfinished ...>
19:18:26.655649,1063,<... futex resumed> ) = 0
19:18:26.655995,1048,open("/data/data/com.igamepower.appmaster/databases/game_service_folderdb.db-journal", O_RDONLY <unfinished ...>
19:18:26.656698,1023,<... gettimeofday resumed> {1738783106, 656579}, NULL) = 0
19:18:26.657106,1063,getpriority(PRIO_PROCESS, 1063 <unfinished ...>
19:18:26.657447,1048,<... open resumed> ) = 47
19:18:26.658266,1023,gettimeofday( <unfinished ...>
19:18:26.658535,1063,<... getpriority resumed> ) = 20
19:18:26.658841,1048,umask(077 <unfinished ...>
19:18:26.659161,1023,<... gettimeofday resumed> {1738783106, 659040}, NULL) = 0
19:18:26.659547,1063,setpriority(PRIO_PROCESS, 1063, 0 <unfinished ...>
19:18:26.659834,1048,<... umask resumed> ) = 0
19:18:26.679483,1063,<... setpriority resumed> ) = 0
19:18:26.679836,1048,fchown32(47, 10050, 10050 <unfinished ...>
19:18:26.680336,1063,writev(3, [{"\4", 1}, {"GameService\0", 12}, {"wait\0", 5}], 3 <unfinished ...>
19:18:26.681024,1048,<... fchown32 resumed> ) = 0
19:18:26.681494,1048,fcntl64(47, F_GETFD <unfinished ...>
19:18:26.681760,1063,<... writev resumed> ) = 18
19:18:26.682149,1048,<... fcntl64 resumed> ) = 0
19:18:26.682740,1063,futex(0xb892f880, FUTEX_WAIT_PRIVATE, 0, NULL <unfinished ...>
19:18:26.683119,1048,fcntl64(47, F_SETFD, FD_CLOEXEC) = 0
19:18:26.683684,1048,pread(47, "\0", 1, 3069335896) = 1
19:18:26.684292,1048,close(47) = 0
19:18:26.684810,1048,fstat64(42, {st_mode=S_IFREG|0660, st_size=32768, ...}) = 0
19:18:26.685924,1048,pread(42, "\0\0\0\4\0\0\0\10\0\0\0\0\0\0\0\0", 16, 106148551000) = 16
19:18:26.706002,1048,fstat64(42, {st_mode=S_IFREG|0660, st_size=32768, ...}) = 0
19:18:26.707103,1048,access("/data/data/com.igamepower.appmaster/databases/game_service_folderdb.db-wal", F_OK) = -1 ENOENT (No such file or directory)
19:18:26.708098,1048,fstat64(42, {st_mode=S_IFREG|0660, st_size=32768, ...}) = 0
19:18:26.709153,1048,fcntl64(42, F_SETLK, {type=F_WRLCK, whence=SEEK_SET, start=1073741825, len=1}) = 0
19:18:26.710040,1048,stat64("/data/data/com.igamepower.appmaster/databases/game_service_folderdb.db", {st_mode=S_IFREG|0660, st_size=32768, ...}) = 0
19:18:26.711435,1048,umask(0) = 077
19:18:26.711950,1048,open("/data/data/com.igamepower.appmaster/databases/game_service_folderdb.db-journal", O_RDWR|O_CREAT, 0660) = 47
19:18:26.712889,1048,umask(077) = 0
19:18:26.713400,1048,fchown32(47, 10050, 10050) = 0
19:18:26.713998,1048,fcntl64(47, F_GETFD) = 0
19:18:26.714486,1048,fcntl64(47, F_SETFD, FD_CLOEXEC) = 0
19:18:26.715026,1048,pwrite(47, "\0\0\0\0\0\0\0\0\0\0\0\0\rÎì¨\0\0\0\10\0\0\2\0\0\0\20\0\0\0\0\0"..., 512, 3069335932) = 512
19:18:26.715824,1048,pwrite(47, "\0\0\0\5", 4, 2202092591484) = 4
19:18:26.716455,1048,pwrite(47, "\n\0\0\0\1\17ó\0\17ó\0\0\0\0\0\0\0\0\0\0\0\0\0\0\0\0\0\0\0\0\0\0"..., 4096, 2219272460668) = 4096
19:18:26.717282,1048,pwrite(47, "\rÎì¨", 4, 19811458505084) = 4
19:18:26.717969,1048,pwrite(47, "\0\0\0\6", 4, 19828638374268) = 4
19:18:26.718569,1048,pwrite(47, "\n\0\0\0\1\17ü\0\17ü\0\0\0\0\0\0\0\0\0\0\0\0\0\0\0\0\0\0\0\0\0\0"..., 4096, 19845818243452) = 4096
19:18:26.719398,1048,pwrite(47, "\rÎì¨", 4, 37438004287868) = 4
19:18:26.720058,1048,pwrite(47, "\0\0\0\7", 4, 37455184157052) = 4
19:18:26.720657,1048,pwrite(47, "\n\0\0\0\1\17õ\0\17õ\0\0\0\0\0\0\0\0\0\0\0\0\0\0\0\0\0\0\0\0\0\0"..., 4096, 37472364026236) = 4096
19:18:26.721531,1048,pwrite(47, "\rÎì¨", 4, 55064550070652) = 4
19:18:26.737557,1048,pwrite(47, "\0\0\0\10", 4, 55081729939836) = 4
19:18:26.738287,1048,pwrite(47, "\n\0\0\0\1\17û\0\17û\0\0\0\0\0\0\0\0\0\0\0\0\0\0\0\0\0\0\0\0\0\0"..., 4096, 55098909809020) = 4096
19:18:26.739165,1048,pwrite(47, "\rÎì¨", 4, 72691095853436) = 4
19:18:26.739833,1048,pwrite(47, "\0\0\0\4", 4, 72708275722620) = 4
19:18:26.740448,1048,pwrite(47, "\r\0\0\0\1\17x\0\17x\0\0\0\0\0\0\0\0\0\0\0\0\0\0\0\0\0\0\0\0\0\0"..., 4096, 72725455591804) = 4096
19:18:26.741260,1048,pwrite(47, "\rÎì¨", 4, 90317641636220) = 4
19:18:26.741915,1048,fcntl64(42, F_SETLK, {type=F_WRLCK, whence=SEEK_SET, start=1073741824, len=1}) = 0
19:18:26.742554,1048,fcntl64(42, F_SETLK, {type=F_WRLCK, whence=SEEK_SET, start=1073741826, len=510}) = 0
19:18:26.743238,1048,pwrite(47, "\0\0\0\1", 4, 90334821505404) = 4
19:18:26.743869,1048,pwrite(47, "SQLite format 3\0\20\0\1\1\0@ \0\0\0\4\0\0\0\10"..., 4096, 90352001374588) = 4096
19:18:26.744669,1048,pwrite(47, "\rÎî\21", 4, 107944187419004) = 4
19:18:26.745287,1048,pread(47, "", 8, 109954232113496) = 0
19:18:26.745837,1048,fdatasync(47) = 0
19:18:26.766659,1048,open("/data/data/com.igamepower.appmaster/databases", O_RDONLY <unfinished ...>
19:18:26.767213,1023,writev(3, [{"\4", 1}, {"GameService\0", 12}, {"sending: http://client.mustmobil"..., 56}], 3 <unfinished ...>
19:18:26.768030,1048,<... open resumed> ) = 49
19:18:26.768533,1048,fcntl64(49, F_GETFD <unfinished ...>
19:18:26.768837,1023,<... writev resumed> ) = 69
19:18:26.769229,1048,<... fcntl64 resumed> ) = 0
19:18:26.769748,1023,writev(3, [{"\4", 1}, {"GameService\0", 12}, {"prepare post\0", 13}], 3 <unfinished ...>
19:18:26.770569,1048,fcntl64(49, F_SETFD, FD_CLOEXEC) = 0
19:18:26.772616,1023,<... writev resumed> ) = 26
19:18:26.772983,1048,fdatasync(49 <unfinished ...>
19:18:26.773368,1023,writev(3, [{"\4", 1}, {"GameService\0", 12}, {"already post\0", 13}], 3) = 26
19:18:26.777797,1048,<... fdatasync resumed> ) = 0
19:18:26.778224,1023,futex(0xb892f880, FUTEX_WAKE_PRIVATE, 1 <unfinished ...>
19:18:26.778524,1048,close(49 <unfinished ...>
19:18:26.779215,1023,<... futex resumed> ) = 1
19:18:26.779498,1048,<... close resumed> ) = 0
19:18:26.779782,1063,<... futex resumed> ) = 0
19:18:26.780276,1023,getpid( <unfinished ...>
19:18:26.780598,1048,pwrite(47, "ÙÕ\5ù ¡c×\0\0\0\6", 12, 3069335932 <unfinished ...>
19:18:26.781715,1063,writev(3, [{"\4", 1}, {"GameService\0", 12}, {"Post to: http://client.mustmobil"..., 56}], 3 <unfinished ...>
19:18:26.782442,1023,<... getpid resumed> ) = 1023
19:18:26.782808,1048,<... pwrite resumed> ) = 12
19:18:26.783530,1023,getuid32( <unfinished ...>
19:18:26.783836,1048,fdatasync(47 <unfinished ...>
19:18:26.784202,1063,<... writev resumed> ) = 69
19:18:26.784487,1023,<... getuid32 resumed> ) = 10050
19:18:26.811424,1023,epoll_wait(0x1e, 0xbee6d1f8, 0x10, 0 <unfinished ...>
19:18:26.811855,1048,<... fdatasync resumed> ) = 0
19:18:26.812204,1023,<... epoll_wait resumed> ) = 0
19:18:26.812576,1048,pwrite(42, "SQLite format 3\0\20\0\1\1\0@ \0\0\0\5\0\0\0\10"..., 4096, 3069335932 <unfinished ...>
19:18:26.813185,1023,clock_gettime(CLOCK_MONOTONIC, <unfinished ...>
19:18:26.813540,1048,<... pwrite resumed> ) = 4096
19:18:26.813833,1023,<... clock_gettime resumed> {125, 98481240}) = 0
19:18:26.814423,1048,pwrite(42, "\r\0\0\0\2\16ð\0\17x\16ð\0\0\0\0\0\0\0\0\0\0\0\0\0\0\0\0\0\0\0\0"..., 4096, 52779627469180 <unfinished ...>
19:18:26.815214,1023,writev(3, [{"\4", 1}, {"GameService\0", 12}, {"Http resonseContent: null\0", 26}], 3 <unfinished ...>
19:18:26.830270,1048,<... pwrite resumed> ) = 4096
19:18:26.830727,1048,pwrite(42, "\n\0\0\0\2\17Ô\0\17ó\17Ô\0\0\0\0\0\0\0\0\0\0\0\0\0\0\0\0\0\0\0\0"..., 4096, 70371813513596 <unfinished ...>
19:18:26.831319,1023,<... writev resumed> ) = 39
19:18:26.831672,1048,<... pwrite resumed> ) = 4096
19:18:26.832141,1023,getpid( <unfinished ...>
19:18:26.832616,1048,pwrite(42, "\n\0\0\0\2\17÷\0\17ü\17÷\0\0\0\0\0\0\0\0\0\0\0\0\0\0\0\0\0\0\0\0"..., 4096, 87963999558012 <unfinished ...>
19:18:26.833211,1023,<... getpid resumed> ) = 1023
19:18:26.833555,1048,<... pwrite resumed> ) = 4096
19:18:26.833904,1023,getuid32( <unfinished ...>
19:18:26.834218,1048,pwrite(42, "\n\0\0\0\2\17Ø\0\17õ\17Ø\0\0\0\0\0\0\0\0\0\0\0\0\0\0\0\0\0\0\0\0"..., 4096, 105556185602428 <unfinished ...>
19:18:26.834732,1023,<... getuid32 resumed> ) = 10050
19:18:26.835098,1048,<... pwrite resumed> ) = 4096
19:18:26.870628,1063,writev(3, [{"\4", 1}, {"GameService\0", 12}, {"parameter: [uid=357242043237511,"..., 335}], 3 <unfinished ...>
19:18:26.871431,1023,epoll_wait(0x1e, 0xbee6d1f8, 0x10, 0 <unfinished ...>
19:18:26.876217,1048,pwrite(42, "\n\0\0\0\2\17õ\0\17û\17õ\0\0\0\0\0\0\0\0\0\0\0\0\0\0\0\0\0\0\0\0"..., 4096, 123148371646844 <unfinished ...>
19:18:26.876989,1023,<... epoll_wait resumed> ) = 0
19:18:26.877376,1048,<... pwrite resumed> ) = 4096
19:18:26.877708,1063,<... writev resumed> ) = 348
19:18:26.878104,1023,clock_gettime(CLOCK_MONOTONIC, <unfinished ...>
19:18:26.878525,1048,fdatasync(42 <unfinished ...>
19:18:26.884656,1023,<... clock_gettime resumed> {125, 169120925}) = 0
19:18:26.898270,1023,writev(3, [{"\4", 1}, {"GameSvc\0", 8}, {"MyHall::onServiceConnected\0", 27}], 3 <unfinished ...>
19:18:26.899054,1048,<... fdatasync resumed> ) = 0
19:18:26.899545,1048,pwrite(47, "\0\0\0\0\0\0\0\0\0\0\0\0\0\0\0\0\0\0\0\0\0\0\0\0\0\0\0\0", 28, 3069335932 <unfinished ...>
19:18:26.900125,1023,<... writev resumed> ) = 36
19:18:26.900515,1048,<... pwrite resumed> ) = 28
19:18:26.900926,1023,getpid( <unfinished ...>
19:18:26.901254,1048,fdatasync(47 <unfinished ...>
19:18:26.901571,1023,<... getpid resumed> ) = 1023
19:18:26.902199,1023,getuid32( <unfinished ...>
19:18:26.902681,1048,<... fdatasync resumed> ) = 0
19:18:26.902995,1023,<... getuid32 resumed> ) = 10050
19:18:26.903318,1048,fstat64(47, <unfinished ...>
19:18:26.903697,1023,epoll_wait(0x1e, 0xbee6d1f8, 0x10, 0 <unfinished ...>
19:18:26.904008,1048,<... fstat64 resumed> {st_mode=S_IFREG|0600, st_size=25136, ...}) = 0
19:18:26.904890,1023,<... epoll_wait resumed> ) = 0
19:18:26.905224,1048,fcntl64(42, F_SETLK, {type=F_RDLCK, whence=SEEK_SET, start=1073741826, len=510} <unfinished ...>
19:18:26.905708,1023,clock_gettime(CLOCK_MONOTONIC, <unfinished ...>
19:18:26.906053,1048,<... fcntl64 resumed> ) = 0
19:18:26.925832,1048,fcntl64(42, F_SETLK, {type=F_UNLCK, whence=SEEK_SET, start=1073741824, len=2} <unfinished ...>
19:18:26.926271,1023,<... clock_gettime resumed> {125, 191005697}) = 0
19:18:26.926673,1048,<... fcntl64 resumed> ) = 0
19:18:26.927074,1023,clock_gettime(CLOCK_MONOTONIC, <unfinished ...>
19:18:26.927405,1048,close(47 <unfinished ...>
19:18:26.927714,1023,<... clock_gettime resumed> {125, 212349941}) = 0
19:18:26.928145,1048,<... close resumed> ) = 0
19:18:26.928655,1023,writev(3, [{"\4", 1}, {"Choreographer\0", 14}, {"Skipped 561 frames! The applica"..., 84}], 3 <unfinished ...>
19:18:26.929433,1048,fcntl64(42, F_SETLK, {type=F_UNLCK, whence=SEEK_SET, start=0, len=0}) = 0
19:18:26.930264,1023,<... writev resumed> ) = 99
19:18:26.930695,1048,gettimeofday( <unfinished ...>
19:18:26.931145,1023,clock_gettime(CLOCK_MONOTONIC, <unfinished ...>
19:18:26.931438,1048,<... gettimeofday resumed> {1738783106, 931334}, NULL) = 0
19:18:26.931832,1023,<... clock_gettime resumed> {125, 216470203}) = 0
19:18:26.932580,1048,gettimeofday( <unfinished ...>
19:18:26.932979,1023,recvfrom(38, <unfinished ...>
19:18:26.933269,1048,<... gettimeofday resumed> {1738783106, 933166}, NULL) = 0
19:18:26.933669,1023,<... recvfrom resumed> 0xb88738b0, 1240, 64, 0, 0) = -1 EAGAIN (Try again)
19:18:26.934125,1048,gettimeofday( <unfinished ...>
19:18:26.934503,1023,recvfrom(41, <unfinished ...>
19:18:26.934791,1048,<... gettimeofday resumed> {1738783106, 934688}, NULL) = 0
19:18:26.935193,1023,<... recvfrom resumed> 0xb888dc48, 1240, 64, 0, 0) = -1 EAGAIN (Try again)
19:18:26.935798,1048,open("/dev/ashmem", O_RDWR <unfinished ...>
19:18:26.936260,1023,clock_gettime(CLOCK_MONOTONIC, <unfinished ...>
19:18:26.936612,1048,<... open resumed> ) = 47
19:18:26.936930,1023,<... clock_gettime resumed> {125, 221562458}) = 0
19:18:26.937324,1048,ioctl(47, 0x41007701 <unfinished ...>
19:18:26.937817,1023,clock_gettime(CLOCK_MONOTONIC, <unfinished ...>
19:18:26.938123,1048,<... ioctl resumed> , 0xac85f90c) = 0
19:18:26.938436,1023,<... clock_gettime resumed> {125, 223075012}) = 0
19:18:26.938824,1048,ioctl(47, 0x40047703 <unfinished ...>
19:18:26.941309,1023,clock_gettime(CLOCK_MONOTONIC, <unfinished ...>
19:18:26.941628,1048,<... ioctl resumed> , 0x200000) = 0
19:18:26.943704,1023,<... clock_gettime resumed> {125, 228324003}) = 0
19:18:26.944141,1048,ioctl(47, 0x40047705 <unfinished ...>
19:18:26.944740,1023,ioctl(9, 0xc0186201 <unfinished ...>
19:18:26.945054,1048,<... ioctl resumed> , 0x3) = 0
19:18:26.969457,1048,mmap2(NULL, 2097152, PROT_READ|PROT_WRITE, MAP_SHARED, 47, 0 <unfinished ...>
19:18:26.969739,1023,<... ioctl resumed> , 0xbee6cf18) = 0
19:18:26.970173,1048,<... mmap2 resumed> ) = 0xab7e0000
19:18:26.970523,1023,ioctl(9, 0xc0186201 <unfinished ...>
19:18:26.970846,1048,ioctl(47, 0x40047705 <unfinished ...>
19:18:26.971179,1023,<... ioctl resumed> , 0xbee6cf18) = 0
19:18:26.971475,1048,<... ioctl resumed> , 0x1) = 0
19:18:26.971877,1023,ioctl(9, 0xc0186201 <unfinished ...>
19:18:26.972567,1048,gettimeofday( <unfinished ...>
19:18:26.972929,1023,<... ioctl resumed> , 0xbee6cf10) = 0
19:18:26.973228,1048,<... gettimeofday resumed> {1738783106, 973126}, NULL) = 0
19:18:26.974122,1023,ioctl(9, 0xc0186201 <unfinished ...>
19:18:26.974539,1048,fcntl64(42, F_SETLK, {type=F_RDLCK, whence=SEEK_SET, start=1073741824, len=1} <unfinished ...>
19:18:26.974993,1023,<... ioctl resumed> , 0xbee6cf10) = 0
19:18:26.975309,1048,<... fcntl64 resumed> ) = 0
19:18:26.975684,1023,ioctl(9, 0xc0186201 <unfinished ...>
19:18:26.976009,1048,fcntl64(42, F_SETLK, {type=F_RDLCK, whence=SEEK_SET, start=1073741826, len=510} <unfinished ...>
19:18:26.976478,1023,<... ioctl resumed> , 0xbee6cf18) = 0
19:18:26.976789,1048,<... fcntl64 resumed> ) = 0
19:18:26.977413,1023,ioctl(9, 0xc0186201 <unfinished ...>
19:18:26.977735,1048,fcntl64(42, F_SETLK, {type=F_UNLCK, whence=SEEK_SET, start=1073741824, len=1} <unfinished ...>
19:18:26.978212,1023,<... ioctl resumed> , 0xbee6cf18) = 0
19:18:26.978524,1048,<... fcntl64 resumed> ) = 0
19:18:26.979133,1023,access("/vendor/lib/hw/gralloc.goldfish.so", R_OK <unfinished ...>
19:18:26.979657,1048,access("/data/data/com.igamepower.appmaster/databases/game_service_folderdb.db-journal", F_OK <unfinished ...>
19:18:26.980453,1023,<... access resumed> ) = -1 ENOENT (No such file or directory)
19:18:26.980787,1048,<... access resumed> ) = 0
19:18:27.007700,1063,gettimeofday( <unfinished ...>
19:18:27.007943,1023,access("/system/lib/hw/gralloc.goldfish.so", R_OK <unfinished ...>
19:18:27.008478,1048,stat64("/data/data/com.igamepower.appmaster/databases/game_service_folderdb.db-journal", <unfinished ...>
19:18:27.009180,1063,<... gettimeofday resumed> {1738783107, 9079}, NULL) = 0
19:18:27.009615,1023,<... access resumed> ) = 0
19:18:27.009945,1048,<... stat64 resumed> {st_mode=S_IFREG|0600, st_size=25136, ...}) = 0
19:18:27.011619,1063,getpid( <unfinished ...>
19:18:27.012113,1023,stat64("/system/lib/hw/gralloc.goldfish.so", <unfinished ...>
19:18:27.012630,1048,fcntl64(42, F_GETLK <unfinished ...>
19:18:27.012921,1063,<... getpid resumed> ) = 1023
19:18:27.013343,1023,<... stat64 resumed> {st_mode=S_IFREG|0644, st_size=13700, ...}) = 0
19:18:27.014190,1048,<... fcntl64 resumed> , {type=F_UNLCK, whence=SEEK_SET, start=1073741825, len=1, pid=0}) = 0
19:18:27.014784,1063,socket(PF_UNIX, SOCK_STREAM, 0 <unfinished ...>
19:18:27.015203,1023,open("/system/lib/hw/gralloc.goldfish.so", O_RDONLY <unfinished ...>
19:18:27.015721,1048,fstat64(42, <unfinished ...>
19:18:27.016073,1063,<... socket resumed> ) = 50
19:18:27.016433,1023,<... open resumed> ) = 51
19:18:27.030730,1048,<... fstat64 resumed> {st_mode=S_IFREG|0660, st_size=32768, ...}) = 0
19:18:27.031583,1063,setsockopt(50, SOL_SOCKET, SO_REUSEADDR, [1], 4 <unfinished ...>
19:18:27.031883,1023,lseek(51, 0, SEEK_SET <unfinished ...>
19:18:27.032248,1048,stat64("/data/data/com.igamepower.appmaster/databases/game_service_folderdb.db", <unfinished ...>
19:18:27.032996,1063,<... setsockopt resumed> ) = 0
19:18:27.033323,1023,<... lseek resumed> ) = 0
19:18:27.033666,1048,<... stat64 resumed> {st_mode=S_IFREG|0660, st_size=32768, ...}) = 0
19:18:27.034701,1063,connect(50, {sa_family=AF_UNIX, path="/dev/socket/dnsproxyd"}, 110 <unfinished ...>
19:18:27.035811,1023,read(51, <unfinished ...>
19:18:27.036147,1048,umask(0 <unfinished ...>
19:18:27.036833,1023,<... read resumed> "\177ELF\1\1\1\0\0\0\0\0\0\0\0\0\3\0(\0\1\0\0\0\0\0\0\0004\0\0\0"..., 4096) = 4096
19:18:27.037380,1048,<... umask resumed> ) = 077
19:18:27.037675,1063,<... connect resumed> ) = 0
19:18:27.038035,1023,lseek(51, -8, SEEK_END <unfinished ...>
19:18:27.038368,1048,open("/data/data/com.igamepower.appmaster/databases/game_service_folderdb.db-journal", O_RDONLY <unfinished ...>
19:18:27.039136,1063,fcntl64(50, F_GETFL <unfinished ...>
19:18:27.039460,1023,<... lseek resumed> ) = 13692
19:18:27.039814,1048,<... open resumed> ) = 52
19:18:27.040118,1063,<... fcntl64 resumed> ) = 0x2 (flags O_RDWR)
19:18:27.040473,1023,read(51, <unfinished ...>
19:18:27.040799,1048,umask(077 <unfinished ...>
19:18:27.041143,1063,fstat64(50, <unfinished ...>
19:18:27.041475,1023,<... read resumed> "\1\0\0\0\0\0\0\0", 8) = 8
19:18:27.041844,1048,<... umask resumed> ) = 0
19:18:27.042149,1063,<... fstat64 resumed> {st_mode=S_IFSOCK|0777, st_size=0, ...}) = 0
19:18:27.043239,1023,mmap2(NULL, 20480, PROT_NONE, MAP_PRIVATE|MAP_ANONYMOUS, -1, 0 <unfinished ...>
19:18:27.043590,1048,fchown32(52, 10050, 10050 <unfinished ...>
19:18:27.043944,1063,mprotect(0xb6584000, 4096, PROT_READ|PROT_WRITE <unfinished ...>
19:18:27.044293,1023,<... mmap2 resumed> ) = 0xab7db000
19:18:27.044664,1048,<... fchown32 resumed> ) = 0
19:18:27.044974,1063,<... mprotect resumed> ) = 0
19:18:27.045347,1023,madvise(0xab7db000, 20480, 0xc /* MADV_??? */ <unfinished ...>
19:18:27.045684,1048,fcntl64(52, F_GETFD <unfinished ...>
19:18:27.046036,1063,mprotect(0xb6584000, 4096, PROT_READ <unfinished ...>
19:18:27.046391,1023,<... madvise resumed> ) = -1 EINVAL (Invalid argument)
19:18:27.046697,1048,<... fcntl64 resumed> ) = 0
19:18:27.047001,1063,<... mprotect resumed> ) = 0
19:18:27.047359,1023,mmap2(0xab7db000, 9485, PROT_READ|PROT_EXEC, MAP_PRIVATE|MAP_FIXED, 51, 0 <unfinished ...>
19:18:27.047705,1048,fcntl64(52, F_SETFD, FD_CLOEXEC <unfinished ...>
19:18:27.048077,1063,write(50, "getaddrinfo client.mustmobile.co"..., 47 <unfinished ...>
19:18:27.048656,1023,<... mmap2 resumed> ) = 0xab7db000
19:18:27.048970,1048,<... fcntl64 resumed> ) = 0
19:18:27.052700,1023,madvise(0xab7db000, 9485, 0xc /* MADV_??? */ <unfinished ...>
19:18:27.053084,1048,pread(52, <unfinished ...>
19:18:27.053389,1063,<... write resumed> ) = 47
19:18:27.053712,1023,<... madvise resumed> ) = -1 EINVAL (Invalid argument)
19:18:27.054040,1048,<... pread resumed> "\0", 1, 3069335896) = 1
19:18:27.054440,1063,read(50, <unfinished ...>
19:18:27.054794,1023,mprotect(0xab7db000, 12288, PROT_READ|PROT_WRITE|PROT_EXEC <unfinished ...>
19:18:27.055139,1048,close(52 <unfinished ...>
19:18:27.055509,1023,<... mprotect resumed> ) = 0
19:18:27.055821,1048,<... close resumed> ) = 0
19:18:27.056176,1023,mmap2(0xab7de000, 4276, PROT_READ|PROT_WRITE, MAP_PRIVATE|MAP_FIXED, 51, 0x2 <unfinished ...>
19:18:27.056530,1048,fstat64(42, <unfinished ...>
19:18:27.056914,1023,<... mmap2 resumed> ) = 0xab7de000
19:18:27.057224,1048,<... fstat64 resumed> {st_mode=S_IFREG|0660, st_size=32768, ...}) = 0
19:18:27.058148,1023,madvise(0xab7de000, 4276, 0xc /* MADV_??? */ <unfinished ...>
19:18:27.058488,1048,pread(42, <unfinished ...>
19:18:27.058803,1023,<... madvise resumed> ) = -1 EINVAL (Invalid argument)
19:18:27.059125,1048,<... pread resumed> "\0\0\0\5\0\0\0\10\0\0\0\0\0\0\0\0", 16, 106148551000) = 16
19:18:27.059736,1023,close(51 <unfinished ...>
19:18:27.119034,1048,fstat64(42, <unfinished ...>
19:18:27.119302,1023,<... close resumed> ) = 0
19:18:27.119630,1048,<... fstat64 resumed> {st_mode=S_IFREG|0660, st_size=32768, ...}) = 0
19:18:27.120692,1023,stat64("/vendor/lib/libOpenglSystemCommon.so", <unfinished ...>
19:18:27.121318,1048,access("/data/data/com.igamepower.appmaster/databases/game_service_folderdb.db-wal", F_OK <unfinished ...>
19:18:27.122114,1023,<... stat64 resumed> 0xbee69c38) = -1 ENOENT (No such file or directory)
19:18:27.122463,1048,<... access resumed> ) = -1 ENOENT (No such file or directory)
19:18:27.122829,1023,stat64("/system/lib/libOpenglSystemCommon.so", <unfinished ...>
19:18:27.123389,1048,fstat64(42, <unfinished ...>
19:18:27.123738,1023,<... stat64 resumed> {st_mode=S_IFREG|0644, st_size=9436, ...}) = 0
19:18:27.124737,1048,<... fstat64 resumed> {st_mode=S_IFREG|0660, st_size=32768, ...}) = 0
19:18:27.125623,1023,open("/system/lib/libOpenglSystemCommon.so", O_RDONLY <unfinished ...>
19:18:27.126345,1048,fcntl64(42, F_SETLK, {type=F_UNLCK, whence=SEEK_SET, start=0, len=0} <unfinished ...>
19:18:27.126812,1023,<... open resumed> ) = 51
19:18:27.127140,1048,<... fcntl64 resumed> ) = 0
19:18:27.127475,1023,lseek(51, 0, SEEK_SET <unfinished ...>
19:18:27.127916,1048,gettimeofday( <unfinished ...>
19:18:27.128223,1023,<... lseek resumed> ) = 0
19:18:27.128513,1048,<... gettimeofday resumed> {1738783107, 128413}, NULL) = 0
19:18:27.128935,1023,read(51, <unfinished ...>
19:18:27.129540,1048,munmap(0xab7e0000, 2097152 <unfinished ...>
19:18:27.129888,1023,<... read resumed> "\177ELF\1\1\1\0\0\0\0\0\0\0\0\0\3\0(\0\1\0\0\0\0\0\0\0004\0\0\0"..., 4096) = 4096
19:18:27.130472,1048,<... munmap resumed> ) = 0
19:18:27.130807,1023,lseek(51, -8, SEEK_END <unfinished ...>
19:18:27.131170,1048,close(47 <unfinished ...>
19:18:27.131475,1023,<... lseek resumed> ) = 9428
19:18:27.131832,1048,<... close resumed> ) = 0
19:18:27.132173,1023,read(51, <unfinished ...>
19:18:27.133598,1048,brk(0xb8931000 <unfinished ...>
19:18:27.133930,1023,<... read resumed> "\1\0\0\0\0\0\0\0", 8) = 8
19:18:27.134305,1048,<... brk resumed> ) = 0xb8931000
19:18:27.134649,1023,mmap2(NULL, 16384, PROT_NONE, MAP_PRIVATE|MAP_ANONYMOUS, -1, 0 <unfinished ...>
19:18:27.176193,1048,gettimeofday( <unfinished ...>
19:18:27.176456,1023,<... mmap2 resumed> ) = 0xab9dc000
19:18:27.176774,1048,<... gettimeofday resumed> {1738783107, 176661}, NULL) = 0
19:18:27.177210,1023,madvise(0xab9dc000, 16384, 0xc /* MADV_??? */ <unfinished ...>
19:18:27.177691,1048,brk(0xb8932000 <unfinished ...>
19:18:27.178049,1023,<... madvise resumed> ) = -1 EINVAL (Invalid argument)
19:18:27.178391,1048,<... brk resumed> ) = 0xb8932000
19:18:27.178806,1023,mmap2(0xab9dc000, 5923, PROT_READ|PROT_EXEC, MAP_PRIVATE|MAP_FIXED, 51, 0 <unfinished ...>
19:18:27.179738,1048,gettimeofday( <unfinished ...>
19:18:27.180142,1023,<... mmap2 resumed> ) = 0xab9dc000
19:18:27.180452,1048,<... gettimeofday resumed> {1738783107, 180346}, NULL) = 0
19:18:27.180897,1023,madvise(0xab9dc000, 5923, 0xc /* MADV_??? */ <unfinished ...>
19:18:27.181428,1048,gettimeofday( <unfinished ...>
19:18:27.181778,1023,<... madvise resumed> ) = -1 EINVAL (Invalid argument)
19:18:27.182092,1048,<... gettimeofday resumed> {1738783107, 181987}, NULL) = 0
19:18:27.182531,1023,mprotect(0xab9dc000, 8192, PROT_READ|PROT_WRITE|PROT_EXEC <unfinished ...>
19:18:27.183159,1048,gettimeofday( <unfinished ...>
19:18:27.183501,1023,<... mprotect resumed> ) = 0
19:18:27.183805,1048,<... gettimeofday resumed> {1738783107, 183700}, NULL) = 0
19:18:27.184330,1023,mmap2(0xab9de000, 4096, PROT_READ|PROT_WRITE, MAP_PRIVATE|MAP_FIXED, 51, 0x1 <unfinished ...>
19:18:27.184798,1048,writev(3, [{"\4", 1}, {"GameService\0", 12}, {"replace into game_package (packa"..., 109}], 3 <unfinished ...>
19:18:27.185594,1023,<... mmap2 resumed> ) = 0xab9de000
19:18:27.206808,1048,<... writev resumed> ) = 122
19:18:27.207108,1023,madvise(0xab9de000, 4096, 0xc /* MADV_??? */ <unfinished ...>
19:18:27.207562,1048,getuid32( <unfinished ...>
19:18:27.207875,1023,<... madvise resumed> ) = -1 EINVAL (Invalid argument)
19:18:27.208169,1048,<... getuid32 resumed> ) = 10050
19:18:27.208551,1023,mmap2(0xab9df000, 32, PROT_READ|PROT_WRITE, MAP_PRIVATE|MAP_FIXED|MAP_ANONYMOUS, -1, 0 <unfinished ...>
19:18:27.209202,1048,stat64("/system/framework/framework-res.apk", <unfinished ...>
19:18:27.209775,1023,<... mmap2 resumed> ) = 0xab9df000
19:18:27.210241,1048,<... stat64 resumed> {st_mode=S_IFREG|0644, st_size=8749696, ...}) = 0
19:18:27.211196,1023,madvise(0xab9df000, 32, 0xc /* MADV_??? */ <unfinished ...>
19:18:27.211556,1048,access("/vendor/overlay/framework/framework-res.apk", R_OK <unfinished ...>
19:18:27.212112,1023,<... madvise resumed> ) = -1 EINVAL (Invalid argument)
19:18:27.212479,1048,<... access resumed> ) = -1 ENOENT (No such file or directory)
19:18:27.212887,1023,close(51 <unfinished ...>
19:18:27.213304,1048,stat64("/system/app/PicoTts.apk", <unfinished ...>
19:18:27.213768,1023,<... close resumed> ) = 0
19:18:27.214103,1048,<... stat64 resumed> {st_mode=S_IFREG|0644, st_size=10272, ...}) = 0
19:18:27.215119,1023,stat64("/vendor/lib/lib_renderControl_enc.so", <unfinished ...>
19:18:27.216259,1048,stat64("/system/framework/framework-res.apk", {st_mode=S_IFREG|0644, st_size=8749696, ...}) = 0
19:18:27.227114,1048,stat64("/system/app/PicoTts.apk", {st_mode=S_IFREG|0644, st_size=10272, ...}) = 0
19:18:27.228447,1048,open("/system/app/PicoTts.apk", O_RDONLY) = 47
19:18:27.229194,1048,_llseek(47, 0, [10272], SEEK_END) = 0
19:18:27.229813,1048,brk(0xb8935000) = 0xb8935000
19:18:27.230437,1048,_llseek(47, 0, [0], SEEK_SET) = 0
19:18:27.231040,1048,read(47, "PK\3\4", 4) = 4
19:18:27.231635,1048,_llseek(47, 0, [0], SEEK_SET) = 0
19:18:27.232232,1048,read(47, "PK\3\4\24\0\10\0\10\0007\34]8½\7ñEe\6\0\0À\32\0\0\23\0\4\0An"..., 10272) = 10272
19:18:27.233087,1048,mmap2(NULL, 2058, PROT_READ, MAP_SHARED, 47, 0x2) = 0xaf27d000
19:18:27.233896,1048,pread(47, "PK\3\4\n\0\0\0\0\0007\34]8j\2üðl\23\0\0l\23\0\0\16\0\0\0", 30, 11673721110528) = 30
19:18:27.234718,1048,mmap2(NULL, 7734, PROT_READ, MAP_SHARED, 47, 0) = 0xac42f000
19:18:27.236210,1048,pread(18, "PK\3\4\n\0\0\0\0\0\31\r\2208Ê ¿¥Á\23\0\0Á\23\0\0&\0\3\0", 30, 7232334084440064) = 30
19:18:27.237083,1048,mmap2(NULL, 5581, PROT_READ, MAP_SHARED, 18, 0x19b) = 0xac42d000
19:18:27.238116,1048,sigprocmask(SIG_BLOCK, [], [QUIT USR1 PIPE]) = 0
19:18:27.238776,1048,brk(0xb8936000) = 0xb8936000
19:18:27.239395,1048,brk(0xb8937000) = 0xb8937000
19:18:27.256772,1048,sigprocmask(SIG_BLOCK, [], [QUIT USR1 PIPE]) = 0
19:18:27.257443,1048,sigprocmask(SIG_BLOCK, [], [QUIT USR1 PIPE]) = 0
19:18:27.258120,1048,sigprocmask(SIG_BLOCK, [], [QUIT USR1 PIPE]) = 0
19:18:27.258789,1048,mprotect(0xb3de5000, 1445888, PROT_READ|PROT_WRITE) = 0
19:18:27.259409,1048,mprotect(0xb3f46000, 40099840, PROT_NONE) = 0
19:18:27.260158,1048,brk(0xb8938000) = 0xb8938000
19:18:27.261356,1048,brk(0xb8940000) = 0xb8940000
19:18:27.484873,1023,<... stat64 resumed> 0xbee69ba0) = -1 ENOENT (No such file or directory)
19:18:27.485287,1023,stat64("/system/lib/lib_renderControl_enc.so", {st_mode=S_IFREG|0644, st_size=13532, ...}) = 0
19:18:27.501493,1023,open("/system/lib/lib_renderControl_enc.so", O_RDONLY <unfinished ...>
19:18:27.502004,1048,munmap(0xac42d000, 5581 <unfinished ...>
19:18:27.502848,1023,<... open resumed> ) = 51
19:18:27.503217,1048,<... munmap resumed> ) = 0
19:18:27.504174,1023,lseek(51, 0, SEEK_SET <unfinished ...>
19:18:27.504647,1048,access("/data/data/com.igamepower.appmaster/files", F_OK <unfinished ...>
19:18:27.505514,1023,<... lseek resumed> ) = 0
19:18:27.505867,1048,<... access resumed> ) = 0
19:18:27.506796,1023,read(51, <unfinished ...>
19:18:27.507288,1048,access("/data/data/com.igamepower.appmaster/files", F_OK <unfinished ...>
19:18:27.507853,1023,<... read resumed> "\177ELF\1\1\1\0\0\0\0\0\0\0\0\0\3\0(\0\1\0\0\0\0\0\0\0004\0\0\0"..., 4096) = 4096
19:18:27.508407,1048,<... access resumed> ) = 0
19:18:27.508744,1023,lseek(51, -8, SEEK_END <unfinished ...>
19:18:27.509238,1048,access("/data/data/com.igamepower.appmaster/files/icons", F_OK <unfinished ...>
19:18:27.509802,1023,<... lseek resumed> ) = 13524
19:18:27.510173,1048,<... access resumed> ) = 0
19:18:27.510508,1023,read(51, <unfinished ...>
19:18:27.511036,1048,open("/data/data/com.igamepower.appmaster/files/icons/icons_com.svox.pico.ico", O_WRONLY|O_CREAT|O_TRUNC, 0600 <unfinished ...>
19:18:27.511738,1023,<... read resumed> "\1\0\0\0\0\0\0\0", 8) = 8
19:18:27.512370,1048,<... open resumed> ) = 52
19:18:27.512721,1023,mmap2(NULL, 20480, PROT_NONE, MAP_PRIVATE|MAP_ANONYMOUS, -1, 0 <unfinished ...>
19:18:27.513169,1048,fstat64(52, <unfinished ...>
19:18:27.513495,1023,<... mmap2 resumed> ) = 0xac42a000
19:18:27.513831,1048,<... fstat64 resumed> {st_mode=S_IFREG|0600, st_size=0, ...}) = 0
19:18:27.514703,1023,madvise(0xac42a000, 20480, 0xc /* MADV_??? */ <unfinished ...>
19:18:27.515209,1048,sigprocmask(SIG_BLOCK, [], [QUIT USR1 PIPE]) = 0
19:18:27.526225,1023,<... madvise resumed> ) = -1 EINVAL (Invalid argument)
19:18:27.526680,1048,sigprocmask(SIG_BLOCK, [], <unfinished ...>
19:18:27.527081,1023,mmap2(0xac42a000, 11197, PROT_READ|PROT_EXEC, MAP_PRIVATE|MAP_FIXED, 51, 0 <unfinished ...>
19:18:27.527406,1048,<... sigprocmask resumed> [QUIT USR1 PIPE]) = 0
19:18:27.527823,1023,<... mmap2 resumed> ) = 0xac42a000
19:18:27.528166,1048,sigprocmask(SIG_BLOCK, [], <unfinished ...>
19:18:27.528536,1023,madvise(0xac42a000, 11197, 0xc /* MADV_??? */ <unfinished ...>
19:18:27.528833,1048,<... sigprocmask resumed> [QUIT USR1 PIPE]) = 0
19:18:27.529187,1023,<... madvise resumed> ) = -1 EINVAL (Invalid argument)
19:18:27.530443,1048,clock_gettime(CLOCK_MONOTONIC, <unfinished ...>
19:18:27.530787,1023,mprotect(0xac42a000, 12288, PROT_READ|PROT_WRITE|PROT_EXEC <unfinished ...>
19:18:27.531139,1048,<... clock_gettime resumed> {125, 815792825}) = 0
19:18:27.531540,1023,<... mprotect resumed> ) = 0
19:18:27.531873,1048,getpid( <unfinished ...>
19:18:27.532201,1023,mmap2(0xac42d000, 4096, PROT_READ|PROT_WRITE, MAP_PRIVATE|MAP_FIXED, 51, 0x2 <unfinished ...>
19:18:27.532505,1048,<... getpid resumed> ) = 1023
19:18:27.532924,1023,<... mmap2 resumed> ) = 0xac42d000
19:18:27.533311,1048,readlink("/proc/1023/fd/52", <unfinished ...>
19:18:27.533790,1023,madvise(0xac42d000, 4096, 0xc /* MADV_??? */ <unfinished ...>
19:18:27.534231,1048,<... readlink resumed> "/data/data/com.igamepower.appmaster/files/icons/icons_com.svox.pico.ico"..., 120) = 71
19:18:27.535002,1023,<... madvise resumed> ) = -1 EINVAL (Invalid argument)
19:18:27.535454,1048,writev(3, [{"\5", 1}, {"dalvikvm\0", 9}, {"DroidBox: { \"FdAccess\": { \"path\""..., 203}], 3 <unfinished ...>
19:18:27.536224,1023,mmap2(0xac42e000, 32, PROT_READ|PROT_WRITE, MAP_PRIVATE|MAP_FIXED|MAP_ANONYMOUS, -1, 0) = 0xac42e000
19:18:27.536954,1048,<... writev resumed> ) = 213
19:18:27.537294,1023,madvise(0xac42e000, 32, 0xc /* MADV_??? */) = -1 EINVAL (Invalid argument)
19:18:27.538799,1023,close(51) = 0
19:18:27.539954,1023,mprotect(0xac42a000, 12288, PROT_READ|PROT_EXEC) = 0
19:18:27.540602,1023,mprotect(0xac42d000, 4096, PROT_READ) = 0
19:18:27.541379,1023,stat64("/vendor/lib/libGLESv2_enc.so", 0xbee69ba0) = -1 ENOENT (No such file or directory)
19:18:27.543697,1023,stat64("/system/lib/libGLESv2_enc.so", {st_mode=S_IFREG|0644, st_size=95444, ...}) = 0
19:18:27.560334,1048,writev(3, [{"\5", 1}, {"DroidBox\0", 9}, {"DroidBox: { \"FileRW\": { \"operati"..., 101}], 3 <unfinished ...>
19:18:27.561050,1023,open("/system/lib/libGLESv2_enc.so", O_RDONLY) = 51
19:18:27.561992,1048,<... writev resumed> ) = 111
19:18:27.562338,1023,lseek(51, 0, SEEK_SET <unfinished ...>
19:18:27.562719,1048,write(52, "\211PNG\r\n\32\n", 8 <unfinished ...>
19:18:27.563096,1023,<... lseek resumed> ) = 0
19:18:27.563538,1048,<... write resumed> ) = 8
19:18:27.563885,1023,read(51, <unfinished ...>
19:18:27.565172,1048,clock_gettime(CLOCK_MONOTONIC, <unfinished ...>
19:18:27.565510,1023,<... read resumed> "\177ELF\1\1\1\0\0\0\0\0\0\0\0\0\3\0(\0\1\0\0\0\0\0\0\0004\0\0\0"..., 4096) = 4096
19:18:27.566036,1048,<... clock_gettime resumed> {125, 850691747}) = 0
19:18:27.566447,1023,lseek(51, -8, SEEK_END <unfinished ...>
19:18:27.566773,1048,getpid( <unfinished ...>
19:18:27.567085,1023,<... lseek resumed> ) = 95436
19:18:27.575892,1048,<... getpid resumed> ) = 1023
19:18:27.576279,1023,read(51, <unfinished ...>
19:18:27.576656,1048,readlink("/proc/1023/fd/52", <unfinished ...>
19:18:27.577123,1023,<... read resumed> "\1\0\0\0\0\0\0\0", 8) = 8
19:18:27.577602,1048,<... readlink resumed> "/data/data/com.igamepower.appmaster/files/icons/icons_com.svox.pico.ico"..., 120) = 71
19:18:27.578380,1023,mmap2(NULL, 102400, PROT_NONE, MAP_PRIVATE|MAP_ANONYMOUS, -1, 0 <unfinished ...>
19:18:27.578869,1048,writev(3, [{"\5", 1}, {"dalvikvm\0", 9}, {"DroidBox: { \"FdAccess\": { \"path\""..., 203}], 3 <unfinished ...>
19:18:27.579703,1023,<... mmap2 resumed> ) = 0xac0a2000
19:18:27.580211,1023,madvise(0xac0a2000, 102400, 0xc /* MADV_??? */ <unfinished ...>
19:18:27.580530,1048,<... writev resumed> ) = 213
19:18:27.580860,1023,<... madvise resumed> ) = -1 EINVAL (Invalid argument)
19:18:27.581700,1048,writev(3, [{"\5", 1}, {"DroidBox\0", 9}, {"DroidBox: { \"FileRW\": { \"operati"..., 97}], 3 <unfinished ...>
19:18:27.582507,1023,mmap2(0xac0a2000, 89824, PROT_READ|PROT_EXEC, MAP_PRIVATE|MAP_FIXED, 51, 0) = 0xac0a2000
19:18:27.585243,1048,<... writev resumed> ) = 107
19:18:27.585604,1023,madvise(0xac0a2000, 89824, 0xc /* MADV_??? */ <unfinished ...>
19:18:27.586003,1048,write(52, "\0\0\0\rIHDR", 8 <unfinished ...>
19:18:27.599101,1023,<... madvise resumed> ) = -1 EINVAL (Invalid argument)
19:18:27.599530,1048,<... write resumed> ) = 8
19:18:27.599892,1023,mprotect(0xac0a2000, 90112, PROT_READ|PROT_WRITE|PROT_EXEC <unfinished ...>
19:18:27.601120,1048,clock_gettime(CLOCK_MONOTONIC, <unfinished ...>
19:18:27.601464,1023,<... mprotect resumed> ) = 0
19:18:27.601775,1048,<... clock_gettime resumed> {125, 886425729}) = 0
19:18:27.602215,1023,mmap2(0xac0b9000, 4096, PROT_READ|PROT_WRITE, MAP_PRIVATE|MAP_FIXED, 51, 0x16 <unfinished ...>
19:18:27.602578,1048,getpid( <unfinished ...>
19:18:27.602964,1023,<... mmap2 resumed> ) = 0xac0b9000
19:18:27.603294,1048,<... getpid resumed> ) = 1023
19:18:27.603647,1023,madvise(0xac0b9000, 4096, 0xc /* MADV_??? */ <unfinished ...>
19:18:27.604100,1048,readlink("/proc/1023/fd/52", <unfinished ...>
19:18:27.604707,1023,<... madvise resumed> ) = -1 EINVAL (Invalid argument)
19:18:27.605162,1048,<... readlink resumed> "/data/data/com.igamepower.appmaster/files/icons/icons_com.svox.pico.ico"..., 120) = 71
19:18:27.605930,1023,mmap2(0xac0ba000, 32, PROT_READ|PROT_WRITE, MAP_PRIVATE|MAP_FIXED|MAP_ANONYMOUS, -1, 0 <unfinished ...>
19:18:27.606407,1048,writev(3, [{"\5", 1}, {"dalvikvm\0", 9}, {"DroidBox: { \"FdAccess\": { \"path\""..., 202}], 3 <unfinished ...>
19:18:27.607225,1023,<... mmap2 resumed> ) = 0xac0ba000
19:18:27.607728,1023,madvise(0xac0ba000, 32, 0xc /* MADV_??? */ <unfinished ...>
19:18:27.608047,1048,<... writev resumed> ) = 212
19:18:27.608370,1023,<... madvise resumed> ) = -1 EINVAL (Invalid argument)
19:18:27.609490,1048,writev(3, [{"\5", 1}, {"DroidBox\0", 9}, {"DroidBox: { \"FileRW\": { \"operati"..., 106}], 3 <unfinished ...>
19:18:27.610332,1023,close(51) = 0
19:18:27.612096,1048,<... writev resumed> ) = 116
19:18:27.613532,1023,mprotect(0xac0a2000, 90112, PROT_READ|PROT_EXEC <unfinished ...>
19:18:27.613945,1048,write(52, "\0\0\0H\0\0\0H\10\6\0\0\0", 13 <unfinished ...>
19:18:27.614415,1023,<... mprotect resumed> ) = 0
19:18:27.614797,1048,<... write resumed> ) = 13
19:18:27.615159,1023,mprotect(0xac0b9000, 4096, PROT_READ <unfinished ...>
19:18:27.616352,1048,clock_gettime(CLOCK_MONOTONIC, <unfinished ...>
19:18:27.616694,1023,<... mprotect resumed> ) = 0
19:18:27.617007,1048,<... clock_gettime resumed> {125, 901658274}) = 0
19:18:27.617468,1023,stat64("/vendor/lib/libGLESv1_enc.so", <unfinished ...>
19:18:27.617995,1048,getpid( <unfinished ...>
19:18:27.618370,1023,<... stat64 resumed> 0xbee69ba0) = -1 ENOENT (No such file or directory)
19:18:27.618680,1048,<... getpid resumed> ) = 1023
19:18:27.619044,1023,stat64("/system/lib/libGLESv1_enc.so", <unfinished ...>
19:18:27.619584,1048,readlink("/proc/1023/fd/52", <unfinished ...>
19:18:27.620060,1023,<... stat64 resumed> {st_mode=S_IFREG|0644, st_size=115924, ...}) = 0
19:18:27.621016,1048,<... readlink resumed> "/data/data/com.igamepower.appmaster/files/icons/icons_com.svox.pico.ico"..., 120) = 71
19:18:27.621775,1023,open("/system/lib/libGLESv1_enc.so", O_RDONLY <unfinished ...>
19:18:27.622419,1048,writev(3, [{"\5", 1}, {"dalvikvm\0", 9}, {"DroidBox: { \"FdAccess\": { \"path\""..., 203}], 3 <unfinished ...>
19:18:27.623240,1023,<... open resumed> ) = 51
19:18:27.623962,1023,lseek(51, 0, SEEK_SET <unfinished ...>
19:18:27.624278,1048,<... writev resumed> ) = 213
19:18:27.624604,1023,<... lseek resumed> ) = 0
19:18:27.625385,1048,writev(3, [{"\5", 1}, {"DroidBox\0", 9}, {"DroidBox: { \"FileRW\": { \"operati"..., 91}], 3 <unfinished ...>
19:18:27.626190,1023,read(51, "\177ELF\1\1\1\0\0\0\0\0\0\0\0\0\3\0(\0\1\0\0\0\0\0\0\0004\0\0\0"..., 4096) = 4096
19:18:27.627312,1048,<... writev resumed> ) = 101
19:18:27.627672,1023,lseek(51, -8, SEEK_END <unfinished ...>
19:18:27.628055,1048,write(52, "Uí³G", 4 <unfinished ...>
19:18:27.628413,1023,<... lseek resumed> ) = 115916
19:18:27.628789,1048,<... write resumed> ) = 4
19:18:27.629146,1023,read(51, <unfinished ...>
19:18:27.629546,1048,mmap2(NULL, 69632, PROT_READ|PROT_WRITE, MAP_PRIVATE|MAP_ANONYMOUS, -1, 0 <unfinished ...>
19:18:27.629907,1023,<... read resumed> "\1\0\0\0\0\0\0\0", 8) = 8
19:18:27.630347,1048,<... mmap2 resumed> ) = 0xac091000
19:18:27.630706,1023,mmap2(NULL, 122880, PROT_NONE, MAP_PRIVATE|MAP_ANONYMOUS, -1, 0 <unfinished ...>
19:18:27.631058,1048,madvise(0xac091000, 69632, 0xc /* MADV_??? */ <unfinished ...>
19:18:27.631438,1023,<... mmap2 resumed> ) = 0xab9be000
19:18:27.631737,1048,<... madvise resumed> ) = -1 EINVAL (Invalid argument)
19:18:27.632096,1023,madvise(0xab9be000, 122880, 0xc /* MADV_??? */ <unfinished ...>
19:18:27.632523,1048,mmap2(NULL, 69632, PROT_READ|PROT_WRITE, MAP_PRIVATE|MAP_ANONYMOUS, -1, 0 <unfinished ...>
19:18:27.632896,1023,<... madvise resumed> ) = -1 EINVAL (Invalid argument)
19:18:27.633255,1048,<... mmap2 resumed> ) = 0xac080000
19:18:27.633607,1023,mmap2(0xab9be000, 108725, PROT_READ|PROT_EXEC, MAP_PRIVATE|MAP_FIXED, 51, 0 <unfinished ...>
19:18:27.633963,1048,madvise(0xac080000, 69632, 0xc /* MADV_??? */ <unfinished ...>
19:18:27.634357,1023,<... mmap2 resumed> ) = 0xab9be000
19:18:27.634659,1048,<... madvise resumed> ) = -1 EINVAL (Invalid argument)
19:18:27.635017,1023,madvise(0xab9be000, 108725, 0xc /* MADV_??? */ <unfinished ...>
19:18:27.635430,1048,mmap2(NULL, 69632, PROT_READ|PROT_WRITE, MAP_PRIVATE|MAP_ANONYMOUS, -1, 0 <unfinished ...>
19:18:27.635770,1023,<... madvise resumed> ) = -1 EINVAL (Invalid argument)
19:18:27.636137,1048,<... mmap2 resumed> ) = 0xab9ad000
19:18:27.636487,1023,mprotect(0xab9be000, 110592, PROT_READ|PROT_WRITE|PROT_EXEC <unfinished ...>
19:18:27.636829,1048,madvise(0xab9ad000, 69632, 0xc /* MADV_??? */ <unfinished ...>
19:18:27.637181,1023,<... mprotect resumed> ) = 0
19:18:27.637479,1048,<... madvise resumed> ) = -1 EINVAL (Invalid argument)
19:18:27.637830,1023,mmap2(0xab9d9000, 8192, PROT_READ|PROT_WRITE, MAP_PRIVATE|MAP_FIXED, 51, 0x1a <unfinished ...>
19:18:27.638262,1048,mmap2(NULL, 69632, PROT_READ|PROT_WRITE, MAP_PRIVATE|MAP_ANONYMOUS, -1, 0 <unfinished ...>
19:18:27.638651,1023,<... mmap2 resumed> ) = 0xab9d9000
19:18:27.639013,1048,<... mmap2 resumed> ) = 0xab99c000
19:18:27.639362,1023,madvise(0xab9d9000, 8192, 0xc /* MADV_??? */ <unfinished ...>
19:18:27.639697,1048,madvise(0xab99c000, 69632, 0xc /* MADV_??? */ <unfinished ...>
19:18:27.640029,1023,<... madvise resumed> ) = -1 EINVAL (Invalid argument)
19:18:27.640329,1048,<... madvise resumed> ) = -1 EINVAL (Invalid argument)
19:18:27.640680,1023,mmap2(0xab9db000, 32, PROT_READ|PROT_WRITE, MAP_PRIVATE|MAP_FIXED|MAP_ANONYMOUS, -1, 0 <unfinished ...>
19:18:27.642284,1048,clock_gettime(CLOCK_MONOTONIC, <unfinished ...>
19:18:27.642650,1023,<... mmap2 resumed> ) = 0xab9db000
19:18:27.642964,1048,<... clock_gettime resumed> {125, 927609923}) = 0
19:18:27.643394,1023,madvise(0xab9db000, 32, 0xc /* MADV_??? */ <unfinished ...>
19:18:27.643735,1048,getpid( <unfinished ...>
19:18:27.644054,1023,<... madvise resumed> ) = -1 EINVAL (Invalid argument)
19:18:27.644355,1048,<... getpid resumed> ) = 1023
19:18:27.644742,1023,close(51 <unfinished ...>
19:18:27.645101,1048,readlink("/proc/1023/fd/52", <unfinished ...>
19:18:27.645544,1023,<... close resumed> ) = 0
19:18:27.645937,1048,<... readlink resumed> "/data/data/com.igamepower.appmaster/files/icons/icons_com.svox.pico.ico"..., 120) = 71
19:18:27.650263,1048,writev(3, [{"\5", 1}, {"dalvikvm\0", 9}, {"DroidBox: { \"FdAccess\": { \"path\""..., 202}], 3) = 212
19:18:27.652800,1048,writev(3, [{"\5", 1}, {"DroidBox\0", 9}, {"DroidBox: { \"FileRW\": { \"operati"..., 96}], 3) = 106
19:18:27.655279,1048,write(52, "\0\0\0\4sBIT", 8) = 8
19:18:27.677423,1048,clock_gettime(CLOCK_MONOTONIC, {125, 962426977}) = 0
19:18:27.678128,1048,getpid() = 1023
19:18:27.678703,1048,readlink("/proc/1023/fd/52", "/data/data/com.igamepower.appmaster/files/icons/icons_com.svox.pico.ico"..., 120) = 71
19:18:27.680012,1048,writev(3, [{"\5", 1}, {"dalvikvm\0", 9}, {"DroidBox: { \"FdAccess\": { \"path\""..., 202}], 3) = 212
19:18:27.682561,1048,writev(3, [{"\5", 1}, {"DroidBox\0", 9}, {"DroidBox: { \"FileRW\": { \"operati"..., 88}], 3) = 98
19:18:27.685062,1048,write(52, "\10\10\10\10", 4) = 4
19:18:27.689121,1048,clock_gettime(CLOCK_MONOTONIC, {125, 974080784}) = 0
19:18:27.689799,1048,getpid() = 1023
19:18:27.690664,1048,readlink("/proc/1023/fd/52", "/data/data/com.igamepower.appmaster/files/icons/icons_com.svox.pico.ico"..., 120) = 71
19:18:27.693149,1048,writev(3, [{"\5", 1}, {"dalvikvm\0", 9}, {"DroidBox: { \"FdAccess\": { \"path\""..., 203}], 3) = 213
19:18:27.695046,1048,writev(3, [{"\5", 1}, {"DroidBox\0", 9}, {"DroidBox: { \"FileRW\": { \"operati"..., 93}], 3) = 103
19:18:27.697020,1048,write(52, "|\10d\210", 4) = 4
19:18:27.716081,1048,clock_gettime(CLOCK_MONOTONIC, {126, 1084160}) = 0
19:18:27.716771,1048,getpid() = 1023
19:18:27.717354,1048,readlink("/proc/1023/fd/52", "/data/data/com.igamepower.appmaster/files/icons/icons_com.svox.pico.ico"..., 120) = 71
19:18:27.718651,1048,writev(3, [{"\5", 1}, {"dalvikvm\0", 9}, {"DroidBox: { \"FdAccess\": { \"path\""..., 203}], 3) = 213
19:18:27.720231,1048,writev(3, [{"\5", 1}, {"DroidBox\0", 9}, {"DroidBox: { \"FileRW\": { \"operati"..., 97}], 3) = 107
19:18:27.723451,1048,write(52, "\0\0\0373IDAT", 8) = 8
19:18:27.725188,1048,clock_gettime(CLOCK_MONOTONIC, {126, 10148690}) = 0
19:18:27.725831,1048,getpid() = 1023
19:18:27.727978,1023,mprotect(0xab9be000, 110592, PROT_READ|PROT_EXEC <unfinished ...>
19:18:27.733731,1048,readlink("/proc/1023/fd/52", <unfinished ...>
19:18:27.734085,1023,<... mprotect resumed> ) = 0
19:18:27.736175,1048,<... readlink resumed> "/data/data/com.igamepower.appmaster/files/icons/icons_com.svox.pico.ico"..., 120) = 71
19:18:27.736818,1023,mprotect(0xab9d9000, 8192, PROT_READ <unfinished ...>
19:18:27.738561,1048,writev(3, [{"\5", 1}, {"dalvikvm\0", 9}, {"DroidBox: { \"FdAccess\": { \"path\""..., 202}], 3 <unfinished ...>
19:18:27.739217,1023,<... mprotect resumed> ) = 0
19:18:27.740877,1048,<... writev resumed> ) = 212
19:18:27.741128,1023,mprotect(0xab9dc000, 8192, PROT_READ|PROT_EXEC <unfinished ...>
19:18:27.745334,1048,mprotect(0xb3de5000, 1511424, PROT_READ|PROT_WRITE <unfinished ...>
19:18:27.745569,1023,<... mprotect resumed> ) = 0
19:18:27.746725,1048,<... mprotect resumed> ) = 0
19:18:27.746975,1023,mprotect(0xab9de000, 4096, PROT_READ <unfinished ...>
19:18:27.747589,1048,mprotect(0xb3f56000, 40034304, PROT_NONE <unfinished ...>
19:18:27.747816,1023,<... mprotect resumed> ) = 0
19:18:27.749243,1048,<... mprotect resumed> ) = 0
19:18:27.749486,1023,mprotect(0xab7db000, 12288, PROT_READ|PROT_EXEC) = 0
19:18:27.753403,1023,mprotect(0xab7de000, 4096, PROT_READ) = 0
19:18:27.754195,1023,dup(49) = 51
19:18:27.754914,1023,writev(3, [{"\3", 1}, {"gralloc_goldfish\0", 17}, {"Emulator without GPU emulation d"..., 41}], 3) = 59
19:18:27.756132,1023,stat64("/system/lib/hw/gralloc.default.so", {st_mode=S_IFREG|0644, st_size=9888, ...}) = 0
19:18:27.757493,1023,open("/system/lib/hw/gralloc.default.so", O_RDONLY) = 53
19:18:27.758305,1023,lseek(53, 0, SEEK_SET) = 0
19:18:27.758871,1023,read(53, "\177ELF\1\1\1\0\0\0\0\0\0\0\0\0\3\0(\0\1\0\0\0\0\0\0\0004\0\0\0"..., 4096) = 4096
19:18:27.759662,1023,lseek(53, -8, SEEK_END) = 9880
19:18:27.760232,1023,read(53, "\1\0\0\0\0\0\0\0", 8) = 8
19:18:27.760872,1023,mmap2(NULL, 16384, PROT_NONE, MAP_PRIVATE|MAP_ANONYMOUS, -1, 0) = 0xac07c000
19:18:27.761526,1023,madvise(0xac07c000, 16384, 0xc /* MADV_??? */) = -1 EINVAL (Invalid argument)
19:18:27.773481,1023,mmap2(0xac07c000, 6595, PROT_READ|PROT_EXEC, MAP_PRIVATE|MAP_FIXED, 53, 0) = 0xac07c000
19:18:27.774211,1023,madvise(0xac07c000, 6595, 0xc /* MADV_??? */) = -1 EINVAL (Invalid argument)
19:18:27.774811,1023,mprotect(0xac07c000, 8192, PROT_READ|PROT_WRITE|PROT_EXEC) = 0
19:18:27.775429,1023,mmap2(0xac07e000, 4560, PROT_READ|PROT_WRITE, MAP_PRIVATE|MAP_FIXED, 53, 0x1) = 0xac07e000
19:18:27.776078,1023,madvise(0xac07e000, 4560, 0xc /* MADV_??? */) = -1 EINVAL (Invalid argument)
19:18:27.776773,1023,close(53) = 0
19:18:27.777636,1023,mprotect(0xac07c000, 8192, PROT_READ|PROT_EXEC) = 0
19:18:27.778253,1023,mprotect(0xac07e000, 4096, PROT_READ) = 0
19:18:27.779173,1023,futex(0xab7df0c4, FUTEX_WAKE_PRIVATE, 2147483647) = 0
19:18:27.779903,1023,getpid() = 1023
19:18:27.780505,1023,mmap2(NULL, 311296, PROT_READ|PROT_WRITE, MAP_SHARED, 51, 0) = 0xab950000
19:18:27.781311,1023,close(49) = 0
19:18:27.795713,1023,clock_gettime(CLOCK_MONOTONIC, <unfinished ...>
19:18:27.795987,1048,writev(3, [{"\5", 1}, {"DroidBox\0", 9}, {"DroidBox: { \"FileRW\": { \"operati"..., 396}], 3 <unfinished ...>
19:18:27.796776,1023,<... clock_gettime resumed> {126, 81391977}) = 0
19:18:27.800637,1023,brk(0xb8945000 <unfinished ...>
19:18:27.800984,1048,<... writev resumed> ) = 406
19:18:27.801316,1023,<... brk resumed> ) = 0xb8945000
19:18:27.801642,1048,futex(0xb6f62698, FUTEX_WAIT_PRIVATE, 2, NULL <unfinished ...>
19:18:27.802079,1023,futex(0xb6f62698, FUTEX_WAKE_PRIVATE, 1 <unfinished ...>
19:18:27.802377,1048,<... futex resumed> ) = -1 EAGAIN (Try again)
19:18:27.802691,1023,<... futex resumed> ) = 0
19:18:27.803013,1048,futex(0xb6f62698, FUTEX_WAKE_PRIVATE, 1 <unfinished ...>
19:18:27.803703,1023,brk(0xb8946000 <unfinished ...>
19:18:27.804042,1048,<... futex resumed> ) = 0
19:18:27.805797,1023,<... brk resumed> ) = 0xb8946000
19:18:27.806235,1048,futex(0xb6f62698, FUTEX_WAIT_PRIVATE, 2, NULL <unfinished ...>
19:18:27.806656,1023,futex(0xb6f62698, FUTEX_WAKE_PRIVATE, 1 <unfinished ...>
19:18:27.806974,1048,<... futex resumed> ) = -1 EAGAIN (Try again)
19:18:27.807305,1023,<... futex resumed> ) = 0
19:18:27.807635,1048,futex(0xb6f62698, FUTEX_WAKE_PRIVATE, 1 <unfinished ...>
19:18:27.808326,1023,brk(0xb8947000 <unfinished ...>
19:18:27.808629,1048,<... futex resumed> ) = 0
19:18:27.808967,1023,<... brk resumed> ) = 0xb8947000
19:18:27.809352,1048,write(52, "x\234Í\234i\214%×uß\177çÞªzKwOOÏÞC\0169\\%rD\221\22%S"..., 4096 <unfinished ...>
19:18:27.810338,1023,brk(0xb8948000 <unfinished ...>
19:18:27.810820,1048,<... write resumed> ) = 4096
19:18:27.811172,1023,<... brk resumed> ) = 0xb8948000
19:18:27.811539,1048,futex(0xb6f62698, FUTEX_WAIT_PRIVATE, 2, NULL <unfinished ...>
19:18:27.811944,1023,futex(0xb6f62698, FUTEX_WAKE_PRIVATE, 1 <unfinished ...>
19:18:27.812253,1048,<... futex resumed> ) = -1 EAGAIN (Try again)
19:18:27.812579,1023,<... futex resumed> ) = 0
19:18:27.812915,1048,futex(0xb6f62698, FUTEX_WAKE_PRIVATE, 1 <unfinished ...>
19:18:27.813689,1023,sigprocmask(SIG_BLOCK, [], <unfinished ...>
19:18:27.814049,1048,<... futex resumed> ) = 0
19:18:27.814376,1023,<... sigprocmask resumed> [QUIT USR1 PIPE]) = 0
19:18:27.815633,1048,clock_gettime(CLOCK_MONOTONIC, <unfinished ...>
19:18:27.816369,1023,brk(0xb8949000 <unfinished ...>
19:18:27.816679,1048,<... clock_gettime resumed> {126, 101324550}) = 0
19:18:27.817100,1023,<... brk resumed> ) = 0xb8949000
19:18:27.817447,1048,getpid( <unfinished ...>
19:18:27.818252,1023,sigprocmask(SIG_BLOCK, [], <unfinished ...>
19:18:27.818598,1048,<... getpid resumed> ) = 1023
19:18:27.818936,1023,<... sigprocmask resumed> [QUIT USR1 PIPE]) = 0
19:18:27.819343,1048,readlink("/proc/1023/fd/52", <unfinished ...>
19:18:27.820235,1023,sigprocmask(SIG_BLOCK, [], <unfinished ...>
19:18:27.820687,1048,<... readlink resumed> "/data/data/com.igamepower.appmaster/files/icons/icons_com.svox.pico.ico"..., 120) = 71
19:18:27.821429,1023,<... sigprocmask resumed> [QUIT USR1 PIPE]) = 0
19:18:27.821943,1048,writev(3, [{"\5", 1}, {"dalvikvm\0", 9}, {"DroidBox: { \"FdAccess\": { \"path\""..., 203}], 3 <unfinished ...>
19:18:27.823126,1023,sigprocmask(SIG_BLOCK, [], [QUIT USR1 PIPE]) = 0
19:18:27.824044,1048,<... writev resumed> ) = 213
19:18:27.825156,1023,brk(0xb894a000 <unfinished ...>
19:18:27.825556,1048,futex(0xb6f62698, FUTEX_WAIT_PRIVATE, 2, NULL <unfinished ...>
19:18:27.825902,1023,<... brk resumed> ) = 0xb894a000
19:18:27.826327,1023,futex(0xb6f62698, FUTEX_WAKE_PRIVATE, 1) = 1
19:18:27.826882,1048,<... futex resumed> ) = 0
19:18:27.829976,1023,clock_gettime(CLOCK_MONOTONIC, <unfinished ...>
19:18:27.872985,1048,futex(0xb6f62698, FUTEX_WAKE_PRIVATE, 1 <unfinished ...>
19:18:27.873336,1023,<... clock_gettime resumed> {126, 116102592}) = 0
19:18:27.873837,1048,<... futex resumed> ) = 0
19:18:27.874387,1023,clock_gettime(CLOCK_MONOTONIC, {126, 170790382}) = 0
19:18:27.886707,1023,clock_gettime(CLOCK_MONOTONIC, {126, 171686196}) = 0
19:18:27.888243,1023,brk(0xb8956000) = 0xb8956000
19:18:27.889233,1023,brk(0xb8957000) = 0xb8957000
19:18:27.890199,1023,brk(0xb8958000) = 0xb8958000
19:18:27.891468,1023,brk(0xb8959000) = 0xb8959000
19:18:27.892239,1023,sigprocmask(SIG_BLOCK, [], [QUIT USR1 PIPE]) = 0
19:18:27.893097,1023,sigprocmask(SIG_BLOCK, [], [QUIT USR1 PIPE]) = 0
19:18:27.894126,1023,sigprocmask(SIG_BLOCK, [], [QUIT USR1 PIPE]) = 0
19:18:27.895096,1023,sigprocmask(SIG_BLOCK, [], [QUIT USR1 PIPE]) = 0
19:18:27.921353,1023,sigprocmask(SIG_BLOCK, [], [QUIT USR1 PIPE]) = 0
19:18:27.922437,1023,sigprocmask(SIG_BLOCK, [], [QUIT USR1 PIPE]) = 0
19:18:27.923207,1023,brk(0xb895a000) = 0xb895a000
19:18:27.923899,1023,sigprocmask(SIG_BLOCK, [], [QUIT USR1 PIPE]) = 0
19:18:27.925112,1023,clock_gettime(CLOCK_MONOTONIC, {126, 210044881}) = 0
19:18:27.925737,1023,ioctl(9, 0xc0186201, 0xbee6d0c8) = 0
19:18:27.926686,1023,ioctl(9, 0xc0186201, 0xbee6d0c8) = 0
19:18:27.955803,1050,<... futex resumed> ) = -1 ETIMEDOUT (Connection timed out)
19:18:27.956379,1050,clock_gettime(CLOCK_MONOTONIC, {126, 241422362}) = 0
19:18:27.957166,1050,clock_gettime(CLOCK_MONOTONIC, {126, 242097539}) = 0
19:18:27.957705,1050,futex(0xb8882488, FUTEX_WAIT_PRIVATE, 0, {14, 999324823} <unfinished ...>
19:18:27.964465,1048,writev(3, [{"\5", 1}, {"DroidBox\0", 9}, {"DroidBox: { \"FileRW\": { \"operati"..., 451}], 3) = 461
19:18:27.965655,1048,write(52, "ÏÆJ\202\16¶ÑHvT\203V\35Ï\234\210Ç»\f'uÌ\27ãX\16\231ìßX¬\1"..., 3891) = 3891
19:18:27.967434,1048,clock_gettime(CLOCK_MONOTONIC, {126, 252376242}) = 0
19:18:27.968058,1048,getpid() = 1023
19:18:27.968587,1048,readlink("/proc/1023/fd/52", "/data/data/com.igamepower.appmaster/files/icons/icons_com.svox.pico.ico"..., 120) = 71
19:18:27.969819,1048,writev(3, [{"\5", 1}, {"dalvikvm\0", 9}, {"DroidBox: { \"FdAccess\": { \"path\""..., 203}], 3) = 213
19:18:27.973604,1048,writev(3, [{"\5", 1}, {"DroidBox\0", 9}, {"DroidBox: { \"FileRW\": { \"operati"..., 97}], 3) = 107
19:18:27.975056,1048,write(52, "ÐÇVl", 4) = 4
19:18:27.976588,1048,clock_gettime(CLOCK_MONOTONIC, {126, 261531696}) = 0
19:18:27.977213,1048,getpid() = 1023
19:18:27.998070,1048,readlink("/proc/1023/fd/52", <unfinished ...>
19:18:27.998458,1023,getpid( <unfinished ...>
19:18:28.000705,1048,<... readlink resumed> "/data/data/com.igamepower.appmaster/files/icons/icons_com.svox.pico.ico"..., 120) = 71
19:18:28.001519,1023,<... getpid resumed> ) = 1023
19:18:28.001985,1048,writev(3, [{"\5", 1}, {"dalvikvm\0", 9}, {"DroidBox: { \"FdAccess\": { \"path\""..., 201}], 3 <unfinished ...>
19:18:28.002686,1023,gettid() = 1023
19:18:28.003333,1048,<... writev resumed> ) = 211
19:18:28.003644,1023,clock_gettime(CLOCK_MONOTONIC, <unfinished ...>
19:18:28.004426,1048,writev(3, [{"\5", 1}, {"DroidBox\0", 9}, {"DroidBox: { \"FileRW\": { \"operati"..., 95}], 3 <unfinished ...>
19:18:28.005137,1023,<... clock_gettime resumed> {126, 289779246}) = 0
19:18:28.005849,1023,ioctl(9, 0xc0186201 <unfinished ...>
19:18:28.006164,1048,<... writev resumed> ) = 105
19:18:28.006509,1023,<... ioctl resumed> , 0xbee6d1f0) = 0
19:18:28.006845,1048,write(52, "\0\0\0\0IEND", 8 <unfinished ...>
19:18:28.008612,1023,ioctl(9, 0xc0186201 <unfinished ...>
19:18:28.009073,1048,<... write resumed> ) = 8
19:18:28.021240,1023,<... ioctl resumed> , 0xbee6d1f0) = 0
19:18:28.021841,1023,clock_gettime(CLOCK_MONOTONIC, {126, 306929133}) = 0
19:18:28.023086,1023,ioctl(9, 0xc0186201, 0xbee6cf18) = 0
19:18:28.023887,1023,ioctl(9, 0xc0186201, 0xbee6cf18) = 0
19:18:28.024478,1023,ioctl(9, 0xc0186201, 0xbee6cf10) = 0
19:18:28.025473,1023,ioctl(9, 0xc0186201, 0xbee6cf10) = 0
19:18:28.026095,1023,ioctl(9, 0xc0186201, 0xbee6cf18) = 0
19:18:28.026951,1023,ioctl(9, 0xc0186201, 0xbee6cf18) = 0
19:18:28.027517,1023,dup(49) = 53
19:18:28.028082,1023,getpid() = 1023
19:18:28.028589,1023,mmap2(NULL, 1536000, PROT_READ|PROT_WRITE, MAP_SHARED, 53, 0) = 0xab664000
19:18:28.029208,1023,close(49) = 0
19:18:28.046269,1023,clock_gettime(CLOCK_MONOTONIC, {126, 331397447}) = 0
19:18:28.090125,1048,clock_gettime(CLOCK_MONOTONIC, {126, 391240776}) = 0
19:18:28.106980,1048,getpid() = 1023
19:18:28.107537,1048,readlink("/proc/1023/fd/52", "/data/data/com.igamepower.appmaster/files/icons/icons_com.svox.pico.ico"..., 120) = 71
19:18:28.108783,1048,writev(3, [{"\5", 1}, {"dalvikvm\0", 9}, {"DroidBox: { \"FdAccess\": { \"path\""..., 202}], 3) = 212
19:18:28.110282,1048,writev(3, [{"\5", 1}, {"DroidBox\0", 9}, {"DroidBox: { \"FileRW\": { \"operati"..., 96}], 3) = 106
19:18:28.112760,1048,write(52, "®B`\202", 4) = 4
19:18:28.113527,1048,munmap(0xab99c000, 69632) = 0
19:18:28.114167,1048,munmap(0xab9ad000, 69632) = 0
19:18:28.114723,1048,munmap(0xac080000, 69632) = 0
19:18:28.115281,1048,munmap(0xac091000, 69632) = 0
19:18:28.154332,1023,brk(0xb8966000 <unfinished ...>
19:18:28.154725,1048,fstat64(52, <unfinished ...>
19:18:28.155140,1023,<... brk resumed> ) = 0xb8966000
19:18:28.155432,1048,<... fstat64 resumed> {st_mode=S_IFREG|0600, st_size=8060, ...}) = 0
19:18:28.157474,1023,sigprocmask(SIG_BLOCK, [], <unfinished ...>
19:18:28.157963,1048,close(52 <unfinished ...>
19:18:28.158669,1023,<... sigprocmask resumed> [QUIT USR1 PIPE]) = 0
19:18:28.186300,1048,<... close resumed> ) = 0
19:18:28.186705,1023,sigprocmask(SIG_BLOCK, [], <unfinished ...>
19:18:28.188819,1048,gettimeofday( <unfinished ...>
19:18:28.189195,1023,<... sigprocmask resumed> [QUIT USR1 PIPE]) = 0
19:18:28.189546,1048,<... gettimeofday resumed> {1738783108, 189442}, NULL) = 0
19:18:28.192420,1023,sigprocmask(SIG_BLOCK, [], <unfinished ...>
19:18:28.193177,1048,brk(0xb8967000 <unfinished ...>
19:18:28.193488,1023,<... sigprocmask resumed> [QUIT USR1 PIPE]) = 0
19:18:28.193840,1048,<... brk resumed> ) = 0xb8967000
19:18:28.195123,1023,sigprocmask(SIG_BLOCK, [], <unfinished ...>
19:18:28.195970,1048,brk(0xb8968000 <unfinished ...>
19:18:28.196295,1023,<... sigprocmask resumed> [QUIT USR1 PIPE]) = 0
19:18:28.196649,1048,<... brk resumed> ) = 0xb8968000
19:18:28.197268,1023,futex(0xb6f62698, FUTEX_WAIT_PRIVATE, 2, NULL <unfinished ...>
19:18:28.197645,1048,futex(0xb6f62698, FUTEX_WAKE_PRIVATE, 1 <unfinished ...>
19:18:28.198013,1023,<... futex resumed> ) = -1 EAGAIN (Try again)
19:18:28.198314,1048,<... futex resumed> ) = 0
19:18:28.289908,1023,futex(0xb6f62698, FUTEX_WAKE_PRIVATE, 1 <unfinished ...>
19:18:28.290216,1048,gettimeofday( <unfinished ...>
19:18:28.290547,1023,<... futex resumed> ) = 0
19:18:28.290837,1048,<... gettimeofday resumed> {1738783108, 290736}, NULL) = 0
19:18:28.294015,1023,sigprocmask(SIG_BLOCK, [], <unfinished ...>
19:18:28.294786,1048,gettimeofday( <unfinished ...>
19:18:28.295266,1023,<... sigprocmask resumed> [QUIT USR1 PIPE]) = 0
19:18:28.295600,1048,<... gettimeofday resumed> {1738783108, 295488}, NULL) = 0
19:18:28.296272,1048,fcntl64(42, F_SETLK, {type=F_RDLCK, whence=SEEK_SET, start=1073741824, len=1}) = 0
19:18:28.296964,1048,fcntl64(42, F_SETLK, {type=F_RDLCK, whence=SEEK_SET, start=1073741826, len=510}) = 0
19:18:28.297682,1048,fcntl64(42, F_SETLK, {type=F_UNLCK, whence=SEEK_SET, start=1073741824, len=1}) = 0
19:18:28.298393,1048,access("/data/data/com.igamepower.appmaster/databases/game_service_folderdb.db-journal", F_OK) = 0
19:18:28.299456,1048,stat64("/data/data/com.igamepower.appmaster/databases/game_service_folderdb.db-journal", {st_mode=S_IFREG|0600, st_size=25136, ...}) = 0
19:18:28.301001,1048,fcntl64(42, F_GETLK, {type=F_UNLCK, whence=SEEK_SET, start=1073741825, len=1, pid=0}) = 0
19:18:28.301605,1048,fstat64(42, {st_mode=S_IFREG|0660, st_size=32768, ...}) = 0
19:18:28.302774,1048,stat64("/data/data/com.igamepower.appmaster/databases/game_service_folderdb.db", {st_mode=S_IFREG|0660, st_size=32768, ...}) = 0
19:18:28.304260,1048,umask(0) = 077
19:18:28.304737,1048,open("/data/data/com.igamepower.appmaster/databases/game_service_folderdb.db-journal", O_RDONLY) = 49
19:18:28.317032,1048,umask(077) = 0
19:18:28.317580,1048,fchown32(49, 10050, 10050) = 0
19:18:28.318223,1048,fcntl64(49, F_GETFD) = 0
19:18:28.318702,1048,fcntl64(49, F_SETFD, FD_CLOEXEC) = 0
19:18:28.319243,1048,pread(49, "\0", 1, 3069335896) = 1
19:18:28.319783,1048,close(49) = 0
19:18:28.320356,1048,fstat64(42, {st_mode=S_IFREG|0660, st_size=32768, ...}) = 0
19:18:28.321376,1048,pread(42, "\0\0\0\5\0\0\0\10\0\0\0\0\0\0\0\0", 16, 106148551000) = 16
19:18:28.322062,1048,fstat64(42, {st_mode=S_IFREG|0660, st_size=32768, ...}) = 0
19:18:28.323075,1048,access("/data/data/com.igamepower.appmaster/databases/game_service_folderdb.db-wal", F_OK) = -1 ENOENT (No such file or directory)
19:18:28.324033,1048,fstat64(42, {st_mode=S_IFREG|0660, st_size=32768, ...}) = 0
19:18:28.325100,1048,fcntl64(42, F_SETLK, {type=F_WRLCK, whence=SEEK_SET, start=1073741825, len=1}) = 0
19:18:28.325898,1048,stat64("/data/data/com.igamepower.appmaster/databases/game_service_folderdb.db", {st_mode=S_IFREG|0660, st_size=32768, ...}) = 0
19:18:28.327266,1048,umask(0) = 077
19:18:28.327741,1048,open("/data/data/com.igamepower.appmaster/databases/game_service_folderdb.db-journal", O_RDWR|O_CREAT, 0660) = 49
19:18:28.328663,1048,umask(077) = 0
19:18:28.329157,1048,fchown32(49, 10050, 10050) = 0
19:18:28.329705,1048,fcntl64(49, F_GETFD) = 0
19:18:28.330205,1048,fcntl64(49, F_SETFD, FD_CLOEXEC) = 0
19:18:28.330693,1048,pwrite(49, "\0\0\0\0\0\0\0\0\0\0\0\0~ýÔ5\0\0\0\10\0\0\2\0\0\0\20\0\0\0\0\0"..., 512, 3069335932) = 512
19:18:28.331506,1048,pwrite(49, "\0\0\0\5", 4, 2202092591484) = 4
19:18:28.332114,1048,pwrite(49, "\n\0\0\0\2\17Ô\0\17ó\17Ô\0\0\0\0\0\0\0\0\0\0\0\0\0\0\0\0\0\0\0\0"..., 4096, 2219272460668) = 4096
19:18:28.332884,1048,pwrite(49, "~ýÔ5", 4, 19811458505084) = 4
19:18:28.346933,1048,pwrite(49, "\0\0\0\6", 4, 19828638374268 <unfinished ...>
19:18:28.347269,1023,sigprocmask(SIG_BLOCK, [], <unfinished ...>
19:18:28.347665,1048,<... pwrite resumed> ) = 4
19:18:28.347973,1023,<... sigprocmask resumed> [QUIT USR1 PIPE]) = 0
19:18:28.348322,1048,pwrite(49, "\n\0\0\0\2\17÷\0\17ü\17÷\0\0\0\0\0\0\0\0\0\0\0\0\0\0\0\0\0\0\0\0"..., 4096, 19845818243452 <unfinished ...>
19:18:28.351418,1023,sigprocmask(SIG_BLOCK, [], <unfinished ...>
19:18:28.351822,1048,<... pwrite resumed> ) = 4096
19:18:28.352178,1023,<... sigprocmask resumed> [QUIT USR1 PIPE]) = 0
19:18:28.352536,1048,pwrite(49, "~ýÔ5", 4, 37438004287868 <unfinished ...>
19:18:28.353209,1023,sigprocmask(SIG_BLOCK, [], <unfinished ...>
19:18:28.353573,1048,<... pwrite resumed> ) = 4
19:18:28.353933,1023,<... sigprocmask resumed> [QUIT USR1 PIPE]) = 0
19:18:28.354353,1048,pwrite(49, "\0\0\0\7", 4, 37455184157052 <unfinished ...>
19:18:28.355268,1023,clock_gettime(CLOCK_MONOTONIC, <unfinished ...>
19:18:28.355587,1048,<... pwrite resumed> ) = 4
19:18:28.355969,1023,<... clock_gettime resumed> {126, 640532064}) = 0
19:18:28.356347,1048,pwrite(49, "\n\0\0\0\2\17Ø\0\17õ\17Ø\0\0\0\0\0\0\0\0\0\0\0\0\0\0\0\0\0\0\0\0"..., 4096, 37472364026236 <unfinished ...>
19:18:28.357011,1023,ioctl(9, 0xc0186201 <unfinished ...>
19:18:28.357350,1048,<... pwrite resumed> ) = 4096
19:18:28.357715,1023,<... ioctl resumed> , 0xbee6d0c8) = 0
19:18:28.358089,1048,pwrite(49, "~ýÔ5", 4, 55064550070652 <unfinished ...>
19:18:28.358808,1023,ioctl(9, 0xc0186201 <unfinished ...>
19:18:28.359135,1048,<... pwrite resumed> ) = 4
19:18:28.359506,1023,<... ioctl resumed> , 0xbee6d0c8) = 0
19:18:28.359861,1048,pwrite(49, "\0\0\0\10", 4, 55081729939836 <unfinished ...>
19:18:28.360537,1023,getpid( <unfinished ...>
19:18:28.360855,1048,<... pwrite resumed> ) = 4
19:18:28.361151,1023,<... getpid resumed> ) = 1023
19:18:28.361458,1048,pwrite(49, "\n\0\0\0\2\17õ\0\17û\17õ\0\0\0\0\0\0\0\0\0\0\0\0\0\0\0\0\0\0\0\0"..., 4096, 55098909809020 <unfinished ...>
19:18:28.362046,1023,gettid( <unfinished ...>
19:18:28.362381,1048,<... pwrite resumed> ) = 4096
19:18:28.362688,1023,<... gettid resumed> ) = 1023
19:18:28.363019,1048,pwrite(49, "~ýÔ5", 4, 72691095853436 <unfinished ...>
19:18:28.363408,1023,clock_gettime(CLOCK_MONOTONIC, <unfinished ...>
19:18:28.363716,1048,<... pwrite resumed> ) = 4
19:18:28.364017,1023,<... clock_gettime resumed> {126, 648662679}) = 0
19:18:28.364439,1048,pwrite(49, "\0\0\0\4", 4, 72708275722620 <unfinished ...>
19:18:28.364852,1023,ioctl(9, 0xc0186201 <unfinished ...>
19:18:28.365186,1048,<... pwrite resumed> ) = 4
19:18:28.365544,1023,<... ioctl resumed> , 0xbee6d1f0) = 0
19:18:28.365923,1048,pwrite(49, "\r\0\0\0\2\16ð\0\17x\16ð\0\0\0\0\0\0\0\0\0\0\0\0\0\0\0\0\0\0\0\0"..., 4096, 72725455591804 <unfinished ...>
19:18:28.369211,1023,ioctl(9, 0xc0186201 <unfinished ...>
19:18:28.369566,1048,<... pwrite resumed> ) = 4096
19:18:28.370168,1048,pwrite(49, "~ýÔ¤", 4, 90317641636220) = 4
19:18:28.374281,1023,<... ioctl resumed> , 0xbee6d1f0) = 0
19:18:28.374654,1048,fcntl64(42, F_SETLK, {type=F_WRLCK, whence=SEEK_SET, start=1073741824, len=1} <unfinished ...>
19:18:28.375398,1023,clock_gettime(CLOCK_MONOTONIC, <unfinished ...>
19:18:28.375703,1048,<... fcntl64 resumed> ) = 0
19:18:28.376090,1023,<... clock_gettime resumed> {126, 660733297}) = 0
19:18:28.376469,1048,fcntl64(42, F_SETLK, {type=F_WRLCK, whence=SEEK_SET, start=1073741826, len=510} <unfinished ...>
19:18:28.377063,1023,getpid( <unfinished ...>
19:18:28.377360,1048,<... fcntl64 resumed> ) = 0
19:18:28.377652,1023,<... getpid resumed> ) = 1023
19:18:28.377994,1048,pwrite(49, "\0\0\0\1", 4, 90334821505404 <unfinished ...>
19:18:28.378390,1023,getuid32( <unfinished ...>
19:18:28.378701,1048,<... pwrite resumed> ) = 4
19:18:28.379016,1023,<... getuid32 resumed> ) = 10050
19:18:28.379331,1048,pwrite(49, "SQLite format 3\0\20\0\1\1\0@ \0\0\0\5\0\0\0\10"..., 4096, 90352001374588 <unfinished ...>
19:18:28.379934,1023,epoll_wait(0x1e, 0xbee6d1f8, 0x10, 0 <unfinished ...>
19:18:28.380283,1048,<... pwrite resumed> ) = 4096
19:18:28.380586,1023,<... epoll_wait resumed> ) = 0
19:18:28.380894,1048,pwrite(49, "~ýÕ\236", 4, 107944187419004 <unfinished ...>
19:18:28.381305,1023,clock_gettime(CLOCK_MONOTONIC, <unfinished ...>
19:18:28.381612,1048,<... pwrite resumed> ) = 4
19:18:28.381949,1023,<... clock_gettime resumed> {126, 666554066}) = 0
19:18:28.382334,1048,pread(49, <unfinished ...>
19:18:28.382951,1023,clock_gettime(CLOCK_MONOTONIC, <unfinished ...>
19:18:28.383238,1048,<... pread resumed> "", 8, 109954232113496) = 0
19:18:28.383574,1023,<... clock_gettime resumed> {126, 668217466}) = 0
19:18:28.384001,1048,fdatasync(49 <unfinished ...>
19:18:28.384375,1023,clock_gettime(CLOCK_MONOTONIC, {126, 670009917}) = 0
19:18:28.385681,1048,<... fdatasync resumed> ) = 0
19:18:28.386157,1023,recvfrom(37, <unfinished ...>
19:18:28.386483,1048,open("/data/data/com.igamepower.appmaster/databases", O_RDONLY <unfinished ...>
19:18:28.387085,1023,<... recvfrom resumed> 0xbee6c9a8, 24, 64, 0, 0) = -1 EAGAIN (Try again)
19:18:28.387431,1048,<... open resumed> ) = 52
19:18:28.387781,1023,ioctl(9, 0xc0186201 <unfinished ...>
19:18:28.388136,1048,fcntl64(52, F_GETFD <unfinished ...>
19:18:28.388478,1023,<... ioctl resumed> , 0xbee6d178) = 0
19:18:28.388761,1048,<... fcntl64 resumed> ) = 0
19:18:28.389368,1023,clock_gettime(CLOCK_MONOTONIC, <unfinished ...>
19:18:28.418459,1048,fcntl64(52, F_SETFD, FD_CLOEXEC <unfinished ...>
19:18:28.418752,1023,<... clock_gettime resumed> {126, 675080983}) = 0
19:18:28.420402,1048,<... fcntl64 resumed> ) = 0
19:18:28.420818,1023,getpid( <unfinished ...>
19:18:28.421410,1048,fdatasync(52 <unfinished ...>
19:18:28.421708,1023,<... getpid resumed> ) = 1023
19:18:28.422184,1023,getuid32() = 10050
19:18:28.423808,1048,<... fdatasync resumed> ) = 0
19:18:28.424223,1023,epoll_wait(0x1e, 0xbee6d1f8, 0x10, 0 <unfinished ...>
19:18:28.424531,1048,close(52 <unfinished ...>
19:18:28.424833,1023,<... epoll_wait resumed> ) = 1
19:18:28.425219,1048,<... close resumed> ) = 0
19:18:28.425557,1023,recvfrom(37, <unfinished ...>
19:18:28.425882,1048,pwrite(49, "ÙÕ\5ù ¡c×\0\0\0\6", 12, 3069335932 <unfinished ...>
19:18:28.426319,1023,<... recvfrom resumed> "nysv\0\0\0\0R\200Å|\35\0\0\0¬\3\0\0\224Â'¸", 24, MSG_DONTWAIT, NULL, NULL) = 24
19:18:28.426886,1048,<... pwrite resumed> ) = 12
19:18:28.427228,1023,recvfrom(37, <unfinished ...>
19:18:28.427530,1048,fdatasync(49 <unfinished ...>
19:18:28.427828,1023,<... recvfrom resumed> 0xbee6c828, 24, 64, 0, 0) = -1 EAGAIN (Try again)
19:18:28.428530,1023,clock_gettime(CLOCK_MONOTONIC, <unfinished ...>
19:18:28.428838,1048,<... fdatasync resumed> ) = 0
19:18:28.429215,1023,<... clock_gettime resumed> {126, 713857455}) = 0
19:18:28.429607,1048,pwrite(42, "SQLite format 3\0\20\0\1\1\0@ \0\0\0\6\0\0\0\10"..., 4096, 3069335932 <unfinished ...>
19:18:28.456235,1023,clock_gettime(CLOCK_MONOTONIC, <unfinished ...>
19:18:28.466744,1048,<... pwrite resumed> ) = 4096
19:18:28.467107,1023,<... clock_gettime resumed> {126, 751752197}) = 0
19:18:28.467479,1048,pwrite(42, "\r\0\0\0\3\16\203\0\17x\16ð\16\203\0\0\0\0\0\0\0\0\0\0\0\0\0\0\0\0\0\0"..., 4096, 52779627469180 <unfinished ...>
19:18:28.468126,1023,clock_gettime(CLOCK_MONOTONIC, <unfinished ...>
19:18:28.468434,1048,<... pwrite resumed> ) = 4096
19:18:28.468725,1023,<... clock_gettime resumed> {126, 753372895}) = 0
19:18:28.469123,1048,pwrite(42, "\n\0\0\0\3\17À\0\17ó\17Ô\17À\0\0\0\0\0\0\0\0\0\0\0\0\0\0\0\0\0\0"..., 4096, 70371813513596 <unfinished ...>
19:18:28.470133,1023,getpid( <unfinished ...>
19:18:28.470572,1048,<... pwrite resumed> ) = 4096
19:18:28.470951,1023,<... getpid resumed> ) = 1023
19:18:28.471266,1048,pwrite(42, "\n\0\0\0\3\17ò\0\17ü\17÷\17ò\0\0\0\0\0\0\0\0\0\0\0\0\0\0\0\0\0\0"..., 4096, 87963999558012 <unfinished ...>
19:18:28.471843,1023,getuid32( <unfinished ...>
19:18:28.472184,1048,<... pwrite resumed> ) = 4096
19:18:28.472471,1023,<... getuid32 resumed> ) = 10050
19:18:28.472765,1048,pwrite(42, "\n\0\0\0\3\17Æ\0\17õ\17Ø\17Æ\0\0\0\0\0\0\0\0\0\0\0\0\0\0\0\0\0\0"..., 4096, 105556185602428 <unfinished ...>
19:18:28.473385,1023,epoll_wait(0x1e, 0xbee6d1f8, 0x10, 0 <unfinished ...>
19:18:28.473695,1048,<... pwrite resumed> ) = 4096
19:18:28.474032,1023,<... epoll_wait resumed> ) = 0
19:18:28.474321,1048,pwrite(42, "\n\0\0\0\3\17ï\0\17û\17õ\17ï\0\0\0\0\0\0\0\0\0\0\0\0\0\0\0\0\0\0"..., 4096, 123148371646844 <unfinished ...>
19:18:28.474927,1023,clock_gettime(CLOCK_MONOTONIC, <unfinished ...>
19:18:28.475290,1048,<... pwrite resumed> ) = 4096
19:18:28.475588,1023,<... clock_gettime resumed> {126, 760233378}) = 0
19:18:28.476017,1048,fdatasync(42 <unfinished ...>
19:18:28.476516,1023,getpid() = 1023
19:18:28.477538,1048,<... fdatasync resumed> ) = 0
19:18:28.477855,1023,getuid32( <unfinished ...>
19:18:28.478147,1048,pwrite(49, "\0\0\0\0\0\0\0\0\0\0\0\0\0\0\0\0\0\0\0\0\0\0\0\0\0\0\0\0", 28, 3069335932 <unfinished ...>
19:18:28.478643,1023,<... getuid32 resumed> ) = 10050
19:18:28.478999,1048,<... pwrite resumed> ) = 28
19:18:28.479356,1023,epoll_wait(0x1e, 0xbee6d1f8, 0x10, 0 <unfinished ...>
19:18:28.479659,1048,fdatasync(49 <unfinished ...>
19:18:28.504439,1023,<... epoll_wait resumed> ) = 0
19:18:28.505170,1023,clock_gettime(CLOCK_MONOTONIC, <unfinished ...>
19:18:28.505464,1048,<... fdatasync resumed> ) = 0
19:18:28.505751,1023,<... clock_gettime resumed> {126, 790399291}) = 0
19:18:28.506159,1048,fstat64(49, <unfinished ...>
19:18:28.506697,1023,clock_gettime(CLOCK_MONOTONIC, <unfinished ...>
19:18:28.507035,1048,<... fstat64 resumed> {st_mode=S_IFREG|0600, st_size=25136, ...}) = 0
19:18:28.507814,1023,<... clock_gettime resumed> {126, 792461902}) = 0
19:18:28.508192,1048,fcntl64(42, F_SETLK, {type=F_RDLCK, whence=SEEK_SET, start=1073741826, len=510} <unfinished ...>
19:18:28.526532,1023,clock_gettime(CLOCK_MONOTONIC, <unfinished ...>
19:18:28.526855,1048,<... fcntl64 resumed> ) = 0
19:18:28.527154,1023,<... clock_gettime resumed> {126, 811797689}) = 0
19:18:28.527526,1048,fcntl64(42, F_SETLK, {type=F_UNLCK, whence=SEEK_SET, start=1073741824, len=2} <unfinished ...>
19:18:28.528019,1023,clock_gettime(CLOCK_MONOTONIC, <unfinished ...>
19:18:28.528309,1048,<... fcntl64 resumed> ) = 0
19:18:28.528601,1023,<... clock_gettime resumed> {126, 813247620}) = 0
19:18:28.529036,1048,close(49 <unfinished ...>
19:18:28.529397,1023,getpid( <unfinished ...>
19:18:28.529675,1048,<... close resumed> ) = 0
19:18:28.530045,1023,<... getpid resumed> ) = 1023
19:18:28.530403,1048,fcntl64(42, F_SETLK, {type=F_UNLCK, whence=SEEK_SET, start=0, len=0} <unfinished ...>
19:18:28.530803,1023,getuid32( <unfinished ...>
19:18:28.531115,1048,<... fcntl64 resumed> ) = 0
19:18:28.531421,1023,<... getuid32 resumed> ) = 10050
19:18:28.531809,1048,gettimeofday( <unfinished ...>
19:18:28.532199,1023,epoll_wait(0x1e, 0xbee6d1f8, 0x10, 0 <unfinished ...>
19:18:28.532473,1048,<... gettimeofday resumed> {1738783108, 532378}, NULL) = 0
19:18:28.532835,1023,<... epoll_wait resumed> ) = 0
19:18:28.533412,1048,gettimeofday( <unfinished ...>
19:18:28.533740,1023,clock_gettime(CLOCK_MONOTONIC, <unfinished ...>
19:18:28.534045,1048,<... gettimeofday resumed> {1738783108, 533950}, NULL) = 0
19:18:28.534405,1023,<... clock_gettime resumed> {126, 819053738}) = 0
19:18:28.534896,1048,gettimeofday( <unfinished ...>
19:18:28.535248,1023,getpid( <unfinished ...>
19:18:28.535545,1048,<... gettimeofday resumed> {1738783108, 535451}, NULL) = 0
19:18:28.535958,1023,<... getpid resumed> ) = 1023
19:18:28.536562,1048,open("/dev/ashmem", O_RDWR <unfinished ...>
19:18:28.537003,1023,getuid32( <unfinished ...>
19:18:28.537333,1048,<... open resumed> ) = 49
19:18:28.537626,1023,<... getuid32 resumed> ) = 10050
19:18:28.537987,1048,ioctl(49, 0x41007701 <unfinished ...>
19:18:28.538341,1023,epoll_wait(0x1e, 0xbee6d1f8, 0x10, 0 <unfinished ...>
19:18:28.538629,1048,<... ioctl resumed> , 0xac85f90c) = 0
19:18:28.538995,1023,<... epoll_wait resumed> ) = 0
19:18:28.539284,1048,ioctl(49, 0x40047703 <unfinished ...>
19:18:28.539614,1023,clock_gettime(CLOCK_MONOTONIC, <unfinished ...>
19:18:28.539933,1048,<... ioctl resumed> , 0x200000) = 0
19:18:28.540273,1023,<... clock_gettime resumed> {126, 824922878}) = 0
19:18:28.540634,1048,ioctl(49, 0x40047705, 0x3) = 0
19:18:28.568397,1023,clock_gettime(CLOCK_MONOTONIC, <unfinished ...>
19:18:28.587749,1048,mmap2(NULL, 2097152, PROT_READ|PROT_WRITE, MAP_SHARED, 49, 0 <unfinished ...>
19:18:28.588161,1023,<... clock_gettime resumed> {126, 872802083}) = 0
19:18:28.589366,1048,<... mmap2 resumed> ) = 0xab464000
19:18:28.589814,1023,getpid( <unfinished ...>
19:18:28.592307,1048,ioctl(49, 0x40047705 <unfinished ...>
19:18:28.592674,1023,<... getpid resumed> ) = 1023
19:18:28.594440,1048,<... ioctl resumed> , 0x1) = 0
19:18:28.594773,1023,getuid32( <unfinished ...>
19:18:28.595813,1048,gettimeofday( <unfinished ...>
19:18:28.596156,1023,<... getuid32 resumed> ) = 10050
19:18:28.596480,1048,<... gettimeofday resumed> {1738783108, 596387}, NULL) = 0
19:18:28.597018,1023,epoll_wait(0x1e, 0xbee6d1f8, 0x10, 0 <unfinished ...>
19:18:28.597395,1048,fcntl64(42, F_SETLK, {type=F_RDLCK, whence=SEEK_SET, start=1073741824, len=1}) = 0
19:18:28.606026,1023,<... epoll_wait resumed> ) = 0
19:18:28.606655,1048,fcntl64(42, F_SETLK, {type=F_RDLCK, whence=SEEK_SET, start=1073741826, len=510} <unfinished ...>
19:18:28.607278,1023,clock_gettime(CLOCK_MONOTONIC, <unfinished ...>
19:18:28.607853,1048,<... fcntl64 resumed> ) = 0
19:18:28.608181,1023,<... clock_gettime resumed> {126, 892821717}) = 0
19:18:28.609447,1048,fcntl64(42, F_SETLK, {type=F_UNLCK, whence=SEEK_SET, start=1073741824, len=1} <unfinished ...>
19:18:28.610025,1023,getpid( <unfinished ...>
19:18:28.610630,1048,<... fcntl64 resumed> ) = 0
19:18:28.610979,1023,<... getpid resumed> ) = 1023
19:18:28.611416,1048,access("/data/data/com.igamepower.appmaster/databases/game_service_folderdb.db-journal", F_OK <unfinished ...>
19:18:28.612191,1023,getuid32( <unfinished ...>
19:18:28.613807,1048,<... access resumed> ) = 0
19:18:28.614156,1023,<... getuid32 resumed> ) = 10050
19:18:28.614500,1048,stat64("/data/data/com.igamepower.appmaster/databases/game_service_folderdb.db-journal", <unfinished ...>
19:18:28.615317,1023,epoll_wait(0x1e, 0xbee6d1f8, 0x10, 0 <unfinished ...>
19:18:28.615952,1048,<... stat64 resumed> {st_mode=S_IFREG|0600, st_size=25136, ...}) = 0
19:18:28.616778,1023,<... epoll_wait resumed> ) = 0
19:18:28.617297,1048,fcntl64(42, F_GETLK, {type=F_UNLCK, whence=SEEK_SET, start=1073741825, len=1, pid=0}) = 0
19:18:28.634102,1048,fstat64(42, {st_mode=S_IFREG|0660, st_size=32768, ...}) = 0
19:18:28.635244,1048,stat64("/data/data/com.igamepower.appmaster/databases/game_service_folderdb.db", {st_mode=S_IFREG|0660, st_size=32768, ...}) = 0
19:18:28.636969,1048,umask(0) = 077
19:18:28.637467,1048,open("/data/data/com.igamepower.appmaster/databases/game_service_folderdb.db-journal", O_RDONLY) = 52
19:18:28.638459,1048,umask(077) = 0
19:18:28.639003,1048,fchown32(52, 10050, 10050) = 0
19:18:28.639593,1048,fcntl64(52, F_GETFD) = 0
19:18:28.640141,1048,fcntl64(52, F_SETFD, FD_CLOEXEC) = 0
19:18:28.640660,1048,pread(52, "\0", 1, 3069335896) = 1
19:18:28.658942,1048,close(52) = 0
19:18:28.659471,1048,fstat64(42, {st_mode=S_IFREG|0660, st_size=32768, ...}) = 0
19:18:28.660523,1048,pread(42, "\0\0\0\6\0\0\0\10\0\0\0\0\0\0\0\0", 16, 106148551000) = 16
19:18:28.661264,1048,fstat64(42, {st_mode=S_IFREG|0660, st_size=32768, ...}) = 0
19:18:28.662340,1048,access("/data/data/com.igamepower.appmaster/databases/game_service_folderdb.db-wal", F_OK) = -1 ENOENT (No such file or directory)
19:18:28.663295,1048,fstat64(42, {st_mode=S_IFREG|0660, st_size=32768, ...}) = 0
19:18:28.664445,1048,fcntl64(42, F_SETLK, {type=F_UNLCK, whence=SEEK_SET, start=0, len=0}) = 0
19:18:28.665184,1048,gettimeofday({1738783108, 665353}, NULL) = 0
19:18:28.666031,1048,munmap(0xab464000, 2097152) = 0
19:18:28.666600,1048,close(49) = 0
19:18:28.668797,1048,gettimeofday({1738783108, 669037}, NULL) = 0
19:18:28.669539,1048,brk(0xb8969000 <unfinished ...>
19:18:28.824061,1023,futex(0xb6f62698, FUTEX_WAIT_PRIVATE, 2, NULL <unfinished ...>
19:18:28.824411,1048,<... brk resumed> ) = 0xb8969000
19:18:28.824802,1048,futex(0xb6f62698, FUTEX_WAKE_PRIVATE, 1) = 1
19:18:28.825344,1023,<... futex resumed> ) = 0
19:18:28.825976,1048,brk(0xb896a000 <unfinished ...>
19:18:28.826300,1023,futex(0xb6f62698, FUTEX_WAIT_PRIVATE, 2, NULL <unfinished ...>
19:18:28.826592,1048,<... brk resumed> ) = 0xb896a000
19:18:28.826996,1048,futex(0xb6f62698, FUTEX_WAKE_PRIVATE, 1) = 1
19:18:28.827496,1023,<... futex resumed> ) = 0
19:18:28.828142,1048,gettimeofday( <unfinished ...>
19:18:28.828474,1023,futex(0xb6f62698, FUTEX_WAKE_PRIVATE, 1 <unfinished ...>
19:18:28.828763,1048,<... gettimeofday resumed> {1738783108, 828661}, NULL) = 0
19:18:28.829200,1023,<... futex resumed> ) = 0
19:18:28.829711,1048,gettimeofday( <unfinished ...>
19:18:28.830082,1023,clock_gettime(CLOCK_MONOTONIC, <unfinished ...>
19:18:28.830361,1048,<... gettimeofday resumed> {1738783108, 830262}, NULL) = 0
19:18:28.830738,1023,<... clock_gettime resumed> {127, 115380691}) = 0
19:18:28.831417,1048,gettimeofday( <unfinished ...>
19:18:28.831773,1023,clock_gettime(CLOCK_MONOTONIC, <unfinished ...>
19:18:28.832108,1048,<... gettimeofday resumed> {1738783108, 832006}, NULL) = 0
19:18:28.832497,1023,<... clock_gettime resumed> {127, 117136920}) = 0
19:18:28.833042,1048,writev(3, [{"\4", 1}, {"GameService\0", 12}, {"replace into game_package (packa"..., 151}], 3 <unfinished ...>
19:18:28.833977,1023,writev(3, [{"\4", 1}, {"Choreographer\0", 14}, {"Skipped 122 frames! The applica"..., 84}], 3 <unfinished ...>
19:18:28.863924,1048,<... writev resumed> ) = 164
19:18:28.864285,1023,<... writev resumed> ) = 99
19:18:28.864926,1048,access("/data/data/com.igamepower.appmaster/files", F_OK <unfinished ...>
19:18:28.865561,1023,clock_gettime(CLOCK_MONOTONIC, <unfinished ...>
19:18:28.865899,1048,<... access resumed> ) = 0
19:18:28.866210,1023,<... clock_gettime resumed> {127, 150848691}) = 0
19:18:28.866732,1048,access("/data/data/com.igamepower.appmaster/files", F_OK <unfinished ...>
19:18:28.867361,1023,recvfrom(38, <unfinished ...>
19:18:28.885421,1048,<... access resumed> ) = 0
19:18:28.885659,1023,<... recvfrom resumed> 0xb88738b0, 1240, 64, 0, 0) = -1 EAGAIN (Try again)
19:18:28.886444,1048,access("/data/data/com.igamepower.appmaster/files/icons", F_OK <unfinished ...>
19:18:28.887143,1023,recvfrom(41, <unfinished ...>
19:18:28.887507,1048,<... access resumed> ) = 0
19:18:28.887826,1023,<... recvfrom resumed> 0xb888dc48, 1240, 64, 0, 0) = -1 EAGAIN (Try again)
19:18:28.888429,1048,open("/data/data/com.igamepower.appmaster/files/icons/icons_jp.co.omronsoft.openwnn.ico", O_WRONLY|O_CREAT|O_TRUNC, 0600 <unfinished ...>
19:18:28.889300,1023,clock_gettime(CLOCK_MONOTONIC, <unfinished ...>
19:18:28.889888,1048,<... open resumed> ) = 49
19:18:28.890221,1023,<... clock_gettime resumed> {127, 174852855}) = 0
19:18:28.890793,1048,fstat64(49, <unfinished ...>
19:18:28.891287,1023,clock_gettime(CLOCK_MONOTONIC, <unfinished ...>
19:18:28.891589,1048,<... fstat64 resumed> {st_mode=S_IFREG|0600, st_size=0, ...}) = 0
19:18:28.892529,1023,<... clock_gettime resumed> {127, 177122402}) = 0
19:18:28.893111,1048,sigprocmask(SIG_BLOCK, [], <unfinished ...>
19:18:28.893579,1023,clock_gettime(CLOCK_MONOTONIC, <unfinished ...>
19:18:28.893879,1048,<... sigprocmask resumed> [QUIT USR1 PIPE]) = 0
19:18:28.894234,1023,<... clock_gettime resumed> {127, 178872406}) = 0
19:18:28.895019,1048,brk(0xb896c000 <unfinished ...>
19:18:28.895367,1023,futex(0xb6f62698, FUTEX_WAIT_PRIVATE, 2, NULL <unfinished ...>
19:18:28.895676,1048,<... brk resumed> ) = 0xb896c000
19:18:28.896075,1048,futex(0xb6f62698, FUTEX_WAKE_PRIVATE, 1) = 1
19:18:28.896598,1023,<... futex resumed> ) = 0
19:18:28.896936,1048,sigprocmask(SIG_BLOCK, [], <unfinished ...>
19:18:28.897309,1023,futex(0xb6f62698, FUTEX_WAKE_PRIVATE, 1 <unfinished ...>
19:18:28.897600,1048,<... sigprocmask resumed> [QUIT USR1 PIPE]) = 0
19:18:28.897956,1023,<... futex resumed> ) = 0
19:18:28.920727,1048,sigprocmask(SIG_BLOCK, [], <unfinished ...>
19:18:28.921073,1023,clock_gettime(CLOCK_MONOTONIC, <unfinished ...>
19:18:28.924096,1048,<... sigprocmask resumed> [QUIT USR1 PIPE]) = 0
19:18:28.924514,1023,<... clock_gettime resumed> {127, 209147842}) = 0
19:18:28.925825,1048,clock_gettime(CLOCK_MONOTONIC, <unfinished ...>
19:18:28.926261,1023,clock_gettime(CLOCK_MONOTONIC, <unfinished ...>
19:18:28.926554,1048,<... clock_gettime resumed> {127, 211208740}) = 0
19:18:28.926944,1023,<... clock_gettime resumed> {127, 211576801}) = 0
19:18:28.927342,1048,getpid() = 1023
19:18:28.936814,1048,readlink("/proc/1023/fd/49", "/data/data/com.igamepower.appmaster/files/icons/icons_jp.co.omronsoft.openwnn.ico"..., 120) = 81
19:18:28.938226,1048,writev(3, [{"\5", 1}, {"dalvikvm\0", 9}, {"DroidBox: { \"FdAccess\": { \"path\""..., 222}], 3) = 232
19:18:28.939350,1048,futex(0xb689b5f4, FUTEX_WAIT_PRIVATE, 2, NULL <unfinished ...>
19:18:28.970891,1023,futex(0xb689b5f4, FUTEX_WAKE_PRIVATE, 1 <unfinished ...>
19:18:28.971264,1048,<... futex resumed> ) = 0
19:18:28.971613,1048,futex(0xb689b5f4, FUTEX_WAKE_PRIVATE, 1) = 0
19:18:28.972728,1048,writev(3, [{"\5", 1}, {"DroidBox\0", 9}, {"DroidBox: { \"FileRW\": { \"operati"..., 100}], 3) = 110
19:18:28.974806,1048,write(49, "\211PNG\r\n\32\n", 8) = 8
19:18:28.986673,1023,<... futex resumed> ) = 1
19:18:28.987370,1023,futex(0xb876f0bc, FUTEX_WAIT_PRIVATE, 2, NULL <unfinished ...>
19:18:28.987728,1048,futex(0xb876f0bc, FUTEX_WAKE_PRIVATE, 1 <unfinished ...>
19:18:28.988065,1023,<... futex resumed> ) = 0
19:18:28.988402,1023,futex(0xb876f0bc, FUTEX_WAKE_PRIVATE, 1) = 0
19:18:28.991719,1023,ioctl(9, 0xc0186201, 0xbee6cf10) = 0
19:18:28.992912,1023,ioctl(9, 0xc0186201, 0xbee6cf10) = 0
19:18:28.993627,1023,ioctl(9, 0xc0186201, 0xbee6cf18) = 0
19:18:28.994548,1023,ioctl(9, 0xc0186201, 0xbee6cf18) = 0
19:18:28.995188,1023,dup(52) = 54
19:18:28.995789,1023,getpid() = 1023
19:18:28.996375,1023,mmap2(NULL, 311296, PROT_READ|PROT_WRITE, MAP_SHARED, 54, 0) = 0xab904000
19:18:28.997057,1023,close(52) = 0
19:18:29.015302,1048,<... futex resumed> ) = 1
19:18:29.016569,1048,clock_gettime(CLOCK_MONOTONIC, {127, 301518973}) = 0
19:18:29.017190,1048,getpid() = 1023
19:18:29.017736,1048,readlink("/proc/1023/fd/49", <unfinished ...>
19:18:29.036517,1023,clock_gettime(CLOCK_MONOTONIC, <unfinished ...>
19:18:29.036943,1048,<... readlink resumed> "/data/data/com.igamepower.appmaster/files/icons/icons_jp.co.omronsoft.openwnn.ico"..., 120) = 81
19:18:29.037726,1023,<... clock_gettime resumed> {127, 322362284}) = 0
19:18:29.038296,1048,writev(3, [{"\5", 1}, {"dalvikvm\0", 9}, {"DroidBox: { \"FdAccess\": { \"path\""..., 223}], 3 <unfinished ...>
19:18:29.040775,1023,brk(0xb896d000) = 0xb896d000
19:18:29.041466,1048,<... writev resumed> ) = 233
19:18:29.042351,1023,brk(0xb8971000 <unfinished ...>
19:18:29.042740,1048,futex(0xb6f62698, FUTEX_WAIT_PRIVATE, 2, NULL <unfinished ...>
19:18:29.043069,1023,<... brk resumed> ) = 0xb8971000
19:18:29.043470,1023,futex(0xb6f62698, FUTEX_WAKE_PRIVATE, 1) = 1
19:18:29.043998,1048,<... futex resumed> ) = 0
19:18:29.047238,1023,clock_gettime(CLOCK_MONOTONIC, <unfinished ...>
19:18:29.047560,1048,futex(0xb6f62698, FUTEX_WAKE_PRIVATE, 1 <unfinished ...>
19:18:29.047878,1023,<... clock_gettime resumed> {127, 332507386}) = 0
19:18:29.048243,1048,<... futex resumed> ) = 0
19:18:29.048615,1023,ioctl(9, 0xc0186201 <unfinished ...>
19:18:29.049423,1048,writev(3, [{"\5", 1}, {"DroidBox\0", 9}, {"DroidBox: { \"FileRW\": { \"operati"..., 97}], 3 <unfinished ...>
19:18:29.050216,1023,<... ioctl resumed> , 0xbee6d0c8) = 0
19:18:29.052751,1023,ioctl(9, 0xc0186201 <unfinished ...>
19:18:29.053096,1048,<... writev resumed> ) = 107
19:18:29.053490,1023,<... ioctl resumed> , 0xbee6d0c8) = 0
19:18:29.053880,1048,write(49, "\0\0\0\rIHDR", 8 <unfinished ...>
19:18:29.054569,1023,getpid( <unfinished ...>
19:18:29.054962,1048,<... write resumed> ) = 8
19:18:29.055336,1023,<... getpid resumed> ) = 1023
19:18:29.056522,1048,clock_gettime(CLOCK_MONOTONIC, <unfinished ...>
19:18:29.056894,1023,gettid( <unfinished ...>
19:18:29.057198,1048,<... clock_gettime resumed> {127, 341851120}) = 0
19:18:29.075629,1048,getpid( <unfinished ...>
19:18:29.075898,1023,<... gettid resumed> ) = 1023
19:18:29.076307,1048,<... getpid resumed> ) = 1023
19:18:29.076652,1023,clock_gettime(CLOCK_MONOTONIC, <unfinished ...>
19:18:29.077063,1048,readlink("/proc/1023/fd/49", <unfinished ...>
19:18:29.077489,1023,<... clock_gettime resumed> {127, 362122824}) = 0
19:18:29.078019,1048,<... readlink resumed> "/data/data/com.igamepower.appmaster/files/icons/icons_jp.co.omronsoft.openwnn.ico"..., 120) = 81
19:18:29.078822,1023,ioctl(9, 0xc0186201 <unfinished ...>
19:18:29.079449,1048,writev(3, [{"\5", 1}, {"dalvikvm\0", 9}, {"DroidBox: { \"FdAccess\": { \"path\""..., 222}], 3 <unfinished ...>
19:18:29.080287,1023,<... ioctl resumed> , 0xbee6d1f0) = 0
19:18:29.081703,1023,ioctl(9, 0xc0186201 <unfinished ...>
19:18:29.082068,1048,<... writev resumed> ) = 232
19:18:29.082404,1023,<... ioctl resumed> , 0xbee6d1f0) = 0
19:18:29.083528,1048,writev(3, [{"\5", 1}, {"DroidBox\0", 9}, {"DroidBox: { \"FileRW\": { \"operati"..., 106}], 3 <unfinished ...>
19:18:29.084355,1023,clock_gettime(CLOCK_MONOTONIC, {127, 371552956}) = 0
19:18:29.087375,1048,<... writev resumed> ) = 116
19:18:29.088016,1023,write(29, "W", 1 <unfinished ...>
19:18:29.088472,1048,write(49, "\0\0\0H\0\0\0H\10\6\0\0\0", 13 <unfinished ...>
19:18:29.088976,1023,<... write resumed> ) = 1
19:18:29.089386,1048,<... write resumed> ) = 13
19:18:29.092254,1048,mprotect(0xb3de5000, 1576960, PROT_READ|PROT_WRITE <unfinished ...>
19:18:29.092983,1023,futex(0xb689b5f4, FUTEX_WAIT_PRIVATE, 2, NULL <unfinished ...>
19:18:29.093346,1048,<... mprotect resumed> ) = 0
19:18:29.093693,1048,mprotect(0xb3f66000, 39968768, PROT_NONE) = 0
19:18:29.094327,1048,futex(0xb689b5f4, FUTEX_WAKE_PRIVATE, 1) = 1
19:18:29.094855,1023,<... futex resumed> ) = 0
19:18:29.095669,1048,clock_gettime(CLOCK_MONOTONIC, <unfinished ...>
19:18:29.096018,1023,futex(0xb689b5f4, FUTEX_WAKE_PRIVATE, 1 <unfinished ...>
19:18:29.096310,1048,<... clock_gettime resumed> {127, 380965115}) = 0
19:18:29.096695,1023,<... futex resumed> ) = 0
19:18:29.097025,1048,getpid( <unfinished ...>
19:18:29.097536,1023,futex(0xb875a9a8, FUTEX_WAKE_PRIVATE, 1 <unfinished ...>
19:18:29.097826,1048,<... getpid resumed> ) = 1023
19:18:29.098155,1023,<... futex resumed> ) = 1
19:18:29.098496,1048,readlink("/proc/1023/fd/49", <unfinished ...>
19:18:29.123691,1027,<... futex resumed> ) = 0
19:18:29.123978,1023,futex(0xb875a9a8, FUTEX_WAKE_PRIVATE, 1 <unfinished ...>
19:18:29.124384,1048,<... readlink resumed> "/data/data/com.igamepower.appmaster/files/icons/icons_jp.co.omronsoft.openwnn.ico"..., 120) = 81
19:18:29.125227,1027,futex(0xb689b5f4, FUTEX_WAIT_PRIVATE, 2, NULL <unfinished ...>
19:18:29.125545,1023,<... futex resumed> ) = 0
19:18:29.126007,1048,writev(3, [{"\5", 1}, {"dalvikvm\0", 9}, {"DroidBox: { \"FdAccess\": { \"path\""..., 222}], 3 <unfinished ...>
19:18:29.126790,1023,futex(0xb689b5f4, FUTEX_WAKE_PRIVATE, 1) = 1
19:18:29.127465,1048,<... writev resumed> ) = 232
19:18:29.127770,1027,<... futex resumed> ) = 0
19:18:29.128833,1023,futex(0xb875a9a8, FUTEX_WAKE_PRIVATE, 1 <unfinished ...>
19:18:29.129173,1048,futex(0xb689b5f4, FUTEX_WAIT_PRIVATE, 2, NULL <unfinished ...>
19:18:29.129506,1027,futex(0xb689b5f4, FUTEX_WAIT_PRIVATE, 2, NULL <unfinished ...>
19:18:29.129816,1023,<... futex resumed> ) = 0
19:18:29.130190,1023,futex(0xb689b5f4, FUTEX_WAKE_PRIVATE, 1) = 1
19:18:29.130709,1048,<... futex resumed> ) = 0
19:18:29.131072,1023,futex(0xb875a9a8, FUTEX_WAKE_PRIVATE, 1 <unfinished ...>
19:18:29.131384,1048,futex(0xb689b5f4, FUTEX_WAIT_PRIVATE, 2, NULL <unfinished ...>
19:18:29.131693,1023,<... futex resumed> ) = 0
19:18:29.132050,1023,futex(0xb689b5f4, FUTEX_WAKE_PRIVATE, 1) = 1
19:18:29.132581,1027,<... futex resumed> ) = 0
19:18:29.132937,1023,futex(0xb875a9a8, FUTEX_WAKE_PRIVATE, 1 <unfinished ...>
19:18:29.158258,1027,futex(0xb689b5f4, FUTEX_WAIT_PRIVATE, 2, NULL <unfinished ...>
19:18:29.158543,1023,<... futex resumed> ) = 0
19:18:29.158946,1023,futex(0xb689b5f4, FUTEX_WAKE_PRIVATE, 1) = 1
19:18:29.159497,1048,<... futex resumed> ) = 0
19:18:29.159899,1023,futex(0xb875a9a8, FUTEX_WAKE_PRIVATE, 1 <unfinished ...>
19:18:29.160230,1048,futex(0xb689b5f4, FUTEX_WAIT_PRIVATE, 2, NULL <unfinished ...>
19:18:29.160556,1023,<... futex resumed> ) = 0
19:18:29.160932,1023,futex(0xb689b5f4, FUTEX_WAKE_PRIVATE, 1) = 1
19:18:29.161490,1027,<... futex resumed> ) = 0
19:18:29.162010,1023,futex(0xb875a9a8, FUTEX_WAKE_PRIVATE, 1 <unfinished ...>
19:18:29.162359,1027,futex(0xb689b5f4, FUTEX_WAIT_PRIVATE, 2, NULL <unfinished ...>
19:18:29.162684,1023,<... futex resumed> ) = 0
19:18:29.163058,1023,futex(0xb689b5f4, FUTEX_WAKE_PRIVATE, 1) = 1
19:18:29.163658,1048,<... futex resumed> ) = 0
19:18:29.164031,1023,futex(0xb875a9a8, FUTEX_WAKE_PRIVATE, 1 <unfinished ...>
19:18:29.164345,1048,futex(0xb689b5f4, FUTEX_WAIT_PRIVATE, 2, NULL <unfinished ...>
19:18:29.164654,1023,<... futex resumed> ) = 0
19:18:29.165012,1023,futex(0xb689b5f4, FUTEX_WAKE_PRIVATE, 1) = 1
19:18:29.165542,1027,<... futex resumed> ) = 0
19:18:29.165897,1023,futex(0xb875a9a8, FUTEX_WAKE_PRIVATE, 1 <unfinished ...>
19:18:29.166222,1027,futex(0xb689b5f4, FUTEX_WAIT_PRIVATE, 2, NULL <unfinished ...>
19:18:29.166530,1023,<... futex resumed> ) = 0
19:18:29.166887,1023,futex(0xb689b5f4, FUTEX_WAKE_PRIVATE, 1) = 1
19:18:29.167400,1048,<... futex resumed> ) = 0
19:18:29.168413,1023,futex(0xb875a9a8, FUTEX_WAKE_PRIVATE, 1 <unfinished ...>
19:18:29.168735,1048,futex(0xb689b5f4, FUTEX_WAIT_PRIVATE, 2, NULL <unfinished ...>
19:18:29.169055,1023,<... futex resumed> ) = 0
19:18:29.169410,1023,futex(0xb689b5f4, FUTEX_WAKE_PRIVATE, 1) = 1
19:18:29.169950,1027,<... futex resumed> ) = 0
19:18:29.176369,1023,futex(0xb875a9a8, FUTEX_WAKE_PRIVATE, 1 <unfinished ...>
19:18:29.176664,1027,futex(0xb689b5f4, FUTEX_WAIT_PRIVATE, 2, NULL <unfinished ...>
19:18:29.177100,1023,<... futex resumed> ) = 0
19:18:29.177477,1023,futex(0xb689b5f4, FUTEX_WAKE_PRIVATE, 1) = 1
19:18:29.178050,1048,<... futex resumed> ) = 0
19:18:29.178417,1023,futex(0xb875a9a8, FUTEX_WAKE_PRIVATE, 1 <unfinished ...>
19:18:29.178804,1048,futex(0xb689b5f4, FUTEX_WAIT_PRIVATE, 2, NULL <unfinished ...>
19:18:29.179211,1023,<... futex resumed> ) = 0
19:18:29.179569,1023,futex(0xb689b5f4, FUTEX_WAKE_PRIVATE, 1) = 1
19:18:29.180150,1027,<... futex resumed> ) = 0
19:18:29.180522,1023,futex(0xb875a9a8, FUTEX_WAKE_PRIVATE, 1 <unfinished ...>
19:18:29.180886,1027,futex(0xb689b5f4, FUTEX_WAIT_PRIVATE, 2, NULL <unfinished ...>
19:18:29.181197,1023,<... futex resumed> ) = 0
19:18:29.181549,1023,futex(0xb689b5f4, FUTEX_WAKE_PRIVATE, 1) = 1
19:18:29.182072,1048,<... futex resumed> ) = 0
19:18:29.182562,1023,futex(0xb875a9a8, FUTEX_WAKE_PRIVATE, 1 <unfinished ...>
19:18:29.182949,1048,futex(0xb689b5f4, FUTEX_WAIT_PRIVATE, 2, NULL <unfinished ...>
19:18:29.183276,1023,<... futex resumed> ) = 0
19:18:29.183645,1023,futex(0xb689b5f4, FUTEX_WAKE_PRIVATE, 1) = 1
19:18:29.184208,1027,<... futex resumed> ) = 0
19:18:29.184590,1023,futex(0xb875a9a8, FUTEX_WAKE_PRIVATE, 1 <unfinished ...>
19:18:29.184969,1027,futex(0xb689b5f4, FUTEX_WAIT_PRIVATE, 2, NULL <unfinished ...>
19:18:29.185277,1023,<... futex resumed> ) = 0
19:18:29.206555,1023,futex(0xb689b5f4, FUTEX_WAKE_PRIVATE, 1) = 1
19:18:29.207533,1048,<... futex resumed> ) = 0
19:18:29.207952,1023,futex(0xb875a9a8, FUTEX_WAKE_PRIVATE, 1 <unfinished ...>
19:18:29.208285,1048,futex(0xb689b5f4, FUTEX_WAIT_PRIVATE, 2, NULL <unfinished ...>
19:18:29.208611,1023,<... futex resumed> ) = 0
19:18:29.209028,1023,futex(0xb689b5f4, FUTEX_WAKE_PRIVATE, 1) = 1
19:18:29.209586,1027,<... futex resumed> ) = 0
19:18:29.210787,1023,futex(0xb875a9a8, FUTEX_WAKE_PRIVATE, 1 <unfinished ...>
19:18:29.211174,1027,futex(0xb689b5f4, FUTEX_WAIT_PRIVATE, 2, NULL <unfinished ...>
19:18:29.211489,1023,<... futex resumed> ) = 0
19:18:29.211851,1023,futex(0xb689b5f4, FUTEX_WAKE_PRIVATE, 1) = 1
19:18:29.212410,1048,<... futex resumed> ) = 0
19:18:29.212810,1023,futex(0xb875a9a8, FUTEX_WAKE_PRIVATE, 1 <unfinished ...>
19:18:29.213169,1048,futex(0xb689b5f4, FUTEX_WAIT_PRIVATE, 2, NULL <unfinished ...>
19:18:29.213527,1023,<... futex resumed> ) = 0
19:18:29.214091,1023,futex(0xb689b5f4, FUTEX_WAKE_PRIVATE, 1) = 1
19:18:29.214749,1027,<... futex resumed> ) = 0
19:18:29.215180,1023,futex(0xb875a9a8, FUTEX_WAKE_PRIVATE, 1 <unfinished ...>
19:18:29.215508,1027,futex(0xb689b5f4, FUTEX_WAIT_PRIVATE, 2, NULL <unfinished ...>
19:18:29.215817,1023,<... futex resumed> ) = 0
19:18:29.216222,1023,futex(0xb689b5f4, FUTEX_WAKE_PRIVATE, 1) = 1
19:18:29.216763,1048,<... futex resumed> ) = 0
19:18:29.217149,1023,futex(0xb875a9a8, FUTEX_WAKE_PRIVATE, 1 <unfinished ...>
19:18:29.217478,1048,futex(0xb689b5f4, FUTEX_WAIT_PRIVATE, 2, NULL <unfinished ...>
19:18:29.217802,1023,<... futex resumed> ) = 0
19:18:29.218174,1023,futex(0xb689b5f4, FUTEX_WAKE_PRIVATE, 1) = 1
19:18:29.218826,1027,<... futex resumed> ) = 0
19:18:29.237806,1027,futex(0xb689b5f4, FUTEX_WAIT_PRIVATE, 2, NULL <unfinished ...>
19:18:29.238100,1023,futex(0xb875a9a8, FUTEX_WAKE_PRIVATE, 1) = 0
19:18:29.238731,1023,futex(0xb689b5f4, FUTEX_WAKE_PRIVATE, 1) = 1
19:18:29.239283,1048,<... futex resumed> ) = 0
19:18:29.240073,1023,futex(0xb875a9a8, FUTEX_WAKE_PRIVATE, 1 <unfinished ...>
19:18:29.240635,1048,futex(0xb689b5f4, FUTEX_WAIT_PRIVATE, 2, NULL <unfinished ...>
19:18:29.241020,1023,<... futex resumed> ) = 0
19:18:29.241377,1023,futex(0xb689b5f4, FUTEX_WAKE_PRIVATE, 1) = 1
19:18:29.242035,1027,<... futex resumed> ) = 0
19:18:29.242428,1023,futex(0xb875a9a8, FUTEX_WAKE_PRIVATE, 1 <unfinished ...>
19:18:29.242786,1027,futex(0xb689b5f4, FUTEX_WAIT_PRIVATE, 2, NULL <unfinished ...>
19:18:29.243204,1023,<... futex resumed> ) = 0
19:18:29.243558,1023,futex(0xb689b5f4, FUTEX_WAKE_PRIVATE, 1) = 1
19:18:29.244093,1048,<... futex resumed> ) = 0
19:18:29.245214,1023,futex(0xb875a9a8, FUTEX_WAKE_PRIVATE, 1 <unfinished ...>
19:18:29.245547,1048,futex(0xb689b5f4, FUTEX_WAIT_PRIVATE, 2, NULL <unfinished ...>
19:18:29.245868,1023,<... futex resumed> ) = 0
19:18:29.275167,1023,futex(0xb689b5f4, FUTEX_WAKE_PRIVATE, 1) = 1
19:18:29.275717,1027,<... futex resumed> ) = 0
19:18:29.276090,1023,futex(0xb875a9a8, FUTEX_WAKE_PRIVATE, 1 <unfinished ...>
19:18:29.276419,1027,futex(0xb689b5f4, FUTEX_WAIT_PRIVATE, 2, NULL <unfinished ...>
19:18:29.276728,1023,<... futex resumed> ) = 0
19:18:29.277087,1023,futex(0xb689b5f4, FUTEX_WAKE_PRIVATE, 1) = 1
19:18:29.277630,1048,<... futex resumed> ) = 0
19:18:29.277990,1023,futex(0xb875a9a8, FUTEX_WAKE_PRIVATE, 1 <unfinished ...>
19:18:29.278303,1048,futex(0xb689b5f4, FUTEX_WAIT_PRIVATE, 2, NULL <unfinished ...>
19:18:29.278611,1023,<... futex resumed> ) = 0
19:18:29.322791,1023,futex(0xb689b5f4, FUTEX_WAKE_PRIVATE, 1) = 1
19:18:29.323416,1027,<... futex resumed> ) = 0
19:18:29.323801,1023,futex(0xb875a9a8, FUTEX_WAKE_PRIVATE, 1 <unfinished ...>
19:18:29.324140,1027,futex(0xb689b5f4, FUTEX_WAIT_PRIVATE, 2, NULL <unfinished ...>
19:18:29.324453,1023,<... futex resumed> ) = 0
19:18:29.324808,1023,futex(0xb689b5f4, FUTEX_WAKE_PRIVATE, 1) = 1
19:18:29.325333,1048,<... futex resumed> ) = 0
19:18:29.325822,1023,futex(0xb875a9a8, FUTEX_WAKE_PRIVATE, 1 <unfinished ...>
19:18:29.326147,1048,futex(0xb689b5f4, FUTEX_WAIT_PRIVATE, 2, NULL <unfinished ...>
19:18:29.326459,1023,<... futex resumed> ) = 0
19:18:29.326812,1023,futex(0xb689b5f4, FUTEX_WAKE_PRIVATE, 1) = 1
19:18:29.327350,1027,<... futex resumed> ) = 0
19:18:29.327713,1023,futex(0xb875a9a8, FUTEX_WAKE_PRIVATE, 1 <unfinished ...>
19:18:29.328046,1027,futex(0xb689b5f4, FUTEX_WAIT_PRIVATE, 2, NULL <unfinished ...>
19:18:29.328512,1023,<... futex resumed> ) = 0
19:18:29.328876,1023,futex(0xb689b5f4, FUTEX_WAKE_PRIVATE, 1) = 1
19:18:29.329394,1048,<... futex resumed> ) = 0
19:18:29.329746,1023,futex(0xb875a9a8, FUTEX_WAKE_PRIVATE, 1 <unfinished ...>
19:18:29.330098,1048,futex(0xb689b5f4, FUTEX_WAIT_PRIVATE, 2, NULL <unfinished ...>
19:18:29.330408,1023,<... futex resumed> ) = 0
19:18:29.330759,1023,futex(0xb689b5f4, FUTEX_WAKE_PRIVATE, 1) = 1
19:18:29.331364,1027,<... futex resumed> ) = 0
19:18:29.332379,1023,futex(0xb875a9a8, FUTEX_WAKE_PRIVATE, 1 <unfinished ...>
19:18:29.332716,1027,futex(0xb689b5f4, FUTEX_WAIT_PRIVATE, 2, NULL <unfinished ...>
19:18:29.333036,1023,<... futex resumed> ) = 0
19:18:29.333389,1023,futex(0xb689b5f4, FUTEX_WAKE_PRIVATE, 1) = 1
19:18:29.333914,1048,<... futex resumed> ) = 0
19:18:29.334271,1023,futex(0xb875a9a8, FUTEX_WAKE_PRIVATE, 1 <unfinished ...>
19:18:29.334625,1048,futex(0xb689b5f4, FUTEX_WAIT_PRIVATE, 2, NULL <unfinished ...>
19:18:29.334941,1023,<... futex resumed> ) = 0
19:18:29.335293,1023,futex(0xb689b5f4, FUTEX_WAKE_PRIVATE, 1) = 1
19:18:29.335825,1027,<... futex resumed> ) = 0
19:18:29.336236,1023,futex(0xb875a9a8, FUTEX_WAKE_PRIVATE, 1 <unfinished ...>
19:18:29.356957,1027,futex(0xb689b5f4, FUTEX_WAIT_PRIVATE, 2, NULL <unfinished ...>
19:18:29.357235,1023,<... futex resumed> ) = 0
19:18:29.357651,1023,futex(0xb689b5f4, FUTEX_WAKE_PRIVATE, 1) = 1
19:18:29.358185,1048,<... futex resumed> ) = 0
19:18:29.358563,1023,futex(0xb875a9a8, FUTEX_WAKE_PRIVATE, 1 <unfinished ...>
19:18:29.358886,1048,futex(0xb689b5f4, FUTEX_WAIT_PRIVATE, 2, NULL <unfinished ...>
19:18:29.359198,1023,<... futex resumed> ) = 0
19:18:29.359930,1023,futex(0xb689b5f4, FUTEX_WAKE_PRIVATE, 1) = 1
19:18:29.360466,1027,<... futex resumed> ) = 0
19:18:29.361071,1023,futex(0xb875a9a8, FUTEX_WAKE_PRIVATE, 1 <unfinished ...>
19:18:29.361405,1027,futex(0xb689b5f4, FUTEX_WAIT_PRIVATE, 2, NULL <unfinished ...>
19:18:29.361716,1023,<... futex resumed> ) = 0
19:18:29.362076,1023,futex(0xb689b5f4, FUTEX_WAKE_PRIVATE, 1) = 1
19:18:29.362592,1048,<... futex resumed> ) = 0
19:18:29.362963,1023,futex(0xb875a9a8, FUTEX_WAKE_PRIVATE, 1 <unfinished ...>
19:18:29.363276,1048,futex(0xb689b5f4, FUTEX_WAIT_PRIVATE, 2, NULL <unfinished ...>
19:18:29.363585,1023,<... futex resumed> ) = 0
19:18:29.363942,1023,futex(0xb689b5f4, FUTEX_WAKE_PRIVATE, 1) = 1
19:18:29.364474,1027,<... futex resumed> ) = 0
19:18:29.364821,1023,futex(0xb875a9a8, FUTEX_WAKE_PRIVATE, 1 <unfinished ...>
19:18:29.365153,1027,futex(0xb689b5f4, FUTEX_WAIT_PRIVATE, 2, NULL <unfinished ...>
19:18:29.365460,1023,<... futex resumed> ) = 0
19:18:29.365810,1023,futex(0xb689b5f4, FUTEX_WAKE_PRIVATE, 1) = 1
19:18:29.366331,1048,<... futex resumed> ) = 0
19:18:29.367329,1023,futex(0xb875a9a8, FUTEX_WAKE_PRIVATE, 1 <unfinished ...>
19:18:29.367650,1048,futex(0xb689b5f4, FUTEX_WAIT_PRIVATE, 2, NULL <unfinished ...>
19:18:29.394963,1023,<... futex resumed> ) = 0
19:18:29.395737,1023,futex(0xb689b5f4, FUTEX_WAKE_PRIVATE, 1) = 1
19:18:29.415874,1027,<... futex resumed> ) = 0
19:18:29.416149,1023,futex(0xb875a9a8, FUTEX_WAKE_PRIVATE, 1 <unfinished ...>
19:18:29.416497,1027,futex(0xb689b5f4, FUTEX_WAIT_PRIVATE, 2, NULL <unfinished ...>
19:18:29.416814,1023,<... futex resumed> ) = 0
19:18:29.417181,1023,futex(0xb689b5f4, FUTEX_WAKE_PRIVATE, 1) = 1
19:18:29.417702,1048,<... futex resumed> ) = 0
19:18:29.418071,1023,futex(0xb875a9a8, FUTEX_WAKE_PRIVATE, 1 <unfinished ...>
19:18:29.418386,1048,futex(0xb689b5f4, FUTEX_WAIT_PRIVATE, 2, NULL <unfinished ...>
19:18:29.418696,1023,<... futex resumed> ) = 0
19:18:29.419054,1023,futex(0xb689b5f4, FUTEX_WAKE_PRIVATE, 1) = 1
19:18:29.419586,1027,<... futex resumed> ) = 0
19:18:29.419960,1023,futex(0xb875a9a8, FUTEX_WAKE_PRIVATE, 1 <unfinished ...>
19:18:29.420289,1027,futex(0xb689b5f4, FUTEX_WAIT_PRIVATE, 2, NULL <unfinished ...>
19:18:29.420599,1023,<... futex resumed> ) = 0
19:18:29.420958,1023,futex(0xb689b5f4, FUTEX_WAKE_PRIVATE, 1) = 1
19:18:29.421474,1048,<... futex resumed> ) = 0
19:18:29.421966,1023,futex(0xb875a9a8, FUTEX_WAKE_PRIVATE, 1 <unfinished ...>
19:18:29.422284,1048,futex(0xb689b5f4, FUTEX_WAIT_PRIVATE, 2, NULL <unfinished ...>
19:18:29.422595,1023,<... futex resumed> ) = 0
19:18:29.422955,1023,futex(0xb689b5f4, FUTEX_WAKE_PRIVATE, 1) = 1
19:18:29.423487,1027,<... futex resumed> ) = 0
19:18:29.423856,1023,futex(0xb875a9a8, FUTEX_WAKE_PRIVATE, 1 <unfinished ...>
19:18:29.424184,1027,futex(0xb689b5f4, FUTEX_WAIT_PRIVATE, 2, NULL <unfinished ...>
19:18:29.424492,1023,<... futex resumed> ) = 0
19:18:29.424849,1023,futex(0xb689b5f4, FUTEX_WAKE_PRIVATE, 1) = 1
19:18:29.425365,1048,<... futex resumed> ) = 0
19:18:29.425715,1023,futex(0xb875a9a8, FUTEX_WAKE_PRIVATE, 1 <unfinished ...>
19:18:29.426034,1048,futex(0xb689b5f4, FUTEX_WAIT_PRIVATE, 2, NULL <unfinished ...>
19:18:29.426343,1023,<... futex resumed> ) = 0
19:18:29.426693,1023,futex(0xb689b5f4, FUTEX_WAKE_PRIVATE, 1) = 1
19:18:29.427231,1027,<... futex resumed> ) = 0
19:18:29.442410,1027,clock_gettime(CLOCK_MONOTONIC, {127, 727377878}) = 0
19:18:29.443104,1027,clock_gettime(CLOCK_MONOTONIC, {127, 728049320}) = 0
19:18:29.443725,1027,clock_gettime(CLOCK_MONOTONIC, {127, 728675325}) = 0
19:18:29.444351,1027,nanosleep({0, 10000000}, 0xaf59dd88) = 0
19:18:29.470123,1027,clock_gettime(CLOCK_MONOTONIC, {127, 755079567}) = 0
19:18:29.470781,1027,nanosleep({0, 20000000}, <unfinished ...>
19:18:29.471256,1023,futex(0xb689b58c, FUTEX_WAIT_PRIVATE, -452, NULL <unfinished ...>
19:18:29.505680,1027,<... nanosleep resumed> 0xaf59dd88) = 0
19:18:29.506101,1027,madvise(0xb2404000, 3457397, MADV_NORMAL) = 0
19:18:29.512152,1027,futex(0xb689b5f4, FUTEX_WAKE_PRIVATE, 1) = 1
19:18:29.512739,1048,<... futex resumed> ) = 0
19:18:29.513099,1027,futex(0xb689b58c, FUTEX_WAKE_PRIVATE, 2147483647 <unfinished ...>
19:18:29.513477,1048,futex(0xb689b5f4, FUTEX_WAKE_PRIVATE, 1 <unfinished ...>
19:18:29.513791,1027,<... futex resumed> ) = 1
19:18:29.514087,1048,<... futex resumed> ) = 0
19:18:29.514391,1023,<... futex resumed> ) = 0
19:18:29.514769,1027,clock_gettime(CLOCK_MONOTONIC, <unfinished ...>
19:18:29.515518,1048,writev(3, [{"\5", 1}, {"DroidBox\0", 9}, {"DroidBox: { \"FileRW\": { \"operati"..., 90}], 3 <unfinished ...>
19:18:29.516654,1027,<... clock_gettime resumed> {127, 801287533}) = 0
19:18:29.542501,1048,<... writev resumed> ) = 100
19:18:29.543277,1027,clock_gettime(CLOCK_MONOTONIC, <unfinished ...>
19:18:29.543663,1048,write(49, "Uí³G", 4 <unfinished ...>
19:18:29.544014,1027,<... clock_gettime resumed> {127, 828654151}) = 0
19:18:29.544478,1048,<... write resumed> ) = 4
19:18:29.544843,1027,clock_gettime(CLOCK_MONOTONIC, <unfinished ...>
19:18:29.545164,1048,futex(0xb689b58c, FUTEX_WAIT_PRIVATE, -454, NULL <unfinished ...>
19:18:29.545474,1027,<... clock_gettime resumed> {127, 830116406}) = 0
19:18:29.545910,1027,clock_gettime(CLOCK_MONOTONIC, {127, 830878545}) = 0
19:18:29.577364,1023,futex(0xb689b58c, FUTEX_WAIT_PRIVATE, -454, NULL <unfinished ...>
19:18:29.577752,1027,nanosleep({0, 10000000}, 0xaf59dd88) = 0
19:18:29.605044,1027,futex(0xb689b58c, FUTEX_WAKE_PRIVATE, 2147483647) = 2
19:18:29.618397,1048,<... futex resumed> ) = 0
19:18:29.618724,1023,<... futex resumed> ) = 0
19:18:29.619072,1027,clock_gettime(CLOCK_MONOTONIC, <unfinished ...>
19:18:29.620817,1048,mmap2(NULL, 69632, PROT_READ|PROT_WRITE, MAP_PRIVATE|MAP_ANONYMOUS, -1, 0 <unfinished ...>
19:18:29.621798,1023,futex(0xb6f62698, FUTEX_WAIT_PRIVATE, 2, NULL <unfinished ...>
19:18:29.622145,1027,<... clock_gettime resumed> {127, 906773883}) = 0
19:18:29.622552,1048,<... mmap2 resumed> ) = 0xab8f3000
19:18:29.627675,1027,madvise(0xb3404000, 786432, MADV_DONTNEED <unfinished ...>
19:18:29.628012,1048,madvise(0xab8f3000, 69632, 0xc /* MADV_??? */ <unfinished ...>
19:18:29.628413,1027,<... madvise resumed> ) = 0
19:18:29.667592,1048,<... madvise resumed> ) = -1 EINVAL (Invalid argument)
19:18:29.667865,1027,madvise(0xb2404000, 16777216, MADV_DONTNEED <unfinished ...>
19:18:29.668300,1048,futex(0xb6f62698, FUTEX_WAKE_PRIVATE, 1 <unfinished ...>
19:18:29.668670,1027,<... madvise resumed> ) = 0
19:18:29.669001,1048,<... futex resumed> ) = 1
19:18:29.669348,1027,futex(0xb689b5f8, FUTEX_WAKE_PRIVATE, 2147483647 <unfinished ...>
19:18:29.669671,1023,<... futex resumed> ) = 0
19:18:29.670001,1048,mmap2(NULL, 69632, PROT_READ|PROT_WRITE, MAP_PRIVATE|MAP_ANONYMOUS, -1, 0 <unfinished ...>
19:18:29.670322,1027,<... futex resumed> ) = 0
19:18:29.670653,1023,futex(0xb6f62698, FUTEX_WAIT_PRIVATE, 2, NULL <unfinished ...>
19:18:29.670965,1048,<... mmap2 resumed> ) = 0xab8e2000
19:18:29.671337,1027,futex(0xb8859788, FUTEX_WAKE_PRIVATE, 1 <unfinished ...>
19:18:29.671674,1048,madvise(0xab8e2000, 69632, 0xc /* MADV_??? */ <unfinished ...>
19:18:29.672044,1027,<... futex resumed> ) = 1
19:18:29.672332,1048,<... madvise resumed> ) = -1 EINVAL (Invalid argument)
19:18:29.672631,1030,<... futex resumed> ) = 0
19:18:29.673077,1027,clock_gettime(CLOCK_MONOTONIC, <unfinished ...>
19:18:29.673480,1048,futex(0xb6f62698, FUTEX_WAKE_PRIVATE, 1 <unfinished ...>
19:18:29.673922,1030,futex(0xb8874260, FUTEX_WAKE_PRIVATE, 1 <unfinished ...>
19:18:29.674239,1027,<... clock_gettime resumed> {127, 958879181}) = 0
19:18:29.674629,1048,<... futex resumed> ) = 1
19:18:29.674944,1030,<... futex resumed> ) = 1
19:18:29.675346,1027,writev(3, [{"\3", 1}, {"dalvikvm\0", 9}, {"GC_CONCURRENT freed 353K, 5% fre"..., 78}], 3 <unfinished ...>
19:18:29.676085,1023,<... futex resumed> ) = 0
19:18:29.676410,1048,mmap2(NULL, 69632, PROT_READ|PROT_WRITE, MAP_PRIVATE|MAP_ANONYMOUS, -1, 0 <unfinished ...>
19:18:29.676727,1031,<... futex resumed> ) = 0
19:18:29.678118,1030,futex(0xb8859788, FUTEX_WAIT_PRIVATE, -10, NULL <unfinished ...>
19:18:29.678596,1023,futex(0xb6f62698, FUTEX_WAIT_PRIVATE, 2, NULL <unfinished ...>
19:18:29.679045,1048,<... mmap2 resumed> ) = 0xab8d1000
19:18:29.679401,1031,clock_gettime(CLOCK_MONOTONIC, <unfinished ...>
19:18:29.679725,1027,<... writev resumed> ) = 88
19:18:29.680069,1048,madvise(0xab8d1000, 69632, 0xc /* MADV_??? */ <unfinished ...>
19:18:29.680381,1031,<... clock_gettime resumed> {127, 965024856}) = 0
19:18:29.680794,1027,clock_gettime(CLOCK_MONOTONIC, <unfinished ...>
19:18:29.681085,1048,<... madvise resumed> ) = -1 EINVAL (Invalid argument)
19:18:29.681428,1031,futex(0xb887a5b8, FUTEX_WAKE_PRIVATE, 1 <unfinished ...>
19:18:29.681772,1027,<... clock_gettime resumed> {127, 966375722}) = 0
19:18:29.682285,1048,futex(0xb6f62698, FUTEX_WAKE_PRIVATE, 1 <unfinished ...>
19:18:29.683037,1031,<... futex resumed> ) = 1
19:18:29.683376,1027,clock_gettime(CLOCK_MONOTONIC, <unfinished ...>
19:18:29.683670,1048,<... futex resumed> ) = 1
19:18:29.683975,1032,<... futex resumed> ) = 0
19:18:29.684483,1031,clock_gettime(CLOCK_MONOTONIC, <unfinished ...>
19:18:29.684791,1027,<... clock_gettime resumed> {127, 969431969}) = 0
19:18:29.685179,1023,<... futex resumed> ) = 0
19:18:29.685530,1048,mmap2(NULL, 69632, PROT_READ|PROT_WRITE, MAP_PRIVATE|MAP_ANONYMOUS, -1, 0 <unfinished ...>
19:18:29.685903,1032,futex(0xb887a5b8, FUTEX_WAIT_PRIVATE, -40, NULL <unfinished ...>
19:18:29.686212,1031,<... clock_gettime resumed> {127, 970856449}) = 0
19:18:29.686620,1027,futex(0xb875a9a8, FUTEX_WAIT_PRIVATE, -112, {4, 996943753} <unfinished ...>
19:18:29.687260,1023,futex(0xb6f62698, FUTEX_WAIT_PRIVATE, 2, NULL <unfinished ...>
19:18:29.687568,1048,<... mmap2 resumed> ) = 0xab8c0000
19:18:29.687940,1031,futex(0xb887a5b8, FUTEX_WAKE_PRIVATE, 1 <unfinished ...>
19:18:29.688304,1048,madvise(0xab8c0000, 69632, 0xc /* MADV_??? */ <unfinished ...>
19:18:29.688623,1031,<... futex resumed> ) = 1
19:18:29.688917,1048,<... madvise resumed> ) = -1 EINVAL (Invalid argument)
19:18:29.689217,1032,<... futex resumed> ) = 0
19:18:29.689569,1031,clock_gettime(CLOCK_MONOTONIC, <unfinished ...>
19:18:29.689960,1048,futex(0xb6f62698, FUTEX_WAKE_PRIVATE, 1 <unfinished ...>
19:18:29.690352,1032,futex(0xb887a5b8, FUTEX_WAIT_PRIVATE, -42, NULL <unfinished ...>
19:18:29.690675,1031,<... clock_gettime resumed> {127, 975313681}) = 0
19:18:29.691070,1048,<... futex resumed> ) = 1
19:18:29.691452,1031,futex(0xb887a5b8, FUTEX_WAKE_PRIVATE, 1 <unfinished ...>
19:18:29.691775,1023,<... futex resumed> ) = 0
19:18:29.693425,1048,clock_gettime(CLOCK_MONOTONIC, <unfinished ...>
19:18:29.693765,1031,<... futex resumed> ) = 1
19:18:29.694153,1023,futex(0xb6f62698, FUTEX_WAKE_PRIVATE, 1 <unfinished ...>
19:18:29.694447,1048,<... clock_gettime resumed> {127, 979102445}) = 0
19:18:29.694823,1032,<... futex resumed> ) = 0
19:18:29.695274,1031,clock_gettime(CLOCK_MONOTONIC, <unfinished ...>
19:18:29.695584,1023,<... futex resumed> ) = 0
19:18:29.695912,1048,getpid( <unfinished ...>
19:18:29.696252,1032,futex(0xb887a5b8, FUTEX_WAIT_PRIVATE, -44, NULL <unfinished ...>
19:18:29.696559,1031,<... clock_gettime resumed> {127, 981203964}) = 0
19:18:29.707690,1048,<... getpid resumed> ) = 1023
19:18:29.708125,1031,futex(0xb887a5b8, FUTEX_WAKE_PRIVATE, 1 <unfinished ...>
19:18:29.708479,1048,readlink("/proc/1023/fd/49", <unfinished ...>
19:18:29.708910,1031,<... futex resumed> ) = 1
19:18:29.709303,1048,<... readlink resumed> "/data/data/com.igamepower.appmaster/files/icons/icons_jp.co.omronsoft.openwnn.ico"..., 120) = 81
19:18:29.710056,1032,<... futex resumed> ) = 0
19:18:29.710448,1031,clock_gettime(CLOCK_MONOTONIC, <unfinished ...>
19:18:29.710907,1048,writev(3, [{"\5", 1}, {"dalvikvm\0", 9}, {"DroidBox: { \"FdAccess\": { \"path\""..., 223}], 3 <unfinished ...>
19:18:29.711739,1032,futex(0xb887a5b8, FUTEX_WAIT_PRIVATE, -46, NULL <unfinished ...>
19:18:29.712057,1031,<... clock_gettime resumed> {127, 996699966}) = 0
19:18:29.712627,1031,futex(0xb887a5b8, FUTEX_WAKE_PRIVATE, 1 <unfinished ...>
19:18:29.712930,1048,<... writev resumed> ) = 233
19:18:29.713243,1031,<... futex resumed> ) = 1
19:18:29.714080,1048,writev(3, [{"\5", 1}, {"DroidBox\0", 9}, {"DroidBox: { \"FileRW\": { \"operati"..., 97}], 3 <unfinished ...>
19:18:29.714800,1032,<... futex resumed> ) = 0
19:18:29.715172,1031,clock_gettime(CLOCK_MONOTONIC, <unfinished ...>
19:18:29.717256,1032,futex(0xb887a5b8, FUTEX_WAIT_PRIVATE, -48, NULL <unfinished ...>
19:18:29.717628,1031,<... clock_gettime resumed> {128, 2267501}) = 0
19:18:29.718007,1048,<... writev resumed> ) = 107
19:18:29.718380,1031,futex(0xb887a5b8, FUTEX_WAKE_PRIVATE, 1 <unfinished ...>
19:18:29.718755,1048,write(49, "\0\0\0\4sBIT", 8 <unfinished ...>
19:18:29.719137,1031,<... futex resumed> ) = 1
19:18:29.719525,1048,<... write resumed> ) = 8
19:18:29.719827,1032,<... futex resumed> ) = 0
19:18:29.720229,1031,clock_gettime(CLOCK_MONOTONIC, <unfinished ...>
19:18:29.721625,1032,futex(0xb887a5b8, FUTEX_WAIT_PRIVATE, -50, NULL <unfinished ...>
19:18:29.721971,1031,<... clock_gettime resumed> {128, 6607834}) = 0
19:18:29.722615,1048,clock_gettime(CLOCK_MONOTONIC, <unfinished ...>
19:18:29.723004,1031,futex(0xb887a5b8, FUTEX_WAKE_PRIVATE, 1 <unfinished ...>
19:18:29.723314,1048,<... clock_gettime resumed> {128, 7964817}) = 0
19:18:29.723739,1031,<... futex resumed> ) = 1
19:18:29.724088,1048,getpid( <unfinished ...>
19:18:29.724395,1032,<... futex resumed> ) = 0
19:18:29.724791,1031,clock_gettime(CLOCK_MONOTONIC, <unfinished ...>
19:18:29.725096,1048,<... getpid resumed> ) = 1023
19:18:29.725460,1032,futex(0xb887a5b8, FUTEX_WAIT_PRIVATE, -52, NULL <unfinished ...>
19:18:29.725781,1031,<... clock_gettime resumed> {128, 10421898}) = 0
19:18:29.726222,1048,readlink("/proc/1023/fd/49", <unfinished ...>
19:18:29.746861,1031,futex(0xb887a5b8, FUTEX_WAKE_PRIVATE, 1 <unfinished ...>
19:18:29.747158,1023,ioctl(9, 0xc0186201 <unfinished ...>
19:18:29.749174,1048,<... readlink resumed> "/data/data/com.igamepower.appmaster/files/icons/icons_jp.co.omronsoft.openwnn.ico"..., 120) = 81
19:18:29.750017,1031,<... futex resumed> ) = 1
19:18:29.750410,1023,<... ioctl resumed> , 0xbee6cf10) = 0
19:18:29.750912,1048,writev(3, [{"\5", 1}, {"dalvikvm\0", 9}, {"DroidBox: { \"FdAccess\": { \"path\""..., 223}], 3 <unfinished ...>
19:18:29.751678,1032,<... futex resumed> ) = 0
19:18:29.752128,1031,clock_gettime(CLOCK_MONOTONIC, <unfinished ...>
19:18:29.753026,1023,ioctl(9, 0xc0186201 <unfinished ...>
19:18:29.753550,1032,futex(0xb887a5b8, FUTEX_WAIT_PRIVATE, -54, NULL <unfinished ...>
19:18:29.753887,1031,<... clock_gettime resumed> {128, 38518770}) = 0
19:18:29.818469,1048,<... writev resumed> ) = 233
19:18:29.818750,1031,futex(0xb887a5b8, FUTEX_WAKE_PRIVATE, 1 <unfinished ...>
19:18:29.818976,1023,<... ioctl resumed> , 0xbee6cf10) = 0
19:18:29.819747,1048,writev(3, [{"\5", 1}, {"DroidBox\0", 9}, {"DroidBox: { \"FileRW\": { \"operati"..., 89}], 3 <unfinished ...>
19:18:29.820570,1031,<... futex resumed> ) = 1
19:18:29.820999,1023,ioctl(9, 0xc0186201 <unfinished ...>
19:18:29.821327,1048,<... writev resumed> ) = 99
19:18:29.821645,1032,<... futex resumed> ) = 0
19:18:29.822062,1031,clock_gettime(CLOCK_MONOTONIC, <unfinished ...>
19:18:29.822444,1023,<... ioctl resumed> , 0xbee6cf18) = 0
19:18:29.822829,1048,write(49, "\10\10\10\10", 4 <unfinished ...>
19:18:29.823247,1032,futex(0xb887a5b8, FUTEX_WAIT_PRIVATE, -56, NULL <unfinished ...>
19:18:29.824029,1031,<... clock_gettime resumed> {128, 108210626}) = 0
19:18:29.824788,1023,ioctl(9, 0xc0186201 <unfinished ...>
19:18:29.825215,1048,<... write resumed> ) = 4
19:18:29.825587,1031,futex(0xb887a5b8, FUTEX_WAKE_PRIVATE, 1 <unfinished ...>
19:18:29.825922,1023,<... ioctl resumed> , 0xbee6cf18) = 0
19:18:29.827079,1048,clock_gettime(CLOCK_MONOTONIC, <unfinished ...>
19:18:29.827399,1031,<... futex resumed> ) = 1
19:18:29.827768,1023,dup(52 <unfinished ...>
19:18:29.828065,1048,<... clock_gettime resumed> {128, 112720117}) = 0
19:18:29.835613,1048,getpid( <unfinished ...>
19:18:29.835872,1032,<... futex resumed> ) = 0
19:18:29.836104,1031,clock_gettime(CLOCK_MONOTONIC, <unfinished ...>
19:18:29.836317,1023,<... dup resumed> ) = 55
19:18:29.837744,1048,<... getpid resumed> ) = 1023
19:18:29.838163,1032,futex(0xb887a5b8, FUTEX_WAIT_PRIVATE, -58, NULL <unfinished ...>
19:18:29.839591,1031,<... clock_gettime resumed> {128, 124220361}) = 0
19:18:29.840073,1023,getpid( <unfinished ...>
19:18:29.840436,1048,readlink("/proc/1023/fd/49", <unfinished ...>
19:18:29.840953,1031,futex(0xb887a5b8, FUTEX_WAKE_PRIVATE, 1 <unfinished ...>
19:18:29.841278,1023,<... getpid resumed> ) = 1023
19:18:29.841687,1048,<... readlink resumed> "/data/data/com.igamepower.appmaster/files/icons/icons_jp.co.omronsoft.openwnn.ico"..., 120) = 81
19:18:29.842493,1031,<... futex resumed> ) = 1
19:18:29.842854,1023,mmap2(NULL, 1536000, PROT_READ|PROT_WRITE, MAP_SHARED, 55, 0 <unfinished ...>
19:18:29.843345,1048,writev(3, [{"\5", 1}, {"dalvikvm\0", 9}, {"DroidBox: { \"FdAccess\": { \"path\""..., 222}], 3 <unfinished ...>
19:18:29.844113,1032,<... futex resumed> ) = 0
19:18:29.844536,1031,clock_gettime(CLOCK_MONOTONIC, <unfinished ...>
19:18:29.844920,1023,<... mmap2 resumed> ) = 0xab4ed000
19:18:29.845249,1048,<... writev resumed> ) = 232
19:18:29.845646,1032,futex(0xb887a5b8, FUTEX_WAIT_PRIVATE, -60, NULL <unfinished ...>
19:18:29.845977,1031,<... clock_gettime resumed> {128, 130613549}) = 0
19:18:29.846421,1023,close(52 <unfinished ...>
19:18:29.847214,1048,writev(3, [{"\5", 1}, {"DroidBox\0", 9}, {"DroidBox: { \"FileRW\": { \"operati"..., 92}], 3 <unfinished ...>
19:18:29.848049,1031,futex(0xb887a5b8, FUTEX_WAKE_PRIVATE, 1 <unfinished ...>
19:18:29.848380,1023,<... close resumed> ) = 0
19:18:29.876129,1048,<... writev resumed> ) = 102
19:18:29.876384,1031,<... futex resumed> ) = 1
19:18:29.878405,1032,<... futex resumed> ) = 0
19:18:29.879634,1048,write(49, "|\10d\210", 4 <unfinished ...>
19:18:29.880123,1031,clock_gettime(CLOCK_MONOTONIC, <unfinished ...>
19:18:29.880455,1032,futex(0xb887a5b8, FUTEX_WAIT_PRIVATE, -62, NULL <unfinished ...>
19:18:29.880857,1048,<... write resumed> ) = 4
19:18:29.881202,1031,<... clock_gettime resumed> {128, 165832445}) = 0
19:18:29.904180,1031,futex(0xb887a5b8, FUTEX_WAKE_PRIVATE, 1) = 1
19:18:29.904714,1032,<... futex resumed> ) = 0
19:18:29.905145,1031,clock_gettime(CLOCK_MONOTONIC, <unfinished ...>
19:18:29.905467,1032,futex(0xb887a5b8, FUTEX_WAIT_PRIVATE, -64, NULL <unfinished ...>
19:18:29.905753,1031,<... clock_gettime resumed> {128, 190406104}) = 0
19:18:29.906217,1031,futex(0xb887a5b8, FUTEX_WAKE_PRIVATE, 1) = 1
19:18:29.906705,1032,<... futex resumed> ) = 0
19:18:29.907180,1031,fstat64(48, <unfinished ...>
19:18:29.907495,1032,clock_gettime(CLOCK_MONOTONIC, <unfinished ...>
19:18:29.907780,1031,<... fstat64 resumed> {st_mode=S_IFIFO|0600, st_size=0, ...}) = 0
19:18:29.908583,1032,<... clock_gettime resumed> {128, 193238552}) = 0
19:18:29.909163,1031,close(48 <unfinished ...>
19:18:29.909484,1032,clock_gettime(CLOCK_MONOTONIC, <unfinished ...>
19:18:29.909795,1031,<... close resumed> ) = 0
19:18:29.910113,1032,<... clock_gettime resumed> {128, 194769095}) = 0
19:18:29.910518,1031,clock_gettime(CLOCK_MONOTONIC, <unfinished ...>
19:18:29.910824,1032,clock_gettime(CLOCK_MONOTONIC, <unfinished ...>
19:18:29.911197,1031,<... clock_gettime resumed> {128, 195850365}) = 0
19:18:29.927386,1032,<... clock_gettime resumed> {128, 196306324}) = 0
19:18:29.927999,1031,fstat64(46, <unfinished ...>
19:18:29.928354,1032,futex(0xb887a5b8, FUTEX_WAIT_PRIVATE, -66, {9, 996462771} <unfinished ...>
19:18:29.928728,1031,<... fstat64 resumed> {st_mode=S_IFIFO|0600, st_size=0, ...}) = 0
19:18:29.929750,1031,close(46) = 0
19:18:29.930466,1031,clock_gettime(CLOCK_MONOTONIC, {128, 215419227}) = 0
19:18:29.931210,1031,fstat64(45, {st_mode=S_IFIFO|0600, st_size=0, ...}) = 0
19:18:29.932515,1031,close(45) = 0
19:18:29.933175,1031,clock_gettime(CLOCK_MONOTONIC, {128, 218118516}) = 0
19:18:29.933839,1031,clock_gettime(CLOCK_MONOTONIC, {128, 218816493}) = 0
19:18:29.934545,1031,clock_gettime(CLOCK_MONOTONIC, {128, 219487785}) = 0
19:18:29.935237,1031,clock_gettime(CLOCK_MONOTONIC, {128, 220178964}) = 0
19:18:29.935926,1031,clock_gettime(CLOCK_MONOTONIC, {128, 220867521}) = 0
19:18:29.936574,1031,clock_gettime(CLOCK_MONOTONIC, {128, 221505342}) = 0
19:18:29.937266,1031,clock_gettime(CLOCK_MONOTONIC, {128, 222198586}) = 0
19:18:29.937936,1031,clock_gettime(CLOCK_MONOTONIC, <unfinished ...>
19:18:29.966043,1048,clock_gettime(CLOCK_MONOTONIC, <unfinished ...>
19:18:29.966302,1031,<... clock_gettime resumed> {128, 223032115}) = 0
19:18:29.966596,1023,clock_gettime(CLOCK_MONOTONIC, <unfinished ...>
19:18:29.976460,1048,<... clock_gettime resumed> {128, 261105677}) = 0
19:18:29.977108,1031,clock_gettime(CLOCK_MONOTONIC, <unfinished ...>
19:18:29.977400,1023,<... clock_gettime resumed> {128, 262043925}) = 0
19:18:29.977771,1048,getpid( <unfinished ...>
19:18:29.978135,1031,<... clock_gettime resumed> {128, 262782152}) = 0
19:18:29.982814,1023,clock_gettime(CLOCK_MONOTONIC, <unfinished ...>
19:18:29.983206,1048,<... getpid resumed> ) = 1023
19:18:29.983595,1031,clock_gettime(CLOCK_MONOTONIC, <unfinished ...>
19:18:29.983933,1023,<... clock_gettime resumed> {128, 268536003}) = 0
19:18:29.984365,1048,readlink("/proc/1023/fd/49", <unfinished ...>
19:18:29.984769,1031,<... clock_gettime resumed> {128, 269413920}) = 0
19:18:29.985277,1023,ioctl(9, 0xc0186201 <unfinished ...>
19:18:29.985662,1048,<... readlink resumed> "/data/data/com.igamepower.appmaster/files/icons/icons_jp.co.omronsoft.openwnn.ico"..., 120) = 81
19:18:29.986484,1031,clock_gettime(CLOCK_MONOTONIC, <unfinished ...>
19:18:29.986843,1023,<... ioctl resumed> , 0xbee6d0c8) = 0
19:18:29.987283,1048,writev(3, [{"\5", 1}, {"dalvikvm\0", 9}, {"DroidBox: { \"FdAccess\": { \"path\""..., 223}], 3 <unfinished ...>
19:18:29.987993,1031,<... clock_gettime resumed> {128, 272639398}) = 0
19:18:29.988711,1023,ioctl(9, 0xc0186201 <unfinished ...>
19:18:29.989210,1031,clock_gettime(CLOCK_MONOTONIC, <unfinished ...>
19:18:29.989587,1023,<... ioctl resumed> , 0xbee6d0c8) = 0
19:18:29.989877,1048,<... writev resumed> ) = 233
19:18:29.990171,1031,<... clock_gettime resumed> {128, 274823218}) = 0
19:18:30.016308,1048,writev(3, [{"\5", 1}, {"DroidBox\0", 9}, {"DroidBox: { \"FileRW\": { \"operati"..., 97}], 3 <unfinished ...>
19:18:30.017003,1023,getpid( <unfinished ...>
19:18:30.017529,1031,clock_gettime(CLOCK_MONOTONIC, <unfinished ...>
19:18:30.018041,1023,<... getpid resumed> ) = 1023
19:18:30.018381,1031,<... clock_gettime resumed> {128, 303036318}) = 0
19:18:30.018718,1048,<... writev resumed> ) = 107
19:18:30.019071,1023,gettid( <unfinished ...>
19:18:30.019421,1031,clock_gettime(CLOCK_MONOTONIC, <unfinished ...>
19:18:30.019758,1048,write(49, "\0\0\0373IDAT", 8 <unfinished ...>
19:18:30.020134,1023,<... gettid resumed> ) = 1023
19:18:30.020415,1031,<... clock_gettime resumed> {128, 305071297}) = 0
19:18:30.020860,1048,<... write resumed> ) = 8
19:18:30.021187,1023,clock_gettime(CLOCK_MONOTONIC, <unfinished ...>
19:18:30.021548,1031,clock_gettime(CLOCK_MONOTONIC, <unfinished ...>
19:18:30.022956,1048,clock_gettime(CLOCK_MONOTONIC, <unfinished ...>
19:18:30.024654,1023,<... clock_gettime resumed> {128, 309260670}) = 0
19:18:30.025169,1031,<... clock_gettime resumed> {128, 309820810}) = 0
19:18:30.025574,1048,<... clock_gettime resumed> {128, 310240622}) = 0
19:18:30.027798,1023,ioctl(9, 0xc0186201 <unfinished ...>
19:18:30.028323,1031,clock_gettime(CLOCK_MONOTONIC, <unfinished ...>
19:18:30.028698,1048,getpid( <unfinished ...>
19:18:30.029116,1023,<... ioctl resumed> , 0xbee6d1f0) = 0
19:18:30.029404,1031,<... clock_gettime resumed> {128, 314056899}) = 0
19:18:30.029772,1048,<... getpid resumed> ) = 1023
19:18:30.031239,1023,ioctl(9, 0xc0186201 <unfinished ...>
19:18:30.031641,1031,clock_gettime(CLOCK_MONOTONIC, <unfinished ...>
19:18:30.032025,1048,readlink("/proc/1023/fd/49", <unfinished ...>
19:18:30.032432,1023,<... ioctl resumed> , 0xbee6d1f0) = 0
19:18:30.032718,1031,<... clock_gettime resumed> {128, 317371318}) = 0
19:18:30.033216,1048,<... readlink resumed> "/data/data/com.igamepower.appmaster/files/icons/icons_jp.co.omronsoft.openwnn.ico"..., 120) = 81
19:18:30.034023,1023,clock_gettime(CLOCK_MONOTONIC, <unfinished ...>
19:18:30.034379,1031,clock_gettime(CLOCK_MONOTONIC, <unfinished ...>
19:18:30.034794,1048,writev(3, [{"\5", 1}, {"dalvikvm\0", 9}, {"DroidBox: { \"FdAccess\": { \"path\""..., 223}], 3 <unfinished ...>
19:18:30.035605,1023,<... clock_gettime resumed> {128, 320247816}) = 0
19:18:30.036025,1031,<... clock_gettime resumed> {128, 320651440}) = 0
19:18:30.037288,1023,getpid( <unfinished ...>
19:18:30.037667,1031,clock_gettime(CLOCK_MONOTONIC, <unfinished ...>
19:18:30.037976,1048,<... writev resumed> ) = 233
19:18:30.038262,1023,<... getpid resumed> ) = 1023
19:18:30.038544,1031,<... clock_gettime resumed> {128, 323198963}) = 0
19:18:30.041790,1048,writev(3, [{"\5", 1}, {"DroidBox\0", 9}, {"DroidBox: { \"FileRW\": { \"operati"..., 397}], 3 <unfinished ...>
19:18:30.042533,1023,getuid32( <unfinished ...>
19:18:30.042924,1031,clock_gettime(CLOCK_MONOTONIC, <unfinished ...>
19:18:30.045764,1023,<... getuid32 resumed> ) = 10050
19:18:30.046141,1031,<... clock_gettime resumed> {128, 330793079}) = 0
19:18:30.046510,1048,<... writev resumed> ) = 407
19:18:30.046957,1023,epoll_wait(0x1e, 0xbee6d1f8, 0x10, 0 <unfinished ...>
19:18:30.047342,1031,clock_gettime(CLOCK_MONOTONIC, <unfinished ...>
19:18:30.047680,1048,write(49, "x\234Í\234i\214%×uß\177çÞªzKwOOÏÞC\0169\\%rD\221\22%S"..., 4096 <unfinished ...>
19:18:30.048224,1023,<... epoll_wait resumed> ) = 1
19:18:30.048502,1031,<... clock_gettime resumed> {128, 333158120}) = 0
19:18:30.049051,1048,<... write resumed> ) = 4096
19:18:30.074098,1031,clock_gettime(CLOCK_MONOTONIC, <unfinished ...>
19:18:30.074337,1023,read(23, <unfinished ...>
19:18:30.075643,1048,clock_gettime(CLOCK_MONOTONIC, <unfinished ...>
19:18:30.076044,1031,<... clock_gettime resumed> {128, 360586798}) = 0
19:18:30.076442,1023,<... read resumed> "W", 16) = 1
19:18:30.076759,1048,<... clock_gettime resumed> {128, 361420679}) = 0
19:18:30.077272,1031,clock_gettime(CLOCK_MONOTONIC, <unfinished ...>
19:18:30.077621,1023,clock_gettime(CLOCK_MONOTONIC, <unfinished ...>
19:18:30.077968,1048,getpid( <unfinished ...>
19:18:30.078252,1031,<... clock_gettime resumed> {128, 362901721}) = 0
19:18:30.078620,1023,<... clock_gettime resumed> {128, 363263751}) = 0
19:18:30.079001,1048,<... getpid resumed> ) = 1023
19:18:30.079371,1031,clock_gettime(CLOCK_MONOTONIC, <unfinished ...>
19:18:30.079726,1023,clock_gettime(CLOCK_MONOTONIC, <unfinished ...>
19:18:30.080112,1048,readlink("/proc/1023/fd/49", <unfinished ...>
19:18:30.080533,1031,<... clock_gettime resumed> {128, 365174275}) = 0
19:18:30.080939,1023,<... clock_gettime resumed> {128, 365558274}) = 0
19:18:30.096349,1048,<... readlink resumed> "/data/data/com.igamepower.appmaster/files/icons/icons_jp.co.omronsoft.openwnn.ico"..., 120) = 81
19:18:30.097181,1031,clock_gettime(CLOCK_MONOTONIC, <unfinished ...>
19:18:30.097656,1023,recvfrom(37, <unfinished ...>
19:18:30.098183,1048,writev(3, [{"\5", 1}, {"dalvikvm\0", 9}, {"DroidBox: { \"FdAccess\": { \"path\""..., 222}], 3 <unfinished ...>
19:18:30.099103,1031,<... clock_gettime resumed> {128, 383706288}) = 0
19:18:30.099473,1023,<... recvfrom resumed> 0xbee6c9a8, 24, 64, 0, 0) = -1 EAGAIN (Try again)
19:18:30.100057,1031,clock_gettime(CLOCK_MONOTONIC, <unfinished ...>
19:18:30.100419,1023,ioctl(9, 0xc0186201 <unfinished ...>
19:18:30.100702,1048,<... writev resumed> ) = 232
19:18:30.101051,1031,<... clock_gettime resumed> {128, 385702815}) = 0
19:18:30.101477,1023,<... ioctl resumed> , 0xbee6d178) = 0
19:18:30.108160,1048,writev(3, [{"\5", 1}, {"DroidBox\0", 9}, {"DroidBox: { \"FileRW\": { \"operati"..., 450}], 3 <unfinished ...>
19:18:30.109092,1031,clock_gettime(CLOCK_MONOTONIC, <unfinished ...>
19:18:30.109728,1023,getpid( <unfinished ...>
19:18:30.110100,1048,<... writev resumed> ) = 460
19:18:30.110926,1031,<... clock_gettime resumed> {128, 395557631}) = 0
19:18:30.111501,1023,<... getpid resumed> ) = 1023
19:18:30.111979,1048,write(49, "ÏÆJ\202\16¶ÑHvT\203V\35Ï\234\210Ç»\f'uÌ\27ãX\16\231ìßX¬\1"..., 3891 <unfinished ...>
19:18:30.112641,1031,clock_gettime(CLOCK_MONOTONIC, <unfinished ...>
19:18:30.113100,1023,getuid32( <unfinished ...>
19:18:30.113570,1048,<... write resumed> ) = 3891
19:18:30.113927,1031,<... clock_gettime resumed> {128, 398524583}) = 0
19:18:30.114281,1023,<... getuid32 resumed> ) = 10050
19:18:30.115651,1048,clock_gettime(CLOCK_MONOTONIC, <unfinished ...>
19:18:30.116094,1031,clock_gettime(CLOCK_MONOTONIC, <unfinished ...>
19:18:30.116485,1023,epoll_wait(0x1e, 0xbee6d1f8, 0x10, 0 <unfinished ...>
19:18:30.148224,1048,<... clock_gettime resumed> {128, 401636053}) = 0
19:18:30.148532,1031,<... clock_gettime resumed> {128, 401677928}) = 0
19:18:30.148797,1023,<... epoll_wait resumed> ) = 0
19:18:30.150999,1048,getpid( <unfinished ...>
19:18:30.152246,1031,clock_gettime(CLOCK_MONOTONIC, <unfinished ...>
19:18:30.152593,1023,clock_gettime(CLOCK_MONOTONIC, <unfinished ...>
19:18:30.152886,1048,<... getpid resumed> ) = 1023
19:18:30.153186,1031,<... clock_gettime resumed> {128, 437840526}) = 0
19:18:30.153566,1023,<... clock_gettime resumed> {128, 438214142}) = 0
19:18:30.154043,1048,readlink("/proc/1023/fd/49", <unfinished ...>
19:18:30.154521,1031,clock_gettime(CLOCK_MONOTONIC, <unfinished ...>
19:18:30.156263,1023,getpid( <unfinished ...>
19:18:30.156630,1048,<... readlink resumed> "/data/data/com.igamepower.appmaster/files/icons/icons_jp.co.omronsoft.openwnn.ico"..., 120) = 81
19:18:30.157363,1031,<... clock_gettime resumed> {128, 442017169}) = 0
19:18:30.157714,1023,<... getpid resumed> ) = 1023
19:18:30.158174,1048,writev(3, [{"\5", 1}, {"dalvikvm\0", 9}, {"DroidBox: { \"FdAccess\": { \"path\""..., 222}], 3 <unfinished ...>
19:18:30.158960,1031,clock_gettime(CLOCK_MONOTONIC, <unfinished ...>
19:18:30.159292,1023,gettid( <unfinished ...>
19:18:30.159704,1031,<... clock_gettime resumed> {128, 444355178}) = 0
19:18:30.160113,1023,<... gettid resumed> ) = 1023
19:18:30.160385,1048,<... writev resumed> ) = 232
19:18:30.160756,1031,clock_gettime(CLOCK_MONOTONIC, <unfinished ...>
19:18:30.161120,1023,clock_gettime(CLOCK_MONOTONIC, <unfinished ...>
19:18:30.161782,1048,writev(3, [{"\5", 1}, {"DroidBox\0", 9}, {"DroidBox: { \"FileRW\": { \"operati"..., 96}], 3 <unfinished ...>
19:18:30.162538,1031,<... clock_gettime resumed> {128, 447174248}) = 0
19:18:30.162930,1023,<... clock_gettime resumed> {128, 447539473}) = 0
19:18:30.165766,1031,clock_gettime(CLOCK_MONOTONIC, <unfinished ...>
19:18:30.166174,1023,ioctl(9, 0xc0186201 <unfinished ...>
19:18:30.166454,1048,<... writev resumed> ) = 106
19:18:30.166739,1031,<... clock_gettime resumed> {128, 451394131}) = 0
19:18:30.167158,1023,<... ioctl resumed> , 0xbee6d1f0) = 0
19:18:30.167505,1048,write(49, "ÐÇVl", 4 <unfinished ...>
19:18:30.167916,1031,clock_gettime(CLOCK_MONOTONIC, <unfinished ...>
19:18:30.176945,1023,clock_gettime(CLOCK_MONOTONIC, <unfinished ...>
19:18:30.178371,1048,<... write resumed> ) = 4
19:18:30.178786,1031,<... clock_gettime resumed> {128, 463423281}) = 0
19:18:30.179308,1023,<... clock_gettime resumed> {128, 463945392}) = 0
19:18:30.180718,1048,clock_gettime(CLOCK_MONOTONIC, <unfinished ...>
19:18:30.181186,1031,clock_gettime(CLOCK_MONOTONIC, <unfinished ...>
19:18:30.181690,1023,epoll_wait(0x1e, 0xbee6d1f8, 0x10, 0 <unfinished ...>
19:18:30.182035,1048,<... clock_gettime resumed> {128, 466691917}) = 0
19:18:30.182401,1031,<... clock_gettime resumed> {128, 467050910}) = 0
19:18:30.183339,1023,<... epoll_wait resumed> ) = 1
19:18:30.183744,1048,getpid( <unfinished ...>
19:18:30.184201,1031,clock_gettime(CLOCK_MONOTONIC, <unfinished ...>
19:18:30.184526,1023,recvfrom(37, <unfinished ...>
19:18:30.184788,1048,<... getpid resumed> ) = 1023
19:18:30.185113,1031,<... clock_gettime resumed> {128, 469768027}) = 0
19:18:30.187012,1048,readlink("/proc/1023/fd/49", <unfinished ...>
19:18:30.187522,1031,clock_gettime(CLOCK_MONOTONIC, <unfinished ...>
19:18:30.187717,1023,<... recvfrom resumed> "nysv\0\0\0\0\"R$å\35\0\0\0¾\3\0\0\224Â'¸", 24, MSG_DONTWAIT, NULL, NULL) = 24
19:18:30.191486,1048,<... readlink resumed> "/data/data/com.igamepower.appmaster/files/icons/icons_jp.co.omronsoft.openwnn.ico"..., 120) = 81
19:18:30.192367,1031,<... clock_gettime resumed> {128, 473025364}) = 0
19:18:30.192652,1023,recvfrom(37, <unfinished ...>
19:18:30.193390,1048,writev(3, [{"\5", 1}, {"dalvikvm\0", 9}, {"DroidBox: { \"FdAccess\": { \"path\""..., 222}], 3 <unfinished ...>
19:18:30.194189,1031,clock_gettime(CLOCK_MONOTONIC, <unfinished ...>
19:18:30.194514,1023,<... recvfrom resumed> 0xbee6c828, 24, 64, 0, 0) = -1 EAGAIN (Try again)
19:18:30.195173,1048,<... writev resumed> ) = 232
19:18:30.195367,1031,<... clock_gettime resumed> {128, 479688723}) = 0
19:18:30.195644,1023,clock_gettime(CLOCK_MONOTONIC, <unfinished ...>
19:18:30.196561,1048,writev(3, [{"\5", 1}, {"DroidBox\0", 9}, {"DroidBox: { \"FileRW\": { \"operati"..., 96}], 3 <unfinished ...>
19:18:30.197257,1031,clock_gettime(CLOCK_MONOTONIC, <unfinished ...>
19:18:30.197465,1023,<... clock_gettime resumed> {128, 481197591}) = 0
19:18:30.199433,1048,<... writev resumed> ) = 106
19:18:30.199654,1031,<... clock_gettime resumed> {128, 483920079}) = 0
19:18:30.199994,1023,clock_gettime(CLOCK_MONOTONIC, <unfinished ...>
19:18:30.200486,1048,write(49, "\0\0\0\0IEND", 8 <unfinished ...>
19:18:30.200873,1031,clock_gettime(CLOCK_MONOTONIC, <unfinished ...>
19:18:30.201086,1023,<... clock_gettime resumed> {128, 485128540}) = 0
19:18:30.217063,1048,<... write resumed> ) = 8
19:18:30.217305,1031,<... clock_gettime resumed> {128, 491925429}) = 0
19:18:30.217611,1023,clock_gettime(CLOCK_MONOTONIC, <unfinished ...>
19:18:30.231165,1048,clock_gettime(CLOCK_MONOTONIC, <unfinished ...>
19:18:30.232957,1023,<... clock_gettime resumed> {128, 517509911}) = 0
19:18:30.233357,1048,<... clock_gettime resumed> {128, 518010935}) = 0
19:18:30.233817,1031,clock_gettime(CLOCK_MONOTONIC, <unfinished ...>
19:18:30.234451,1023,writev(3, [{"\4", 1}, {"Choreographer\0", 14}, {"Skipped 31 frames! The applicat"..., 83}], 3 <unfinished ...>
19:18:30.235286,1048,getpid( <unfinished ...>
19:18:30.235818,1031,<... clock_gettime resumed> {128, 520239473}) = 0
19:18:30.237882,1048,<... getpid resumed> ) = 1023
19:18:30.238136,1031,clock_gettime(CLOCK_MONOTONIC, <unfinished ...>
19:18:30.238363,1023,<... writev resumed> ) = 98
19:18:30.241961,1048,readlink("/proc/1023/fd/49", <unfinished ...>
19:18:30.242291,1031,<... clock_gettime resumed> {128, 523491855}) = 0
19:18:30.244064,1023,clock_gettime(CLOCK_MONOTONIC, <unfinished ...>
19:18:30.246489,1048,<... readlink resumed> "/data/data/com.igamepower.appmaster/files/icons/icons_jp.co.omronsoft.openwnn.ico"..., 120) = 81
19:18:30.258329,1031,clock_gettime(CLOCK_MONOTONIC, <unfinished ...>
19:18:30.258657,1023,<... clock_gettime resumed> {128, 543300061}) = 0
19:18:30.259165,1048,writev(3, [{"\5", 1}, {"dalvikvm\0", 9}, {"DroidBox: { \"FdAccess\": { \"path\""..., 223}], 3 <unfinished ...>
19:18:30.259843,1031,<... clock_gettime resumed> {128, 544487120}) = 0
19:18:30.260254,1023,clock_gettime(CLOCK_MONOTONIC, <unfinished ...>
19:18:30.260753,1031,clock_gettime(CLOCK_MONOTONIC, <unfinished ...>
19:18:30.261046,1023,<... clock_gettime resumed> {128, 545691522}) = 0
19:18:30.261381,1048,<... writev resumed> ) = 233
19:18:30.261663,1031,<... clock_gettime resumed> {128, 546319216}) = 0
19:18:30.262314,1023,clock_gettime(CLOCK_MONOTONIC, <unfinished ...>
19:18:30.263041,1048,writev(3, [{"\5", 1}, {"DroidBox\0", 9}, {"DroidBox: { \"FileRW\": { \"operati"..., 97}], 3 <unfinished ...>
19:18:30.263806,1031,clock_gettime(CLOCK_MONOTONIC, <unfinished ...>
19:18:30.264148,1023,<... clock_gettime resumed> {128, 548793428}) = 0
19:18:30.265861,1031,<... clock_gettime resumed> {128, 550461468}) = 0
19:18:30.266548,1023,clock_gettime(CLOCK_MONOTONIC, <unfinished ...>
19:18:30.266858,1048,<... writev resumed> ) = 107
19:18:30.267276,1031,clock_gettime(CLOCK_MONOTONIC, <unfinished ...>
19:18:30.267575,1023,<... clock_gettime resumed> {128, 552217241}) = 0
19:18:30.268098,1048,write(49, "®B`\202", 4 <unfinished ...>
19:18:30.268427,1031,<... clock_gettime resumed> {128, 553075607}) = 0
19:18:30.268911,1023,recvfrom(37, <unfinished ...>
19:18:30.269282,1048,<... write resumed> ) = 4
19:18:30.269657,1031,clock_gettime(CLOCK_MONOTONIC, <unfinished ...>
19:18:30.270002,1023,<... recvfrom resumed> 0xbee6c9a8, 24, 64, 0, 0) = -1 EAGAIN (Try again)
19:18:30.270394,1048,munmap(0xab8c0000, 69632 <unfinished ...>
19:18:30.270693,1031,<... clock_gettime resumed> {128, 555339729}) = 0
19:18:30.271138,1023,futex(0xb6f62698, FUTEX_WAIT_PRIVATE, 2, NULL <unfinished ...>
19:18:30.271480,1048,<... munmap resumed> ) = 0
19:18:30.271811,1031,futex(0xb6f62698, FUTEX_WAIT_PRIVATE, 2, NULL <unfinished ...>
19:18:30.272179,1048,futex(0xb6f62698, FUTEX_WAKE_PRIVATE, 1 <unfinished ...>
19:18:30.272472,1031,<... futex resumed> ) = -1 EAGAIN (Try again)
19:18:30.272763,1048,<... futex resumed> ) = 1
19:18:30.273115,1031,futex(0xb6f62698, FUTEX_WAKE_PRIVATE, 1 <unfinished ...>
19:18:30.274154,1023,<... futex resumed> ) = 0
19:18:30.274483,1048,munmap(0xab8d1000, 69632 <unfinished ...>
19:18:30.274768,1031,<... futex resumed> ) = 0
19:18:30.275114,1023,futex(0xb6f62698, FUTEX_WAIT_PRIVATE, 2, NULL <unfinished ...>
19:18:30.275435,1048,<... munmap resumed> ) = 0
19:18:30.275747,1031,futex(0xb6f62698, FUTEX_WAIT_PRIVATE, 2, NULL <unfinished ...>
19:18:30.276115,1048,futex(0xb6f62698, FUTEX_WAKE_PRIVATE, 1 <unfinished ...>
19:18:30.276402,1031,<... futex resumed> ) = -1 EAGAIN (Try again)
19:18:30.276686,1048,<... futex resumed> ) = 1
19:18:30.277033,1031,futex(0xb6f62698, FUTEX_WAKE_PRIVATE, 1 <unfinished ...>
19:18:30.277323,1023,<... futex resumed> ) = 0
19:18:30.277620,1048,munmap(0xab8e2000, 69632 <unfinished ...>
19:18:30.277946,1031,<... futex resumed> ) = 0
19:18:30.278264,1023,futex(0xb6f62698, FUTEX_WAIT_PRIVATE, 2, NULL <unfinished ...>
19:18:30.278569,1048,<... munmap resumed> ) = 0
19:18:30.278923,1031,futex(0xb6f62698, FUTEX_WAIT_PRIVATE, 2, NULL <unfinished ...>
19:18:30.279244,1048,futex(0xb6f62698, FUTEX_WAKE_PRIVATE, 1 <unfinished ...>
19:18:30.279531,1031,<... futex resumed> ) = -1 EAGAIN (Try again)
19:18:30.279813,1048,<... futex resumed> ) = 1
19:18:30.280167,1031,futex(0xb6f62698, FUTEX_WAKE_PRIVATE, 1 <unfinished ...>
19:18:30.280449,1023,<... futex resumed> ) = 0
19:18:30.280737,1048,munmap(0xab8f3000, 69632 <unfinished ...>
19:18:30.281055,1031,<... futex resumed> ) = 0
19:18:30.319860,1048,<... munmap resumed> ) = 0
19:18:30.320214,1031,futex(0xb6f62698, FUTEX_WAIT_PRIVATE, 2, NULL <unfinished ...>
19:18:30.320472,1023,futex(0xb6f62698, FUTEX_WAIT_PRIVATE, 2, NULL <unfinished ...>
19:18:30.346669,1048,futex(0xb6f62698, FUTEX_WAKE_PRIVATE, 1 <unfinished ...>
19:18:30.347006,1031,<... futex resumed> ) = -1 EAGAIN (Try again)
19:18:30.347304,1023,<... futex resumed> ) = -1 EAGAIN (Try again)
19:18:30.347575,1048,<... futex resumed> ) = 0
19:18:30.347887,1031,futex(0xb6f62698, FUTEX_WAKE_PRIVATE, 1 <unfinished ...>
19:18:30.348276,1023,futex(0xb6f62698, FUTEX_WAKE_PRIVATE, 1 <unfinished ...>
19:18:30.348674,1048,fstat64(49, <unfinished ...>
19:18:30.349020,1031,<... futex resumed> ) = 0
19:18:30.349333,1023,<... futex resumed> ) = 0
19:18:30.349636,1048,<... fstat64 resumed> {st_mode=S_IFREG|0600, st_size=8060, ...}) = 0
19:18:30.350605,1031,clock_gettime(CLOCK_MONOTONIC, <unfinished ...>
19:18:30.351055,1023,ioctl(9, 0xc0186201 <unfinished ...>
19:18:30.351486,1048,close(49 <unfinished ...>
19:18:30.351778,1031,<... clock_gettime resumed> {128, 636425470}) = 0
19:18:30.352242,1023,<... ioctl resumed> , 0xbee6d178) = 0
19:18:30.352541,1048,<... close resumed> ) = 0
19:18:30.353016,1031,clock_gettime(CLOCK_MONOTONIC, <unfinished ...>
19:18:30.353615,1023,clock_gettime(CLOCK_MONOTONIC, <unfinished ...>
19:18:30.355771,1048,gettimeofday( <unfinished ...>
19:18:30.356153,1031,<... clock_gettime resumed> {128, 640789182}) = 0
19:18:30.356607,1023,<... clock_gettime resumed> {128, 641248427}) = 0
19:18:30.365944,1048,<... gettimeofday resumed> {1738783110, 356941}, NULL) = 0
19:18:30.366454,1031,clock_gettime(CLOCK_MONOTONIC, <unfinished ...>
19:18:30.366987,1023,clock_gettime(CLOCK_MONOTONIC, <unfinished ...>
19:18:30.368219,1048,gettimeofday( <unfinished ...>
19:18:30.368519,1031,<... clock_gettime resumed> {128, 653163576}) = 0
19:18:30.368936,1023,<... clock_gettime resumed> {128, 653537429}) = 0
19:18:30.369288,1048,<... gettimeofday resumed> {1738783110, 369191}, NULL) = 0
19:18:30.369755,1031,clock_gettime(CLOCK_MONOTONIC, <unfinished ...>
19:18:30.370209,1023,clock_gettime(CLOCK_MONOTONIC, <unfinished ...>
19:18:30.370720,1048,gettimeofday( <unfinished ...>
19:18:30.371091,1031,<... clock_gettime resumed> {128, 655739198}) = 0
19:18:30.371462,1023,<... clock_gettime resumed> {128, 656104819}) = 0
19:18:30.371811,1048,<... gettimeofday resumed> {1738783110, 371715}, NULL) = 0
19:18:30.372311,1031,clock_gettime(CLOCK_MONOTONIC, <unfinished ...>
19:18:30.372664,1023,clock_gettime(CLOCK_MONOTONIC, <unfinished ...>
19:18:30.373134,1048,fcntl64(42, F_SETLK, {type=F_RDLCK, whence=SEEK_SET, start=1073741824, len=1} <unfinished ...>
19:18:30.373572,1031,<... clock_gettime resumed> {128, 658219064}) = 0
19:18:30.373979,1023,<... clock_gettime resumed> {128, 658606801}) = 0
19:18:30.374354,1048,<... fcntl64 resumed> ) = 0
19:18:30.374724,1031,clock_gettime(CLOCK_MONOTONIC, <unfinished ...>
19:18:30.375156,1023,clock_gettime(CLOCK_MONOTONIC, <unfinished ...>
19:18:30.375468,1048,fcntl64(42, F_SETLK, {type=F_RDLCK, whence=SEEK_SET, start=1073741826, len=510} <unfinished ...>
19:18:30.375937,1031,<... clock_gettime resumed> {128, 660531944}) = 0
19:18:30.376305,1023,<... clock_gettime resumed> {128, 660949232}) = 0
19:18:30.376669,1048,<... fcntl64 resumed> ) = 0
19:18:30.377057,1031,clock_gettime(CLOCK_MONOTONIC, <unfinished ...>
19:18:30.377429,1023,write(29, "W", 1 <unfinished ...>
19:18:30.377767,1048,fcntl64(42, F_SETLK, {type=F_UNLCK, whence=SEEK_SET, start=1073741824, len=1} <unfinished ...>
19:18:30.378191,1031,<... clock_gettime resumed> {128, 662837520}) = 0
19:18:30.378585,1023,<... write resumed> ) = 1
19:18:30.378893,1048,<... fcntl64 resumed> ) = 0
19:18:30.379284,1031,clock_gettime(CLOCK_MONOTONIC, <unfinished ...>
19:18:30.390595,1048,access("/data/data/com.igamepower.appmaster/databases/game_service_folderdb.db-journal", F_OK <unfinished ...>
19:18:30.391348,1031,<... clock_gettime resumed> {128, 675994217}) = 0
19:18:30.391873,1048,<... access resumed> ) = 0
19:18:30.392348,1031,clock_gettime(CLOCK_MONOTONIC, <unfinished ...>
19:18:30.392732,1048,stat64("/data/data/com.igamepower.appmaster/databases/game_service_folderdb.db-journal", <unfinished ...>
19:18:30.393492,1031,<... clock_gettime resumed> {128, 678142830}) = 0
19:18:30.393946,1048,<... stat64 resumed> {st_mode=S_IFREG|0600, st_size=25136, ...}) = 0
19:18:30.394798,1031,clock_gettime(CLOCK_MONOTONIC, <unfinished ...>
19:18:30.395149,1048,fcntl64(42, F_GETLK <unfinished ...>
19:18:30.395429,1031,<... clock_gettime resumed> {128, 680081804}) = 0
19:18:30.395773,1048,<... fcntl64 resumed> , {type=F_UNLCK, whence=SEEK_SET, start=1073741825, len=1, pid=0}) = 0
19:18:30.396324,1031,clock_gettime(CLOCK_MONOTONIC, <unfinished ...>
19:18:30.396625,1048,fstat64(42, <unfinished ...>
19:18:30.396949,1031,<... clock_gettime resumed> {128, 681561041}) = 0
19:18:30.397298,1048,<... fstat64 resumed> {st_mode=S_IFREG|0660, st_size=32768, ...}) = 0
19:18:30.398167,1031,clock_gettime(CLOCK_MONOTONIC, <unfinished ...>
19:18:30.398474,1048,stat64("/data/data/com.igamepower.appmaster/databases/game_service_folderdb.db", <unfinished ...>
19:18:30.399118,1031,<... clock_gettime resumed> {128, 683767915}) = 0
19:18:30.399487,1048,<... stat64 resumed> {st_mode=S_IFREG|0660, st_size=32768, ...}) = 0
19:18:30.400374,1031,clock_gettime(CLOCK_MONOTONIC, <unfinished ...>
19:18:30.400672,1048,umask(0 <unfinished ...>
19:18:30.400960,1031,<... clock_gettime resumed> {128, 685610571}) = 0
19:18:30.401300,1048,<... umask resumed> ) = 077
19:18:30.401658,1031,clock_gettime(CLOCK_MONOTONIC, <unfinished ...>
19:18:30.401960,1048,open("/data/data/com.igamepower.appmaster/databases/game_service_folderdb.db-journal", O_RDONLY <unfinished ...>
19:18:30.402639,1031,<... clock_gettime resumed> {128, 687289258}) = 0
19:18:30.403100,1048,<... open resumed> ) = 45
19:18:30.403466,1031,clock_gettime(CLOCK_MONOTONIC, <unfinished ...>
19:18:30.403788,1048,umask(077 <unfinished ...>
19:18:30.404160,1031,<... clock_gettime resumed> {128, 688813537}) = 0
19:18:30.404491,1048,<... umask resumed> ) = 0
19:18:30.404864,1031,clock_gettime(CLOCK_MONOTONIC, <unfinished ...>
19:18:30.405166,1048,fchown32(45, 10050, 10050 <unfinished ...>
19:18:30.405457,1031,<... clock_gettime resumed> {128, 690110866}) = 0
19:18:30.405876,1048,<... fchown32 resumed> ) = 0
19:18:30.406254,1031,clock_gettime(CLOCK_MONOTONIC, <unfinished ...>
19:18:30.406543,1048,fcntl64(45, F_GETFD <unfinished ...>
19:18:30.458715,1031,<... clock_gettime resumed> {128, 691474377}) = 0
19:18:30.459039,1048,<... fcntl64 resumed> ) = 0
19:18:30.459300,1023,ioctl(9, 0xc0186201 <unfinished ...>
19:18:30.459717,1031,clock_gettime(CLOCK_MONOTONIC, <unfinished ...>
19:18:30.460043,1048,fcntl64(45, F_SETFD, FD_CLOEXEC <unfinished ...>
19:18:30.460390,1023,<... ioctl resumed> , 0xbee6cf10) = 0
19:18:30.460683,1031,<... clock_gettime resumed> {128, 745335260}) = 0
19:18:30.461089,1048,<... fcntl64 resumed> ) = 0
19:18:30.461893,1023,ioctl(9, 0xc0186201 <unfinished ...>
19:18:30.462277,1031,clock_gettime(CLOCK_MONOTONIC, <unfinished ...>
19:18:30.462573,1048,pread(45, <unfinished ...>
19:18:30.462876,1023,<... ioctl resumed> , 0xbee6cf10) = 0
19:18:30.463244,1031,<... clock_gettime resumed> {128, 747893178}) = 0
19:18:30.463613,1048,<... pread resumed> "\0", 1, 3069335896) = 1
19:18:30.464065,1023,ioctl(9, 0xc0186201 <unfinished ...>
19:18:30.464429,1031,clock_gettime(CLOCK_MONOTONIC, <unfinished ...>
19:18:30.464728,1048,close(45 <unfinished ...>
19:18:30.465159,1023,<... ioctl resumed> , 0xbee6cf18) = 0
19:18:30.465443,1031,<... clock_gettime resumed> {128, 750098365}) = 0
19:18:30.496620,1048,<... close resumed> ) = 0
19:18:30.496897,1031,clock_gettime(CLOCK_MONOTONIC, <unfinished ...>
19:18:30.497123,1023,ioctl(9, 0xc0186201 <unfinished ...>
19:18:30.505532,1048,fstat64(42, <unfinished ...>
19:18:30.505889,1031,<... clock_gettime resumed> {128, 790495314}) = 0
19:18:30.506369,1023,<... ioctl resumed> , 0xbee6cf18) = 0
19:18:30.506760,1048,<... fstat64 resumed> {st_mode=S_IFREG|0660, st_size=32768, ...}) = 0
19:18:30.507774,1031,clock_gettime(CLOCK_MONOTONIC, <unfinished ...>
19:18:30.508198,1023,dup(45 <unfinished ...>
19:18:30.508497,1048,pread(42, <unfinished ...>
19:18:30.508776,1031,<... clock_gettime resumed> {128, 793429449}) = 0
19:18:30.509138,1023,<... dup resumed> ) = 46
19:18:30.509421,1048,<... pread resumed> "\0\0\0\6\0\0\0\10\0\0\0\0\0\0\0\0", 16, 106148551000) = 16
19:18:30.510008,1031,clock_gettime(CLOCK_MONOTONIC, <unfinished ...>
19:18:30.510340,1023,getpid( <unfinished ...>
19:18:30.510635,1048,fstat64(42, <unfinished ...>
19:18:30.510938,1031,<... clock_gettime resumed> {128, 795570970}) = 0
19:18:30.511289,1023,<... getpid resumed> ) = 1023
19:18:30.511565,1048,<... fstat64 resumed> {st_mode=S_IFREG|0660, st_size=32768, ...}) = 0
19:18:30.512418,1031,clock_gettime(CLOCK_MONOTONIC, <unfinished ...>
19:18:30.512727,1023,mmap2(NULL, 311296, PROT_READ|PROT_WRITE, MAP_SHARED, 46, 0 <unfinished ...>
19:18:30.513061,1048,access("/data/data/com.igamepower.appmaster/databases/game_service_folderdb.db-wal", F_OK <unfinished ...>
19:18:30.513740,1031,<... clock_gettime resumed> {128, 798389723}) = 0
19:18:30.514539,1023,<... mmap2 resumed> ) = 0xab8b8000
19:18:30.515063,1048,<... access resumed> ) = -1 ENOENT (No such file or directory)
19:18:30.515440,1031,clock_gettime(CLOCK_MONOTONIC, <unfinished ...>
19:18:30.515761,1023,close(45 <unfinished ...>
19:18:30.516170,1048,fstat64(42, <unfinished ...>
19:18:30.516447,1031,<... clock_gettime resumed> {128, 801101347}) = 0
19:18:30.516803,1023,<... close resumed> ) = 0
19:18:30.517114,1048,<... fstat64 resumed> {st_mode=S_IFREG|0660, st_size=32768, ...}) = 0
19:18:30.517992,1031,clock_gettime(CLOCK_MONOTONIC, <unfinished ...>
19:18:30.534703,1048,fcntl64(42, F_SETLK, {type=F_WRLCK, whence=SEEK_SET, start=1073741825, len=1} <unfinished ...>
19:18:30.535129,1031,<... clock_gettime resumed> {128, 819776986}) = 0
19:18:30.535497,1048,<... fcntl64 resumed> ) = 0
19:18:30.568726,1031,clock_gettime(CLOCK_MONOTONIC, <unfinished ...>
19:18:30.569044,1048,stat64("/data/data/com.igamepower.appmaster/databases/game_service_folderdb.db", <unfinished ...>
19:18:30.581024,1031,<... clock_gettime resumed> {128, 865640288}) = 0
19:18:30.581424,1048,<... stat64 resumed> {st_mode=S_IFREG|0660, st_size=32768, ...}) = 0
19:18:30.582396,1031,clock_gettime(CLOCK_MONOTONIC, <unfinished ...>
19:18:30.582691,1048,umask(0 <unfinished ...>
19:18:30.583019,1031,<... clock_gettime resumed> {128, 867655141}) = 0
19:18:30.583352,1048,<... umask resumed> ) = 077
19:18:30.583746,1031,clock_gettime(CLOCK_MONOTONIC, <unfinished ...>
19:18:30.584076,1048,open("/data/data/com.igamepower.appmaster/databases/game_service_folderdb.db-journal", O_RDWR|O_CREAT, 0660 <unfinished ...>
19:18:30.584775,1031,<... clock_gettime resumed> {128, 869427882}) = 0
19:18:30.585201,1048,<... open resumed> ) = 45
19:18:30.585555,1031,clock_gettime(CLOCK_MONOTONIC, <unfinished ...>
19:18:30.585870,1048,umask(077 <unfinished ...>
19:18:30.586157,1031,<... clock_gettime resumed> {128, 870810600}) = 0
19:18:30.586490,1048,<... umask resumed> ) = 0
19:18:30.586858,1031,clock_gettime(CLOCK_MONOTONIC, <unfinished ...>
19:18:30.587146,1048,fchown32(45, 10050, 10050 <unfinished ...>
19:18:30.587437,1031,<... clock_gettime resumed> {128, 872090611}) = 0
19:18:30.587834,1048,<... fchown32 resumed> ) = 0
19:18:30.588210,1031,clock_gettime(CLOCK_MONOTONIC, <unfinished ...>
19:18:30.588515,1048,fcntl64(45, F_GETFD <unfinished ...>
19:18:30.588808,1031,<... clock_gettime resumed> {128, 873456272}) = 0
19:18:30.605660,1048,<... fcntl64 resumed> ) = 0
19:18:30.606040,1031,clock_gettime(CLOCK_MONOTONIC, <unfinished ...>
19:18:30.606268,1023,clock_gettime(CLOCK_MONOTONIC, <unfinished ...>
19:18:30.606590,1048,fcntl64(45, F_SETFD, FD_CLOEXEC <unfinished ...>
19:18:30.607088,1031,<... clock_gettime resumed> {128, 891600616}) = 0
19:18:30.607503,1023,<... clock_gettime resumed> {128, 892145377}) = 0
19:18:30.607903,1048,<... fcntl64 resumed> ) = 0
19:18:30.608326,1031,clock_gettime(CLOCK_MONOTONIC, <unfinished ...>
19:18:30.611754,1023,clock_gettime(CLOCK_MONOTONIC, <unfinished ...>
19:18:30.612166,1048,pwrite(45, "\0\0\0\0\0\0\0\0\0\0\0\0h\34\2S\0\0\0\10\0\0\2\0\0\0\20\0\0\0\0\0"..., 512, 3069335932 <unfinished ...>
19:18:30.612699,1031,<... clock_gettime resumed> {128, 897345474}) = 0
19:18:30.613126,1023,<... clock_gettime resumed> {128, 897769121}) = 0
19:18:30.613564,1048,<... pwrite resumed> ) = 512
19:18:30.614036,1031,clock_gettime(CLOCK_MONOTONIC, <unfinished ...>
19:18:30.614398,1023,ioctl(9, 0xc0186201 <unfinished ...>
19:18:30.614712,1048,pwrite(45, "\0\0\0\5", 4, 2202092591484 <unfinished ...>
19:18:30.615241,1031,<... clock_gettime resumed> {128, 899885744}) = 0
19:18:30.637673,1048,<... pwrite resumed> ) = 4
19:18:30.638012,1031,clock_gettime(CLOCK_MONOTONIC, <unfinished ...>
19:18:30.638211,1023,<... ioctl resumed> , 0xbee6d0c8) = 0
19:18:30.639013,1048,pwrite(45, "\n\0\0\0\3\17À\0\17ó\17Ô\17À\0\0\0\0\0\0\0\0\0\0\0\0\0\0\0\0\0\0"..., 4096, 2219272460668 <unfinished ...>
19:18:30.639531,1031,<... clock_gettime resumed> {128, 924181054}) = 0
19:18:30.639962,1023,ioctl(9, 0xc0186201 <unfinished ...>
19:18:30.641688,1048,<... pwrite resumed> ) = 4096
19:18:30.642134,1031,clock_gettime(CLOCK_MONOTONIC, <unfinished ...>
19:18:30.642441,1023,<... ioctl resumed> , 0xbee6d0c8) = 0
19:18:30.642740,1048,pwrite(45, "h\34\2S", 4, 19811458505084 <unfinished ...>
19:18:30.643187,1031,<... clock_gettime resumed> {128, 927839068}) = 0
19:18:30.643643,1023,getpid( <unfinished ...>
19:18:30.644164,1048,<... pwrite resumed> ) = 4
19:18:30.644527,1031,clock_gettime(CLOCK_MONOTONIC, <unfinished ...>
19:18:30.644874,1023,<... getpid resumed> ) = 1023
19:18:30.645379,1048,pwrite(45, "\0\0\0\6", 4, 19828638374268 <unfinished ...>
19:18:30.645732,1031,<... clock_gettime resumed> {128, 930382437}) = 0
19:18:30.646168,1023,getuid32( <unfinished ...>
19:18:30.646525,1048,<... pwrite resumed> ) = 4
19:18:30.646967,1031,clock_gettime(CLOCK_MONOTONIC, <unfinished ...>
19:18:30.647250,1023,<... getuid32 resumed> ) = 10050
19:18:30.647577,1048,pwrite(45, "\n\0\0\0\3\17ò\0\17ü\17÷\17ò\0\0\0\0\0\0\0\0\0\0\0\0\0\0\0\0\0\0"..., 4096, 19845818243452 <unfinished ...>
19:18:30.686570,1031,<... clock_gettime resumed> {128, 932761997}) = 0
19:18:30.687011,1023,epoll_wait(0x1e, 0xbee6d1f8, 0x10, 0 <unfinished ...>
19:18:30.687492,1048,<... pwrite resumed> ) = 4096
19:18:30.687935,1031,clock_gettime(CLOCK_MONOTONIC, <unfinished ...>
19:18:30.688347,1023,<... epoll_wait resumed> ) = 2
19:18:30.688718,1048,pwrite(45, "h\34\2S", 4, 37438004287868 <unfinished ...>
19:18:30.689108,1031,<... clock_gettime resumed> {128, 973759466}) = 0
19:18:30.689506,1023,read(23, <unfinished ...>
19:18:30.689811,1048,<... pwrite resumed> ) = 4
19:18:30.690226,1031,clock_gettime(CLOCK_MONOTONIC, <unfinished ...>
19:18:30.690534,1023,<... read resumed> "W", 16) = 1
19:18:30.690957,1048,pwrite(45, "\0\0\0\7", 4, 37455184157052 <unfinished ...>
19:18:30.691309,1031,<... clock_gettime resumed> {128, 975959496}) = 0
19:18:30.691695,1023,recvfrom(37, <unfinished ...>
19:18:30.692076,1048,<... pwrite resumed> ) = 4
19:18:30.692432,1031,clock_gettime(CLOCK_MONOTONIC, <unfinished ...>
19:18:30.692738,1023,<... recvfrom resumed> "nysv\0\0\0\0¢TÊó\35\0\0\0¿\3\0\0\224Â'¸", 24, MSG_DONTWAIT, NULL, NULL) = 24
19:18:30.693246,1048,pwrite(45, "\n\0\0\0\3\17Æ\0\17õ\17Ø\17Æ\0\0\0\0\0\0\0\0\0\0\0\0\0\0\0\0\0\0"..., 4096, 37472364026236 <unfinished ...>
19:18:30.693759,1031,<... clock_gettime resumed> {128, 978410633}) = 0
19:18:30.694252,1023,recvfrom(37, <unfinished ...>
19:18:30.694583,1048,<... pwrite resumed> ) = 4096
19:18:30.695012,1031,clock_gettime(CLOCK_MONOTONIC, <unfinished ...>
19:18:30.695316,1023,<... recvfrom resumed> 0xbee6c828, 24, 64, 0, 0) = -1 EAGAIN (Try again)
19:18:30.695636,1048,pwrite(45, "h\34\2S", 4, 55064550070652 <unfinished ...>
19:18:30.696055,1031,<... clock_gettime resumed> {128, 980688280}) = 0
19:18:30.696612,1023,clock_gettime(CLOCK_MONOTONIC, <unfinished ...>
19:18:30.697001,1048,<... pwrite resumed> ) = 4
19:18:30.697371,1031,clock_gettime(CLOCK_MONOTONIC, <unfinished ...>
19:18:30.697671,1023,<... clock_gettime resumed> {128, 982311683}) = 0
19:18:30.698148,1048,pwrite(45, "\0\0\0\10", 4, 55081729939836 <unfinished ...>
19:18:30.719983,1031,<... clock_gettime resumed> {128, 983165171}) = 0
19:18:30.720303,1023,clock_gettime(CLOCK_MONOTONIC, <unfinished ...>
19:18:30.720678,1048,<... pwrite resumed> ) = 4
19:18:30.721114,1031,clock_gettime(CLOCK_MONOTONIC, <unfinished ...>
19:18:30.721426,1023,<... clock_gettime resumed> {129, 6061862}) = 0
19:18:30.721813,1048,pwrite(45, "\n\0\0\0\3\17ï\0\17û\17õ\17ï\0\0\0\0\0\0\0\0\0\0\0\0\0\0\0\0\0\0"..., 4096, 55098909809020 <unfinished ...>
19:18:30.722370,1031,<... clock_gettime resumed> {129, 7014672}) = 0
19:18:30.722805,1023,clock_gettime(CLOCK_MONOTONIC, <unfinished ...>
19:18:30.723153,1048,<... pwrite resumed> ) = 4096
19:18:30.723539,1031,clock_gettime(CLOCK_MONOTONIC, <unfinished ...>
19:18:30.723852,1023,<... clock_gettime resumed> {129, 8484687}) = 0
19:18:30.724235,1048,pwrite(45, "h\34\2S", 4, 72691095853436 <unfinished ...>
19:18:30.724608,1031,<... clock_gettime resumed> {129, 9251991}) = 0
19:18:30.725224,1023,writev(3, [{"\4", 1}, {"Choreographer\0", 14}, {"Skipped 94 frames! The applicat"..., 83}], 3 <unfinished ...>
19:18:30.726065,1048,<... pwrite resumed> ) = 4
19:18:30.726451,1031,clock_gettime(CLOCK_MONOTONIC, {129, 34334299}) = 0
19:18:30.750075,1023,<... writev resumed> ) = 98
19:18:30.750718,1031,clock_gettime(CLOCK_MONOTONIC, <unfinished ...>
19:18:30.751192,1023,clock_gettime(CLOCK_MONOTONIC, <unfinished ...>
19:18:30.751810,1031,<... clock_gettime resumed> {129, 36462151}) = 0
19:18:30.752212,1023,<... clock_gettime resumed> {129, 36858536}) = 0
19:18:30.753134,1031,clock_gettime(CLOCK_MONOTONIC, <unfinished ...>
19:18:30.753492,1023,recvfrom(38, <unfinished ...>
19:18:30.753772,1031,<... clock_gettime resumed> {129, 38424330}) = 0
19:18:30.754169,1023,<... recvfrom resumed> 0xb88738b0, 1240, 64, 0, 0) = -1 EAGAIN (Try again)
19:18:30.754539,1031,clock_gettime(CLOCK_MONOTONIC, <unfinished ...>
19:18:30.754921,1023,clock_gettime(CLOCK_MONOTONIC, <unfinished ...>
19:18:30.755197,1031,<... clock_gettime resumed> {129, 39850657}) = 0
19:18:30.755547,1023,<... clock_gettime resumed> {129, 40195582}) = 0
19:18:30.756013,1031,clock_gettime(CLOCK_MONOTONIC, <unfinished ...>
19:18:30.756583,1023,clock_gettime(CLOCK_MONOTONIC, <unfinished ...>
19:18:30.756900,1031,<... clock_gettime resumed> {129, 41513358}) = 0
19:18:30.757308,1023,<... clock_gettime resumed> {129, 41948878}) = 0
19:18:30.757748,1031,clock_gettime(CLOCK_MONOTONIC, {129, 43104910}) = 0
19:18:30.768889,1023,clock_gettime(CLOCK_MONOTONIC, <unfinished ...>
19:18:30.769380,1031,clock_gettime(CLOCK_MONOTONIC, <unfinished ...>
19:18:30.769706,1023,<... clock_gettime resumed> {129, 54348958}) = 0
19:18:30.770126,1031,<... clock_gettime resumed> {129, 54781133}) = 0
19:18:30.770635,1023,recvfrom(37, <unfinished ...>
19:18:30.771108,1031,clock_gettime(CLOCK_MONOTONIC, <unfinished ...>
19:18:30.771420,1023,<... recvfrom resumed> 0xbee6c9a8, 24, 64, 0, 0) = -1 EAGAIN (Try again)
19:18:30.771753,1031,<... clock_gettime resumed> {129, 56408674}) = 0
19:18:30.772216,1023,ioctl(9, 0xc0186201 <unfinished ...>
19:18:30.772580,1031,clock_gettime(CLOCK_MONOTONIC, <unfinished ...>
19:18:30.773046,1023,<... ioctl resumed> , 0xbee6d178) = 0
19:18:30.773343,1031,<... clock_gettime resumed> {129, 57992752}) = 0
19:18:30.774127,1023,clock_gettime(CLOCK_MONOTONIC, <unfinished ...>
19:18:30.774512,1031,clock_gettime(CLOCK_MONOTONIC, <unfinished ...>
19:18:30.774995,1023,<... clock_gettime resumed> {129, 59613231}) = 0
19:18:30.775344,1031,<... clock_gettime resumed> {129, 59999908}) = 0
19:18:30.775852,1023,clock_gettime(CLOCK_MONOTONIC, <unfinished ...>
19:18:30.796771,1048,pwrite(45, "\0\0\0\4", 4, 72708275722620 <unfinished ...>
19:18:30.797230,1031,clock_gettime(CLOCK_MONOTONIC, <unfinished ...>
19:18:30.797428,1023,<... clock_gettime resumed> {129, 61057105}) = 0
19:18:30.798051,1048,<... pwrite resumed> ) = 4
19:18:30.798353,1031,<... clock_gettime resumed> {129, 83001907}) = 0
19:18:30.798804,1023,clock_gettime(CLOCK_MONOTONIC, <unfinished ...>
19:18:30.799210,1048,pwrite(45, "\r\0\0\0\3\16\203\0\17x\16ð\16\203\0\0\0\0\0\0\0\0\0\0\0\0\0\0\0\0\0\0"..., 4096, 72725455591804 <unfinished ...>
19:18:30.799903,1031,clock_gettime(CLOCK_MONOTONIC, <unfinished ...>
19:18:30.800203,1023,<... clock_gettime resumed> {129, 84843886}) = 0
19:18:30.800640,1048,<... pwrite resumed> ) = 4096
19:18:30.800978,1031,<... clock_gettime resumed> {129, 85614491}) = 0
19:18:30.801404,1023,clock_gettime(CLOCK_MONOTONIC, <unfinished ...>
19:18:30.801706,1048,pwrite(45, "h\34\2Â", 4, 90317641636220 <unfinished ...>
19:18:30.802244,1031,clock_gettime(CLOCK_MONOTONIC, <unfinished ...>
19:18:30.802542,1023,<... clock_gettime resumed> {129, 87183008}) = 0
19:18:30.802960,1048,<... pwrite resumed> ) = 4
19:18:30.803253,1031,<... clock_gettime resumed> {129, 87905157}) = 0
19:18:30.803708,1023,clock_gettime(CLOCK_MONOTONIC, <unfinished ...>
19:18:30.804104,1048,fcntl64(42, F_SETLK, {type=F_WRLCK, whence=SEEK_SET, start=1073741824, len=1} <unfinished ...>
19:18:30.804606,1031,clock_gettime(CLOCK_MONOTONIC, <unfinished ...>
19:18:30.804941,1023,<... clock_gettime resumed> {129, 89545455}) = 0
19:18:30.805347,1048,<... fcntl64 resumed> ) = 0
19:18:30.805638,1031,<... clock_gettime resumed> {129, 90290281}) = 0
19:18:30.806312,1023,ioctl(9, 0xc0186201 <unfinished ...>
19:18:30.806626,1048,fcntl64(42, F_SETLK, {type=F_WRLCK, whence=SEEK_SET, start=1073741826, len=510} <unfinished ...>
19:18:30.807118,1031,clock_gettime(CLOCK_MONOTONIC, <unfinished ...>
19:18:30.807461,1023,<... ioctl resumed> , 0xbee6cf10) = 0
19:18:30.807764,1048,<... fcntl64 resumed> ) = 0
19:18:30.808063,1031,<... clock_gettime resumed> {129, 92713352}) = 0
19:18:30.808707,1023,ioctl(9, 0xc0186201 <unfinished ...>
19:18:30.809062,1048,pwrite(45, "\0\0\0\1", 4, 90334821505404 <unfinished ...>
19:18:30.809532,1031,clock_gettime(CLOCK_MONOTONIC, <unfinished ...>
19:18:30.809858,1023,<... ioctl resumed> , 0xbee6cf10) = 0
19:18:30.810193,1048,<... pwrite resumed> ) = 4
19:18:30.810485,1031,<... clock_gettime resumed> {129, 95136040}) = 0
19:18:30.811655,1023,clock_gettime(CLOCK_MONOTONIC, <unfinished ...>
19:18:30.812018,1048,pwrite(45, "SQLite format 3\0\20\0\1\1\0@ \0\0\0\6\0\0\0\10"..., 4096, 90352001374588 <unfinished ...>
19:18:30.812663,1031,clock_gettime(CLOCK_MONOTONIC, <unfinished ...>
19:18:30.813021,1023,<... clock_gettime resumed> {129, 97644824}) = 0
19:18:30.813425,1048,<... pwrite resumed> ) = 4096
19:18:30.813725,1031,<... clock_gettime resumed> {129, 98376626}) = 0
19:18:30.817179,1023,clock_gettime(CLOCK_MONOTONIC, <unfinished ...>
19:18:30.817502,1048,pwrite(45, "h\34\3¼", 4, 107944187419004 <unfinished ...>
19:18:30.817985,1031,clock_gettime(CLOCK_MONOTONIC, <unfinished ...>
19:18:30.818294,1023,<... clock_gettime resumed> {129, 102931379}) = 0
19:18:30.818691,1048,<... pwrite resumed> ) = 4
19:18:30.819000,1031,<... clock_gettime resumed> {129, 103647155}) = 0
19:18:30.819435,1023,ioctl(9, 0xc0186201 <unfinished ...>
19:18:30.819764,1048,pread(45, <unfinished ...>
19:18:30.820143,1031,clock_gettime(CLOCK_MONOTONIC, <unfinished ...>
19:18:30.820494,1023,<... ioctl resumed> , 0xbee6d0c8) = 0
19:18:30.877611,1048,<... pread resumed> "", 8, 109954232113496) = 0
19:18:30.877892,1031,<... clock_gettime resumed> {129, 106838530}) = 0
19:18:30.887086,1023,ioctl(9, 0xc0186201 <unfinished ...>
19:18:30.887447,1048,fdatasync(45 <unfinished ...>
19:18:30.887894,1031,clock_gettime(CLOCK_MONOTONIC, <unfinished ...>
19:18:30.888228,1023,<... ioctl resumed> , 0xbee6d0c8) = 0
19:18:30.889505,1031,<... clock_gettime resumed> {129, 174136331}) = 0
19:18:30.890128,1023,getpid( <unfinished ...>
19:18:30.890587,1048,<... fdatasync resumed> ) = 0
19:18:30.891042,1031,clock_gettime(CLOCK_MONOTONIC, <unfinished ...>
19:18:30.891393,1023,<... getpid resumed> ) = 1023
19:18:30.891748,1048,open("/data/data/com.igamepower.appmaster/databases", O_RDONLY <unfinished ...>
19:18:30.892376,1031,<... clock_gettime resumed> {129, 177010362}) = 0
19:18:30.892826,1023,getuid32( <unfinished ...>
19:18:30.893188,1048,<... open resumed> ) = 48
19:18:30.893911,1031,clock_gettime(CLOCK_MONOTONIC, <unfinished ...>
19:18:30.894476,1023,<... getuid32 resumed> ) = 10050
19:18:30.894935,1048,fcntl64(48, F_GETFD <unfinished ...>
19:18:30.895332,1031,<... clock_gettime resumed> {129, 179937155}) = 0
19:18:30.919055,1048,<... fcntl64 resumed> ) = 0
19:18:30.919306,1023,epoll_wait(0x1e, 0xbee6d1f8, 0x10, 0 <unfinished ...>
19:18:30.919750,1031,clock_gettime(CLOCK_MONOTONIC, <unfinished ...>
19:18:30.920077,1048,fcntl64(48, F_SETFD, FD_CLOEXEC <unfinished ...>
19:18:30.920406,1023,<... epoll_wait resumed> ) = 1
19:18:30.920710,1031,<... clock_gettime resumed> {129, 205356427}) = 0
19:18:30.921085,1048,<... fcntl64 resumed> ) = 0
19:18:30.921445,1023,recvfrom(37, <unfinished ...>
19:18:30.921849,1031,clock_gettime(CLOCK_MONOTONIC, <unfinished ...>
19:18:30.922167,1048,fdatasync(48 <unfinished ...>
19:18:30.922498,1023,<... recvfrom resumed> "nysv\0\0\0\0ä\20½\f\36\0\0\0Á\3\0\0\224Â'¸", 24, MSG_DONTWAIT, NULL, NULL) = 24
19:18:30.922980,1031,<... clock_gettime resumed> {129, 207625437}) = 0
19:18:30.923445,1023,recvfrom(37, <unfinished ...>
19:18:30.923832,1031,clock_gettime(CLOCK_MONOTONIC, <unfinished ...>
19:18:30.924989,1023,<... recvfrom resumed> 0xbee6c828, 24, 64, 0, 0) = -1 EAGAIN (Try again)
19:18:30.925319,1031,<... clock_gettime resumed> {129, 209963787}) = 0
19:18:30.925688,1048,<... fdatasync resumed> ) = 0
19:18:30.926090,1023,clock_gettime(CLOCK_MONOTONIC, <unfinished ...>
19:18:30.926489,1031,clock_gettime(CLOCK_MONOTONIC, <unfinished ...>
19:18:30.938970,1023,<... clock_gettime resumed> {129, 223590141}) = 0
19:18:30.939384,1031,<... clock_gettime resumed> {129, 224023754}) = 0
19:18:30.939947,1023,clock_gettime(CLOCK_MONOTONIC, <unfinished ...>
19:18:30.940354,1031,clock_gettime(CLOCK_MONOTONIC, <unfinished ...>
19:18:30.940680,1023,<... clock_gettime resumed> {129, 225311153}) = 0
19:18:30.941079,1031,<... clock_gettime resumed> {129, 225720277}) = 0
19:18:30.941549,1023,getpid( <unfinished ...>
19:18:30.941964,1031,clock_gettime(CLOCK_MONOTONIC, <unfinished ...>
19:18:30.942283,1023,<... getpid resumed> ) = 1023
19:18:30.942644,1031,<... clock_gettime resumed> {129, 227243654}) = 0
19:18:30.943090,1023,getuid32( <unfinished ...>
19:18:30.943465,1031,clock_gettime(CLOCK_MONOTONIC, <unfinished ...>
19:18:30.943770,1023,<... getuid32 resumed> ) = 10050
19:18:30.944083,1031,<... clock_gettime resumed> {129, 228730556}) = 0
19:18:30.944530,1023,epoll_wait(0x1e, 0xbee6d1f8, 0x10, 0 <unfinished ...>
19:18:30.945042,1031,clock_gettime(CLOCK_MONOTONIC, {129, 264068559}) = 0
19:18:30.979896,1031,clock_gettime(CLOCK_MONOTONIC, {129, 264858676}) = 0
19:18:30.980602,1031,clock_gettime(CLOCK_MONOTONIC, {129, 265552358}) = 0
19:18:30.981277,1031,clock_gettime(CLOCK_MONOTONIC, {129, 266225297}) = 0
19:18:30.982003,1031,clock_gettime(CLOCK_MONOTONIC, {129, 266959592}) = 0
19:18:30.982701,1031,clock_gettime(CLOCK_MONOTONIC, {129, 267662643}) = 0
19:18:30.983417,1031,clock_gettime(CLOCK_MONOTONIC, {129, 268373204}) = 0
19:18:30.984117,1031,clock_gettime(CLOCK_MONOTONIC, {129, 269072262}) = 0
19:18:30.984834,1031,clock_gettime(CLOCK_MONOTONIC, {129, 269834875}) = 0
19:18:30.985579,1031,clock_gettime(CLOCK_MONOTONIC, {129, 270533912}) = 0
19:18:30.986295,1031,clock_gettime(CLOCK_MONOTONIC, {129, 271252640}) = 0
19:18:30.997586,1031,clock_gettime(CLOCK_MONOTONIC, {129, 282551731}) = 0
19:18:30.998316,1031,clock_gettime(CLOCK_MONOTONIC, {129, 283264694}) = 0
19:18:30.998991,1031,clock_gettime(CLOCK_MONOTONIC, {129, 283938666}) = 0
19:18:30.999670,1031,clock_gettime(CLOCK_MONOTONIC, {129, 284666723}) = 0
19:18:31.000386,1031,clock_gettime(CLOCK_MONOTONIC, {129, 285328273}) = 0
19:18:31.001066,1031,clock_gettime(CLOCK_MONOTONIC, {129, 286044229}) = 0
19:18:31.001763,1031,clock_gettime(CLOCK_MONOTONIC, {129, 286712839}) = 0
19:18:31.002434,1031,clock_gettime(CLOCK_MONOTONIC, {129, 287377613}) = 0
19:18:31.003079,1031,clock_gettime(CLOCK_MONOTONIC, {129, 288021698}) = 0
19:18:31.003751,1031,clock_gettime(CLOCK_MONOTONIC, {129, 288699291}) = 0
19:18:31.004412,1031,clock_gettime(CLOCK_MONOTONIC, {129, 289354906}) = 0
19:18:31.005061,1031,clock_gettime(CLOCK_MONOTONIC, {129, 290003307}) = 0
19:18:31.005714,1031,clock_gettime(CLOCK_MONOTONIC, {129, 290663198}) = 0
19:18:31.006387,1031,clock_gettime(CLOCK_MONOTONIC, {129, 291329585}) = 0
19:18:31.007051,1031,clock_gettime(CLOCK_MONOTONIC, {129, 291992777}) = 0
19:18:31.007707,1031,clock_gettime(CLOCK_MONOTONIC, {129, 292656235}) = 0
19:18:31.008371,1031,clock_gettime(CLOCK_MONOTONIC, {129, 293313502}) = 0
19:18:31.009033,1031,clock_gettime(CLOCK_MONOTONIC, {129, 293975237}) = 0
19:18:31.009687,1031,clock_gettime(CLOCK_MONOTONIC, {129, 294635479}) = 0
19:18:31.010348,1031,clock_gettime(CLOCK_MONOTONIC, {129, 295291592}) = 0
19:18:31.011010,1031,clock_gettime(CLOCK_MONOTONIC, {129, 295953905}) = 0
19:18:31.011666,1031,clock_gettime(CLOCK_MONOTONIC, {129, 296615841}) = 0
19:18:31.012328,1031,clock_gettime(CLOCK_MONOTONIC, {129, 297270973}) = 0
19:18:31.032183,1048,close(48 <unfinished ...>
19:18:31.032416,1023,<... epoll_wait resumed> ) = 0
19:18:31.032824,1031,clock_gettime(CLOCK_MONOTONIC, <unfinished ...>
19:18:31.033130,1048,<... close resumed> ) = 0
19:18:31.033493,1023,clock_gettime(CLOCK_MONOTONIC, <unfinished ...>
19:18:31.033793,1031,<... clock_gettime resumed> {129, 318437854}) = 0
19:18:31.034196,1048,pwrite(45, "ÙÕ\5ù ¡c×\0\0\0\6", 12, 3069335932 <unfinished ...>
19:18:31.034612,1023,<... clock_gettime resumed> {129, 319248041}) = 0
19:18:31.035072,1031,clock_gettime(CLOCK_MONOTONIC, <unfinished ...>
19:18:31.035467,1048,<... pwrite resumed> ) = 12
19:18:31.035847,1023,clock_gettime(CLOCK_MONOTONIC, <unfinished ...>
19:18:31.036147,1031,<... clock_gettime resumed> {129, 320791139}) = 0
19:18:31.036539,1048,fdatasync(45) = 0
19:18:31.056352,1031,clock_gettime(CLOCK_MONOTONIC, <unfinished ...>
19:18:31.056579,1023,<... clock_gettime resumed> {129, 321595737}) = 0
19:18:31.057013,1048,pwrite(42, "SQLite format 3\0\20\0\1\1\0@ \0\0\0\7\0\0\0\10"..., 4096, 3069335932 <unfinished ...>
19:18:31.057573,1031,<... clock_gettime resumed> {129, 342212585}) = 0
19:18:31.058177,1023,writev(3, [{"\4", 1}, {"Choreographer\0", 14}, {"Skipped 67 frames! The applicat"..., 83}], 3 <unfinished ...>
19:18:31.059045,1048,<... pwrite resumed> ) = 4096
19:18:31.059460,1031,clock_gettime(CLOCK_MONOTONIC, <unfinished ...>
19:18:31.059928,1048,pwrite(42, "\r\0\0\0\4\râ\0\17x\16ð\16\203\râ\0\0\0\0\0\0\0\0\0\0\0\0\0\0\0\0"..., 4096, 52779627469180 <unfinished ...>
19:18:31.060484,1031,<... clock_gettime resumed> {129, 345126208}) = 0
19:18:31.060874,1023,<... writev resumed> ) = 98
19:18:31.061211,1048,<... pwrite resumed> ) = 4096
19:18:31.061603,1031,clock_gettime(CLOCK_MONOTONIC, <unfinished ...>
19:18:31.061997,1023,clock_gettime(CLOCK_MONOTONIC, <unfinished ...>
19:18:31.062310,1048,pwrite(42, "\n\0\0\0\4\17¢\0\17ó\17Ô\17À\17¢\0\0\0\0\0\0\0\0\0\0\0\0\0\0\0\0"..., 4096, 70371813513596 <unfinished ...>
19:18:31.062871,1031,<... clock_gettime resumed> {129, 347505288}) = 0
19:18:31.063254,1023,<... clock_gettime resumed> {129, 347891780}) = 0
19:18:31.063655,1048,<... pwrite resumed> ) = 4096
19:18:31.064049,1031,clock_gettime(CLOCK_MONOTONIC, <unfinished ...>
19:18:31.064432,1023,recvfrom(38, <unfinished ...>
19:18:31.064745,1048,pwrite(42, "\n\0\0\0\4\17í\0\17ü\17÷\17ò\17í\0\0\0\0\0\0\0\0\0\0\0\0\0\0\0\0"..., 4096, 87963999558012 <unfinished ...>
19:18:31.065303,1031,<... clock_gettime resumed> {129, 349946847}) = 0
19:18:31.065693,1023,<... recvfrom resumed> 0xb88738b0, 1240, 64, 0, 0) = -1 EAGAIN (Try again)
19:18:31.066050,1048,<... pwrite resumed> ) = 4096
19:18:31.066438,1031,clock_gettime(CLOCK_MONOTONIC, <unfinished ...>
19:18:31.066811,1023,clock_gettime(CLOCK_MONOTONIC, <unfinished ...>
19:18:31.067131,1048,pwrite(42, "\n\0\0\0\4\17ª\0\17õ\17Ø\17Æ\17ª\0\0\0\0\0\0\0\0\0\0\0\0\0\0\0\0"..., 4096, 105556185602428 <unfinished ...>
19:18:31.067684,1031,<... clock_gettime resumed> {129, 352327423}) = 0
19:18:31.068071,1023,<... clock_gettime resumed> {129, 352709534}) = 0
19:18:31.068472,1048,<... pwrite resumed> ) = 4096
19:18:31.068866,1031,clock_gettime(CLOCK_MONOTONIC, <unfinished ...>
19:18:31.069499,1023,clock_gettime(CLOCK_MONOTONIC, <unfinished ...>
19:18:31.069815,1048,pwrite(42, "\n\0\0\0\4\17é\0\17û\17õ\17ï\17é\0\0\0\0\0\0\0\0\0\0\0\0\0\0\0\0"..., 4096, 123148371646844 <unfinished ...>
19:18:31.070378,1031,<... clock_gettime resumed> {129, 355020643}) = 0
19:18:31.070759,1023,<... clock_gettime resumed> {129, 355398258}) = 0
19:18:31.072938,1048,<... pwrite resumed> ) = 4096
19:18:31.073395,1031,clock_gettime(CLOCK_MONOTONIC, <unfinished ...>
19:18:31.073787,1023,clock_gettime(CLOCK_MONOTONIC, <unfinished ...>
19:18:31.074124,1048,fdatasync(42 <unfinished ...>
19:18:31.074427,1031,<... clock_gettime resumed> {129, 359069578}) = 0
19:18:31.074814,1023,<... clock_gettime resumed> {129, 359451990}) = 0
19:18:31.075916,1031,clock_gettime(CLOCK_MONOTONIC, <unfinished ...>
19:18:31.076310,1023,recvfrom(37, <unfinished ...>
19:18:31.076624,1048,<... fdatasync resumed> ) = 0
19:18:31.076934,1031,<... clock_gettime resumed> {129, 361573732}) = 0
19:18:31.077328,1023,<... recvfrom resumed> 0xbee6c9a8, 24, 64, 0, 0) = -1 EAGAIN (Try again)
19:18:31.077669,1048,pwrite(45, "\0\0\0\0\0\0\0\0\0\0\0\0\0\0\0\0\0\0\0\0\0\0\0\0\0\0\0\0", 28, 3069335932 <unfinished ...>
19:18:31.078298,1031,clock_gettime(CLOCK_MONOTONIC, <unfinished ...>
19:18:31.078665,1023,ioctl(9, 0xc0186201 <unfinished ...>
19:18:31.079034,1048,<... pwrite resumed> ) = 28
19:18:31.079342,1031,<... clock_gettime resumed> {129, 363988199}) = 0
19:18:31.079784,1023,<... ioctl resumed> , 0xbee6d178) = 0
19:18:31.080115,1048,fdatasync(45 <unfinished ...>
19:18:31.080509,1031,clock_gettime(CLOCK_MONOTONIC, <unfinished ...>
19:18:31.101571,1023,clock_gettime(CLOCK_MONOTONIC, <unfinished ...>
19:18:31.101816,1048,<... fdatasync resumed> ) = 0
19:18:31.102037,1031,<... clock_gettime resumed> {129, 367894949}) = 0
19:18:31.102499,1023,<... clock_gettime resumed> {129, 387120794}) = 0
19:18:31.102924,1048,fstat64(45, <unfinished ...>
19:18:31.103360,1031,clock_gettime(CLOCK_MONOTONIC, <unfinished ...>
19:18:31.103777,1023,clock_gettime(CLOCK_MONOTONIC, <unfinished ...>
19:18:31.104119,1048,<... fstat64 resumed> {st_mode=S_IFREG|0600, st_size=25136, ...}) = 0
19:18:31.105012,1031,<... clock_gettime resumed> {129, 389651998}) = 0
19:18:31.105411,1023,<... clock_gettime resumed> {129, 390044972}) = 0
19:18:31.105839,1048,fcntl64(42, F_SETLK, {type=F_RDLCK, whence=SEEK_SET, start=1073741826, len=510} <unfinished ...>
19:18:31.106394,1031,clock_gettime(CLOCK_MONOTONIC, <unfinished ...>
19:18:31.127402,1048,<... fcntl64 resumed> ) = 0
19:18:31.127654,1031,<... clock_gettime resumed> {129, 391605013}) = 0
19:18:31.127981,1023,clock_gettime(CLOCK_MONOTONIC, <unfinished ...>
19:18:31.128318,1048,fcntl64(42, F_SETLK, {type=F_UNLCK, whence=SEEK_SET, start=1073741824, len=2} <unfinished ...>
19:18:31.128861,1031,clock_gettime(CLOCK_MONOTONIC, <unfinished ...>
19:18:31.129174,1023,<... clock_gettime resumed> {129, 413808879}) = 0
19:18:31.129564,1048,<... fcntl64 resumed> ) = 0
19:18:31.129874,1031,<... clock_gettime resumed> {129, 414515373}) = 0
19:18:31.130331,1023,clock_gettime(CLOCK_MONOTONIC, <unfinished ...>
19:18:31.130661,1048,close(45 <unfinished ...>
19:18:31.131026,1031,clock_gettime(CLOCK_MONOTONIC, <unfinished ...>
19:18:31.131413,1023,<... clock_gettime resumed> {129, 416047393}) = 0
19:18:31.131815,1048,<... close resumed> ) = 0
19:18:31.132161,1031,<... clock_gettime resumed> {129, 416808197}) = 0
19:18:31.132682,1023,clock_gettime(CLOCK_MONOTONIC, <unfinished ...>
19:18:31.133051,1048,fcntl64(42, F_SETLK, {type=F_UNLCK, whence=SEEK_SET, start=0, len=0} <unfinished ...>
19:18:31.133607,1031,clock_gettime(CLOCK_MONOTONIC, <unfinished ...>
19:18:31.133979,1023,<... clock_gettime resumed> {129, 418570758}) = 0
19:18:31.134398,1048,<... fcntl64 resumed> ) = 0
19:18:31.134738,1031,<... clock_gettime resumed> {129, 419384799}) = 0
19:18:31.135477,1023,ioctl(9, 0xc0186201 <unfinished ...>
19:18:31.135911,1048,gettimeofday( <unfinished ...>
19:18:31.136305,1031,clock_gettime(CLOCK_MONOTONIC, <unfinished ...>
19:18:31.136668,1023,<... ioctl resumed> , 0xbee6cf10) = 0
19:18:31.136974,1048,<... gettimeofday resumed> {1738783111, 136872}, NULL) = 0
19:18:31.137359,1031,<... clock_gettime resumed> {129, 422006335}) = 0
19:18:31.138036,1023,ioctl(9, 0xc0186201 <unfinished ...>
19:18:31.138617,1048,gettimeofday( <unfinished ...>
19:18:31.139024,1031,clock_gettime(CLOCK_MONOTONIC, <unfinished ...>
19:18:31.139349,1023,<... ioctl resumed> , 0xbee6cf10) = 0
19:18:31.139643,1048,<... gettimeofday resumed> {1738783111, 139543}, NULL) = 0
19:18:31.140034,1031,<... clock_gettime resumed> {129, 424681319}) = 0
19:18:31.141227,1023,clock_gettime(CLOCK_MONOTONIC, <unfinished ...>
19:18:31.168177,1048,gettimeofday( <unfinished ...>
19:18:31.168446,1031,clock_gettime(CLOCK_MONOTONIC, <unfinished ...>
19:18:31.168658,1023,<... clock_gettime resumed> {129, 426606319}) = 0
19:18:31.169045,1048,<... gettimeofday resumed> {1738783111, 168935}, NULL) = 0
19:18:31.169433,1031,<... clock_gettime resumed> {129, 454077402}) = 0
19:18:31.173025,1023,clock_gettime(CLOCK_MONOTONIC, <unfinished ...>
19:18:31.173686,1048,open("/dev/ashmem", O_RDWR <unfinished ...>
19:18:31.174221,1031,clock_gettime(CLOCK_MONOTONIC, <unfinished ...>
19:18:31.174551,1023,<... clock_gettime resumed> {129, 459179209}) = 0
19:18:31.175011,1048,<... open resumed> ) = 45
19:18:31.175331,1031,<... clock_gettime resumed> {129, 459972238}) = 0
19:18:31.175798,1023,ioctl(9, 0xc0186201 <unfinished ...>
19:18:31.176140,1048,ioctl(45, 0x41007701 <unfinished ...>
19:18:31.176547,1031,clock_gettime(CLOCK_MONOTONIC, <unfinished ...>
19:18:31.176931,1023,<... ioctl resumed> , 0xbee6d0c8) = 0
19:18:31.177250,1048,<... ioctl resumed> , 0xac85f90c) = 0
19:18:31.177568,1031,<... clock_gettime resumed> {129, 462209637}) = 0
19:18:31.178331,1023,ioctl(9, 0xc0186201 <unfinished ...>
19:18:31.178669,1048,ioctl(45, 0x40047703 <unfinished ...>
19:18:31.179094,1031,clock_gettime(CLOCK_MONOTONIC, <unfinished ...>
19:18:31.179494,1023,<... ioctl resumed> , 0xbee6d0c8) = 0
19:18:31.179843,1048,<... ioctl resumed> , 0x200000) = 0
19:18:31.180162,1031,<... clock_gettime resumed> {129, 464803499}) = 0
19:18:31.180729,1023,getpid( <unfinished ...>
19:18:31.181063,1048,ioctl(45, 0x40047705 <unfinished ...>
19:18:31.181465,1031,clock_gettime(CLOCK_MONOTONIC, <unfinished ...>
19:18:31.181783,1023,<... getpid resumed> ) = 1023
19:18:31.182102,1048,<... ioctl resumed> , 0x3) = 0
19:18:31.182419,1031,<... clock_gettime resumed> {129, 467060908}) = 0
19:18:31.182853,1023,getuid32( <unfinished ...>
19:18:31.183179,1048,mmap2(NULL, 2097152, PROT_READ|PROT_WRITE, MAP_SHARED, 45, 0 <unfinished ...>
19:18:31.183646,1031,munmap(0xac42f000, 7734 <unfinished ...>
19:18:31.183978,1023,<... getuid32 resumed> ) = 10050
19:18:31.184376,1048,<... mmap2 resumed> ) = 0xab2ed000
19:18:31.184735,1031,<... munmap resumed> ) = 0
19:18:31.185137,1023,epoll_wait(0x1e, 0xbee6d1f8, 0x10, 0 <unfinished ...>
19:18:31.185473,1048,ioctl(45, 0x40047705 <unfinished ...>
19:18:31.185840,1031,munmap(0xaf27d000, 2058 <unfinished ...>
19:18:31.216580,1048,<... ioctl resumed> , 0x1) = 0
19:18:31.216935,1023,<... epoll_wait resumed> ) = 1
19:18:31.217295,1031,<... munmap resumed> ) = 0
19:18:31.218217,1048,gettimeofday( <unfinished ...>
19:18:31.218676,1023,recvfrom(37, <unfinished ...>
19:18:31.219093,1031,close(47 <unfinished ...>
19:18:31.219385,1048,<... gettimeofday resumed> {1738783111, 219281}, NULL) = 0
19:18:31.219805,1023,<... recvfrom resumed> "nysv\0\0\0\0\4\224\f\37\36\0\0\0Ã\3\0\0\224Â'¸", 24, MSG_DONTWAIT, NULL, NULL) = 24
19:18:31.220369,1031,<... close resumed> ) = 0
19:18:31.220808,1048,fcntl64(42, F_SETLK, {type=F_RDLCK, whence=SEEK_SET, start=1073741824, len=1} <unfinished ...>
19:18:31.221316,1023,recvfrom(37, <unfinished ...>
19:18:31.221730,1031,clock_gettime(CLOCK_MONOTONIC, <unfinished ...>
19:18:31.222414,1048,<... fcntl64 resumed> ) = 0
19:18:31.222746,1023,<... recvfrom resumed> 0xbee6c828, 24, 64, 0, 0) = -1 EAGAIN (Try again)
19:18:31.223128,1031,<... clock_gettime resumed> {129, 507769142}) = 0
19:18:31.223601,1048,fcntl64(42, F_SETLK, {type=F_RDLCK, whence=SEEK_SET, start=1073741826, len=510} <unfinished ...>
19:18:31.224236,1023,clock_gettime(CLOCK_MONOTONIC, <unfinished ...>
19:18:31.224596,1031,clock_gettime(CLOCK_MONOTONIC, <unfinished ...>
19:18:31.224949,1048,<... fcntl64 resumed> ) = 0
19:18:31.225259,1023,<... clock_gettime resumed> {129, 509898440}) = 0
19:18:31.225636,1031,<... clock_gettime resumed> {129, 510283351}) = 0
19:18:31.245672,1048,fcntl64(42, F_SETLK, {type=F_UNLCK, whence=SEEK_SET, start=1073741824, len=1} <unfinished ...>
19:18:31.246065,1031,clock_gettime(CLOCK_MONOTONIC, <unfinished ...>
19:18:31.246295,1023,clock_gettime(CLOCK_MONOTONIC, <unfinished ...>
19:18:31.246890,1048,<... fcntl64 resumed> ) = 0
19:18:31.247203,1031,<... clock_gettime resumed> {129, 531847832}) = 0
19:18:31.247589,1023,<... clock_gettime resumed> {129, 532227326}) = 0
19:18:31.248030,1048,access("/data/data/com.igamepower.appmaster/databases/game_service_folderdb.db-journal", F_OK <unfinished ...>
19:18:31.248848,1031,clock_gettime(CLOCK_MONOTONIC, <unfinished ...>
19:18:31.249271,1023,getpid( <unfinished ...>
19:18:31.249607,1048,<... access resumed> ) = 0
19:18:31.249917,1031,<... clock_gettime resumed> {129, 534556849}) = 0
19:18:31.250298,1023,<... getpid resumed> ) = 1023
19:18:31.250619,1048,stat64("/data/data/com.igamepower.appmaster/databases/game_service_folderdb.db-journal", <unfinished ...>
19:18:31.251431,1031,clock_gettime(CLOCK_MONOTONIC, <unfinished ...>
19:18:31.251764,1023,getuid32( <unfinished ...>
19:18:31.252091,1048,<... stat64 resumed> {st_mode=S_IFREG|0600, st_size=25136, ...}) = 0
19:18:31.252935,1031,<... clock_gettime resumed> {129, 537580864}) = 0
19:18:31.253313,1023,<... getuid32 resumed> ) = 10050
19:18:31.253640,1048,fcntl64(42, F_GETLK <unfinished ...>
19:18:31.254029,1031,clock_gettime(CLOCK_MONOTONIC, <unfinished ...>
19:18:31.254401,1023,epoll_wait(0x1e, 0xbee6d1f8, 0x10, 0 <unfinished ...>
19:18:31.254734,1048,<... fcntl64 resumed> , {type=F_UNLCK, whence=SEEK_SET, start=1073741825, len=1, pid=0}) = 0
19:18:31.255165,1031,<... clock_gettime resumed> {129, 539811264}) = 0
19:18:31.255553,1023,<... epoll_wait resumed> ) = 0
19:18:31.255880,1048,fstat64(42, <unfinished ...>
19:18:31.256258,1031,clock_gettime(CLOCK_MONOTONIC, <unfinished ...>
19:18:31.256615,1023,clock_gettime(CLOCK_MONOTONIC, <unfinished ...>
19:18:31.256914,1048,<... fstat64 resumed> {st_mode=S_IFREG|0660, st_size=32768, ...}) = 0
19:18:31.257749,1031,<... clock_gettime resumed> {129, 542395165}) = 0
19:18:31.258137,1023,<... clock_gettime resumed> {129, 542776069}) = 0
19:18:31.258533,1048,stat64("/data/data/com.igamepower.appmaster/databases/game_service_folderdb.db", <unfinished ...>
19:18:31.259293,1031,clock_gettime(CLOCK_MONOTONIC, <unfinished ...>
19:18:31.259655,1023,clock_gettime(CLOCK_MONOTONIC, <unfinished ...>
19:18:31.259979,1048,<... stat64 resumed> {st_mode=S_IFREG|0660, st_size=32768, ...}) = 0
19:18:31.260822,1031,<... clock_gettime resumed> {129, 545462130}) = 0
19:18:31.261205,1023,<... clock_gettime resumed> {129, 545844365}) = 0
19:18:31.261594,1048,umask(0 <unfinished ...>
19:18:31.261977,1031,clock_gettime(CLOCK_MONOTONIC, <unfinished ...>
19:18:31.262466,1023,writev(3, [{"\4", 1}, {"Choreographer\0", 14}, {"Skipped 45 frames! The applicat"..., 83}], 3 <unfinished ...>
19:18:31.263206,1048,<... umask resumed> ) = 077
19:18:31.263511,1031,<... clock_gettime resumed> {129, 548157647}) = 0
19:18:31.264053,1048,open("/data/data/com.igamepower.appmaster/databases/game_service_folderdb.db-journal", O_RDONLY <unfinished ...>
19:18:31.317794,1031,clock_gettime(CLOCK_MONOTONIC, <unfinished ...>
19:18:31.318062,1048,<... open resumed> ) = 47
19:18:31.318289,1023,<... writev resumed> ) = 98
19:18:31.318624,1031,<... clock_gettime resumed> {129, 603250922}) = 0
19:18:31.319050,1048,umask(077 <unfinished ...>
19:18:31.319476,1023,clock_gettime(CLOCK_MONOTONIC, <unfinished ...>
19:18:31.319901,1031,clock_gettime(CLOCK_MONOTONIC, <unfinished ...>
19:18:31.320201,1048,<... umask resumed> ) = 0
19:18:31.320524,1023,<... clock_gettime resumed> {129, 605158183}) = 0
19:18:31.320923,1031,<... clock_gettime resumed> {129, 605559797}) = 0
19:18:31.321331,1048,fchown32(47, 10050, 10050 <unfinished ...>
19:18:31.321749,1023,recvfrom(38, <unfinished ...>
19:18:31.322152,1031,clock_gettime(CLOCK_MONOTONIC, <unfinished ...>
19:18:31.322525,1048,<... fchown32 resumed> ) = 0
19:18:31.322865,1023,<... recvfrom resumed> 0xb88738b0, 1240, 64, 0, 0) = -1 EAGAIN (Try again)
19:18:31.323203,1031,<... clock_gettime resumed> {129, 607844523}) = 0
19:18:31.323614,1048,fcntl64(47, F_GETFD <unfinished ...>
19:18:31.324012,1023,clock_gettime(CLOCK_MONOTONIC, <unfinished ...>
19:18:31.324406,1031,clock_gettime(CLOCK_MONOTONIC, <unfinished ...>
19:18:31.324710,1048,<... fcntl64 resumed> ) = 0
19:18:31.325038,1023,<... clock_gettime resumed> {129, 609672228}) = 0
19:18:31.325432,1031,<... clock_gettime resumed> {129, 610073053}) = 0
19:18:31.325843,1048,fcntl64(47, F_SETFD, FD_CLOEXEC <unfinished ...>
19:18:31.326499,1023,clock_gettime(CLOCK_MONOTONIC, <unfinished ...>
19:18:31.326905,1031,clock_gettime(CLOCK_MONOTONIC, <unfinished ...>
19:18:31.327209,1048,<... fcntl64 resumed> ) = 0
19:18:31.327532,1023,<... clock_gettime resumed> {129, 612165738}) = 0
19:18:31.327932,1031,<... clock_gettime resumed> {129, 612567054}) = 0
19:18:31.328342,1048,pread(47, <unfinished ...>
19:18:31.328733,1023,clock_gettime(CLOCK_MONOTONIC, <unfinished ...>
19:18:31.329132,1031,clock_gettime(CLOCK_MONOTONIC, <unfinished ...>
19:18:31.329447,1048,<... pread resumed> "\0", 1, 3069335896) = 1
19:18:31.329841,1023,<... clock_gettime resumed> {129, 614469224}) = 0
19:18:31.330232,1031,<... clock_gettime resumed> {129, 614873502}) = 0
19:18:31.330640,1048,close(47 <unfinished ...>
19:18:31.331042,1023,recvfrom(37, <unfinished ...>
19:18:31.331437,1031,clock_gettime(CLOCK_MONOTONIC, <unfinished ...>
19:18:31.331777,1048,<... close resumed> ) = 0
19:18:31.332112,1023,<... recvfrom resumed> 0xbee6c9a8, 24, 64, 0, 0) = -1 EAGAIN (Try again)
19:18:31.332441,1031,<... clock_gettime resumed> {129, 617083101}) = 0
19:18:31.332864,1048,fstat64(42, <unfinished ...>
19:18:31.333243,1023,ioctl(9, 0xc0186201 <unfinished ...>
19:18:31.333641,1031,clock_gettime(CLOCK_MONOTONIC, <unfinished ...>
19:18:31.333957,1048,<... fstat64 resumed> {st_mode=S_IFREG|0660, st_size=32768, ...}) = 0
19:18:31.334910,1023,<... ioctl resumed> , 0xbee6d178) = 0
19:18:31.335233,1031,<... clock_gettime resumed> {129, 619875205}) = 0
19:18:31.335645,1048,pread(42, <unfinished ...>
19:18:31.336281,1023,clock_gettime(CLOCK_MONOTONIC, <unfinished ...>
19:18:31.336703,1031,clock_gettime(CLOCK_MONOTONIC, <unfinished ...>
19:18:31.337026,1048,<... pread resumed> "\0\0\0\7\0\0\0\10\0\0\0\0\0\0\0\0", 16, 106148551000) = 16
19:18:31.337576,1023,<... clock_gettime resumed> {129, 622208746}) = 0
19:18:31.385987,1048,fstat64(42, <unfinished ...>
19:18:31.386245,1031,<... clock_gettime resumed> {129, 623037274}) = 0
19:18:31.386565,1023,clock_gettime(CLOCK_MONOTONIC, <unfinished ...>
19:18:31.386925,1048,<... fstat64 resumed> {st_mode=S_IFREG|0660, st_size=32768, ...}) = 0
19:18:31.387904,1031,clock_gettime(CLOCK_MONOTONIC, <unfinished ...>
19:18:31.388220,1023,<... clock_gettime resumed> {129, 672854615}) = 0
19:18:31.389087,1048,access("/data/data/com.igamepower.appmaster/databases/game_service_folderdb.db-wal", F_OK <unfinished ...>
19:18:31.389819,1031,<... clock_gettime resumed> {129, 674455462}) = 0
19:18:31.390316,1023,clock_gettime(CLOCK_MONOTONIC, <unfinished ...>
19:18:31.390654,1048,<... access resumed> ) = -1 ENOENT (No such file or directory)
19:18:31.391127,1031,clock_gettime(CLOCK_MONOTONIC, <unfinished ...>
19:18:31.391453,1023,<... clock_gettime resumed> {129, 676083733}) = 0
19:18:31.391875,1048,fstat64(42, <unfinished ...>
19:18:31.392191,1031,<... clock_gettime resumed> {129, 676830773}) = 0
19:18:31.392656,1023,clock_gettime(CLOCK_MONOTONIC, <unfinished ...>
19:18:31.392973,1048,<... fstat64 resumed> {st_mode=S_IFREG|0660, st_size=32768, ...}) = 0
19:18:31.393951,1031,clock_gettime(CLOCK_MONOTONIC, <unfinished ...>
19:18:31.394277,1023,<... clock_gettime resumed> {129, 678908021}) = 0
19:18:31.394848,1048,fcntl64(42, F_SETLK, {type=F_UNLCK, whence=SEEK_SET, start=0, len=0} <unfinished ...>
19:18:31.395279,1031,<... clock_gettime resumed> {129, 679914547}) = 0
19:18:31.395780,1023,clock_gettime(CLOCK_MONOTONIC, <unfinished ...>
19:18:31.396116,1048,<... fcntl64 resumed> ) = 0
19:18:31.396492,1031,clock_gettime(CLOCK_MONOTONIC, <unfinished ...>
19:18:31.396819,1023,<... clock_gettime resumed> {129, 681445548}) = 0
19:18:31.397339,1048,gettimeofday( <unfinished ...>
19:18:31.397655,1031,<... clock_gettime resumed> {129, 682291923}) = 0
19:18:31.398353,1023,ioctl(9, 0xc0186201 <unfinished ...>
19:18:31.398669,1048,<... gettimeofday resumed> {1738783111, 398560}, NULL) = 0
19:18:31.407220,1023,<... ioctl resumed> , 0xbee6cf10) = 0
19:18:31.407873,1048,munmap(0xab2ed000, 2097152 <unfinished ...>
19:18:31.408570,1023,ioctl(9, 0xc0186201 <unfinished ...>
19:18:31.408954,1048,<... munmap resumed> ) = 0
19:18:31.409315,1023,<... ioctl resumed> , 0xbee6cf10) = 0
19:18:31.409635,1048,close(45 <unfinished ...>
19:18:31.410768,1023,clock_gettime(CLOCK_MONOTONIC, <unfinished ...>
19:18:31.411134,1048,<... close resumed> ) = 0
19:18:31.411447,1023,<... clock_gettime resumed> {129, 696085227}) = 0
19:18:31.411939,1048,gettimeofday( <unfinished ...>
19:18:31.415207,1023,clock_gettime(CLOCK_MONOTONIC, <unfinished ...>
19:18:31.415505,1048,<... gettimeofday resumed> {1738783111, 415398}, NULL) = 0
19:18:31.415908,1023,<... clock_gettime resumed> {129, 700538810}) = 0
19:18:31.416670,1048,pwrite(44, "\0\0\0\1", 4, 72708275722620 <unfinished ...>
19:18:31.417132,1023,ioctl(9, 0xc0186201 <unfinished ...>
19:18:31.417523,1048,<... pwrite resumed> ) = 4
19:18:31.417891,1023,<... ioctl resumed> , 0xbee6d0c8) = 0
19:18:31.418243,1048,pwrite(44, "SQLite format 3\0\20\0\1\1\0@ \0\0\0\6\0\0\0\7"..., 4096, 72725455591804 <unfinished ...>
19:18:31.419112,1023,ioctl(9, 0xc0186201 <unfinished ...>
19:18:31.419469,1048,<... pwrite resumed> ) = 4096
19:18:31.419865,1023,<... ioctl resumed> , 0xbee6d0c8) = 0
19:18:31.420185,1048,pwrite(44, "\177\210ï\22", 4, 90317641636220 <unfinished ...>
19:18:31.420726,1023,getpid( <unfinished ...>
19:18:31.421054,1048,<... pwrite resumed> ) = 4
19:18:31.421360,1023,<... getpid resumed> ) = 1023
19:18:31.421696,1048,pwrite(40, "SQLite format 3\0\20\0\1\1\0@ \0\0\0\7\0\0\0\7"..., 4096, 3069335932 <unfinished ...>
19:18:31.422257,1023,getuid32( <unfinished ...>
19:18:31.422610,1048,<... pwrite resumed> ) = 4096
19:18:31.422929,1023,<... getuid32 resumed> ) = 10050
19:18:31.423250,1048,pwrite(40, "\r\0\0\0\4\17F\0\17Ì\17¤\17\212\17F\0\0\0\0\0\0\0\0\0\0\0\0\0\0\0\0"..., 4096, 52779627469180 <unfinished ...>
19:18:31.423881,1023,epoll_wait(0x1e, 0xbee6d1f8, 0x10, 0 <unfinished ...>
19:18:31.424218,1048,<... pwrite resumed> ) = 4096
19:18:31.424542,1023,<... epoll_wait resumed> ) = 1
19:18:31.424862,1048,pwrite(40, "\n\0\0\0\4\17ª\0\17õ\17Ø\17Æ\17ª\0\0\0\0\0\0\0\0\0\0\0\0\0\0\0\0"..., 4096, 70371813513596 <unfinished ...>
19:18:31.473755,1023,recvfrom(37, <unfinished ...>
19:18:31.474419,1048,<... pwrite resumed> ) = 4096
19:18:31.474785,1023,<... recvfrom resumed> "nysv\0\0\0\0\230Æ'.\36\0\0\0Å\3\0\0\224Â'¸", 24, MSG_DONTWAIT, NULL, NULL) = 24
19:18:31.475379,1048,pwrite(40, "\n\0\0\0\4\17ª\0\17õ\17Ø\17Æ\17ª\0\0\0\0\0\0\0\0\0\0\0\0\0\0\0\0"..., 4096, 87963999558012 <unfinished ...>
19:18:31.476005,1023,recvfrom(37, <unfinished ...>
19:18:31.476389,1048,<... pwrite resumed> ) = 4096
19:18:31.476723,1023,<... recvfrom resumed> 0xbee6c828, 24, 64, 0, 0) = -1 EAGAIN (Try again)
19:18:31.477076,1048,pwrite(40, "\n\0\0\0\4\17í\0\17ü\17÷\17ò\17í\0\0\0\0\0\0\0\0\0\0\0\0\0\0\0\0"..., 4096, 105556185602428 <unfinished ...>
19:18:31.477755,1023,clock_gettime(CLOCK_MONOTONIC, <unfinished ...>
19:18:31.478107,1048,<... pwrite resumed> ) = 4096
19:18:31.478439,1023,<... clock_gettime resumed> {129, 763071503}) = 0
19:18:31.478903,1048,pwrite(44, "\0\0\0\0\0\0\0\0\0\0\0\0\0\0\0\0\0\0\0\0\0\0\0\0\0\0\0\0", 28, 3069335932 <unfinished ...>
19:18:31.479624,1023,clock_gettime(CLOCK_MONOTONIC, <unfinished ...>
19:18:31.480000,1048,<... pwrite resumed> ) = 28
19:18:31.480326,1023,<... clock_gettime resumed> {129, 764959493}) = 0
19:18:31.480751,1048,fstat64(44, <unfinished ...>
19:18:31.481152,1023,getpid( <unfinished ...>
19:18:31.481456,1048,<... fstat64 resumed> {st_mode=S_IFREG|0600, st_size=21032, ...}) = 0
19:18:31.482349,1023,<... getpid resumed> ) = 1023
19:18:31.482698,1048,fcntl64(40, F_SETLK, {type=F_RDLCK, whence=SEEK_SET, start=1073741826, len=510} <unfinished ...>
19:18:31.483182,1023,getuid32() = 10050
19:18:31.489404,1023,epoll_wait(0x1e, 0xbee6d1f8, 0x10, 0) = 0
19:18:31.490042,1023,clock_gettime(CLOCK_MONOTONIC, {129, 774994674}) = 0
19:18:31.490729,1023,clock_gettime(CLOCK_MONOTONIC, {129, 775751728}) = 0
19:18:31.491634,1023,writev(3, [{"\4", 1}, {"Choreographer\0", 14}, {"Skipped 39 frames! The applicat"..., 83}], 3) = 98
19:18:31.492865,1023,clock_gettime(CLOCK_MONOTONIC, {129, 777812041}) = 0
19:18:31.493543,1023,recvfrom(38, 0xb88738b0, 1240, 64, 0, 0) = -1 EAGAIN (Try again)
19:18:31.494174,1023,clock_gettime(CLOCK_MONOTONIC, {129, 779118291}) = 0
19:18:31.495097,1023,clock_gettime(CLOCK_MONOTONIC, {129, 780041716}) = 0
19:18:31.495768,1023,clock_gettime(CLOCK_MONOTONIC, {129, 780719308}) = 0
19:18:31.496448,1023,recvfrom(37, 0xbee6c9a8, 24, 64, 0, 0) = -1 EAGAIN (Try again)
19:18:31.517377,1048,<... fcntl64 resumed> ) = 0
19:18:31.517666,1031,clock_gettime(CLOCK_MONOTONIC, <unfinished ...>
19:18:31.517941,1023,ioctl(9, 0xc0186201 <unfinished ...>
19:18:31.518279,1048,fcntl64(40, F_SETLK, {type=F_UNLCK, whence=SEEK_SET, start=1073741824, len=2} <unfinished ...>
19:18:31.518709,1031,<... clock_gettime resumed> {129, 803349534}) = 0
19:18:31.519186,1023,<... ioctl resumed> , 0xbee6d178) = 0
19:18:31.519508,1048,<... fcntl64 resumed> ) = 0
19:18:31.519956,1031,clock_gettime(CLOCK_MONOTONIC, <unfinished ...>
19:18:31.520562,1023,clock_gettime(CLOCK_MONOTONIC, <unfinished ...>
19:18:31.520903,1048,close(44 <unfinished ...>
19:18:31.521204,1031,<... clock_gettime resumed> {129, 805848276}) = 0
19:18:31.521654,1023,<... clock_gettime resumed> {129, 806293998}) = 0
19:18:31.522044,1048,<... close resumed> ) = 0
19:18:31.522431,1031,clock_gettime(CLOCK_MONOTONIC, <unfinished ...>
19:18:31.522891,1023,clock_gettime(CLOCK_MONOTONIC, <unfinished ...>
19:18:31.523212,1048,fcntl64(40, F_SETLK, {type=F_UNLCK, whence=SEEK_SET, start=0, len=0} <unfinished ...>
19:18:31.523617,1031,<... clock_gettime resumed> {129, 808260293}) = 0
19:18:31.524005,1023,<... clock_gettime resumed> {129, 808643689}) = 0
19:18:31.524383,1048,<... fcntl64 resumed> ) = 0
19:18:31.524786,1031,clock_gettime(CLOCK_MONOTONIC, <unfinished ...>
19:18:31.525158,1023,clock_gettime(CLOCK_MONOTONIC, <unfinished ...>
19:18:31.525573,1048,gettimeofday( <unfinished ...>
19:18:31.525880,1031,<... clock_gettime resumed> {129, 810515875}) = 0
19:18:31.526266,1023,<... clock_gettime resumed> {129, 810905159}) = 0
19:18:31.526629,1048,<... gettimeofday resumed> {1738783111, 526528}, NULL) = 0
19:18:31.527101,1031,clock_gettime(CLOCK_MONOTONIC, <unfinished ...>
19:18:31.527466,1023,clock_gettime(CLOCK_MONOTONIC, <unfinished ...>
19:18:31.528152,1048,gettimeofday( <unfinished ...>
19:18:31.528455,1031,<... clock_gettime resumed> {129, 813098809}) = 0
19:18:31.528848,1023,<... clock_gettime resumed> {129, 813480213}) = 0
19:18:31.529211,1048,<... gettimeofday resumed> {1738783111, 529111}, NULL) = 0
19:18:31.529687,1031,clock_gettime(CLOCK_MONOTONIC, <unfinished ...>
19:18:31.530088,1023,clock_gettime(CLOCK_MONOTONIC, <unfinished ...>
19:18:31.537229,1031,<... clock_gettime resumed> {129, 821866614}) = 0
19:18:31.537637,1023,<... clock_gettime resumed> {129, 822268033}) = 0
19:18:31.538236,1031,clock_gettime(CLOCK_MONOTONIC, <unfinished ...>
19:18:31.538851,1023,ioctl(9, 0xc0186201 <unfinished ...>
19:18:31.539310,1031,<... clock_gettime resumed> {129, 823946588}) = 0
19:18:31.539887,1023,<... ioctl resumed> , 0xbee6cf10) = 0
19:18:31.540302,1031,clock_gettime(CLOCK_MONOTONIC, <unfinished ...>
19:18:31.540970,1023,ioctl(9, 0xc0186201 <unfinished ...>
19:18:31.541283,1031,<... clock_gettime resumed> {129, 825926427}) = 0
19:18:31.541736,1023,<... ioctl resumed> , 0xbee6cf10) = 0
19:18:31.542176,1031,clock_gettime(CLOCK_MONOTONIC, <unfinished ...>
19:18:31.543286,1023,clock_gettime(CLOCK_MONOTONIC, <unfinished ...>
19:18:31.543595,1031,<... clock_gettime resumed> {129, 828236253}) = 0
19:18:31.543990,1023,<... clock_gettime resumed> {129, 828628270}) = 0
19:18:31.544454,1031,clock_gettime(CLOCK_MONOTONIC, {129, 847584606}) = 0
19:18:31.563728,1031,clock_gettime(CLOCK_MONOTONIC, {129, 849123033}) = 0
19:18:31.565369,1031,clock_gettime(CLOCK_MONOTONIC, {129, 850323481}) = 0
19:18:31.566059,1031,clock_gettime(CLOCK_MONOTONIC, {129, 851007436}) = 0
19:18:31.566726,1031,clock_gettime(CLOCK_MONOTONIC, {129, 851682148}) = 0
19:18:31.567402,1031,clock_gettime(CLOCK_MONOTONIC, {129, 852349552}) = 0
19:18:31.568073,1031,clock_gettime(CLOCK_MONOTONIC, {129, 853020556}) = 0
19:18:31.568735,1031,clock_gettime(CLOCK_MONOTONIC, {129, 853687368}) = 0
19:18:31.569400,1031,futex(0xb8874260, FUTEX_WAIT_PRIVATE, -10, NULL <unfinished ...>
19:18:31.578854,1048,gettimeofday( <unfinished ...>
19:18:31.579614,1023,clock_gettime(CLOCK_MONOTONIC, <unfinished ...>
19:18:31.579919,1048,<... gettimeofday resumed> {1738783111, 579807}, NULL) = 0
19:18:31.580318,1023,<... clock_gettime resumed> {129, 864956499}) = 0
19:18:31.580932,1048,gettimeofday( <unfinished ...>
19:18:31.581302,1023,ioctl(9, 0xc0186201 <unfinished ...>
19:18:31.581597,1048,<... gettimeofday resumed> {1738783111, 581495}, NULL) = 0
19:18:31.582437,1048,gettimeofday({1738783111, 583098}, NULL) = 0
19:18:31.583520,1023,<... ioctl resumed> , 0xbee6d0c8) = 0
19:18:31.584085,1048,gettimeofday( <unfinished ...>
19:18:31.584494,1023,getpid( <unfinished ...>
19:18:31.584782,1048,<... gettimeofday resumed> {1738783111, 584679}, NULL) = 0
19:18:31.585179,1023,<... getpid resumed> ) = 1023
19:18:31.586649,1048,close(42 <unfinished ...>
19:18:31.586996,1023,getuid32( <unfinished ...>
19:18:31.607351,1048,<... close resumed> ) = 0
19:18:31.630870,1023,<... getuid32 resumed> ) = 10050
19:18:31.631977,1048,gettimeofday( <unfinished ...>
19:18:31.632414,1023,epoll_wait(0x1e, 0xbee6d1f8, 0x10, 0 <unfinished ...>
19:18:31.632715,1048,<... gettimeofday resumed> {1738783111, 632610}, NULL) = 0
19:18:31.633160,1023,<... epoll_wait resumed> ) = 1
19:18:31.633597,1048,clock_gettime(CLOCK_MONOTONIC, <unfinished ...>
19:18:31.633993,1023,recvfrom(37, <unfinished ...>
19:18:31.634285,1048,<... clock_gettime resumed> {129, 918939497}) = 0
19:18:31.634692,1023,<... recvfrom resumed> "nysv\0\0\0\0xH$9\36\0\0\0Ç\3\0\0\224Â'¸", 24, MSG_DONTWAIT, NULL, NULL) = 24
19:18:31.635197,1048,clock_gettime(CLOCK_MONOTONIC, <unfinished ...>
19:18:31.635529,1023,recvfrom(37, <unfinished ...>
19:18:31.635820,1048,<... clock_gettime resumed> {129, 920471159}) = 0
19:18:31.636206,1023,<... recvfrom resumed> 0xbee6c828, 24, 64, 0, 0) = -1 EAGAIN (Try again)
19:18:31.636537,1048,futex(0xb881f4e8, FUTEX_WAIT_PRIVATE, 0, {4, 998468338} <unfinished ...>
19:18:31.637003,1023,clock_gettime(CLOCK_MONOTONIC, {129, 921981094}) = 0
19:18:31.637765,1023,clock_gettime(CLOCK_MONOTONIC, {129, 941216598}) = 0
19:18:31.657066,1023,getpid() = 1023
19:18:31.657717,1023,getuid32() = 10050
19:18:31.658345,1023,epoll_wait(0x1e, 0xbee6d1f8, 0x10, 0) = 0
19:18:31.659019,1023,clock_gettime(CLOCK_MONOTONIC, {129, 943964505}) = 0
19:18:31.659703,1023,clock_gettime(CLOCK_MONOTONIC, {129, 944656395}) = 0
19:18:31.660510,1023,writev(3, [{"\4", 1}, {"Choreographer\0", 14}, {"Skipped 35 frames! The applicat"..., 83}], 3) = 98
19:18:31.661782,1023,clock_gettime(CLOCK_MONOTONIC, {129, 946744725}) = 0
19:18:31.662498,1023,recvfrom(38, 0xb88738b0, 1240, 64, 0, 0) = -1 EAGAIN (Try again)
19:18:31.663160,1023,clock_gettime(CLOCK_MONOTONIC, {129, 948113379}) = 0
19:18:31.664136,1023,clock_gettime(CLOCK_MONOTONIC, {129, 949089025}) = 0
19:18:31.664845,1023,clock_gettime(CLOCK_MONOTONIC, {129, 949796986}) = 0
19:18:31.665549,1023,recvfrom(37, 0xbee6c9a8, 24, 64, 0, 0) = -1 EAGAIN (Try again)
19:18:31.666191,1023,ioctl(9, 0xc0186201, 0xbee6d178) = 0
19:18:31.684308,1023,clock_gettime(CLOCK_MONOTONIC, {129, 969373842}) = 0
19:18:31.685200,1023,clock_gettime(CLOCK_MONOTONIC, {129, 970147745}) = 0
19:18:31.685869,1023,clock_gettime(CLOCK_MONOTONIC, {129, 970813329}) = 0
19:18:31.686523,1023,clock_gettime(CLOCK_MONOTONIC, {129, 971466380}) = 0
19:18:31.687212,1023,clock_gettime(CLOCK_MONOTONIC, {129, 972156035}) = 0
19:18:31.688087,1023,ioctl(9, 0xc0186201, 0xbee6cf10) = 0
19:18:31.688774,1023,ioctl(9, 0xc0186201, 0xbee6cf10) = 0
19:18:31.711986,1023,clock_gettime(CLOCK_MONOTONIC, {129, 996957476}) = 0
19:18:31.715668,1023,clock_gettime(CLOCK_MONOTONIC, {130, 633298}) = 0
19:18:31.716372,1023,ioctl(9, 0xc0186201, 0xbee6d0c8) = 0
19:18:31.717309,1023,ioctl(9, 0xc0186201, 0xbee6d0c8) = 0
19:18:31.761843,1023,getpid() = 1023
19:18:31.764133,1023,getuid32() = 10050
19:18:31.767744,1023,epoll_wait(0x1e, 0xbee6d1f8, 0x10, 0) = 1
19:18:31.768378,1023,recvfrom(37, "nysv\0\0\0\0&ÒûB\36\0\0\0É\3\0\0\224Â'¸", 24, MSG_DONTWAIT, NULL, NULL) = 24
19:18:31.769165,1023,recvfrom(37, 0xbee6c828, 24, 64, 0, 0) = -1 EAGAIN (Try again)
19:18:31.769826,1023,clock_gettime(CLOCK_MONOTONIC, {130, 54778673}) = 0
19:18:31.770574,1023,clock_gettime(CLOCK_MONOTONIC, {130, 55527918}) = 0
19:18:31.771271,1023,getpid() = 1023
19:18:31.771859,1023,getuid32() = 10050
19:18:31.772474,1023,epoll_wait(0x1e, 0xbee6d1f8, 0x10, 0) = 0
19:18:31.773092,1023,clock_gettime(CLOCK_MONOTONIC, {130, 58071623}) = 0
19:18:31.773800,1023,clock_gettime(CLOCK_MONOTONIC, {130, 58756960}) = 0
19:18:31.774477,1023,clock_gettime(CLOCK_MONOTONIC, {130, 59427545}) = 0
19:18:31.775179,1023,recvfrom(38, 0xb88738b0, 1240, 64, 0, 0) = -1 EAGAIN (Try again)
19:18:31.775827,1023,clock_gettime(CLOCK_MONOTONIC, {130, 60778504}) = 0
19:18:31.776502,1023,clock_gettime(CLOCK_MONOTONIC, {130, 61452925}) = 0
19:18:31.777182,1023,getpid() = 1023
19:18:31.777759,1023,getuid32() = 10050
19:18:31.778376,1023,epoll_wait(0x1e, 0xbee6d1f8, 0x10, 0) = 0
19:18:31.778986,1023,clock_gettime(CLOCK_MONOTONIC, {130, 63936163}) = 0
19:18:31.779662,1023,clock_gettime(CLOCK_MONOTONIC, {130, 64617891}) = 0
19:18:31.841502,1023,recvfrom(37, 0xbee6c9a8, 24, 64, 0, 0) = -1 EAGAIN (Try again)
19:18:31.842146,1023,ioctl(9, 0xc0186201, 0xbee6d178) = 0
19:18:31.843056,1023,getpid() = 1023
19:18:31.843737,1023,getuid32() = 10050
19:18:31.844452,1023,epoll_wait(0x1e, 0xbee6d1f8, 0x10, 0) = 0
19:18:31.845049,1023,clock_gettime(CLOCK_MONOTONIC, {130, 129994221}) = 0
19:18:31.845726,1023,epoll_wait(0x1e, 0xbee6d1f8, 0x10, 0xffffffff) = 1
19:18:31.856398,1023,recvfrom(37, "nysv\0\0\0\0À+^L\36\0\0\0Ë\3\0\0\224Â'¸", 24, MSG_DONTWAIT, NULL, NULL) = 24
19:18:31.857157,1023,recvfrom(37, 0xbee6c828, 24, 64, 0, 0) = -1 EAGAIN (Try again)
19:18:31.857764,1023,clock_gettime(CLOCK_MONOTONIC, {130, 142738398}) = 0
19:18:31.858450,1023,write(29, "W", 1) = 1
19:18:31.859161,1023,clock_gettime(CLOCK_MONOTONIC, {130, 144097656}) = 0
19:18:31.859791,1023,clock_gettime(CLOCK_MONOTONIC, {130, 144766662}) = 0
19:18:31.860451,1023,clock_gettime(CLOCK_MONOTONIC, {130, 145388369}) = 0
19:18:31.861114,1023,clock_gettime(CLOCK_MONOTONIC, {130, 146049592}) = 0
19:18:31.862023,1023,clock_gettime(CLOCK_MONOTONIC, {130, 146959932}) = 0
19:18:31.862663,1023,clock_gettime(CLOCK_MONOTONIC, {130, 147637880}) = 0
19:18:31.863346,1023,recvfrom(37, 0xbee6c9a8, 24, 64, 0, 0) = -1 EAGAIN (Try again)
19:18:31.863962,1023,ioctl(9, 0xc0186201, 0xbee6d178) = 0
19:18:31.864768,1023,clock_gettime(CLOCK_MONOTONIC, {130, 149795710}) = 0
19:18:31.865509,1023,clock_gettime(CLOCK_MONOTONIC, {130, 150447933}) = 0
19:18:31.866180,1023,clock_gettime(CLOCK_MONOTONIC, {130, 151115912}) = 0
19:18:31.866805,1023,clock_gettime(CLOCK_MONOTONIC, {130, 151777704}) = 0
19:18:31.867490,1023,clock_gettime(CLOCK_MONOTONIC, {130, 152426576}) = 0
19:18:31.868174,1023,write(29, "W", 1) = 1
19:18:31.868999,1023,ioctl(9, 0xc0186201, 0xbee6cf10) = 0
19:18:31.869787,1023,ioctl(9, 0xc0186201, 0xbee6cf10) = 0
19:18:31.871210,1023,clock_gettime(CLOCK_MONOTONIC, {130, 156151202}) = 0
19:18:31.874895,1023,clock_gettime(CLOCK_MONOTONIC, {130, 159838773}) = 0
19:18:31.916535,1023,ioctl(9, 0xc0186201, 0xbee6d0c8) = 0
19:18:31.917504,1023,ioctl(9, 0xc0186201, 0xbee6d0c8) = 0
19:18:31.918602,1023,getpid() = 1023
19:18:31.919208,1023,getuid32() = 10050
19:18:31.919793,1023,epoll_wait(0x1e, 0xbee6d1f8, 0x10, 0) = 2
19:18:31.920396,1023,read(23, "WW", 16) = 2
19:18:31.921034,1023,recvfrom(37, "nysv\0\0\0\0Þó\rM\36\0\0\0Ì\3\0\0\224Â'¸", 24, MSG_DONTWAIT, NULL, NULL) = 24
19:18:31.921749,1023,recvfrom(37, 0xbee6c828, 24, 64, 0, 0) = -1 EAGAIN (Try again)
19:18:31.922451,1023,clock_gettime(CLOCK_MONOTONIC, {130, 207388656}) = 0
19:18:31.923248,1023,clock_gettime(CLOCK_MONOTONIC, {130, 208184510}) = 0
19:18:31.923918,1023,clock_gettime(CLOCK_MONOTONIC, {130, 208853433}) = 0
19:18:31.924539,1023,clock_gettime(CLOCK_MONOTONIC, {130, 209474518}) = 0
19:18:31.925279,1023,recvfrom(38, 0xb88738b0, 1240, 64, 0, 0) = -1 EAGAIN (Try again)
19:18:31.925940,1023,clock_gettime(CLOCK_MONOTONIC, {130, 210902552}) = 0
19:18:31.926589,1023,clock_gettime(CLOCK_MONOTONIC, {130, 211524875}) = 0
19:18:31.927249,1023,getpid() = 1023
19:18:31.927780,1023,getuid32() = 10050
19:18:31.928381,1023,epoll_wait(0x1e, 0xbee6d1f8, 0x10, 0) = 0
19:18:31.929043,1023,clock_gettime(CLOCK_MONOTONIC, {130, 213977361}) = 0
19:18:31.929695,1023,ioctl(9, 0xc0186201, 0xbee6d328) = 0
19:18:31.930374,1023,epoll_wait(0x1e, 0xbee6d1f8, 0x10, 0x1b) = 0
19:18:31.967514,1023,clock_gettime(CLOCK_MONOTONIC, {130, 252472762}) = 0
19:18:31.968253,1023,clock_gettime(CLOCK_MONOTONIC, {130, 253192353}) = 0
19:18:31.968914,1023,recvfrom(37, 0xbee6c9a8, 24, 64, 0, 0) = -1 EAGAIN (Try again)
19:18:31.969508,1023,ioctl(9, 0xc0186201, 0xbee6d178) = 0
19:18:31.970497,1023,getpid() = 1023
19:18:31.971355,1023,getuid32() = 10050
19:18:31.971957,1023,epoll_wait(0x1e, 0xbee6d1f8, 0x10, 0) = 1
19:18:31.972494,1023,recvfrom(37, "nysv\0\0\0\0\0-±S\36\0\0\0Î\3\0\0\224Â'¸", 24, MSG_DONTWAIT, NULL, NULL) = 24
19:18:31.973281,1023,recvfrom(37, 0xbee6c828, 24, 64, 0, 0) = -1 EAGAIN (Try again)
19:18:31.973906,1023,clock_gettime(CLOCK_MONOTONIC, {130, 258835592}) = 0
19:18:31.974568,1023,clock_gettime(CLOCK_MONOTONIC, {130, 259497392}) = 0
19:18:31.975214,1023,clock_gettime(CLOCK_MONOTONIC, {130, 260162673}) = 0
19:18:31.975886,1023,clock_gettime(CLOCK_MONOTONIC, {130, 260826943}) = 0
19:18:31.976494,1023,clock_gettime(CLOCK_MONOTONIC, {130, 261421944}) = 0
19:18:31.977366,1023,clock_gettime(CLOCK_MONOTONIC, {130, 262295687}) = 0
19:18:31.978035,1023,clock_gettime(CLOCK_MONOTONIC, {130, 262964424}) = 0
19:18:31.978651,1023,recvfrom(37, 0xbee6c9a8, 24, 64, 0, 0) = -1 EAGAIN (Try again)
19:18:31.979241,1023,ioctl(9, 0xc0186201, 0xbee6d178) = 0
19:18:31.980042,1023,clock_gettime(CLOCK_MONOTONIC, {130, 265020743}) = 0
19:18:31.996230,1023,clock_gettime(CLOCK_MONOTONIC, {130, 304054457}) = 0
19:18:32.019871,1023,clock_gettime(CLOCK_MONOTONIC, {130, 304901871}) = 0
19:18:32.020584,1023,clock_gettime(CLOCK_MONOTONIC, {130, 305513056}) = 0
19:18:32.021256,1023,clock_gettime(CLOCK_MONOTONIC, {130, 306244759}) = 0
19:18:32.021981,1023,write(29, "W", 1) = 1
19:18:32.022763,1023,ioctl(9, 0xc0186201, 0xbee6cf10) = 0
19:18:32.024466,1023,clock_gettime(CLOCK_MONOTONIC, {130, 309399552}) = 0
19:18:32.027654,1023,clock_gettime(CLOCK_MONOTONIC, {130, 312611748}) = 0
19:18:32.028305,1023,ioctl(9, 0xc0186201, 0xbee6d0c8) = 0
19:18:32.029371,1023,getpid() = 1023
19:18:32.029926,1023,getuid32() = 10050
19:18:32.030474,1023,epoll_wait(0x1e, 0xbee6d1f8, 0x10, 0) = 2
19:18:32.031049,1023,read(23, "W", 16) = 1
19:18:32.031616,1023,recvfrom(37, "nysv\0\0\0\0\nÅëS\36\0\0\0Ï\3\0\0\224Â'¸", 24, MSG_DONTWAIT, NULL, NULL) = 24
19:18:32.032305,1023,recvfrom(37, 0xbee6c828, 24, 64, 0, 0) = -1 EAGAIN (Try again)
19:18:32.032885,1023,clock_gettime(CLOCK_MONOTONIC, {130, 317827064}) = 0
19:18:32.033567,1023,clock_gettime(CLOCK_MONOTONIC, {130, 318499821}) = 0
19:18:32.034217,1023,clock_gettime(CLOCK_MONOTONIC, {130, 319144817}) = 0
19:18:32.034833,1023,clock_gettime(CLOCK_MONOTONIC, {130, 319775057}) = 0
19:18:32.035465,1023,recvfrom(38, 0xb88738b0, 1240, 64, 0, 0) = -1 EAGAIN (Try again)
19:18:32.078999,1023,clock_gettime(CLOCK_MONOTONIC, {130, 363958889}) = 0
19:18:32.079661,1023,clock_gettime(CLOCK_MONOTONIC, {130, 364635670}) = 0
19:18:32.080330,1023,getpid() = 1023
19:18:32.080902,1023,getuid32() = 10050
19:18:32.081476,1023,epoll_wait(0x1e, 0xbee6d1f8, 0x10, 0) = 0
19:18:32.082144,1023,clock_gettime(CLOCK_MONOTONIC, {130, 367077250}) = 0
19:18:32.082774,1023,ioctl(9, 0xc0186201, 0xbee6d328) = 0
19:18:32.083457,1023,epoll_wait(0x1e, 0xbee6d1f8, 0x10, 0x1c) = 0
19:18:32.149419,1023,clock_gettime(CLOCK_MONOTONIC, {130, 434371134}) = 0
19:18:32.150104,1023,clock_gettime(CLOCK_MONOTONIC, {130, 435068864}) = 0
19:18:32.150768,1023,recvfrom(37, 0xbee6c9a8, 24, 64, 0, 0) = -1 EAGAIN (Try again)
19:18:32.151449,1023,ioctl(9, 0xc0186201, 0xbee6d178) = 0
19:18:32.152495,1023,getpid() = 1023
19:18:32.153272,1023,getuid32() = 10050
19:18:32.153979,1023,epoll_wait(0x1e, 0xbee6d1f8, 0x10, 0) = 0
19:18:32.154889,1023,clock_gettime(CLOCK_MONOTONIC, {130, 439839084}) = 0
19:18:32.180997,1023,epoll_wait(0x1e, 0xbee6d1f8, 0x10, 0xffffffff) = 1
19:18:32.181669,1023,recvfrom(37, "nysv\0\0\0\0êFè^\36\0\0\0Ñ\3\0\0\224Â'¸", 24, MSG_DONTWAIT, NULL, NULL) = 24
19:18:32.182470,1023,recvfrom(37, 0xbee6c828, 24, 64, 0, 0) = -1 EAGAIN (Try again)
19:18:32.183132,1023,clock_gettime(CLOCK_MONOTONIC, {130, 468070429}) = 0
19:18:32.183797,1023,write(29, "W", 1) = 1
19:18:32.184531,1023,clock_gettime(CLOCK_MONOTONIC, {130, 469469367}) = 0
19:18:32.185212,1023,clock_gettime(CLOCK_MONOTONIC, {130, 470150877}) = 0
19:18:32.185875,1023,clock_gettime(CLOCK_MONOTONIC, {130, 471484414}) = 0
19:18:32.206555,1023,clock_gettime(CLOCK_MONOTONIC, {130, 491506697}) = 0
19:18:32.207528,1023,clock_gettime(CLOCK_MONOTONIC, {130, 492467017}) = 0
19:18:32.208279,1023,clock_gettime(CLOCK_MONOTONIC, {130, 493210174}) = 0
19:18:32.208962,1023,recvfrom(37, 0xbee6c9a8, 24, 64, 0, 0) = -1 EAGAIN (Try again)
19:18:32.209832,1023,ioctl(9, 0xc0186201, 0xbee6d178) = 0
19:18:32.211033,1023,clock_gettime(CLOCK_MONOTONIC, {130, 496042313}) = 0
19:18:32.211940,1023,clock_gettime(CLOCK_MONOTONIC, {130, 496917499}) = 0
19:18:32.212594,1023,clock_gettime(CLOCK_MONOTONIC, {130, 497522489}) = 0
19:18:32.213249,1023,clock_gettime(CLOCK_MONOTONIC, {130, 498185105}) = 0
19:18:32.213954,1023,clock_gettime(CLOCK_MONOTONIC, {130, 498890578}) = 0
19:18:32.214707,1023,write(29, "W", 1) = 1
19:18:32.235409,1023,ioctl(9, 0xc0186201, 0xbee6cf10) = 0
19:18:32.236381,1023,ioctl(9, 0xc0186201, 0xbee6cf10) = 0
19:18:32.237928,1023,clock_gettime(CLOCK_MONOTONIC, {130, 522872459}) = 0
19:18:32.241795,1023,clock_gettime(CLOCK_MONOTONIC, {130, 526800363}) = 0
19:18:32.242579,1023,ioctl(9, 0xc0186201, 0xbee6d0c8) = 0
19:18:32.243465,1023,ioctl(9, 0xc0186201, 0xbee6d0c8) = 0
19:18:32.244327,1023,getpid() = 1023
19:18:32.245044,1023,getuid32() = 10050
19:18:32.245596,1023,epoll_wait(0x1e, 0xbee6d1f8, 0x10, 0) = 2
19:18:32.320285,1023,read(23, "WW", 16) = 2
19:18:32.320954,1023,recvfrom(37, "nysv\0\0\0\0\200/Wb\36\0\0\0Ò\3\0\0\224Â'¸", 24, MSG_DONTWAIT, NULL, NULL) = 24
19:18:32.321644,1023,recvfrom(37, 0xbee6c828, 24, 64, 0, 0) = -1 EAGAIN (Try again)
19:18:32.322274,1023,clock_gettime(CLOCK_MONOTONIC, {130, 607203842}) = 0
19:18:32.323014,1023,clock_gettime(CLOCK_MONOTONIC, {130, 607948787}) = 0
19:18:32.323638,1023,clock_gettime(CLOCK_MONOTONIC, {130, 608596531}) = 0
19:18:32.324296,1023,clock_gettime(CLOCK_MONOTONIC, {130, 609223674}) = 0
19:18:32.325118,1023,recvfrom(38, 0xb88738b0, 1240, 64, 0, 0) = -1 EAGAIN (Try again)
19:18:32.325732,1023,clock_gettime(CLOCK_MONOTONIC, {130, 610693942}) = 0
19:18:32.326600,1023,clock_gettime(CLOCK_MONOTONIC, {130, 611530087}) = 0
19:18:32.327257,1023,clock_gettime(CLOCK_MONOTONIC, {130, 612185562}) = 0
19:18:32.327914,1023,recvfrom(37, 0xbee6c9a8, 24, 64, 0, 0) = -1 EAGAIN (Try again)
19:18:32.348792,1023,ioctl(9, 0xc0186201, 0xbee6d178) = 0
19:18:32.349733,1023,clock_gettime(CLOCK_MONOTONIC, {130, 634765067}) = 0
19:18:32.350526,1023,clock_gettime(CLOCK_MONOTONIC, {130, 635457040}) = 0
19:18:32.351172,1023,clock_gettime(CLOCK_MONOTONIC, {130, 636100881}) = 0
19:18:32.351773,1023,clock_gettime(CLOCK_MONOTONIC, {130, 636813603}) = 0
19:18:32.352512,1023,clock_gettime(CLOCK_MONOTONIC, {130, 637440379}) = 0
19:18:32.353911,1023,ioctl(9, 0xc0186201, 0xbee6cf10) = 0
19:18:32.355568,1023,ioctl(9, 0xc0186201, 0xbee6cf10) = 0
19:18:32.357455,1023,clock_gettime(CLOCK_MONOTONIC, {130, 642435364}) = 0
19:18:32.407474,1023,clock_gettime(CLOCK_MONOTONIC, {130, 692474168}) = 0
19:18:32.408342,1023,ioctl(9, 0xc0186201, 0xbee6d0c8) = 0
19:18:32.409295,1023,ioctl(9, 0xc0186201, 0xbee6d0c8) = 0
19:18:32.410245,1023,getpid() = 1023
19:18:32.410781,1023,getuid32() = 10050
19:18:32.411401,1023,epoll_wait(0x1e, 0xbee6d1f8, 0x10, 0) = 1
19:18:32.412065,1023,recvfrom(37, "nysv\0\0\0\0è\220\224j\36\0\0\0Ô\3\0\0\224Â'¸", 24, MSG_DONTWAIT, NULL, NULL) = 24
19:18:32.412844,1023,recvfrom(37, 0xbee6c828, 24, 64, 0, 0) = -1 EAGAIN (Try again)
19:18:32.413524,1023,clock_gettime(CLOCK_MONOTONIC, {130, 698460246}) = 0
19:18:32.414262,1023,clock_gettime(CLOCK_MONOTONIC, {130, 699198450}) = 0
19:18:32.414997,1023,getpid() = 1023
19:18:32.415533,1023,getuid32() = 10050
19:18:32.416161,1023,epoll_wait(0x1e, 0xbee6d1f8, 0x10, 0) = 0
19:18:32.416726,1023,clock_gettime(CLOCK_MONOTONIC, {130, 701698891}) = 0
19:18:32.417389,1023,clock_gettime(CLOCK_MONOTONIC, {130, 702324949}) = 0
19:18:32.418047,1023,clock_gettime(CLOCK_MONOTONIC, {130, 702982762}) = 0
19:18:32.418690,1023,recvfrom(38, 0xb88738b0, 1240, 64, 0, 0) = -1 EAGAIN (Try again)
19:18:32.419320,1023,clock_gettime(CLOCK_MONOTONIC, {130, 704256150}) = 0
19:18:32.419994,1023,clock_gettime(CLOCK_MONOTONIC, {130, 704932968}) = 0
19:18:32.420632,1023,getpid() = 1023
19:18:32.421221,1023,getuid32() = 10050
19:18:32.421785,1023,epoll_wait(0x1e, 0xbee6d1f8, 0x10, 0) = 0
19:18:32.447873,1023,clock_gettime(CLOCK_MONOTONIC, {130, 732850618}) = 0
19:18:32.448563,1023,clock_gettime(CLOCK_MONOTONIC, {130, 733501270}) = 0
19:18:32.449339,1023,recvfrom(37, 0xbee6c9a8, 24, 64, 0, 0) = -1 EAGAIN (Try again)
19:18:32.450028,1023,ioctl(9, 0xc0186201, 0xbee6d178) = 0
19:18:32.451038,1023,getpid() = 1023
19:18:32.451979,1023,getuid32() = 10050
19:18:32.452611,1023,epoll_wait(0x1e, 0xbee6d1f8, 0x10, 0) = 1
19:18:32.453210,1023,recvfrom(37, "nysv\0\0\0\0âiMp\36\0\0\0Ö\3\0\0\224Â'¸", 24, MSG_DONTWAIT, NULL, NULL) = 24
19:18:32.453954,1023,recvfrom(37, 0xbee6c828, 24, 64, 0, 0) = -1 EAGAIN (Try again)
19:18:32.454533,1023,clock_gettime(CLOCK_MONOTONIC, {130, 739461564}) = 0
19:18:32.455355,1023,clock_gettime(CLOCK_MONOTONIC, {130, 740284800}) = 0
19:18:32.456090,1023,clock_gettime(CLOCK_MONOTONIC, {130, 741053991}) = 0
19:18:32.456746,1023,clock_gettime(CLOCK_MONOTONIC, {130, 741731269}) = 0
19:18:32.457399,1023,clock_gettime(CLOCK_MONOTONIC, {130, 742326872}) = 0
19:18:32.458288,1023,clock_gettime(CLOCK_MONOTONIC, {130, 743217635}) = 0
19:18:32.458958,1023,clock_gettime(CLOCK_MONOTONIC, {130, 743887775}) = 0
19:18:32.459576,1023,recvfrom(37, 0xbee6c9a8, 24, 64, 0, 0) = -1 EAGAIN (Try again)
19:18:32.460249,1023,ioctl(9, 0xc0186201, 0xbee6d178) = 0
19:18:32.467096,1023,clock_gettime(CLOCK_MONOTONIC, {130, 752119433}) = 0
19:18:32.467883,1023,clock_gettime(CLOCK_MONOTONIC, {130, 752827395}) = 0
19:18:32.468537,1023,clock_gettime(CLOCK_MONOTONIC, {130, 753466528}) = 0
19:18:32.469212,1023,clock_gettime(CLOCK_MONOTONIC, {130, 754140673}) = 0
19:18:32.469866,1023,clock_gettime(CLOCK_MONOTONIC, {130, 754821039}) = 0
19:18:32.470515,1023,write(29, "W", 1) = 1
19:18:32.471345,1023,ioctl(9, 0xc0186201, 0xbee6cf10) = 0
19:18:32.472174,1023,ioctl(9, 0xc0186201, 0xbee6cf10) = 0
19:18:32.473484,1023,clock_gettime(CLOCK_MONOTONIC, {130, 758417909}) = 0
19:18:32.475969,1023,clock_gettime(CLOCK_MONOTONIC, {130, 760915971}) = 0
19:18:32.476751,1023,ioctl(9, 0xc0186201, 0xbee6d0c8) = 0
19:18:32.562288,1023,ioctl(9, 0xc0186201, 0xbee6d0c8) = 0
19:18:32.563236,1023,getpid() = 1023
19:18:32.563787,1023,getuid32() = 10050
19:18:32.564383,1023,epoll_wait(0x1e, 0xbee6d1f8, 0x10, 0) = 2
19:18:32.564960,1023,read(23, "W", 16) = 1
19:18:32.565532,1023,recvfrom(37, "nysv\0\0\0\0ì\1\210p\36\0\0\0×\3\0\0\224Â'¸", 24, MSG_DONTWAIT, NULL, NULL) = 24
19:18:32.566259,1023,recvfrom(37, 0xbee6c828, 24, 64, 0, 0) = -1 EAGAIN (Try again)
19:18:32.566879,1023,clock_gettime(CLOCK_MONOTONIC, {130, 851808349}) = 0
19:18:32.567551,1023,clock_gettime(CLOCK_MONOTONIC, {130, 852480948}) = 0
19:18:32.568196,1023,clock_gettime(CLOCK_MONOTONIC, {130, 853126047}) = 0
19:18:32.568958,1023,writev(3, [{"\4", 1}, {"Choreographer\0", 14}, {"Skipped 30 frames! The applicat"..., 83}], 3) = 98
19:18:32.615187,1023,clock_gettime(CLOCK_MONOTONIC, {130, 910613773}) = 0
19:18:32.626416,1023,recvfrom(38, 0xb88738b0, 1240, 64, 0, 0) = -1 EAGAIN (Try again)
19:18:32.627057,1023,clock_gettime(CLOCK_MONOTONIC, {130, 911987969}) = 0
19:18:32.627954,1023,clock_gettime(CLOCK_MONOTONIC, {130, 912885257}) = 0
19:18:32.628577,1023,clock_gettime(CLOCK_MONOTONIC, {130, 913506258}) = 0
19:18:32.629258,1023,recvfrom(37, 0xbee6c9a8, 24, 64, 0, 0) = -1 EAGAIN (Try again)
19:18:32.629875,1023,ioctl(9, 0xc0186201, 0xbee6d178) = 0
19:18:32.630736,1023,clock_gettime(CLOCK_MONOTONIC, {130, 915767841}) = 0
19:18:32.631519,1023,clock_gettime(CLOCK_MONOTONIC, {130, 916449248}) = 0
19:18:32.632165,1023,clock_gettime(CLOCK_MONOTONIC, {130, 917093075}) = 0
19:18:32.632765,1023,clock_gettime(CLOCK_MONOTONIC, {130, 917731969}) = 0
19:18:32.633463,1023,clock_gettime(CLOCK_MONOTONIC, {130, 918391572}) = 0
19:18:32.634309,1023,ioctl(9, 0xc0186201, 0xbee6cf10) = 0
19:18:32.635143,1023,ioctl(9, 0xc0186201, 0xbee6cf10) = 0
19:18:32.636453,1023,clock_gettime(CLOCK_MONOTONIC, {130, 921391890}) = 0
19:18:32.639779,1023,clock_gettime(CLOCK_MONOTONIC, {130, 924780601}) = 0
19:18:32.640464,1023,ioctl(9, 0xc0186201, 0xbee6d0c8) = 0
19:18:32.641293,1023,ioctl(9, 0xc0186201, 0xbee6d0c8) = 0
19:18:32.641962,1023,getpid() = 1023
19:18:32.660115,1023,getuid32() = 10050
19:18:32.660708,1023,epoll_wait(0x1e, 0xbee6d1f8, 0x10, 0) = 1
19:18:32.661297,1023,recvfrom(37, "nysv\0\0\0\0ÂëI{\36\0\0\0Ù\3\0\0\224Â'¸", 24, MSG_DONTWAIT, NULL, NULL) = 24
19:18:32.662207,1023,recvfrom(37, 0xbee6c828, 24, 64, 0, 0) = -1 EAGAIN (Try again)
19:18:32.663076,1023,clock_gettime(CLOCK_MONOTONIC, {130, 948020419}) = 0
19:18:32.663888,1023,clock_gettime(CLOCK_MONOTONIC, {130, 948828041}) = 0
19:18:32.664543,1023,getpid() = 1023
19:18:32.665151,1023,getuid32() = 10050
19:18:32.666418,1023,epoll_wait(0x1e, 0xbee6d1f8, 0x10, 0) = 0
19:18:32.667249,1023,clock_gettime(CLOCK_MONOTONIC, {130, 952298655}) = 0
19:18:32.668072,1023,clock_gettime(CLOCK_MONOTONIC, {130, 953003393}) = 0
19:18:32.668676,1023,clock_gettime(CLOCK_MONOTONIC, {130, 953676036}) = 0
19:18:32.669371,1023,recvfrom(38, 0xb88738b0, 1240, 64, 0, 0) = -1 EAGAIN (Try again)
19:18:32.670083,1023,clock_gettime(CLOCK_MONOTONIC, {130, 955015977}) = 0
19:18:32.670718,1023,clock_gettime(CLOCK_MONOTONIC, {130, 955725709}) = 0
19:18:32.671419,1023,getpid() = 1023
19:18:32.672012,1023,getuid32() = 10050
19:18:32.672586,1023,epoll_wait(0x1e, 0xbee6d1f8, 0x10, 0) = 0
19:18:32.673220,1023,clock_gettime(CLOCK_MONOTONIC, {130, 958190645}) = 0
19:18:32.673965,1023,ioctl(9, 0xc0186201, 0xbee6d328) = 0
19:18:32.674558,1023,epoll_wait(0x1e, 0xbee6d1f8, 0x10, 0x30) = 0
19:18:32.762667,1023,clock_gettime(CLOCK_MONOTONIC, {131, 47808813}) = 0
19:18:32.763521,1023,clock_gettime(CLOCK_MONOTONIC, {131, 48461713}) = 0
19:18:32.764236,1023,recvfrom(37, 0xbee6c9a8, 24, 64, 0, 0) = -1 EAGAIN (Try again)
19:18:32.764859,1023,ioctl(9, 0xc0186201, 0xbee6d178) = 0
19:18:32.765789,1023,getpid() = 1023
19:18:32.766558,1023,getuid32() = 10050
19:18:32.767209,1023,epoll_wait(0x1e, 0xbee6d1f8, 0x10, 0) = 0
19:18:32.767772,1023,clock_gettime(CLOCK_MONOTONIC, {131, 52779738}) = 0
19:18:32.768481,1023,epoll_wait(0x1e, 0xbee6d1f8, 0x10, 0xffffffff) = 1
19:18:32.806469,1023,recvfrom(37, "nysv\0\0\0\0 µL\203\36\0\0\0Ú\3\0\0\224Â'¸", 24, MSG_DONTWAIT, NULL, NULL) = 24
19:18:32.807248,1023,recvfrom(37, 0xbee6c828, 24, 64, 0, 0) = -1 EAGAIN (Try again)
19:18:32.807933,1023,clock_gettime(CLOCK_MONOTONIC, {131, 92901366}) = 0
19:18:32.808622,1023,write(29, "W", 1) = 1
19:18:32.809347,1023,clock_gettime(CLOCK_MONOTONIC, {131, 94284824}) = 0
19:18:32.810018,1023,clock_gettime(CLOCK_MONOTONIC, {131, 94955023}) = 0
19:18:32.810640,1023,clock_gettime(CLOCK_MONOTONIC, {131, 95598770}) = 0
19:18:32.811320,1023,clock_gettime(CLOCK_MONOTONIC, {131, 96262047}) = 0
19:18:32.812256,1023,clock_gettime(CLOCK_MONOTONIC, {131, 97192850}) = 0
19:18:32.812934,1023,clock_gettime(CLOCK_MONOTONIC, {131, 97871221}) = 0
19:18:32.813577,1023,recvfrom(37, 0xbee6c9a8, 24, 64, 0, 0) = -1 EAGAIN (Try again)
19:18:32.814231,1023,ioctl(9, 0xc0186201, 0xbee6d178) = 0
19:18:32.815091,1023,clock_gettime(CLOCK_MONOTONIC, {131, 100080799}) = 0
19:18:32.815793,1023,clock_gettime(CLOCK_MONOTONIC, {131, 100784011}) = 0
19:18:32.868165,1023,clock_gettime(CLOCK_MONOTONIC, {131, 153169588}) = 0
19:18:32.868935,1023,clock_gettime(CLOCK_MONOTONIC, {131, 153891128}) = 0
19:18:32.869688,1023,clock_gettime(CLOCK_MONOTONIC, {131, 154647893}) = 0
19:18:32.870406,1023,write(29, "W", 1) = 1
19:18:32.871305,1023,ioctl(9, 0xc0186201, 0xbee6cf10) = 0
19:18:32.873113,1023,clock_gettime(CLOCK_MONOTONIC, {131, 158139330}) = 0
19:18:32.876703,1023,clock_gettime(CLOCK_MONOTONIC, {131, 161662082}) = 0
19:18:32.877386,1023,ioctl(9, 0xc0186201, 0xbee6d0c8) = 0
19:18:32.878532,1023,getpid() = 1023
19:18:32.879101,1023,getuid32() = 10050
19:18:32.879699,1023,epoll_wait(0x1e, 0xbee6d1f8, 0x10, 0) = 2
19:18:32.880288,1023,read(23, "WW", 16) = 2
19:18:32.880910,1023,recvfrom(37, "nysv\0\0\0\0\216=Ñ\205\36\0\0\0Û\3\0\0\224Â'¸", 24, MSG_DONTWAIT, NULL, NULL) = 24
19:18:32.881655,1023,recvfrom(37, 0xbee6c828, 24, 64, 0, 0) = -1 EAGAIN (Try again)
19:18:32.882284,1023,clock_gettime(CLOCK_MONOTONIC, {131, 167226515}) = 0
19:18:32.883001,1023,clock_gettime(CLOCK_MONOTONIC, {131, 200418953}) = 0
19:18:32.916235,1023,clock_gettime(CLOCK_MONOTONIC, {131, 201194299}) = 0
19:18:32.916918,1023,clock_gettime(CLOCK_MONOTONIC, {131, 221495631}) = 0
19:18:32.937550,1023,recvfrom(38, 0xb88738b0, 1240, 64, 0, 0) = -1 EAGAIN (Try again)
19:18:32.938248,1023,clock_gettime(CLOCK_MONOTONIC, {131, 223239087}) = 0
19:18:32.939341,1023,clock_gettime(CLOCK_MONOTONIC, {131, 224336244}) = 0
19:18:32.940121,1023,clock_gettime(CLOCK_MONOTONIC, {131, 225066952}) = 0
19:18:32.940805,1023,recvfrom(37, 0xbee6c9a8, 24, 64, 0, 0) = -1 EAGAIN (Try again)
19:18:32.941458,1023,ioctl(9, 0xc0186201, 0xbee6d178) = 0
19:18:32.942414,1023,clock_gettime(CLOCK_MONOTONIC, {131, 227462691}) = 0
19:18:32.943330,1023,clock_gettime(CLOCK_MONOTONIC, {131, 228285954}) = 0
19:18:32.944070,1023,clock_gettime(CLOCK_MONOTONIC, {131, 229084498}) = 0
19:18:32.944881,1023,clock_gettime(CLOCK_MONOTONIC, {131, 229947161}) = 0
19:18:32.966690,1023,clock_gettime(CLOCK_MONOTONIC, {131, 251650402}) = 0
19:18:32.967639,1023,ioctl(9, 0xc0186201, 0xbee6cf10) = 0
19:18:32.968524,1023,ioctl(9, 0xc0186201, 0xbee6cf10) = 0
19:18:32.969940,1023,clock_gettime(CLOCK_MONOTONIC, {131, 254898052}) = 0
19:18:32.973362,1023,clock_gettime(CLOCK_MONOTONIC, {131, 258319632}) = 0
19:18:32.974066,1023,ioctl(9, 0xc0186201, 0xbee6d0c8) = 0
19:18:32.974877,1023,ioctl(9, 0xc0186201, 0xbee6d0c8) = 0
19:18:32.975923,1023,getpid() = 1023
19:18:32.976512,1023,getuid32() = 10050
19:18:32.977139,1023,epoll_wait(0x1e, 0xbee6d1f8, 0x10, 0) = 1
19:18:32.977750,1023,recvfrom(37, "nysv\0\0\0\0ì\6Ô\215\36\0\0\0Ý\3\0\0\224Â'¸", 24, MSG_DONTWAIT, NULL, NULL) = 24
19:18:32.978538,1023,recvfrom(37, 0xbee6c828, 24, 64, 0, 0) = -1 EAGAIN (Try again)
19:18:32.979192,1023,clock_gettime(CLOCK_MONOTONIC, {131, 264145179}) = 0
19:18:32.979942,1023,clock_gettime(CLOCK_MONOTONIC, {131, 264894440}) = 0
19:18:32.980635,1023,getpid() = 1023
19:18:32.981221,1023,getuid32() = 10050
19:18:32.981841,1023,epoll_wait(0x1e, 0xbee6d1f8, 0x10, 0) = 0
19:18:32.982457,1023,clock_gettime(CLOCK_MONOTONIC, {131, 267408805}) = 0
19:18:32.983141,1023,clock_gettime(CLOCK_MONOTONIC, {131, 268092822}) = 0
19:18:32.983821,1023,clock_gettime(CLOCK_MONOTONIC, {131, 268771405}) = 0
19:18:32.984517,1023,recvfrom(38, 0xb88738b0, 1240, 64, 0, 0) = -1 EAGAIN (Try again)
19:18:32.985164,1023,clock_gettime(CLOCK_MONOTONIC, {131, 270115164}) = 0
19:18:32.985847,1023,clock_gettime(CLOCK_MONOTONIC, {131, 270798571}) = 0
19:18:33.026367,1023,getpid() = 1023
19:18:33.026995,1023,getuid32() = 10050
19:18:33.027633,1023,epoll_wait(0x1e, 0xbee6d1f8, 0x10, 0) = 0
19:18:33.028351,1023,clock_gettime(CLOCK_MONOTONIC, {131, 313295126}) = 0
19:18:33.029025,1023,ioctl(9, 0xc0186201, 0xbee6d328) = 0
19:18:33.029645,1023,epoll_wait(0x1e, 0xbee6d1f8, 0x10, 0x5) = 0
19:18:33.045713,1023,clock_gettime(CLOCK_MONOTONIC, {131, 330675318}) = 0
19:18:33.046403,1023,clock_gettime(CLOCK_MONOTONIC, {131, 331347243}) = 0
19:18:33.047087,1023,recvfrom(37, 0xbee6c9a8, 24, 64, 0, 0) = -1 EAGAIN (Try again)
19:18:33.047700,1023,ioctl(9, 0xc0186201, 0xbee6d178) = 0
19:18:33.065774,1023,getpid() = 1023
19:18:33.066412,1023,getuid32() = 10050
19:18:33.067060,1023,epoll_wait(0x1e, 0xbee6d1f8, 0x10, 0) = 1
19:18:33.067672,1023,recvfrom(37, "nysv\0\0\0\0ðwÇ\223\36\0\0\0ß\3\0\0\224Â'¸", 24, MSG_DONTWAIT, NULL, NULL) = 24
19:18:33.068459,1023,recvfrom(37, 0xbee6c828, 24, 64, 0, 0) = -1 EAGAIN (Try again)
19:18:33.069124,1023,clock_gettime(CLOCK_MONOTONIC, {131, 354075536}) = 0
19:18:33.069888,1023,clock_gettime(CLOCK_MONOTONIC, {131, 354839333}) = 0
19:18:33.070627,1023,clock_gettime(CLOCK_MONOTONIC, {131, 355577183}) = 0
19:18:33.071282,1023,clock_gettime(CLOCK_MONOTONIC, {131, 356224577}) = 0
19:18:33.071935,1023,clock_gettime(CLOCK_MONOTONIC, {131, 356945786}) = 0
19:18:33.072927,1023,clock_gettime(CLOCK_MONOTONIC, {131, 357870604}) = 0
19:18:33.073594,1023,clock_gettime(CLOCK_MONOTONIC, {131, 358536198}) = 0
19:18:33.074270,1023,recvfrom(37, 0xbee6c9a8, 24, 64, 0, 0) = -1 EAGAIN (Try again)
19:18:33.074880,1023,ioctl(9, 0xc0186201, 0xbee6d178) = 0
19:18:33.075726,1023,clock_gettime(CLOCK_MONOTONIC, {131, 360741147}) = 0
19:18:33.111698,1023,clock_gettime(CLOCK_MONOTONIC, {131, 396803054}) = 0
19:18:33.112613,1023,clock_gettime(CLOCK_MONOTONIC, {131, 397642576}) = 0
19:18:33.113359,1023,clock_gettime(CLOCK_MONOTONIC, {131, 398302762}) = 0
19:18:33.114093,1023,clock_gettime(CLOCK_MONOTONIC, {131, 399037456}) = 0
19:18:33.114771,1023,write(29, "W", 1) = 1
19:18:33.115673,1023,ioctl(9, 0xc0186201, 0xbee6cf10) = 0
19:18:33.116532,1023,ioctl(9, 0xc0186201, 0xbee6cf10) = 0
19:18:33.117892,1023,clock_gettime(CLOCK_MONOTONIC, {131, 402838231}) = 0
19:18:33.121356,1023,clock_gettime(CLOCK_MONOTONIC, {131, 406306669}) = 0
19:18:33.122034,1023,ioctl(9, 0xc0186201, 0xbee6d0c8) = 0
19:18:33.122942,1023,ioctl(9, 0xc0186201, 0xbee6d0c8) = 0
19:18:33.123711,1023,getpid() = 1023
19:18:33.126951,1023,getuid32() = 10050
19:18:33.127559,1023,epoll_wait(0x1e, 0xbee6d1f8, 0x10, 0) = 2
19:18:33.128152,1023,read(23, "W", 16) = 1
19:18:33.129139,1023,recvfrom(37, "nysv\0\0\0\0JÐÖ\225\36\0\0\0à\3\0\0\224Â'¸", 24, MSG_DONTWAIT, NULL, NULL) = 24
19:18:33.129892,1023,recvfrom(37, 0xbee6c828, 24, 64, 0, 0) = -1 EAGAIN (Try again)
19:18:33.130520,1023,clock_gettime(CLOCK_MONOTONIC, {131, 415463096}) = 0
19:18:33.131245,1023,clock_gettime(CLOCK_MONOTONIC, {131, 416189271}) = 0
19:18:33.131908,1023,clock_gettime(CLOCK_MONOTONIC, {131, 416851248}) = 0
19:18:33.132554,1023,clock_gettime(CLOCK_MONOTONIC, {131, 417496882}) = 0
19:18:33.133228,1023,recvfrom(38, 0xb88738b0, 1240, 64, 0, 0) = -1 EAGAIN (Try again)
19:18:33.133850,1023,clock_gettime(CLOCK_MONOTONIC, {131, 418793885}) = 0
19:18:33.134498,1023,clock_gettime(CLOCK_MONOTONIC, {131, 419440095}) = 0
19:18:33.135151,1023,getpid() = 1023
19:18:33.135703,1023,getuid32() = 10050
19:18:33.136295,1023,epoll_wait(0x1e, 0xbee6d1f8, 0x10, 0) = 0
19:18:33.136887,1023,clock_gettime(CLOCK_MONOTONIC, {131, 421828959}) = 0
19:18:33.137539,1023,ioctl(9, 0xc0186201, 0xbee6d328) = 0
19:18:33.138146,1023,epoll_wait(0x1e, 0xbee6d1f8, 0x10, 0x42) = 0
19:18:33.205902,1023,clock_gettime(CLOCK_MONOTONIC, {131, 490899386}) = 0
19:18:33.206792,1023,clock_gettime(CLOCK_MONOTONIC, {131, 491813648}) = 0
19:18:33.207551,1023,recvfrom(37, 0xbee6c9a8, 24, 64, 0, 0) = -1 EAGAIN (Try again)
19:18:33.208189,1023,ioctl(9, 0xc0186201, 0xbee6d178) = 0
19:18:33.209121,1023,getpid() = 1023
19:18:33.209847,1023,getuid32() = 10050
19:18:33.210481,1023,epoll_wait(0x1e, 0xbee6d1f8, 0x10, 0) = 0
19:18:33.211172,1023,clock_gettime(CLOCK_MONOTONIC, {131, 496116768}) = 0
19:18:33.211848,1023,epoll_wait(0x1e, 0xbee6d1f8, 0x10, 0xffffffff) = 1
19:18:33.214082,1023,recvfrom(37, "nysv\0\0\0\0¨\231Ù\235\36\0\0\0â\3\0\0\224Â'¸", 24, MSG_DONTWAIT, NULL, NULL) = 24
19:18:33.215074,1023,recvfrom(37, 0xbee6c828, 24, 64, 0, 0) = -1 EAGAIN (Try again)
19:18:33.215711,1023,clock_gettime(CLOCK_MONOTONIC, {131, 500705108}) = 0
19:18:33.216465,1023,write(29, "W", 1) = 1
19:18:33.246668,1023,clock_gettime(CLOCK_MONOTONIC, {131, 531689074}) = 0
19:18:33.247423,1023,clock_gettime(CLOCK_MONOTONIC, {131, 532369014}) = 0
19:18:33.248081,1023,clock_gettime(CLOCK_MONOTONIC, {131, 533024586}) = 0
19:18:33.248729,1023,clock_gettime(CLOCK_MONOTONIC, {131, 533679067}) = 0
19:18:33.249723,1023,clock_gettime(CLOCK_MONOTONIC, {131, 534677212}) = 0
19:18:33.250438,1023,clock_gettime(CLOCK_MONOTONIC, {131, 535381987}) = 0
19:18:33.251119,1023,recvfrom(37, 0xbee6c9a8, 24, 64, 0, 0) = -1 EAGAIN (Try again)
19:18:33.251733,1023,ioctl(9, 0xc0186201, 0xbee6d178) = 0
19:18:33.252777,1023,clock_gettime(CLOCK_MONOTONIC, {131, 537730375}) = 0
19:18:33.253462,1023,clock_gettime(CLOCK_MONOTONIC, {131, 538406390}) = 0
19:18:33.254123,1023,clock_gettime(CLOCK_MONOTONIC, {131, 539065656}) = 0
19:18:33.254773,1023,clock_gettime(CLOCK_MONOTONIC, {131, 539723096}) = 0
19:18:33.255456,1023,clock_gettime(CLOCK_MONOTONIC, {131, 540399256}) = 0
19:18:33.256135,1023,write(29, "W", 1) = 1
19:18:33.348095,1023,ioctl(9, 0xc0186201, 0xbee6cf10) = 0
19:18:33.349058,1023,ioctl(9, 0xc0186201, 0xbee6cf10) = 0
19:18:33.350530,1023,clock_gettime(CLOCK_MONOTONIC, {131, 635491561}) = 0
19:18:33.354270,1023,clock_gettime(CLOCK_MONOTONIC, {131, 639232273}) = 0
19:18:33.354985,1023,ioctl(9, 0xc0186201, 0xbee6d0c8) = 0
19:18:33.355940,1023,ioctl(9, 0xc0186201, 0xbee6d0c8) = 0
19:18:33.356754,1023,getpid() = 1023
19:18:33.373424,1023,getuid32() = 10050
19:18:33.374046,1023,epoll_wait(0x1e, 0xbee6d1f8, 0x10, 0) = 2
19:18:33.374633,1023,read(23, "WW", 16) = 2
19:18:33.375259,1023,recvfrom(37, "nysv\0\0\0\0\26\"^ \36\0\0\0ã\3\0\0\224Â'¸", 24, MSG_DONTWAIT, NULL, NULL) = 24
19:18:33.376011,1023,recvfrom(37, 0xbee6c828, 24, 64, 0, 0) = -1 EAGAIN (Try again)
19:18:33.376639,1023,clock_gettime(CLOCK_MONOTONIC, {131, 661588895}) = 0
19:18:33.377365,1023,clock_gettime(CLOCK_MONOTONIC, {131, 662308072}) = 0
19:18:33.378038,1023,clock_gettime(CLOCK_MONOTONIC, {131, 662982990}) = 0
19:18:33.395989,1023,writev(3, [{"\4", 1}, {"Choreographer\0", 14}, {"Skipped 32 frames! The applicat"..., 83}], 3) = 98
19:18:33.397376,1023,clock_gettime(CLOCK_MONOTONIC, {131, 682334265}) = 0
19:18:33.398104,1023,recvfrom(38, 0xb88738b0, 1240, 64, 0, 0) = -1 EAGAIN (Try again)
19:18:33.398759,1023,clock_gettime(CLOCK_MONOTONIC, {131, 683717358}) = 0
19:18:33.399725,1023,clock_gettime(CLOCK_MONOTONIC, {131, 684683808}) = 0
19:18:33.400492,1023,clock_gettime(CLOCK_MONOTONIC, {131, 685440637}) = 0
19:18:33.401203,1023,recvfrom(37, 0xbee6c9a8, 24, 64, 0, 0) = -1 EAGAIN (Try again)
19:18:33.401844,1023,ioctl(9, 0xc0186201, 0xbee6d178) = 0
19:18:33.402754,1023,clock_gettime(CLOCK_MONOTONIC, {131, 687771633}) = 0
19:18:33.403527,1023,clock_gettime(CLOCK_MONOTONIC, {131, 688479768}) = 0
19:18:33.404217,1023,clock_gettime(CLOCK_MONOTONIC, {131, 689169826}) = 0
19:18:33.404903,1023,clock_gettime(CLOCK_MONOTONIC, {131, 689854482}) = 0
19:18:33.405612,1023,clock_gettime(CLOCK_MONOTONIC, {131, 690568547}) = 0
19:18:33.406508,1023,ioctl(9, 0xc0186201, 0xbee6cf10) = 0
19:18:33.407368,1023,ioctl(9, 0xc0186201, 0xbee6cf10) = 0
19:18:33.408756,1023,clock_gettime(CLOCK_MONOTONIC, {131, 693717923}) = 0
19:18:33.411956,1023,clock_gettime(CLOCK_MONOTONIC, {131, 696912010}) = 0
19:18:33.412651,1023,ioctl(9, 0xc0186201, 0xbee6d0c8) = 0
19:18:33.413570,1023,ioctl(9, 0xc0186201, 0xbee6d0c8) = 0
19:18:33.418030,1023,getpid() = 1023
19:18:33.418610,1023,getuid32() = 10050
19:18:33.419222,1023,epoll_wait(0x1e, 0xbee6d1f8, 0x10, 0) = 0
19:18:33.419824,1023,clock_gettime(CLOCK_MONOTONIC, {131, 704768798}) = 0
19:18:33.420489,1023,getpid() = 1023
19:18:33.421817,1023,getuid32() = 10050
19:18:33.422498,1023,epoll_wait(0x1e, 0xbee6d1f8, 0x10, 0) = 0
19:18:33.423160,1023,clock_gettime(CLOCK_MONOTONIC, {131, 708106474}) = 0
19:18:33.423836,1023,ioctl(9, 0xc0186201, 0xbee6d328) = 0
19:18:33.424450,1023,epoll_wait(0x1e, 0xbee6d1f8, 0x10, 0x46) = 1
19:18:33.431279,1023,recvfrom(37, "nysv\0\0\0\0ØÛªª\36\0\0\0å\3\0\0\224Â'¸", 24, MSG_DONTWAIT, NULL, NULL) = 24
19:18:33.432076,1023,recvfrom(37, 0xbee6c828, 24, 64, 0, 0) = -1 EAGAIN (Try again)
19:18:33.432784,1023,clock_gettime(CLOCK_MONOTONIC, {131, 717735874}) = 0
19:18:33.433531,1023,write(29, "W", 1) = 1
19:18:33.434306,1023,clock_gettime(CLOCK_MONOTONIC, {131, 719301735}) = 0
19:18:33.435027,1023,clock_gettime(CLOCK_MONOTONIC, {131, 719972472}) = 0
19:18:33.435677,1023,clock_gettime(CLOCK_MONOTONIC, {131, 720626863}) = 0
19:18:33.436355,1023,recvfrom(38, 0xb88738b0, 1240, 64, 0, 0) = -1 EAGAIN (Try again)
19:18:33.436977,1023,clock_gettime(CLOCK_MONOTONIC, {131, 721920142}) = 0
19:18:33.437625,1023,clock_gettime(CLOCK_MONOTONIC, {131, 722580773}) = 0
19:18:33.447143,1023,getpid() = 1023
19:18:33.447847,1023,getuid32() = 10050
19:18:33.448479,1023,epoll_wait(0x1e, 0xbee6d1f8, 0x10, 0) = 1
19:18:33.449087,1023,read(23, "W", 16) = 1
19:18:33.449772,1023,clock_gettime(CLOCK_MONOTONIC, {131, 734736165}) = 0
19:18:33.450520,1023,epoll_wait(0x1e, 0xbee6d1f8, 0x10, 0x2c) = 0
19:18:33.502431,1023,clock_gettime(CLOCK_MONOTONIC, {131, 787394937}) = 0
19:18:33.503133,1023,clock_gettime(CLOCK_MONOTONIC, {131, 788079030}) = 0
19:18:33.503819,1023,recvfrom(37, 0xbee6c9a8, 24, 64, 0, 0) = -1 EAGAIN (Try again)
19:18:33.504437,1023,ioctl(9, 0xc0186201, 0xbee6d178) = 0
19:18:33.505327,1023,getpid() = 1023
19:18:33.506012,1023,getuid32() = 10050
19:18:33.506614,1023,epoll_wait(0x1e, 0xbee6d1f8, 0x10, 0) = 0
19:18:33.507205,1023,clock_gettime(CLOCK_MONOTONIC, {131, 792146437}) = 0
19:18:33.507875,1023,epoll_wait(0x1e, 0xbee6d1f8, 0x10, 0xffffffff) = 1
19:18:33.518006,1023,recvfrom(37, "nysv\0\0\0\0ªTy¯\36\0\0\0æ\3\0\0\224Â'¸", 24, MSG_DONTWAIT, NULL, NULL) = 24
19:18:33.518765,1023,recvfrom(37, 0xbee6c828, 24, 64, 0, 0) = -1 EAGAIN (Try again)
19:18:33.519434,1023,clock_gettime(CLOCK_MONOTONIC, {131, 804454674}) = 0
19:18:33.520201,1023,write(29, "W", 1) = 1
19:18:33.520912,1023,clock_gettime(CLOCK_MONOTONIC, {131, 805927317}) = 0
19:18:33.521726,1023,clock_gettime(CLOCK_MONOTONIC, {131, 806730435}) = 0
19:18:33.522436,1023,clock_gettime(CLOCK_MONOTONIC, {131, 807380299}) = 0
19:18:33.523092,1023,clock_gettime(CLOCK_MONOTONIC, {131, 808034848}) = 0
19:18:33.524006,1023,clock_gettime(CLOCK_MONOTONIC, {131, 808950254}) = 0
19:18:33.524673,1023,clock_gettime(CLOCK_MONOTONIC, {131, 809623627}) = 0
19:18:33.525349,1023,recvfrom(37, 0xbee6c9a8, 24, 64, 0, 0) = -1 EAGAIN (Try again)
19:18:33.525959,1023,ioctl(9, 0xc0186201, 0xbee6d178) = 0
19:18:33.526804,1023,clock_gettime(CLOCK_MONOTONIC, {131, 811801326}) = 0
19:18:33.527534,1023,clock_gettime(CLOCK_MONOTONIC, {131, 812479413}) = 0
19:18:33.528196,1023,clock_gettime(CLOCK_MONOTONIC, {131, 813139711}) = 0
19:18:33.528854,1023,clock_gettime(CLOCK_MONOTONIC, {131, 813796571}) = 0
19:18:33.529527,1023,clock_gettime(CLOCK_MONOTONIC, {131, 814471443}) = 0
19:18:33.530207,1023,write(29, "W", 1) = 1
19:18:33.531030,1023,ioctl(9, 0xc0186201, 0xbee6cf10) = 0
19:18:33.531863,1023,ioctl(9, 0xc0186201, 0xbee6cf10) = 0
19:18:33.533201,1023,clock_gettime(CLOCK_MONOTONIC, {131, 818147834}) = 0
19:18:33.602400,1023,clock_gettime(CLOCK_MONOTONIC, {131, 887397006}) = 0
19:18:33.603137,1023,ioctl(9, 0xc0186201, 0xbee6d0c8) = 0
19:18:33.603894,1023,ioctl(9, 0xc0186201, 0xbee6d0c8) = 0
19:18:33.604990,1023,getpid() = 1023
19:18:33.605552,1023,getuid32() = 10050
19:18:33.661028,1023,epoll_wait(0x1e, 0xbee6d1f8, 0x10, 0) = 2
19:18:33.661664,1023,read(23, "WW", 16) = 2
19:18:33.662295,1023,recvfrom(37, "nysv\0\0\0\0Ò´c°\36\0\0\0ç\3\0\0\224Â'¸", 24, MSG_DONTWAIT, NULL, NULL) = 24
19:18:33.663045,1023,recvfrom(37, 0xbee6c828, 24, 64, 0, 0) = -1 EAGAIN (Try again)
19:18:33.664338,1023,clock_gettime(CLOCK_MONOTONIC, {131, 949288870}) = 0
19:18:33.665130,1023,clock_gettime(CLOCK_MONOTONIC, {131, 950094908}) = 0
19:18:33.687142,1023,clock_gettime(CLOCK_MONOTONIC, {131, 972107817}) = 0
19:18:33.688078,1023,writev(3, [{"\4", 1}, {"Choreographer\0", 14}, {"Skipped 42 frames! The applicat"..., 83}], 3) = 98
19:18:33.689382,1023,clock_gettime(CLOCK_MONOTONIC, {131, 974329990}) = 0
19:18:33.690073,1023,recvfrom(38, 0xb88738b0, 1240, 64, 0, 0) = -1 EAGAIN (Try again)
19:18:33.690746,1023,clock_gettime(CLOCK_MONOTONIC, {131, 975696621}) = 0
19:18:33.691752,1023,clock_gettime(CLOCK_MONOTONIC, {131, 976706583}) = 0
19:18:33.692446,1023,clock_gettime(CLOCK_MONOTONIC, {131, 977391138}) = 0
19:18:33.693153,1023,recvfrom(37, 0xbee6c9a8, 24, 64, 0, 0) = -1 EAGAIN (Try again)
19:18:33.693862,1023,ioctl(9, 0xc0186201, 0xbee6d178) = 0
19:18:33.694797,1023,clock_gettime(CLOCK_MONOTONIC, {131, 979872669}) = 0
19:18:33.695689,1023,clock_gettime(CLOCK_MONOTONIC, {131, 980689162}) = 0
19:18:33.696424,1023,clock_gettime(CLOCK_MONOTONIC, {131, 981376759}) = 0
19:18:33.697112,1023,clock_gettime(CLOCK_MONOTONIC, {131, 982064051}) = 0
19:18:33.699765,1023,clock_gettime(CLOCK_MONOTONIC, {131, 986809645}) = 0
19:18:33.703418,1023,ioctl(9, 0xc0186201, 0xbee6cf10) = 0
19:18:33.705183,1023,ioctl(9, 0xc0186201, 0xbee6cf10) = 0
19:18:33.707923,1023,clock_gettime(CLOCK_MONOTONIC, {131, 992876998}) = 0
19:18:33.711472,1023,clock_gettime(CLOCK_MONOTONIC, {131, 996423668}) = 0
19:18:33.712155,1023,ioctl(9, 0xc0186201, 0xbee6d0c8) = 0
19:18:33.713059,1023,ioctl(9, 0xc0186201, 0xbee6d0c8) = 0
19:18:33.713770,1023,getpid() = 1023
19:18:33.714339,1023,getuid32() = 10050
19:18:33.714943,1023,epoll_wait(0x1e, 0xbee6d1f8, 0x10, 0) = 1
19:18:33.715529,1023,recvfrom(37, "nysv\0\0\0\0\224n°º\36\0\0\0é\3\0\0\224Â'¸", 24, MSG_DONTWAIT, NULL, NULL) = 24
19:18:33.716285,1023,recvfrom(37, 0xbee6c828, 24, 64, 0, 0) = -1 EAGAIN (Try again)
19:18:33.716916,1023,clock_gettime(CLOCK_MONOTONIC, {132, 82301068}) = 0
19:18:33.798206,1023,clock_gettime(CLOCK_MONOTONIC, {132, 83177906}) = 0
19:18:33.798937,1023,getpid() = 1023
19:18:33.799524,1023,getuid32() = 10050
19:18:33.800152,1023,epoll_wait(0x1e, 0xbee6d1f8, 0x10, 0) = 0
19:18:33.800772,1023,clock_gettime(CLOCK_MONOTONIC, {132, 85730362}) = 0
19:18:33.801457,1023,clock_gettime(CLOCK_MONOTONIC, {132, 86409952}) = 0
19:18:33.802137,1023,clock_gettime(CLOCK_MONOTONIC, {132, 87087806}) = 0
19:18:33.802841,1023,recvfrom(38, 0xb88738b0, 1240, 64, 0, 0) = -1 EAGAIN (Try again)
19:18:33.803495,1023,clock_gettime(CLOCK_MONOTONIC, {132, 88447261}) = 0
19:18:33.804445,1023,clock_gettime(CLOCK_MONOTONIC, {132, 89399465}) = 0
19:18:33.805148,1023,clock_gettime(CLOCK_MONOTONIC, {132, 90102951}) = 0
19:18:33.806403,1023,recvfrom(37, 0xbee6c9a8, 24, 64, 0, 0) = -1 EAGAIN (Try again)
19:18:33.831151,1023,ioctl(9, 0xc0186201, 0xbee6d178) = 0
19:18:33.832041,1023,clock_gettime(CLOCK_MONOTONIC, {132, 117054042}) = 0
19:18:33.832860,1023,clock_gettime(CLOCK_MONOTONIC, {132, 117807204}) = 0
19:18:33.833519,1023,clock_gettime(CLOCK_MONOTONIC, {132, 118462933}) = 0
19:18:33.834178,1023,clock_gettime(CLOCK_MONOTONIC, {132, 119121959}) = 0
19:18:33.834867,1023,clock_gettime(CLOCK_MONOTONIC, {132, 119810227}) = 0
19:18:33.835723,1023,ioctl(9, 0xc0186201, 0xbee6cf10) = 0
19:18:33.836560,1023,ioctl(9, 0xc0186201, 0xbee6cf10) = 0
19:18:33.837907,1023,clock_gettime(CLOCK_MONOTONIC, {132, 122855572}) = 0
19:18:33.841241,1023,clock_gettime(CLOCK_MONOTONIC, {132, 126191618}) = 0
19:18:33.841916,1023,ioctl(9, 0xc0186201, 0xbee6d0c8) = 0
19:18:33.842808,1023,ioctl(9, 0xc0186201, 0xbee6d0c8) = 0
19:18:33.856468,1023,getpid() = 1023
19:18:33.857134,1023,getuid32() = 10050
19:18:33.857742,1023,epoll_wait(0x1e, 0xbee6d1f8, 0x10, 0) = 1
19:18:33.858495,1023,recvfrom(37, "nysv\0\0\0\0üÏíÂ\36\0\0\0ë\3\0\0\224Â'¸", 24, MSG_DONTWAIT, NULL, NULL) = 24
19:18:33.859460,1023,recvfrom(37, 0xbee6c828, 24, 64, 0, 0) = -1 EAGAIN (Try again)
19:18:33.860191,1023,clock_gettime(CLOCK_MONOTONIC, {132, 145183706}) = 0
19:18:33.861040,1023,clock_gettime(CLOCK_MONOTONIC, {132, 145978423}) = 0
19:18:33.861683,1023,getpid() = 1023
19:18:33.862274,1023,getuid32() = 10050
19:18:33.862898,1023,epoll_wait(0x1e, 0xbee6d1f8, 0x10, 0) = 0
19:18:33.863465,1023,clock_gettime(CLOCK_MONOTONIC, {132, 148427962}) = 0
19:18:33.864175,1023,clock_gettime(CLOCK_MONOTONIC, {132, 149110676}) = 0
19:18:33.864821,1023,clock_gettime(CLOCK_MONOTONIC, {132, 149785718}) = 0
19:18:33.865494,1023,recvfrom(38, 0xb88738b0, 1240, 64, 0, 0) = -1 EAGAIN (Try again)
19:18:33.866127,1023,clock_gettime(CLOCK_MONOTONIC, {132, 151062468}) = 0
19:18:33.866748,1023,clock_gettime(CLOCK_MONOTONIC, {132, 151753791}) = 0
19:18:33.867440,1023,getpid() = 1023
19:18:33.868028,1023,getuid32() = 10050
19:18:33.868592,1023,epoll_wait(0x1e, 0xbee6d1f8, 0x10, 0) = 0
19:18:33.869205,1023,clock_gettime(CLOCK_MONOTONIC, {132, 154139751}) = 0
19:18:33.892367,1023,ioctl(9, 0xc0186201, 0xbee6d328) = 0
19:18:33.893049,1023,epoll_wait(0x1e, 0xbee6d1f8, 0x10, 0x36) = 0
19:18:33.967696,1023,clock_gettime(CLOCK_MONOTONIC, {132, 253156136}) = 0
19:18:33.969458,1023,clock_gettime(CLOCK_MONOTONIC, {132, 254399418}) = 0
19:18:33.970136,1023,recvfrom(37, 0xbee6c9a8, 24, 64, 0, 0) = -1 EAGAIN (Try again)
19:18:33.970704,1023,ioctl(9, 0xc0186201, 0xbee6d178) = 0
19:18:33.971536,1023,getpid() = 1023
19:18:33.972270,1023,getuid32() = 10050
19:18:33.972861,1023,epoll_wait(0x1e, 0xbee6d1f8, 0x10, 0) = 0
19:18:33.973457,1023,clock_gettime(CLOCK_MONOTONIC, {132, 258385351}) = 0
19:18:33.974167,1023,epoll_wait(0x1e, 0xbee6d1f8, 0x10, 0xffffffff) = 1
19:18:34.007270,1023,recvfrom(37, "nysv\0\0\0\0d1+Ë\36\0\0\0ì\3\0\0\224Â'¸", 24, MSG_DONTWAIT, NULL, NULL) = 24
19:18:34.008006,1023,recvfrom(37, 0xbee6c828, 24, 64, 0, 0) = -1 EAGAIN (Try again)
19:18:34.008590,1023,clock_gettime(CLOCK_MONOTONIC, {132, 293517090}) = 0
19:18:34.009315,1023,write(29, "W", 1) = 1
19:18:34.010037,1023,clock_gettime(CLOCK_MONOTONIC, {132, 294966705}) = 0
19:18:34.010642,1023,clock_gettime(CLOCK_MONOTONIC, {132, 295680929}) = 0
19:18:34.011352,1023,clock_gettime(CLOCK_MONOTONIC, {132, 296279378}) = 0
19:18:34.012018,1023,clock_gettime(CLOCK_MONOTONIC, {132, 296943465}) = 0
19:18:34.012918,1023,clock_gettime(CLOCK_MONOTONIC, {132, 297897423}) = 0
19:18:34.013664,1023,clock_gettime(CLOCK_MONOTONIC, {132, 298697355}) = 0
19:18:34.014423,1023,recvfrom(37, 0xbee6c9a8, 24, 64, 0, 0) = -1 EAGAIN (Try again)
19:18:34.015119,1023,ioctl(9, 0xc0186201, 0xbee6d178) = 0
19:18:34.016009,1023,clock_gettime(CLOCK_MONOTONIC, {132, 300996023}) = 0
19:18:34.016712,1023,clock_gettime(CLOCK_MONOTONIC, {132, 301717424}) = 0
19:18:34.017409,1023,clock_gettime(CLOCK_MONOTONIC, {132, 302343167}) = 0
19:18:34.018103,1023,clock_gettime(CLOCK_MONOTONIC, {132, 303036068}) = 0
19:18:34.018750,1023,clock_gettime(CLOCK_MONOTONIC, {132, 303753237}) = 0
19:18:34.047665,1023,write(29, "W", 1) = 1
19:18:34.048611,1023,ioctl(9, 0xc0186201, 0xbee6cf10) = 0
19:18:34.049477,1023,ioctl(9, 0xc0186201, 0xbee6cf10) = 0
19:18:34.050829,1023,clock_gettime(CLOCK_MONOTONIC, {132, 335776510}) = 0
19:18:34.054560,1023,clock_gettime(CLOCK_MONOTONIC, {132, 339612343}) = 0
19:18:34.055438,1023,ioctl(9, 0xc0186201, 0xbee6d0c8) = 0
19:18:34.056426,1023,ioctl(9, 0xc0186201, 0xbee6d0c8) = 0
19:18:34.057230,1023,getpid() = 1023
19:18:34.057769,1023,getuid32() = 10050
19:18:34.058405,1023,epoll_wait(0x1e, 0xbee6d1f8, 0x10, 0) = 2
19:18:34.059029,1023,read(23, "WW", 16) = 2
19:18:34.059621,1023,recvfrom(37, "nysv\0\0\0\0æé$Î\36\0\0\0í\3\0\0\224Â'¸", 24, MSG_DONTWAIT, NULL, NULL) = 24
19:18:34.060404,1023,recvfrom(37, 0xbee6c828, 24, 64, 0, 0) = -1 EAGAIN (Try again)
19:18:34.061058,1023,clock_gettime(CLOCK_MONOTONIC, {132, 345992231}) = 0
19:18:34.061739,1023,clock_gettime(CLOCK_MONOTONIC, {132, 346712685}) = 0
19:18:34.062406,1023,clock_gettime(CLOCK_MONOTONIC, {132, 347340759}) = 0
19:18:34.063065,1023,clock_gettime(CLOCK_MONOTONIC, {132, 347997975}) = 0
19:18:34.063703,1023,recvfrom(38, 0xb88738b0, 1240, 64, 0, 0) = -1 EAGAIN (Try again)
19:18:34.064330,1023,clock_gettime(CLOCK_MONOTONIC, {132, 349264465}) = 0
19:18:34.064989,1023,clock_gettime(CLOCK_MONOTONIC, {132, 349923146}) = 0
19:18:34.065609,1023,getpid() = 1023
19:18:34.066175,1023,getuid32() = 10050
19:18:34.098284,1023,epoll_wait(0x1e, 0xbee6d1f8, 0x10, 0) = 0
19:18:34.098919,1023,clock_gettime(CLOCK_MONOTONIC, {132, 383857630}) = 0
19:18:34.099565,1023,ioctl(9, 0xc0186201, 0xbee6d328) = 0
19:18:34.100216,1023,epoll_wait(0x1e, 0xbee6d1f8, 0x10, 0x9) = 0
19:18:34.144822,1023,clock_gettime(CLOCK_MONOTONIC, {132, 429860038}) = 0
19:18:34.145553,1023,clock_gettime(CLOCK_MONOTONIC, {132, 430484980}) = 0
19:18:34.176227,1023,recvfrom(37, 0xbee6c9a8, 24, 64, 0, 0) = -1 EAGAIN (Try again)
19:18:34.177046,1023,ioctl(9, 0xc0186201, 0xbee6d178) = 0
19:18:34.177928,1023,getpid() = 1023
19:18:34.178596,1023,getuid32() = 10050
19:18:34.179316,1023,epoll_wait(0x1e, 0xbee6d1f8, 0x10, 0) = 0
19:18:34.179947,1023,clock_gettime(CLOCK_MONOTONIC, {132, 464904047}) = 0
19:18:34.180847,1023,epoll_wait(0x1e, 0xbee6d1f8, 0x10, 0xffffffff) = 1
19:18:34.181592,1023,recvfrom(37, "nysv\0\0\0\0\200C\207×\36\0\0\0ï\3\0\0\224Â'¸", 24, MSG_DONTWAIT, NULL, NULL) = 24
19:18:34.182336,1023,recvfrom(37, 0xbee6c828, 24, 64, 0, 0) = -1 EAGAIN (Try again)
19:18:34.183018,1023,clock_gettime(CLOCK_MONOTONIC, {132, 467947302}) = 0
19:18:34.183638,1023,write(29, "W", 1) = 1
19:18:34.184361,1023,clock_gettime(CLOCK_MONOTONIC, {132, 469290433}) = 0
19:18:34.185171,1023,clock_gettime(CLOCK_MONOTONIC, {132, 470197342}) = 0
19:18:34.186001,1023,clock_gettime(CLOCK_MONOTONIC, {132, 491700003}) = 0
19:18:34.207541,1023,clock_gettime(CLOCK_MONOTONIC, {132, 492506275}) = 0
19:18:34.208689,1023,clock_gettime(CLOCK_MONOTONIC, {132, 493740970}) = 0
19:18:34.209473,1023,clock_gettime(CLOCK_MONOTONIC, {132, 494446027}) = 0
19:18:34.210813,1023,recvfrom(37, 0xbee6c9a8, 24, 64, 0, 0) = -1 EAGAIN (Try again)
19:18:34.211475,1023,ioctl(9, 0xc0186201, 0xbee6d178) = 0
19:18:34.212598,1023,clock_gettime(CLOCK_MONOTONIC, {132, 497540641}) = 0
19:18:34.213305,1023,clock_gettime(CLOCK_MONOTONIC, {132, 498243691}) = 0
19:18:34.213985,1023,clock_gettime(CLOCK_MONOTONIC, {132, 498923287}) = 0
19:18:34.214705,1023,clock_gettime(CLOCK_MONOTONIC, {132, 499690846}) = 0
19:18:34.215436,1023,clock_gettime(CLOCK_MONOTONIC, {132, 523693831}) = 0
19:18:34.239475,1023,write(29, "W", 1) = 1
19:18:34.240365,1023,ioctl(9, 0xc0186201, 0xbee6cf10) = 0
19:18:34.241376,1023,ioctl(9, 0xc0186201, 0xbee6cf10) = 0
19:18:34.243343,1023,clock_gettime(CLOCK_MONOTONIC, {132, 528295676}) = 0
19:18:34.318269,1023,clock_gettime(CLOCK_MONOTONIC, {132, 603247181}) = 0
19:18:34.319045,1023,ioctl(9, 0xc0186201, 0xbee6d0c8) = 0
19:18:34.320255,1023,getpid() = 1023
19:18:34.320773,1023,getuid32() = 10050
19:18:34.321498,1023,epoll_wait(0x1e, 0xbee6d1f8, 0x10, 0) = 2
19:18:34.322156,1023,read(23, "WW", 16) = 2
19:18:34.380634,1023,recvfrom(37, "nysv\0\0\0\0Ú\233\226Ù\36\0\0\0ð\3\0\0\224Â'¸", 24, MSG_DONTWAIT, NULL, NULL) = 24
19:18:34.381455,1023,recvfrom(37, 0xbee6c828, 24, 64, 0, 0) = -1 EAGAIN (Try again)
19:18:34.382107,1023,clock_gettime(CLOCK_MONOTONIC, {132, 667037658}) = 0
19:18:34.382827,1023,clock_gettime(CLOCK_MONOTONIC, {132, 667770573}) = 0
19:18:34.383451,1023,clock_gettime(CLOCK_MONOTONIC, {132, 668380127}) = 0
19:18:34.384263,1023,writev(3, [{"\4", 1}, {"Choreographer\0", 14}, {"Skipped 43 frames! The applicat"..., 83}], 3) = 98
19:18:34.385440,1023,clock_gettime(CLOCK_MONOTONIC, {132, 670375300}) = 0
19:18:34.386117,1023,recvfrom(38, 0xb88738b0, 1240, 64, 0, 0) = -1 EAGAIN (Try again)
19:18:34.386702,1023,clock_gettime(CLOCK_MONOTONIC, {132, 671673368}) = 0
19:18:34.387596,1023,clock_gettime(CLOCK_MONOTONIC, {132, 672529636}) = 0
19:18:34.388316,1023,clock_gettime(CLOCK_MONOTONIC, {132, 673244647}) = 0
19:18:34.389030,1023,recvfrom(37, 0xbee6c9a8, 24, 64, 0, 0) = -1 EAGAIN (Try again)
19:18:34.389589,1023,ioctl(9, 0xc0186201, 0xbee6d178) = 0
19:18:34.390632,1023,clock_gettime(CLOCK_MONOTONIC, {132, 675590420}) = 0
19:18:34.391357,1023,clock_gettime(CLOCK_MONOTONIC, {132, 676286054}) = 0
19:18:34.416213,1023,clock_gettime(CLOCK_MONOTONIC, {132, 723028960}) = 0
19:18:34.438856,1023,clock_gettime(CLOCK_MONOTONIC, {132, 723826217}) = 0
19:18:34.439554,1023,clock_gettime(CLOCK_MONOTONIC, {132, 724489399}) = 0
19:18:34.440426,1023,ioctl(9, 0xc0186201, 0xbee6cf10) = 0
19:18:34.441228,1023,ioctl(9, 0xc0186201, 0xbee6cf10) = 0
19:18:34.442752,1023,clock_gettime(CLOCK_MONOTONIC, {132, 727791169}) = 0
19:18:34.445409,1023,clock_gettime(CLOCK_MONOTONIC, {132, 730385223}) = 0
19:18:34.446126,1023,ioctl(9, 0xc0186201, 0xbee6d0c8) = 0
19:18:34.485169,1023,ioctl(9, 0xc0186201, 0xbee6d0c8) = 0
19:18:34.508673,1023,getpid() = 1023
19:18:34.509344,1023,getuid32() = 10050
19:18:34.510026,1023,epoll_wait(0x1e, 0xbee6d1f8, 0x10, 0) = 1
19:18:34.510720,1023,recvfrom(37, "nysv\0\0\0\0¦í\35ä\36\0\0\0ò\3\0\0\224Â'¸", 24, MSG_DONTWAIT, NULL, NULL) = 24
19:18:34.511513,1023,recvfrom(37, 0xbee6c828, 24, 64, 0, 0) = -1 EAGAIN (Try again)
19:18:34.512197,1023,clock_gettime(CLOCK_MONOTONIC, {132, 797127341}) = 0
19:18:34.512915,1023,clock_gettime(CLOCK_MONOTONIC, {132, 797844781}) = 0
19:18:34.513530,1023,getpid() = 1023
19:18:34.514081,1023,getuid32() = 10050
19:18:34.514622,1023,epoll_wait(0x1e, 0xbee6d1f8, 0x10, 0) = 0
19:18:34.515202,1023,clock_gettime(CLOCK_MONOTONIC, {132, 800129204}) = 0
19:18:34.515823,1023,clock_gettime(CLOCK_MONOTONIC, {132, 800765319}) = 0
19:18:34.516543,1023,writev(3, [{"\4", 1}, {"Choreographer\0", 14}, {"Skipped 32 frames! The applicat"..., 83}], 3) = 98
19:18:34.517697,1023,clock_gettime(CLOCK_MONOTONIC, {132, 802666777}) = 0
19:18:34.518358,1023,recvfrom(38, 0xb88738b0, 1240, 64, 0, 0) = -1 EAGAIN (Try again)
19:18:34.552855,1023,clock_gettime(CLOCK_MONOTONIC, {132, 837810822}) = 0
19:18:34.553804,1023,clock_gettime(CLOCK_MONOTONIC, {132, 838817640}) = 0
19:18:34.554531,1023,clock_gettime(CLOCK_MONOTONIC, {132, 839469336}) = 0
19:18:34.555281,1023,recvfrom(37, 0xbee6c9a8, 24, 64, 0, 0) = -1 EAGAIN (Try again)
19:18:34.555940,1023,ioctl(9, 0xc0186201, 0xbee6d178) = 0
19:18:34.556824,1023,clock_gettime(CLOCK_MONOTONIC, {132, 841898849}) = 0
19:18:34.557666,1023,clock_gettime(CLOCK_MONOTONIC, {132, 842671518}) = 0
19:18:34.558399,1023,clock_gettime(CLOCK_MONOTONIC, {132, 843335445}) = 0
19:18:34.559065,1023,clock_gettime(CLOCK_MONOTONIC, {132, 843999906}) = 0
19:18:34.559716,1023,clock_gettime(CLOCK_MONOTONIC, {132, 844747377}) = 0
19:18:34.560634,1023,ioctl(9, 0xc0186201, 0xbee6cf10) = 0
19:18:34.585076,1023,ioctl(9, 0xc0186201, 0xbee6cf10) = 0
19:18:34.586451,1023,clock_gettime(CLOCK_MONOTONIC, {132, 871387438}) = 0
19:18:34.589852,1023,clock_gettime(CLOCK_MONOTONIC, {132, 874786846}) = 0
19:18:34.590471,1023,ioctl(9, 0xc0186201, 0xbee6d0c8) = 0
19:18:34.591217,1023,ioctl(9, 0xc0186201, 0xbee6d0c8) = 0
19:18:34.592163,1023,getpid() = 1023
19:18:34.592680,1023,getuid32() = 10050
19:18:34.593328,1023,epoll_wait(0x1e, 0xbee6d1f8, 0x10, 0) = 1
19:18:34.593985,1023,recvfrom(37, "nysv\0\0\0\0^\0170î\36\0\0\0ô\3\0\0\224Â'¸", 24, MSG_DONTWAIT, NULL, NULL) = 24
19:18:34.594685,1023,recvfrom(37, 0xbee6c828, 24, 64, 0, 0) = -1 EAGAIN (Try again)
19:18:34.595315,1023,clock_gettime(CLOCK_MONOTONIC, {132, 880244135}) = 0
19:18:34.596090,1023,clock_gettime(CLOCK_MONOTONIC, {132, 881018693}) = 0
19:18:34.596700,1023,getpid() = 1023
19:18:34.597341,1023,getuid32() = 10050
19:18:34.597938,1023,epoll_wait(0x1e, 0xbee6d1f8, 0x10, 0) = 0
19:18:34.598477,1023,clock_gettime(CLOCK_MONOTONIC, {132, 883404817}) = 0
19:18:34.599193,1023,clock_gettime(CLOCK_MONOTONIC, {132, 884787364}) = 0
19:18:34.636051,1023,clock_gettime(CLOCK_MONOTONIC, {132, 921005775}) = 0
19:18:34.636742,1023,recvfrom(38, 0xb88738b0, 1240, 64, 0, 0) = -1 EAGAIN (Try again)
19:18:34.637403,1023,clock_gettime(CLOCK_MONOTONIC, {132, 922339609}) = 0
19:18:34.638068,1023,clock_gettime(CLOCK_MONOTONIC, {132, 923004214}) = 0
19:18:34.638696,1023,getpid() = 1023
19:18:34.639266,1023,getuid32() = 10050
19:18:34.639874,1023,epoll_wait(0x1e, 0xbee6d1f8, 0x10, 0) = 0
19:18:34.640461,1023,clock_gettime(CLOCK_MONOTONIC, {132, 925429661}) = 0
19:18:34.641215,1023,ioctl(9, 0xc0186201, 0xbee6d328) = 0
19:18:34.641823,1023,epoll_wait(0x1e, 0xbee6d1f8, 0x10, 0x7) = 0
19:18:34.658731,1023,clock_gettime(CLOCK_MONOTONIC, {132, 943795422}) = 0
19:18:34.659484,1023,clock_gettime(CLOCK_MONOTONIC, {132, 944415314}) = 0
19:18:34.660149,1023,recvfrom(37, 0xbee6c9a8, 24, 64, 0, 0) = -1 EAGAIN (Try again)
19:18:34.660716,1023,ioctl(9, 0xc0186201, 0xbee6d178) = 0
19:18:34.661559,1023,getpid() = 1023
19:18:34.662260,1023,getuid32() = 10050
19:18:34.662933,1023,epoll_wait(0x1e, 0xbee6d1f8, 0x10, 0) = 0
19:18:34.663500,1023,clock_gettime(CLOCK_MONOTONIC, {132, 948461184}) = 0
19:18:34.664361,1023,epoll_wait(0x1e, 0xbee6d1f8, 0x10, 0xffffffff <unfinished ...>
19:18:34.695746,1027,<... futex resumed> ) = -1 ETIMEDOUT (Connection timed out)
19:18:34.696390,1027,madvise(0xb3ead000, 4096, MADV_DONTNEED) = 0
19:18:34.697177,1027,madvise(0xb3ee5000, 20480, MADV_DONTNEED) = 0
19:18:34.697749,1027,madvise(0xb3ef2000, 12288, MADV_DONTNEED) = 0
19:18:34.698372,1027,madvise(0xb3efe000, 4096, MADV_DONTNEED) = 0
19:18:34.698987,1027,madvise(0xb3f08000, 4096, MADV_DONTNEED) = 0
19:18:34.699629,1027,madvise(0xb3f35000, 4096, MADV_DONTNEED) = 0
19:18:34.700432,1027,madvise(0xb3f42000, 16384, MADV_DONTNEED) = 0
19:18:34.701130,1027,madvise(0xb3f47000, 20480, MADV_DONTNEED) = 0
19:18:34.701829,1027,madvise(0xb3f58000, 53248, MADV_DONTNEED) = 0
19:18:34.704567,1027,madvise(0xb3dda000, 40960, MADV_DONTNEED) = 0
19:18:34.705215,1027,brk(0xb8971000) = 0xb8971000
19:18:34.705741,1027,brk(0xb896c000) = 0xb896c000
19:18:34.706446,1027,brk(0xb896c000 <unfinished ...>
19:18:34.746063,1023,<... epoll_wait resumed> ) = 1
19:18:34.766331,1027,<... brk resumed> ) = 0xb896c000
19:18:34.766714,1023,recvfrom(37, <unfinished ...>
19:18:34.767547,1027,madvise(0xb87e6000, 12288, MADV_DONTNEED <unfinished ...>
19:18:34.767919,1023,<... recvfrom resumed> "nysv\0\0\0\0ä8\35÷\36\0\0\0ö\3\0\0\224Â'¸", 24, MSG_DONTWAIT, NULL, NULL) = 24
19:18:34.768822,1027,<... madvise resumed> ) = 0
19:18:34.769167,1023,recvfrom(37, <unfinished ...>
19:18:34.770305,1027,madvise(0xb88bd000, 81920, MADV_DONTNEED <unfinished ...>
19:18:34.770620,1023,<... recvfrom resumed> 0xbee6c828, 24, 64, 0, 0) = -1 EAGAIN (Try again)
19:18:34.771024,1027,<... madvise resumed> ) = 0
19:18:34.771407,1023,clock_gettime(CLOCK_MONOTONIC, <unfinished ...>
19:18:34.772275,1027,madvise(0xb88fb000, 12288, MADV_DONTNEED <unfinished ...>
19:18:34.772582,1023,<... clock_gettime resumed> {133, 57223191}) = 0
19:18:34.773024,1027,<... madvise resumed> ) = 0
19:18:34.773383,1023,futex(0xb6f62698, FUTEX_WAIT_PRIVATE, 2, NULL <unfinished ...>
19:18:34.773701,1027,madvise(0xb8902000, 24576, MADV_DONTNEED) = 0
19:18:34.774430,1027,madvise(0xb896a000, 4096, MADV_DONTNEED) = 0
19:18:34.775089,1027,futex(0xb6f62698, FUTEX_WAKE_PRIVATE, 1) = 1
19:18:34.775603,1023,<... futex resumed> ) = 0
19:18:34.776016,1027,futex(0xb875a9a8, FUTEX_WAIT_PRIVATE, -112, NULL <unfinished ...>
19:18:34.799230,1023,futex(0xb6f62698, FUTEX_WAKE_PRIVATE, 1) = 0
19:18:34.799826,1023,write(29, "W", 1) = 1
19:18:34.800491,1023,clock_gettime(CLOCK_MONOTONIC, {133, 85421989}) = 0
19:18:34.801144,1023,clock_gettime(CLOCK_MONOTONIC, {133, 86074404}) = 0
19:18:34.801741,1023,clock_gettime(CLOCK_MONOTONIC, {133, 86708222}) = 0
19:18:34.802410,1023,clock_gettime(CLOCK_MONOTONIC, {133, 87347632}) = 0
19:18:34.803495,1023,clock_gettime(CLOCK_MONOTONIC, {133, 88477954}) = 0
19:18:34.804192,1023,clock_gettime(CLOCK_MONOTONIC, {133, 89129088}) = 0
19:18:34.804908,1023,recvfrom(37, 0xbee6c9a8, 24, 64, 0, 0) = -1 EAGAIN (Try again)
19:18:34.805529,1023,ioctl(9, 0xc0186201, 0xbee6d178) = 0
19:18:34.806469,1023,clock_gettime(CLOCK_MONOTONIC, {133, 91470277}) = 0
19:18:34.807189,1023,clock_gettime(CLOCK_MONOTONIC, {133, 92125537}) = 0
19:18:34.807821,1023,clock_gettime(CLOCK_MONOTONIC, {133, 92817087}) = 0
19:18:34.808505,1023,clock_gettime(CLOCK_MONOTONIC, {133, 93440907}) = 0
19:18:34.809156,1023,clock_gettime(CLOCK_MONOTONIC, {133, 94120446}) = 0
19:18:34.809836,1023,write(29, "W", 1) = 1
19:18:34.810660,1023,ioctl(9, 0xc0186201, 0xbee6cf10) = 0
19:18:34.811480,1023,ioctl(9, 0xc0186201, 0xbee6cf10) = 0
19:18:34.812777,1023,clock_gettime(CLOCK_MONOTONIC, {133, 97723831}) = 0
19:18:34.816323,1023,clock_gettime(CLOCK_MONOTONIC, {133, 101272141}) = 0
19:18:34.816994,1023,ioctl(9, 0xc0186201, 0xbee6d0c8) = 0
19:18:34.817877,1023,ioctl(9, 0xc0186201, 0xbee6d0c8) = 0
19:18:34.818575,1023,getpid() = 1023
19:18:34.819133,1023,getuid32() = 10050
19:18:34.819722,1023,epoll_wait(0x1e, 0xbee6d1f8, 0x10, 0) = 1
19:18:34.820294,1023,read(23, "WW", 16) = 2
19:18:34.820927,1023,clock_gettime(CLOCK_MONOTONIC, {133, 105868175}) = 0
19:18:34.821574,1023,ioctl(9, 0xc0186201, 0xbee6d328) = 0
19:18:34.822234,1023,epoll_wait(0x1e, 0xbee6d1f8, 0x10, 0x4e) = 1
19:18:34.877055,1023,recvfrom(37, "nysv\0\0\0\0\20\nûý\36\0\0\0÷\3\0\0\224Â'¸", 24, MSG_DONTWAIT, NULL, NULL) = 24
19:18:34.877932,1023,recvfrom(37, 0xbee6c828, 24, 64, 0, 0) = -1 EAGAIN (Try again)
19:18:34.878630,1023,clock_gettime(CLOCK_MONOTONIC, {133, 163584129}) = 0
19:18:34.879341,1023,write(29, "W", 1) = 1
19:18:34.880056,1023,clock_gettime(CLOCK_MONOTONIC, {133, 165000667}) = 0
19:18:34.880716,1023,clock_gettime(CLOCK_MONOTONIC, {133, 165667039}) = 0
19:18:34.881371,1023,clock_gettime(CLOCK_MONOTONIC, {133, 166313865}) = 0
19:18:34.882192,1023,recvfrom(38, 0xb88738b0, 1240, 64, 0, 0) = -1 EAGAIN (Try again)
19:18:34.882946,1023,clock_gettime(CLOCK_MONOTONIC, {133, 167899354}) = 0
19:18:34.883628,1023,clock_gettime(CLOCK_MONOTONIC, {133, 168585597}) = 0
19:18:34.884345,1023,getpid() = 1023
19:18:34.884906,1023,getuid32() = 10050
19:18:34.906156,1023,epoll_wait(0x1e, 0xbee6d1f8, 0x10, 0) = 1
19:18:34.906824,1023,read(23, "W", 16) = 1
19:18:34.907511,1023,clock_gettime(CLOCK_MONOTONIC, {133, 192466078}) = 0
19:18:34.908274,1023,clock_gettime(CLOCK_MONOTONIC, {133, 193222481}) = 0
19:18:34.908973,1023,recvfrom(37, 0xbee6c9a8, 24, 64, 0, 0) = -1 EAGAIN (Try again)
19:18:34.909584,1023,ioctl(9, 0xc0186201, 0xbee6d178) = 0
19:18:34.910590,1023,getpid() = 1023
19:18:34.911294,1023,getuid32() = 10050
19:18:34.911905,1023,epoll_wait(0x1e, 0xbee6d1f8, 0x10, 0) = 0
19:18:34.912494,1023,clock_gettime(CLOCK_MONOTONIC, {133, 197436806}) = 0
19:18:34.913168,1023,epoll_wait(0x1e, 0xbee6d1f8, 0x10, 0xffffffff) = 1
19:18:34.914497,1023,recvfrom(37, "nysv\0\0\0\0ö²>\3\37\0\0\0ø\3\0\0\224Â'¸", 24, MSG_DONTWAIT, NULL, NULL) = 24
19:18:34.915295,1023,recvfrom(37, 0xbee6c828, 24, 64, 0, 0) = -1 EAGAIN (Try again)
19:18:34.915931,1023,clock_gettime(CLOCK_MONOTONIC, {133, 200873766}) = 0
19:18:34.966972,1023,write(29, "W", 1) = 1
19:18:34.985782,1023,clock_gettime(CLOCK_MONOTONIC, {133, 270959946}) = 0
19:18:34.986710,1023,clock_gettime(CLOCK_MONOTONIC, {133, 271664844}) = 0
19:18:34.987377,1023,clock_gettime(CLOCK_MONOTONIC, {133, 272320415}) = 0
19:18:34.988082,1023,clock_gettime(CLOCK_MONOTONIC, {133, 273026099}) = 0
19:18:34.988998,1023,clock_gettime(CLOCK_MONOTONIC, {133, 273943640}) = 0
19:18:34.989706,1023,clock_gettime(CLOCK_MONOTONIC, {133, 274657213}) = 0
19:18:34.990390,1023,recvfrom(37, 0xbee6c9a8, 24, 64, 0, 0) = -1 EAGAIN (Try again)
19:18:34.991009,1023,ioctl(9, 0xc0186201, 0xbee6d178) = 0
19:18:34.992054,1023,clock_gettime(CLOCK_MONOTONIC, {133, 277000238}) = 0
19:18:34.992733,1023,clock_gettime(CLOCK_MONOTONIC, {133, 277683922}) = 0
19:18:34.993785,1023,clock_gettime(CLOCK_MONOTONIC, {133, 278730640}) = 0
19:18:34.994442,1023,clock_gettime(CLOCK_MONOTONIC, {133, 279385144}) = 0
19:18:34.995245,1023,clock_gettime(CLOCK_MONOTONIC, {133, 280386909}) = 0
19:18:34.996134,1023,write(29, "W", 1) = 1
19:18:35.017004,1023,ioctl(9, 0xc0186201, 0xbee6cf10) = 0
19:18:35.017939,1023,ioctl(9, 0xc0186201, 0xbee6cf10) = 0
19:18:35.019346,1023,clock_gettime(CLOCK_MONOTONIC, {133, 304295286}) = 0
19:18:35.022682,1023,clock_gettime(CLOCK_MONOTONIC, {133, 307637442}) = 0
19:18:35.023361,1023,ioctl(9, 0xc0186201, 0xbee6d0c8) = 0
19:18:35.024282,1023,ioctl(9, 0xc0186201, 0xbee6d0c8) = 0
19:18:35.025064,1023,getpid() = 1023
19:18:35.025622,1023,getuid32() = 10050
19:18:35.026225,1023,epoll_wait(0x1e, 0xbee6d1f8, 0x10, 0) = 2
19:18:35.026811,1023,read(23, "WW", 16) = 2
19:18:35.027426,1023,recvfrom(37, "nysv\0\0\0\0È+\r\10\37\0\0\0ù\3\0\0\224Â'¸", 24, MSG_DONTWAIT, NULL, NULL) = 24
19:18:35.028174,1023,recvfrom(37, 0xbee6c828, 24, 64, 0, 0) = -1 EAGAIN (Try again)
19:18:35.028800,1023,clock_gettime(CLOCK_MONOTONIC, {133, 313741014}) = 0
19:18:35.029507,1023,clock_gettime(CLOCK_MONOTONIC, {133, 314448398}) = 0
19:18:35.030167,1023,clock_gettime(CLOCK_MONOTONIC, {133, 315107871}) = 0
19:18:35.030816,1023,clock_gettime(CLOCK_MONOTONIC, {133, 315757694}) = 0
19:18:35.031481,1023,recvfrom(38, 0xb88738b0, 1240, 64, 0, 0) = -1 EAGAIN (Try again)
19:18:35.032105,1023,clock_gettime(CLOCK_MONOTONIC, {133, 317045377}) = 0
19:18:35.032750,1023,clock_gettime(CLOCK_MONOTONIC, {133, 317696468}) = 0
19:18:35.033400,1023,getpid() = 1023
19:18:35.033957,1023,getuid32() = 10050
19:18:35.034541,1023,epoll_wait(0x1e, 0xbee6d1f8, 0x10, 0) = 0
19:18:35.035133,1023,clock_gettime(CLOCK_MONOTONIC, {133, 320073132}) = 0
19:18:35.035789,1023,ioctl(9, 0xc0186201, 0xbee6d328) = 0
19:18:35.082571,1023,epoll_wait(0x1e, 0xbee6d1f8, 0x10, 0x30) = 0
19:18:35.137489,1023,clock_gettime(CLOCK_MONOTONIC, {133, 422449266}) = 0
19:18:35.138186,1023,clock_gettime(CLOCK_MONOTONIC, {133, 423131261}) = 0
19:18:35.138871,1023,recvfrom(37, 0xbee6c9a8, 24, 64, 0, 0) = -1 EAGAIN (Try again)
19:18:35.139486,1023,ioctl(9, 0xc0186201, 0xbee6d178) = 0
19:18:35.140359,1023,getpid() = 1023
19:18:35.141046,1023,getuid32() = 10050
19:18:35.141701,1023,epoll_wait(0x1e, 0xbee6d1f8, 0x10, 0) = 0
19:18:35.142312,1023,clock_gettime(CLOCK_MONOTONIC, {133, 427254732}) = 0
19:18:35.142984,1023,epoll_wait(0x1e, 0xbee6d1f8, 0x10, 0xffffffff) = 1
19:18:35.187714,1023,recvfrom(37, "nysv\0\0\0\0NUú\20\37\0\0\0û\3\0\0\224Â'¸", 24, MSG_DONTWAIT, NULL, NULL) = 24
19:18:35.188524,1023,recvfrom(37, 0xbee6c828, 24, 64, 0, 0) = -1 EAGAIN (Try again)
19:18:35.189173,1023,clock_gettime(CLOCK_MONOTONIC, {133, 474117309}) = 0
19:18:35.189899,1023,write(29, "W", 1) = 1
19:18:35.190641,1023,clock_gettime(CLOCK_MONOTONIC, {133, 475599875}) = 0
19:18:35.191335,1023,clock_gettime(CLOCK_MONOTONIC, {133, 476288254}) = 0
19:18:35.192018,1023,clock_gettime(CLOCK_MONOTONIC, {133, 476969213}) = 0
19:18:35.192781,1023,clock_gettime(CLOCK_MONOTONIC, {133, 477766942}) = 0
19:18:35.193744,1023,clock_gettime(CLOCK_MONOTONIC, {133, 478739543}) = 0
19:18:35.194490,1023,clock_gettime(CLOCK_MONOTONIC, {133, 479481944}) = 0
19:18:35.195222,1023,recvfrom(37, 0xbee6c9a8, 24, 64, 0, 0) = -1 EAGAIN (Try again)
19:18:35.218428,1023,ioctl(9, 0xc0186201, 0xbee6d178) = 0
19:18:35.220050,1023,clock_gettime(CLOCK_MONOTONIC, {133, 505012045}) = 0
19:18:35.220814,1023,clock_gettime(CLOCK_MONOTONIC, {133, 505766949}) = 0
19:18:35.221746,1023,clock_gettime(CLOCK_MONOTONIC, {133, 506708403}) = 0
19:18:35.222444,1023,clock_gettime(CLOCK_MONOTONIC, {133, 507396873}) = 0
19:18:35.223195,1023,clock_gettime(CLOCK_MONOTONIC, {133, 508142508}) = 0
19:18:35.224016,1023,write(29, "W", 1) = 1
19:18:35.224867,1023,ioctl(9, 0xc0186201, 0xbee6cf10) = 0
19:18:35.236872,1023,clock_gettime(CLOCK_MONOTONIC, {133, 521866420}) = 0
19:18:35.240743,1023,clock_gettime(CLOCK_MONOTONIC, {133, 525714568}) = 0
19:18:35.241468,1023,ioctl(9, 0xc0186201, 0xbee6d0c8) = 0
19:18:35.242719,1023,getpid() = 1023
19:18:35.243291,1023,getuid32() = 10050
19:18:35.243896,1023,epoll_wait(0x1e, 0xbee6d1f8, 0x10, 0) = 2
19:18:35.244479,1023,read(23, "WW", 16) = 2
19:18:35.292041,1023,recvfrom(37, "nysv\0\0\0\0\0266\216\25\37\0\0\0ü\3\0\0\224Â'¸", 24, MSG_DONTWAIT, NULL, NULL) = 24
19:18:35.292813,1023,recvfrom(37, 0xbee6c828, 24, 64, 0, 0) = -1 EAGAIN (Try again)
19:18:35.293449,1023,clock_gettime(CLOCK_MONOTONIC, {133, 578394457}) = 0
19:18:35.294201,1023,clock_gettime(CLOCK_MONOTONIC, {133, 579171111}) = 0
19:18:35.309300,1023,clock_gettime(CLOCK_MONOTONIC, {133, 594250582}) = 0
19:18:35.309989,1023,clock_gettime(CLOCK_MONOTONIC, {133, 594934139}) = 0
19:18:35.310664,1023,recvfrom(38, 0xb88738b0, 1240, 64, 0, 0) = -1 EAGAIN (Try again)
19:18:35.311293,1023,clock_gettime(CLOCK_MONOTONIC, {133, 596235880}) = 0
19:18:35.312205,1023,clock_gettime(CLOCK_MONOTONIC, {133, 597149372}) = 0
19:18:35.312882,1023,clock_gettime(CLOCK_MONOTONIC, {133, 598197052}) = 0
19:18:35.313952,1023,recvfrom(37, 0xbee6c9a8, 24, 64, 0, 0) = -1 EAGAIN (Try again)
19:18:35.314590,1023,ioctl(9, 0xc0186201, 0xbee6d178) = 0
19:18:35.315514,1023,clock_gettime(CLOCK_MONOTONIC, {133, 600541343}) = 0
19:18:35.316354,1023,clock_gettime(CLOCK_MONOTONIC, {133, 601308240}) = 0
19:18:35.317047,1023,clock_gettime(CLOCK_MONOTONIC, {133, 601998609}) = 0
19:18:35.317729,1023,clock_gettime(CLOCK_MONOTONIC, {133, 602686942}) = 0
19:18:35.318443,1023,clock_gettime(CLOCK_MONOTONIC, {133, 603394952}) = 0
19:18:35.319345,1023,ioctl(9, 0xc0186201, 0xbee6cf10) = 0
19:18:35.320212,1023,ioctl(9, 0xc0186201, 0xbee6cf10) = 0
19:18:35.321609,1023,clock_gettime(CLOCK_MONOTONIC, {133, 606571033}) = 0
19:18:35.325233,1023,clock_gettime(CLOCK_MONOTONIC, {133, 610191951}) = 0
19:18:35.325939,1023,ioctl(9, 0xc0186201, 0xbee6d0c8) = 0
19:18:35.326866,1023,ioctl(9, 0xc0186201, 0xbee6d0c8) = 0
19:18:35.327601,1023,getpid() = 1023
19:18:35.328191,1023,getuid32() = 10050
19:18:35.328817,1023,epoll_wait(0x1e, 0xbee6d1f8, 0x10, 0) = 0
19:18:35.329437,1023,clock_gettime(CLOCK_MONOTONIC, {133, 614388581}) = 0
19:18:35.330131,1023,getpid() = 1023
19:18:35.330709,1023,getuid32() = 10050
19:18:35.331326,1023,epoll_wait(0x1e, 0xbee6d1f8, 0x10, 0) = 0
19:18:35.331939,1023,clock_gettime(CLOCK_MONOTONIC, {133, 616889504}) = 0
19:18:35.381515,1023,ioctl(9, 0xc0186201, 0xbee6d328) = 0
19:18:35.382431,1023,epoll_wait(0x1e, 0xbee6d1f8, 0x10, 0x4c) = 1
19:18:35.383069,1023,recvfrom(37, "nysv\0\0\0\0\20\17G\33\37\0\0\0þ\3\0\0\224Â'¸", 24, MSG_DONTWAIT, NULL, NULL) = 24
19:18:35.383863,1023,recvfrom(37, 0xbee6c828, 24, 64, 0, 0) = -1 EAGAIN (Try again)
19:18:35.384526,1023,clock_gettime(CLOCK_MONOTONIC, {133, 669477970}) = 0
19:18:35.385248,1023,write(29, "W", 1) = 1
19:18:35.385984,1023,clock_gettime(CLOCK_MONOTONIC, {133, 670937490}) = 0
19:18:35.386674,1023,clock_gettime(CLOCK_MONOTONIC, {133, 671631296}) = 0
19:18:35.387356,1023,clock_gettime(CLOCK_MONOTONIC, {133, 672306682}) = 0
19:18:35.388062,1023,recvfrom(38, 0xb88738b0, 1240, 64, 0, 0) = -1 EAGAIN (Try again)
19:18:35.388706,1023,clock_gettime(CLOCK_MONOTONIC, {133, 673662361}) = 0
19:18:35.389389,1023,clock_gettime(CLOCK_MONOTONIC, {133, 674340931}) = 0
19:18:35.390074,1023,getpid() = 1023
19:18:35.390656,1023,getuid32() = 10050
19:18:35.391275,1023,epoll_wait(0x1e, 0xbee6d1f8, 0x10, 0) = 1
19:18:35.391874,1023,read(23, "W", 16) = 1
19:18:35.392532,1023,clock_gettime(CLOCK_MONOTONIC, {133, 677482277}) = 0
19:18:35.393237,1023,epoll_wait(0x1e, 0xbee6d1f8, 0x10, 0xf) = 0
19:18:35.410555,1023,clock_gettime(CLOCK_MONOTONIC, {133, 695511625}) = 0
19:18:35.411293,1023,clock_gettime(CLOCK_MONOTONIC, {133, 696242499}) = 0
19:18:35.412008,1023,recvfrom(37, 0xbee6c9a8, 24, 64, 0, 0) = -1 EAGAIN (Try again)
19:18:35.412665,1023,ioctl(9, 0xc0186201, 0xbee6d178) = 0
19:18:35.413568,1023,getpid() = 1023
19:18:35.414224,1023,getuid32() = 10050
19:18:35.414856,1023,epoll_wait(0x1e, 0xbee6d1f8, 0x10, 0) = 0
19:18:35.415464,1023,clock_gettime(CLOCK_MONOTONIC, {133, 700415140}) = 0
19:18:35.416165,1023,epoll_wait(0x1e, 0xbee6d1f8, 0x10, 0xffffffff) = 1
19:18:35.430666,1023,recvfrom(37, "nysv\0\0\0\0\24\200:!\37\0\0\0ÿ\3\0\0\224Â'¸", 24, MSG_DONTWAIT, NULL, NULL) = 24
19:18:35.431470,1023,recvfrom(37, 0xbee6c828, 24, 64, 0, 0) = -1 EAGAIN (Try again)
19:18:35.432139,1023,clock_gettime(CLOCK_MONOTONIC, {133, 717092561}) = 0
19:18:35.432856,1023,write(29, "W", 1) = 1
19:18:35.433587,1023,clock_gettime(CLOCK_MONOTONIC, {133, 718573593}) = 0
19:18:35.434312,1023,clock_gettime(CLOCK_MONOTONIC, {133, 719263863}) = 0
19:18:35.434995,1023,clock_gettime(CLOCK_MONOTONIC, {133, 719946206}) = 0
19:18:35.435674,1023,clock_gettime(CLOCK_MONOTONIC, {133, 720630833}) = 0
19:18:35.436626,1023,clock_gettime(CLOCK_MONOTONIC, {133, 721586079}) = 0
19:18:35.437331,1023,clock_gettime(CLOCK_MONOTONIC, {133, 722284228}) = 0
19:18:35.438039,1023,recvfrom(37, 0xbee6c9a8, 24, 64, 0, 0) = -1 EAGAIN (Try again)
19:18:35.438670,1023,ioctl(9, 0xc0186201, 0xbee6d178) = 0
19:18:35.439571,1023,clock_gettime(CLOCK_MONOTONIC, {133, 724586402}) = 0
19:18:35.440343,1023,clock_gettime(CLOCK_MONOTONIC, {133, 725295897}) = 0
19:18:35.441035,1023,clock_gettime(CLOCK_MONOTONIC, {133, 725986266}) = 0
19:18:35.441717,1023,clock_gettime(CLOCK_MONOTONIC, {133, 726673678}) = 0
19:18:35.442429,1023,clock_gettime(CLOCK_MONOTONIC, {133, 727380821}) = 0
19:18:35.443137,1023,write(29, "W", 1) = 1
19:18:35.443999,1023,ioctl(9, 0xc0186201, 0xbee6cf10) = 0
19:18:35.444871,1023,ioctl(9, 0xc0186201, 0xbee6cf10) = 0
19:18:35.446256,1023,clock_gettime(CLOCK_MONOTONIC, {133, 731213203}) = 0
19:18:35.449459,1023,clock_gettime(CLOCK_MONOTONIC, {133, 734418791}) = 0
19:18:35.450164,1023,ioctl(9, 0xc0186201, 0xbee6d0c8) = 0
19:18:35.451084,1023,ioctl(9, 0xc0186201, 0xbee6d0c8) = 0
19:18:35.451823,1023,getpid() = 1023
19:18:35.452409,1023,getuid32() = 10050
19:18:35.453037,1023,epoll_wait(0x1e, 0xbee6d1f8, 0x10, 0) = 1
19:18:35.453635,1023,read(23, "WW", 16) = 2
19:18:35.454305,1023,clock_gettime(CLOCK_MONOTONIC, {133, 739256162}) = 0
19:18:35.454997,1023,ioctl(9, 0xc0186201, 0xbee6d328) = 0
19:18:35.455624,1023,epoll_wait(0x1e, 0xbee6d1f8, 0x10, 0x4d) = 1
19:18:35.520457,1023,recvfrom(37, "nysv\0\0\0\0<à$\"\37\0\0\0\0\4\0\0\224Â'¸", 24, MSG_DONTWAIT, NULL, NULL) = 24
19:18:35.521274,1023,recvfrom(37, 0xbee6c828, 24, 64, 0, 0) = -1 EAGAIN (Try again)
19:18:35.521950,1023,clock_gettime(CLOCK_MONOTONIC, {133, 806903162}) = 0
19:18:35.522676,1023,write(29, "W", 1) = 1
19:18:35.523422,1023,clock_gettime(CLOCK_MONOTONIC, {133, 808373764}) = 0
19:18:35.524118,1023,clock_gettime(CLOCK_MONOTONIC, {133, 809069418}) = 0
19:18:35.524800,1023,clock_gettime(CLOCK_MONOTONIC, {133, 809750908}) = 0
19:18:35.525501,1023,recvfrom(38, 0xb88738b0, 1240, 64, 0, 0) = -1 EAGAIN (Try again)
19:18:35.569577,1023,clock_gettime(CLOCK_MONOTONIC, {133, 854956233}) = 0
19:18:35.571453,1023,clock_gettime(CLOCK_MONOTONIC, {133, 856415879}) = 0
19:18:35.572174,1023,clock_gettime(CLOCK_MONOTONIC, {133, 857128970}) = 0
19:18:35.572887,1023,recvfrom(37, 0xbee6c9a8, 24, 64, 0, 0) = -1 EAGAIN (Try again)
19:18:35.573527,1023,ioctl(9, 0xc0186201, 0xbee6d178) = 0
19:18:35.574448,1023,clock_gettime(CLOCK_MONOTONIC, {133, 859472710}) = 0
19:18:35.575237,1023,clock_gettime(CLOCK_MONOTONIC, {133, 860191051}) = 0
19:18:35.575929,1023,clock_gettime(CLOCK_MONOTONIC, {133, 860881391}) = 0
19:18:35.576611,1023,clock_gettime(CLOCK_MONOTONIC, {133, 861568899}) = 0
19:18:35.577326,1023,clock_gettime(CLOCK_MONOTONIC, {133, 862277392}) = 0
19:18:35.578225,1023,ioctl(9, 0xc0186201, 0xbee6cf10) = 0
19:18:35.579105,1023,ioctl(9, 0xc0186201, 0xbee6cf10) = 0
19:18:35.580497,1023,clock_gettime(CLOCK_MONOTONIC, {133, 865455142}) = 0
19:18:35.584133,1023,clock_gettime(CLOCK_MONOTONIC, {133, 869091559}) = 0
19:18:35.584840,1023,ioctl(9, 0xc0186201, 0xbee6d0c8) = 0
19:18:35.585767,1023,ioctl(9, 0xc0186201, 0xbee6d0c8) = 0
19:18:35.586508,1023,getpid() = 1023
19:18:35.587100,1023,getuid32() = 10050
19:18:35.587722,1023,epoll_wait(0x1e, 0xbee6d1f8, 0x10, 0) = 1
19:18:35.628328,1023,read(23, "W", 16) = 1
19:18:35.629067,1023,clock_gettime(CLOCK_MONOTONIC, {133, 914017382}) = 0
19:18:35.629792,1023,getpid() = 1023
19:18:35.630375,1023,getuid32() = 10050
19:18:35.630985,1023,epoll_wait(0x1e, 0xbee6d1f8, 0x10, 0) = 1
19:18:35.631575,1023,recvfrom(37, "nysv\0\0\0\0Ö9\207+\37\0\0\0\1\4\0\0\224Â'¸", 24, MSG_DONTWAIT, NULL, NULL) = 24
19:18:35.632330,1023,recvfrom(37, 0xbee6c828, 24, 64, 0, 0) = -1 EAGAIN (Try again)
19:18:35.632996,1023,clock_gettime(CLOCK_MONOTONIC, {133, 917939839}) = 0
19:18:35.633718,1023,clock_gettime(CLOCK_MONOTONIC, {133, 918668728}) = 0
19:18:35.634382,1023,clock_gettime(CLOCK_MONOTONIC, {133, 919326318}) = 0
19:18:35.635036,1023,clock_gettime(CLOCK_MONOTONIC, {133, 919980047}) = 0
19:18:35.635707,1023,recvfrom(38, 0xb88738b0, 1240, 64, 0, 0) = -1 EAGAIN (Try again)
19:18:35.636331,1023,clock_gettime(CLOCK_MONOTONIC, {133, 921273364}) = 0
19:18:35.636986,1023,clock_gettime(CLOCK_MONOTONIC, {133, 921929302}) = 0
19:18:35.637634,1023,getpid() = 1023
19:18:35.638196,1023,getuid32() = 10050
19:18:35.638789,1023,epoll_wait(0x1e, 0xbee6d1f8, 0x10, 0) = 0
19:18:35.639376,1023,clock_gettime(CLOCK_MONOTONIC, {133, 924318987}) = 0
19:18:35.640039,1023,ioctl(9, 0xc0186201, 0xbee6d328) = 0
19:18:35.640651,1023,epoll_wait(0x1e, 0xbee6d1f8, 0x10, 0x1b) = 0
19:18:35.669603,1023,clock_gettime(CLOCK_MONOTONIC, {133, 954567129}) = 0
19:18:35.670303,1023,clock_gettime(CLOCK_MONOTONIC, {133, 955257817}) = 0
19:18:35.671019,1023,recvfrom(37, 0xbee6c9a8, 24, 64, 0, 0) = -1 EAGAIN (Try again)
19:18:35.671661,1023,ioctl(9, 0xc0186201, 0xbee6d178) = 0
19:18:35.672584,1023,getpid() = 1023
19:18:35.673307,1023,getuid32() = 10050
19:18:35.673941,1023,epoll_wait(0x1e, 0xbee6d1f8, 0x10, 0) = 0
19:18:35.674553,1023,clock_gettime(CLOCK_MONOTONIC, {133, 959506328}) = 0
19:18:35.675257,1023,epoll_wait(0x1e, 0xbee6d1f8, 0x10, 0xffffffff) = 1
19:18:35.695069,1023,recvfrom(37, "nysv\0\0\0\0²J\2200\37\0\0\0\2\4\0\0\224Â'¸", 24, MSG_DONTWAIT, NULL, NULL) = 24
19:18:35.695868,1023,recvfrom(37, 0xbee6c828, 24, 64, 0, 0) = -1 EAGAIN (Try again)
19:18:35.696530,1023,clock_gettime(CLOCK_MONOTONIC, {133, 981482953}) = 0
19:18:35.697246,1023,write(29, "W", 1) = 1
19:18:35.697985,1023,clock_gettime(CLOCK_MONOTONIC, {133, 982937258}) = 0
19:18:35.698672,1023,clock_gettime(CLOCK_MONOTONIC, {133, 983630222}) = 0
19:18:35.708542,1023,clock_gettime(CLOCK_MONOTONIC, {133, 993515228}) = 0
19:18:35.709247,1023,clock_gettime(CLOCK_MONOTONIC, {133, 994192868}) = 0
19:18:35.710258,1023,clock_gettime(CLOCK_MONOTONIC, {133, 995348412}) = 0
19:18:35.711132,1023,clock_gettime(CLOCK_MONOTONIC, {133, 996079623}) = 0
19:18:35.711820,1023,recvfrom(37, 0xbee6c9a8, 24, 64, 0, 0) = -1 EAGAIN (Try again)
19:18:35.712435,1023,ioctl(9, 0xc0186201, 0xbee6d178) = 0
19:18:35.733551,1023,clock_gettime(CLOCK_MONOTONIC, {134, 18519312}) = 0
19:18:35.734345,1023,clock_gettime(CLOCK_MONOTONIC, {134, 19404281}) = 0
19:18:35.735168,1023,clock_gettime(CLOCK_MONOTONIC, {134, 20117484}) = 0
19:18:35.762376,1023,clock_gettime(CLOCK_MONOTONIC, {134, 49064788}) = 0
19:18:35.790514,1023,clock_gettime(CLOCK_MONOTONIC, {134, 75508445}) = 0
19:18:35.791292,1023,write(29, "W", 1) = 1
19:18:35.792194,1023,ioctl(9, 0xc0186201, 0xbee6cf10) = 0
19:18:35.793164,1023,ioctl(9, 0xc0186201, 0xbee6cf10) = 0
19:18:35.794600,1023,clock_gettime(CLOCK_MONOTONIC, {134, 79565559}) = 0
19:18:35.798295,1023,clock_gettime(CLOCK_MONOTONIC, {134, 83254906}) = 0
19:18:35.799002,1023,ioctl(9, 0xc0186201, 0xbee6d0c8) = 0
19:18:35.799946,1023,ioctl(9, 0xc0186201, 0xbee6d0c8) = 0
19:18:35.843728,1023,getpid() = 1023
19:18:35.844445,1023,getuid32() = 10050
19:18:35.845093,1023,epoll_wait(0x1e, 0xbee6d1f8, 0x10, 0) = 2
19:18:35.845712,1023,read(23, "WW", 16) = 2
19:18:35.846369,1023,recvfrom(37, "nysv\0\0\0\0RË94\37\0\0\0\3\4\0\0\224Â'¸", 24, MSG_DONTWAIT, NULL, NULL) = 24
19:18:35.847156,1023,recvfrom(37, 0xbee6c828, 24, 64, 0, 0) = -1 EAGAIN (Try again)
19:18:35.847828,1023,clock_gettime(CLOCK_MONOTONIC, {134, 132780405}) = 0
19:18:35.848587,1023,clock_gettime(CLOCK_MONOTONIC, {134, 133546159}) = 0
19:18:35.849282,1023,clock_gettime(CLOCK_MONOTONIC, {134, 134233959}) = 0
19:18:35.849967,1023,clock_gettime(CLOCK_MONOTONIC, {134, 134918122}) = 0
19:18:35.850667,1023,recvfrom(38, 0xb88738b0, 1240, 64, 0, 0) = -1 EAGAIN (Try again)
19:18:35.851319,1023,clock_gettime(CLOCK_MONOTONIC, {134, 153548773}) = 0
19:18:35.869570,1023,clock_gettime(CLOCK_MONOTONIC, {134, 154520887}) = 0
19:18:35.870278,1023,clock_gettime(CLOCK_MONOTONIC, {134, 155216330}) = 0
19:18:35.870968,1023,recvfrom(37, 0xbee6c9a8, 24, 64, 0, 0) = -1 EAGAIN (Try again)
19:18:35.871562,1023,ioctl(9, 0xc0186201, 0xbee6d178) = 0
19:18:35.872446,1023,clock_gettime(CLOCK_MONOTONIC, {134, 157449111}) = 0
19:18:35.873258,1023,clock_gettime(CLOCK_MONOTONIC, {134, 158195886}) = 0
19:18:35.873928,1023,clock_gettime(CLOCK_MONOTONIC, {134, 158864211}) = 0
19:18:35.874857,1023,clock_gettime(CLOCK_MONOTONIC, {134, 159863194}) = 0
19:18:35.901662,1023,clock_gettime(CLOCK_MONOTONIC, {134, 186686894}) = 0
19:18:35.902651,1023,ioctl(9, 0xc0186201, 0xbee6cf10) = 0
19:18:35.906114,1023,ioctl(9, 0xc0186201, 0xbee6cf10) = 0
19:18:35.907495,1023,clock_gettime(CLOCK_MONOTONIC, {134, 192440707}) = 0
19:18:35.954347,1023,clock_gettime(CLOCK_MONOTONIC, {134, 239323351}) = 0
19:18:35.955137,1023,ioctl(9, 0xc0186201, 0xbee6d0c8) = 0
19:18:35.955883,1023,ioctl(9, 0xc0186201, 0xbee6d0c8) = 0
19:18:35.957107,1023,getpid() = 1023
19:18:35.957626,1023,getuid32() = 10050
19:18:35.958220,1023,epoll_wait(0x1e, 0xbee6d1f8, 0x10, 0) = 1
19:18:35.958762,1023,recvfrom(37, "nysv\0\0\0\0º,w<\37\0\0\0\5\4\0\0\224Â'¸", 24, MSG_DONTWAIT, NULL, NULL) = 24
19:18:35.959549,1023,recvfrom(37, 0xbee6c828, 24, 64, 0, 0) = -1 EAGAIN (Try again)
19:18:35.960165,1023,clock_gettime(CLOCK_MONOTONIC, {134, 245093213}) = 0
19:18:35.960863,1023,clock_gettime(CLOCK_MONOTONIC, {134, 245792886}) = 0
19:18:35.961474,1023,getpid() = 1023
19:18:35.962022,1023,getuid32() = 10050
19:18:35.962564,1023,epoll_wait(0x1e, 0xbee6d1f8, 0x10, 0) = 0
19:18:35.963143,1023,clock_gettime(CLOCK_MONOTONIC, {134, 248071429}) = 0
19:18:35.963741,1023,clock_gettime(CLOCK_MONOTONIC, {134, 248708945}) = 0
19:18:35.964374,1023,clock_gettime(CLOCK_MONOTONIC, {134, 249302170}) = 0
19:18:35.965028,1023,recvfrom(38, 0xb88738b0, 1240, 64, 0, 0) = -1 EAGAIN (Try again)
19:18:35.965595,1023,clock_gettime(CLOCK_MONOTONIC, {134, 250522701}) = 0
19:18:35.966454,1023,clock_gettime(CLOCK_MONOTONIC, {134, 251384348}) = 0
19:18:35.967110,1023,clock_gettime(CLOCK_MONOTONIC, {134, 252038244}) = 0
19:18:35.967727,1023,recvfrom(37, 0xbee6c9a8, 24, 64, 0, 0) = -1 EAGAIN (Try again)
19:18:36.000077,1023,ioctl(9, 0xc0186201, 0xbee6d178) = 0
19:18:36.005692,1023,clock_gettime(CLOCK_MONOTONIC, {134, 290784419}) = 0
19:18:36.046327,1023,clock_gettime(CLOCK_MONOTONIC, {134, 350615716}) = 0
19:18:36.066393,1023,clock_gettime(CLOCK_MONOTONIC, {134, 351342170}) = 0
19:18:36.067146,1023,clock_gettime(CLOCK_MONOTONIC, {134, 352083087}) = 0
19:18:36.067847,1023,clock_gettime(CLOCK_MONOTONIC, {134, 352841109}) = 0
19:18:36.068744,1023,ioctl(9, 0xc0186201, 0xbee6cf10) = 0
19:18:36.069721,1023,ioctl(9, 0xc0186201, 0xbee6cf10) = 0
19:18:36.071242,1023,clock_gettime(CLOCK_MONOTONIC, {134, 356175955}) = 0
19:18:36.074699,1023,clock_gettime(CLOCK_MONOTONIC, {134, 359671305}) = 0
19:18:36.075356,1023,ioctl(9, 0xc0186201, 0xbee6d0c8) = 0
19:18:36.076220,1023,ioctl(9, 0xc0186201, 0xbee6d0c8) = 0
19:18:36.076972,1023,getpid() = 1023
19:18:36.098068,1023,getuid32() = 10050
19:18:36.109527,1023,epoll_wait(0x1e, 0xbee6d1f8, 0x10, 0) = 1
19:18:36.110188,1023,recvfrom(37, "nysv\0\0\0\0\30öyD\37\0\0\0\7\4\0\0\224Â'¸", 24, MSG_DONTWAIT, NULL, NULL) = 24
19:18:36.110919,1023,recvfrom(37, 0xbee6c828, 24, 64, 0, 0) = -1 EAGAIN (Try again)
19:18:36.111503,1023,clock_gettime(CLOCK_MONOTONIC, {134, 396432323}) = 0
19:18:36.112253,1023,clock_gettime(CLOCK_MONOTONIC, {134, 397369648}) = 0
19:18:36.113124,1023,getpid() = 1023
19:18:36.113638,1023,getuid32() = 10050
19:18:36.114237,1023,epoll_wait(0x1e, 0xbee6d1f8, 0x10, 0) = 0
19:18:36.114805,1023,clock_gettime(CLOCK_MONOTONIC, {134, 399746761}) = 0
19:18:36.115418,1023,clock_gettime(CLOCK_MONOTONIC, {134, 400345660}) = 0
19:18:36.116111,1023,clock_gettime(CLOCK_MONOTONIC, {134, 401038477}) = 0
19:18:36.116749,1023,recvfrom(38, 0xb88738b0, 1240, 64, 0, 0) = -1 EAGAIN (Try again)
19:18:36.117415,1023,clock_gettime(CLOCK_MONOTONIC, {134, 402343789}) = 0
19:18:36.118051,1023,clock_gettime(CLOCK_MONOTONIC, {134, 402979437}) = 0
19:18:36.118647,1023,getpid() = 1023
19:18:36.119253,1023,getuid32() = 10050
19:18:36.119832,1023,epoll_wait(0x1e, 0xbee6d1f8, 0x10, 0) = 0
19:18:36.120365,1023,clock_gettime(CLOCK_MONOTONIC, {134, 405292211}) = 0
19:18:36.121007,1023,ioctl(9, 0xc0186201, 0xbee6d328) = 0
19:18:36.121566,1023,epoll_wait(0x1e, 0xbee6d1f8, 0x10, 0x24) = 0
19:18:36.189030,1023,clock_gettime(CLOCK_MONOTONIC, {134, 473984510}) = 0
19:18:36.189695,1023,clock_gettime(CLOCK_MONOTONIC, {134, 474672975}) = 0
19:18:36.190389,1023,recvfrom(37, 0xbee6c9a8, 24, 64, 0, 0) = -1 EAGAIN (Try again)
19:18:36.191018,1023,ioctl(9, 0xc0186201, 0xbee6d178) = 0
19:18:36.191894,1023,getpid() = 1023
19:18:36.192589,1023,getuid32() = 10050
19:18:36.193229,1023,epoll_wait(0x1e, 0xbee6d1f8, 0x10, 0) = 0
19:18:36.193881,1023,clock_gettime(CLOCK_MONOTONIC, {134, 478830221}) = 0
19:18:36.194535,1023,epoll_wait(0x1e, 0xbee6d1f8, 0x10, 0xffffffff) = 1
19:18:36.206953,1023,recvfrom(37, "nysv\0\0\0\0øwvO\37\0\0\0\t\4\0\0\224Â'¸", 24, MSG_DONTWAIT, NULL, NULL) = 24
19:18:36.207753,1023,recvfrom(37, 0xbee6c828, 24, 64, 0, 0) = -1 EAGAIN (Try again)
19:18:36.208541,1023,clock_gettime(CLOCK_MONOTONIC, {134, 493504987}) = 0
19:18:36.209378,1023,write(29, "W", 1) = 1
19:18:36.210224,1023,clock_gettime(CLOCK_MONOTONIC, {134, 495162129}) = 0
19:18:36.211063,1023,clock_gettime(CLOCK_MONOTONIC, {134, 496040958}) = 0
19:18:36.211732,1023,clock_gettime(CLOCK_MONOTONIC, {134, 496761138}) = 0
19:18:36.212436,1023,clock_gettime(CLOCK_MONOTONIC, {134, 497364808}) = 0
19:18:36.213351,1023,clock_gettime(CLOCK_MONOTONIC, {134, 498343061}) = 0
19:18:36.214099,1023,clock_gettime(CLOCK_MONOTONIC, {134, 499039219}) = 0
19:18:36.214886,1023,recvfrom(37, 0xbee6c9a8, 24, 64, 0, 0) = -1 EAGAIN (Try again)
19:18:36.215696,1023,ioctl(9, 0xc0186201, 0xbee6d178) = 0
19:18:36.246710,1023,clock_gettime(CLOCK_MONOTONIC, {134, 531733603}) = 0
19:18:36.247589,1023,clock_gettime(CLOCK_MONOTONIC, {134, 532555683}) = 0
19:18:36.248312,1023,clock_gettime(CLOCK_MONOTONIC, {134, 533306269}) = 0
19:18:36.249031,1023,clock_gettime(CLOCK_MONOTONIC, {134, 533968138}) = 0
19:18:36.250296,1023,clock_gettime(CLOCK_MONOTONIC, {134, 535421752}) = 0
19:18:36.251292,1023,write(29, "W", 1) = 1
19:18:36.252215,1023,ioctl(9, 0xc0186201, 0xbee6cf10) = 0
19:18:36.253966,1023,clock_gettime(CLOCK_MONOTONIC, {134, 538910239}) = 0
19:18:36.268088,1023,clock_gettime(CLOCK_MONOTONIC, {134, 553052012}) = 0
19:18:36.268752,1023,ioctl(9, 0xc0186201, 0xbee6d0c8) = 0
19:18:36.270313,1023,getpid() = 1023
19:18:36.271049,1023,getuid32() = 10050
19:18:36.271610,1023,epoll_wait(0x1e, 0xbee6d1f8, 0x10, 0) = 2
19:18:36.272221,1023,read(23, "WW", 16) = 2
19:18:36.272877,1023,recvfrom(37, "nysv\0\0\0\0RÐ\205Q\37\0\0\0\n\4\0\0\224Â'¸", 24, MSG_DONTWAIT, NULL, NULL) = 24
19:18:36.273596,1023,recvfrom(37, 0xbee6c828, 24, 64, 0, 0) = -1 EAGAIN (Try again)
19:18:36.274258,1023,clock_gettime(CLOCK_MONOTONIC, {134, 559196015}) = 0
19:18:36.275009,1023,clock_gettime(CLOCK_MONOTONIC, {134, 559946062}) = 0
19:18:36.275641,1023,clock_gettime(CLOCK_MONOTONIC, {134, 560616567}) = 0
19:18:36.276303,1023,clock_gettime(CLOCK_MONOTONIC, {134, 561255948}) = 0
19:18:36.276996,1023,recvfrom(38, 0xb88738b0, 1240, 64, 0, 0) = -1 EAGAIN (Try again)
19:18:36.277623,1023,clock_gettime(CLOCK_MONOTONIC, {134, 562574137}) = 0
19:18:36.278288,1023,clock_gettime(CLOCK_MONOTONIC, {134, 563233759}) = 0
19:18:36.278952,1023,getpid() = 1023
19:18:36.279514,1023,getuid32() = 10050
19:18:36.280117,1023,epoll_wait(0x1e, 0xbee6d1f8, 0x10, 0) = 0
19:18:36.280712,1023,clock_gettime(CLOCK_MONOTONIC, {134, 565662932}) = 0
19:18:36.281383,1023,ioctl(9, 0xc0186201, 0xbee6d328) = 0
19:18:36.282002,1023,epoll_wait(0x1e, 0xbee6d1f8, 0x10, 0x39) = 0
19:18:36.354919,1023,clock_gettime(CLOCK_MONOTONIC, {134, 639874161}) = 0
19:18:36.355585,1023,clock_gettime(CLOCK_MONOTONIC, {134, 640548161}) = 0
19:18:36.356280,1023,recvfrom(37, 0xbee6c9a8, 24, 64, 0, 0) = -1 EAGAIN (Try again)
19:18:36.356914,1023,ioctl(9, 0xc0186201, 0xbee6d178) = 0
19:18:36.357902,1023,getpid() = 1023
19:18:36.358439,1023,getuid32() = 10050
19:18:36.359052,1023,epoll_wait(0x1e, 0xbee6d1f8, 0x10, 0) = 0
19:18:36.359612,1023,clock_gettime(CLOCK_MONOTONIC, {134, 644570600}) = 0
19:18:36.360288,1023,epoll_wait(0x1e, 0xbee6d1f8, 0x10, 0xffffffff) = 1
19:18:36.448148,1023,recvfrom(37, "nysv\0\0\0\0¦\1NY\37\0\0\0\f\4\0\0\224Â'¸", 24, MSG_DONTWAIT, NULL, NULL) = 24
19:18:36.449014,1023,recvfrom(37, 0xbee6c828, 24, 64, 0, 0) = -1 EAGAIN (Try again)
19:18:36.449599,1023,clock_gettime(CLOCK_MONOTONIC, {134, 734553913}) = 0
19:18:36.450261,1023,write(29, "W", 1) = 1
19:18:36.450991,1023,clock_gettime(CLOCK_MONOTONIC, {134, 735921138}) = 0
19:18:36.451598,1023,clock_gettime(CLOCK_MONOTONIC, {134, 736551561}) = 0
19:18:36.452233,1023,clock_gettime(CLOCK_MONOTONIC, {134, 737161700}) = 0
19:18:36.452869,1023,clock_gettime(CLOCK_MONOTONIC, {134, 737796455}) = 0
19:18:36.453695,1023,clock_gettime(CLOCK_MONOTONIC, {134, 738662663}) = 0
19:18:36.454348,1023,clock_gettime(CLOCK_MONOTONIC, {134, 739276226}) = 0
19:18:36.455005,1023,recvfrom(37, 0xbee6c9a8, 24, 64, 0, 0) = -1 EAGAIN (Try again)
19:18:36.455562,1023,ioctl(9, 0xc0186201, 0xbee6d178) = 0
19:18:36.456420,1023,clock_gettime(CLOCK_MONOTONIC, {134, 741405804}) = 0
19:18:36.457159,1023,clock_gettime(CLOCK_MONOTONIC, {134, 742088016}) = 0
19:18:36.457766,1023,clock_gettime(CLOCK_MONOTONIC, {134, 742727454}) = 0
19:18:36.458398,1023,clock_gettime(CLOCK_MONOTONIC, {134, 743325892}) = 0
19:18:36.459074,1023,clock_gettime(CLOCK_MONOTONIC, {134, 744006487}) = 0
19:18:36.459709,1023,write(29, "W", 1) = 1
19:18:36.497718,1023,ioctl(9, 0xc0186201, 0xbee6cf10) = 0
19:18:36.499714,1023,clock_gettime(CLOCK_MONOTONIC, {134, 784700691}) = 0
19:18:36.503096,1023,clock_gettime(CLOCK_MONOTONIC, {134, 788043613}) = 0
19:18:36.503738,1023,ioctl(9, 0xc0186201, 0xbee6d0c8) = 0
19:18:36.504879,1023,getpid() = 1023
19:18:36.505398,1023,getuid32() = 10050
19:18:36.506049,1023,epoll_wait(0x1e, 0xbee6d1f8, 0x10, 0) = 2
19:18:36.509641,1023,read(23, "WW", 16) = 2
19:18:36.562440,1023,recvfrom(37, "nysv\0\0\0\0\226BÌ^\37\0\0\0\r\4\0\0\224Â'¸", 24, MSG_DONTWAIT, NULL, NULL) = 24
19:18:36.563236,1023,recvfrom(37, 0xbee6c828, 24, 64, 0, 0) = -1 EAGAIN (Try again)
19:18:36.563917,1023,clock_gettime(CLOCK_MONOTONIC, {134, 848847650}) = 0
19:18:36.564608,1023,clock_gettime(CLOCK_MONOTONIC, {134, 849566404}) = 0
19:18:36.565263,1023,clock_gettime(CLOCK_MONOTONIC, {134, 850192183}) = 0
19:18:36.566101,1023,writev(3, [{"\4", 1}, {"Choreographer\0", 14}, {"Skipped 30 frames! The applicat"..., 83}], 3) = 98
19:18:36.567340,1023,clock_gettime(CLOCK_MONOTONIC, {134, 852271940}) = 0
19:18:36.568079,1023,recvfrom(38, 0xb88738b0, 1240, 64, 0, 0) = -1 EAGAIN (Try again)
19:18:36.568649,1023,clock_gettime(CLOCK_MONOTONIC, {134, 853620660}) = 0
19:18:36.569522,1023,clock_gettime(CLOCK_MONOTONIC, {134, 854452609}) = 0
19:18:36.596609,1023,clock_gettime(CLOCK_MONOTONIC, {134, 883770875}) = 0
19:18:36.599603,1023,recvfrom(37, 0xbee6c9a8, 24, 64, 0, 0) = -1 EAGAIN (Try again)
19:18:36.600269,1023,ioctl(9, 0xc0186201, 0xbee6d178) = 0
19:18:36.601574,1023,clock_gettime(CLOCK_MONOTONIC, {134, 886515287}) = 0
19:18:36.602355,1023,clock_gettime(CLOCK_MONOTONIC, {134, 887293203}) = 0
19:18:36.603108,1023,clock_gettime(CLOCK_MONOTONIC, {134, 888046240}) = 0
19:18:36.603739,1023,clock_gettime(CLOCK_MONOTONIC, {134, 888776825}) = 0
19:18:36.604498,1023,clock_gettime(CLOCK_MONOTONIC, {134, 889434757}) = 0
19:18:36.605430,1023,ioctl(9, 0xc0186201, 0xbee6cf10) = 0
19:18:36.608868,1023,clock_gettime(CLOCK_MONOTONIC, {134, 893829879}) = 0
19:18:36.613163,1023,clock_gettime(CLOCK_MONOTONIC, {134, 898380027}) = 0
19:18:36.614222,1023,ioctl(9, 0xc0186201, 0xbee6d0c8) = 0
19:18:36.615468,1023,getpid() = 1023
19:18:36.616047,1023,getuid32() = 10050
19:18:36.616628,1023,epoll_wait(0x1e, 0xbee6d1f8, 0x10, 0 <unfinished ...>
19:18:36.646945,1048,<... futex resumed> ) = -1 ETIMEDOUT (Connection timed out)
19:18:36.647571,1048,munmap(0xac860000, 32768) = 0
19:18:36.648216,1048,ioctl(9, 0xc0186201, 0xac85fe70) = 0
19:18:36.649185,1048,ioctl(9, 0x40046208, 0) = 0
19:18:36.649709,1048,sigprocmask(SIG_SETMASK, ~[SEGV], NULL) = 0
19:18:36.650296,1048,munmap(0xac760000, 1048576) = 0
19:18:36.650881,1048,exit(0) = ?
19:18:36.666643,1023,<... epoll_wait resumed> ) = 1
19:18:36.667079,1023,recvfrom(37, "nysv\0\0\0\0&\4ôg\37\0\0\0\17\4\0\0\224Â'¸", 24, MSG_DONTWAIT, NULL, NULL) = 24
19:18:36.667796,1023,recvfrom(37, 0xbee6c828, 24, 64, 0, 0) = -1 EAGAIN (Try again)
19:18:36.668444,1023,clock_gettime(CLOCK_MONOTONIC, {134, 953372554}) = 0
19:18:36.669171,1023,clock_gettime(CLOCK_MONOTONIC, {134, 954099962}) = 0
19:18:36.669826,1023,getpid() = 1023
19:18:36.670336,1023,getuid32() = 10050
19:18:36.670917,1023,epoll_wait(0x1e, 0xbee6d1f8, 0x10, 0) = 0
19:18:36.671482,1023,clock_gettime(CLOCK_MONOTONIC, {134, 956412846}) = 0
19:18:36.672141,1023,clock_gettime(CLOCK_MONOTONIC, {134, 957067685}) = 0
19:18:36.672918,1023,clock_gettime(CLOCK_MONOTONIC, {134, 957878101}) = 0
19:18:36.673565,1023,recvfrom(38, 0xb88738b0, 1240, 64, 0, 0) = -1 EAGAIN (Try again)
19:18:36.674219,1023,clock_gettime(CLOCK_MONOTONIC, {134, 959146620}) = 0
19:18:36.674854,1023,clock_gettime(CLOCK_MONOTONIC, {134, 959797285}) = 0
19:18:36.675473,1023,getpid() = 1023
19:18:36.676057,1023,getuid32() = 10050
19:18:36.676594,1023,epoll_wait(0x1e, 0xbee6d1f8, 0x10, 0) = 0
19:18:36.677161,1023,clock_gettime(CLOCK_MONOTONIC, {134, 962087612}) = 0
19:18:36.677783,1023,ioctl(9, 0xc0186201, 0xbee6d328) = 0
19:18:36.678386,1023,epoll_wait(0x1e, 0xbee6d1f8, 0x10, 0xf) = 0
19:18:36.698601,1023,clock_gettime(CLOCK_MONOTONIC, {134, 983553615}) = 0
19:18:36.699277,1023,clock_gettime(CLOCK_MONOTONIC, {134, 984216953}) = 0
19:18:36.699945,1023,recvfrom(37, 0xbee6c9a8, 24, 64, 0, 0) = -1 EAGAIN (Try again)
19:18:36.700545,1023,ioctl(9, 0xc0186201, 0xbee6d178) = 0
19:18:36.701576,1023,getpid() = 1023
19:18:36.702129,1023,getuid32() = 10050
19:18:36.702713,1023,epoll_wait(0x1e, 0xbee6d1f8, 0x10, 0) = 0
19:18:36.703352,1023,clock_gettime(CLOCK_MONOTONIC, {134, 988286963}) = 0
19:18:36.704053,1023,epoll_wait(0x1e, 0xbee6d1f8, 0x10, 0xffffffff <unfinished ...>
19:18:36.712060,61,<... select resumed> ) = ? ERESTARTNOHAND (To be restarted)
19:18:36.712395,61,--- {si_signo=SIGCHLD, si_code=CLD_KILLED, si_pid=555, si_status=SIGKILL, si_utime=13, si_stime=7} (Child exited) ---
19:18:36.712755,61,wait4(-1, [{WIFSIGNALED(s) && WTERMSIG(s) == SIGKILL}], WNOHANG, NULL) = 555
19:18:36.719257,61,wait4(-1, <unfinished ...>
19:18:36.719582,1023,<... epoll_wait resumed> ) = 1
19:18:36.719817,61,<... wait4 resumed> 0xbee6d2dc, WNOHANG, NULL) = 0
19:18:36.720156,61,sigreturn() = ? (mask now [INT FPE KILL PIPE ALRM STKFLT CHLD CONT STOP XCPU VTALRM PROF IO PWR RTMIN])
19:18:36.721237,61,select(24, [9 23], NULL, NULL, NULL <unfinished ...>
19:18:36.722336,1023,recvfrom(37, "nysv\0\0\0\0*uçm\37\0\0\0\21\4\0\0\224Â'¸", 24, MSG_DONTWAIT, NULL, NULL) = 24
19:18:36.724085,1023,recvfrom(37, 0xbee6c828, 24, 64, 0, 0) = -1 EAGAIN (Try again)
19:18:36.746297,1023,clock_gettime(CLOCK_MONOTONIC, {135, 31805341}) = 0
19:18:36.747593,1023,write(29, "W", 1) = 1
19:18:36.748401,1023,clock_gettime(CLOCK_MONOTONIC, {135, 33331654}) = 0
19:18:36.749082,1023,clock_gettime(CLOCK_MONOTONIC, {135, 34064886}) = 0
19:18:36.749728,1023,clock_gettime(CLOCK_MONOTONIC, {135, 34768579}) = 0
19:18:36.750497,1023,clock_gettime(CLOCK_MONOTONIC, {135, 35470538}) = 0
19:18:36.751627,1023,clock_gettime(CLOCK_MONOTONIC, {135, 36623055}) = 0
19:18:36.752436,1023,clock_gettime(CLOCK_MONOTONIC, {135, 37415820}) = 0
19:18:36.753190,1023,recvfrom(37, 0xbee6c9a8, 24, 64, 0, 0) = -1 EAGAIN (Try again)
19:18:36.753875,1023,ioctl(9, 0xc0186201, 0xbee6d178) = 0
19:18:36.754919,1023,clock_gettime(CLOCK_MONOTONIC, {135, 39912606}) = 0
19:18:36.755660,1023,clock_gettime(CLOCK_MONOTONIC, {135, 40678821}) = 0
19:18:36.756348,1023,clock_gettime(CLOCK_MONOTONIC, {135, 41296748}) = 0
19:18:36.757063,1023,clock_gettime(CLOCK_MONOTONIC, {135, 42000893}) = 0
19:18:36.757715,1023,clock_gettime(CLOCK_MONOTONIC, {135, 42696475}) = 0
19:18:36.818411,1023,write(29, "W", 1) = 1
19:18:36.819332,1023,ioctl(9, 0xc0186201, 0xbee6cf10) = 0
19:18:36.820222,1023,ioctl(9, 0xc0186201, 0xbee6cf10) = 0
19:18:36.821676,1023,clock_gettime(CLOCK_MONOTONIC, {135, 106657499}) = 0
19:18:36.825346,1023,clock_gettime(CLOCK_MONOTONIC, {135, 110289569}) = 0
19:18:36.826026,1023,ioctl(9, 0xc0186201, 0xbee6d0c8) = 0
19:18:36.826913,1023,ioctl(9, 0xc0186201, 0xbee6d0c8) = 0
19:18:36.827654,1023,getpid() = 1023
19:18:36.828227,1023,getuid32() = 10050
19:18:36.836026,1023,epoll_wait(0x1e, 0xbee6d1f8, 0x10, 0) = 2
19:18:36.836595,1023,read(23, "WW", 16) = 2
19:18:36.837274,1023,recvfrom(37, "nysv\0\0\0\0¶Å\33q\37\0\0\0\22\4\0\0\224Â'¸", 24, MSG_DONTWAIT, NULL, NULL) = 24
19:18:36.838043,1023,recvfrom(37, 0xbee6c828, 24, 64, 0, 0) = -1 EAGAIN (Try again)
19:18:36.838669,1023,clock_gettime(CLOCK_MONOTONIC, {135, 123657760}) = 0
19:18:36.839437,1023,clock_gettime(CLOCK_MONOTONIC, {135, 124365435}) = 0
19:18:36.840136,1023,clock_gettime(CLOCK_MONOTONIC, {135, 125064382}) = 0
19:18:36.840728,1023,clock_gettime(CLOCK_MONOTONIC, {135, 125752500}) = 0
19:18:36.841436,1023,recvfrom(38, 0xb88738b0, 1240, 64, 0, 0) = -1 EAGAIN (Try again)
19:18:36.842038,1023,clock_gettime(CLOCK_MONOTONIC, {135, 126965325}) = 0
19:18:36.842630,1023,clock_gettime(CLOCK_MONOTONIC, {135, 127595960}) = 0
19:18:36.843261,1023,getpid() = 1023
19:18:36.843789,1023,getuid32() = 10050
19:18:36.844363,1023,epoll_wait(0x1e, 0xbee6d1f8, 0x10, 0) = 0
19:18:36.844965,1023,clock_gettime(CLOCK_MONOTONIC, {135, 129891721}) = 0
19:18:36.845561,1023,ioctl(9, 0xc0186201, 0xbee6d328) = 0
19:18:36.846168,1023,epoll_wait(0x1e, 0xbee6d1f8, 0x10, 0x2) = 0
19:18:36.856799,1023,clock_gettime(CLOCK_MONOTONIC, {135, 141825185}) = 0
19:18:36.857506,1023,clock_gettime(CLOCK_MONOTONIC, {135, 142436047}) = 0
19:18:36.858225,1023,recvfrom(37, 0xbee6c9a8, 24, 64, 0, 0) = -1 EAGAIN (Try again)
19:18:36.858827,1023,ioctl(9, 0xc0186201, 0xbee6d178) = 0
19:18:36.859706,1023,getpid() = 1023
19:18:36.860393,1023,getuid32() = 10050
19:18:36.861104,1023,epoll_wait(0x1e, 0xbee6d1f8, 0x10, 0) = 0
19:18:36.861717,1023,clock_gettime(CLOCK_MONOTONIC, {135, 146701113}) = 0
19:18:36.862383,1023,epoll_wait(0x1e, 0xbee6d1f8, 0x10, 0xffffffff) = 1
19:18:36.897239,1023,recvfrom(37, "nysv\0\0\0\0Îf\204w\37\0\0\0\24\4\0\0\224Â'¸", 24, MSG_DONTWAIT, NULL, NULL) = 24
19:18:36.898065,1023,recvfrom(37, 0xbee6c828, 24, 64, 0, 0) = -1 EAGAIN (Try again)
19:18:36.898722,1023,clock_gettime(CLOCK_MONOTONIC, {135, 183672451}) = 0
19:18:36.899409,1023,write(29, "W", 1) = 1
19:18:36.900114,1023,clock_gettime(CLOCK_MONOTONIC, {135, 185057355}) = 0
19:18:36.900775,1023,clock_gettime(CLOCK_MONOTONIC, {135, 185717443}) = 0
19:18:36.901417,1023,clock_gettime(CLOCK_MONOTONIC, {135, 186359469}) = 0
19:18:36.902137,1023,clock_gettime(CLOCK_MONOTONIC, {135, 187081871}) = 0
19:18:36.903047,1023,clock_gettime(CLOCK_MONOTONIC, {135, 187991400}) = 0
19:18:36.903713,1023,clock_gettime(CLOCK_MONOTONIC, {135, 188662106}) = 0
19:18:36.904387,1023,recvfrom(37, 0xbee6c9a8, 24, 64, 0, 0) = -1 EAGAIN (Try again)
19:18:36.905063,1023,ioctl(9, 0xc0186201, 0xbee6d178) = 0
19:18:36.915608,1023,clock_gettime(CLOCK_MONOTONIC, {135, 200674373}) = 0
19:18:36.916440,1023,clock_gettime(CLOCK_MONOTONIC, {135, 201417877}) = 0
19:18:36.917176,1023,clock_gettime(CLOCK_MONOTONIC, {135, 202126991}) = 0
19:18:36.917901,1023,clock_gettime(CLOCK_MONOTONIC, {135, 202852117}) = 0
19:18:36.918611,1023,clock_gettime(CLOCK_MONOTONIC, {135, 203642112}) = 0
19:18:36.919421,1023,write(29, "W", 1) = 1
19:18:36.920372,1023,ioctl(9, 0xc0186201, 0xbee6cf10) = 0
19:18:36.921317,1023,ioctl(9, 0xc0186201, 0xbee6cf10) = 0
19:18:36.922860,1023,clock_gettime(CLOCK_MONOTONIC, {135, 207825342}) = 0
19:18:36.989398,1023,clock_gettime(CLOCK_MONOTONIC, {135, 274503267}) = 0
19:18:36.990251,1023,ioctl(9, 0xc0186201, 0xbee6d0c8) = 0
19:18:36.991326,1023,getpid() = 1023
19:18:37.017888,1023,getuid32() = 10050
19:18:37.018566,1023,epoll_wait(0x1e, 0xbee6d1f8, 0x10, 0) = 2
19:18:37.019160,1023,read(23, "WW", 16) = 2
19:18:37.019780,1023,recvfrom(37, "nysv\0\0\0\0 ßR|\37\0\0\0\25\4\0\0\224Â'¸", 24, MSG_DONTWAIT, NULL, NULL) = 24
19:18:37.020577,1023,recvfrom(37, 0xbee6c828, 24, 64, 0, 0) = -1 EAGAIN (Try again)
19:18:37.021213,1023,clock_gettime(CLOCK_MONOTONIC, {135, 306155009}) = 0
19:18:37.021944,1023,clock_gettime(CLOCK_MONOTONIC, {135, 306968123}) = 0
19:18:37.022682,1023,clock_gettime(CLOCK_MONOTONIC, {135, 307630532}) = 0
19:18:37.023332,1023,clock_gettime(CLOCK_MONOTONIC, {135, 308273221}) = 0
19:18:37.024003,1023,recvfrom(38, 0xb88738b0, 1240, 64, 0, 0) = -1 EAGAIN (Try again)
19:18:37.024613,1023,clock_gettime(CLOCK_MONOTONIC, {135, 309560114}) = 0
19:18:37.025515,1023,clock_gettime(CLOCK_MONOTONIC, {135, 310457199}) = 0
19:18:37.026186,1023,clock_gettime(CLOCK_MONOTONIC, {135, 311128135}) = 0
19:18:37.026856,1023,recvfrom(37, 0xbee6c9a8, 24, 64, 0, 0) = -1 EAGAIN (Try again)
19:18:37.027455,1023,ioctl(9, 0xc0186201, 0xbee6d178) = 0
19:18:37.028489,1023,clock_gettime(CLOCK_MONOTONIC, {135, 313432402}) = 0
19:18:37.056863,1023,clock_gettime(CLOCK_MONOTONIC, {135, 341840530}) = 0
19:18:37.057565,1023,clock_gettime(CLOCK_MONOTONIC, {135, 342507519}) = 0
19:18:37.058301,1023,clock_gettime(CLOCK_MONOTONIC, {135, 343252023}) = 0
19:18:37.059017,1023,clock_gettime(CLOCK_MONOTONIC, {135, 343967011}) = 0
19:18:37.059928,1023,ioctl(9, 0xc0186201, 0xbee6cf10) = 0
19:18:37.061699,1023,clock_gettime(CLOCK_MONOTONIC, {135, 346660493}) = 0
19:18:37.065348,1023,clock_gettime(CLOCK_MONOTONIC, {135, 350304562}) = 0
19:18:37.066047,1023,ioctl(9, 0xc0186201, 0xbee6d0c8) = 0
19:18:37.067172,1023,getpid() = 1023
19:18:37.089538,1023,getuid32() = 10050
19:18:37.090208,1023,epoll_wait(0x1e, 0xbee6d1f8, 0x10, 0) = 1
19:18:37.090802,1023,recvfrom(37, "nysv\0\0\0\0|ð[\201\37\0\0\0\27\4\0\0\224Â'¸", 24, MSG_DONTWAIT, NULL, NULL) = 24
19:18:37.091545,1023,recvfrom(37, 0xbee6c828, 24, 64, 0, 0) = -1 EAGAIN (Try again)
19:18:37.092179,1023,clock_gettime(CLOCK_MONOTONIC, {135, 377120821}) = 0
19:18:37.097997,1023,clock_gettime(CLOCK_MONOTONIC, {135, 382946824}) = 0
19:18:37.098676,1023,getpid() = 1023
19:18:37.099235,1023,getuid32() = 10050
19:18:37.099827,1023,epoll_wait(0x1e, 0xbee6d1f8, 0x10, 0) = 0
19:18:37.100413,1023,clock_gettime(CLOCK_MONOTONIC, {135, 385353774}) = 0
19:18:37.101066,1023,clock_gettime(CLOCK_MONOTONIC, {135, 386007268}) = 0
19:18:37.101705,1023,clock_gettime(CLOCK_MONOTONIC, {135, 386652684}) = 0
19:18:37.102377,1023,recvfrom(38, 0xb88738b0, 1240, 64, 0, 0) = -1 EAGAIN (Try again)
19:18:37.102995,1023,clock_gettime(CLOCK_MONOTONIC, {135, 387936198}) = 0
19:18:37.103637,1023,clock_gettime(CLOCK_MONOTONIC, {135, 388584781}) = 0
19:18:37.104285,1023,getpid() = 1023
19:18:37.104839,1023,getuid32() = 10050
19:18:37.105419,1023,epoll_wait(0x1e, 0xbee6d1f8, 0x10, 0) = 0
19:18:37.106000,1023,clock_gettime(CLOCK_MONOTONIC, {135, 390939865}) = 0
19:18:37.106649,1023,ioctl(9, 0xc0186201, 0xbee6d328) = 0
19:18:37.107256,1023,epoll_wait(0x1e, 0xbee6d1f8, 0x10, 0x2a) = 0
19:18:37.176272,1023,clock_gettime(CLOCK_MONOTONIC, {135, 461231436}) = 0
19:18:37.177062,1023,clock_gettime(CLOCK_MONOTONIC, {135, 462008660}) = 0
19:18:37.177740,1023,recvfrom(37, 0xbee6c9a8, 24, 64, 0, 0) = -1 EAGAIN (Try again)
19:18:37.178389,1023,ioctl(9, 0xc0186201, 0xbee6d178) = 0
19:18:37.179369,1023,getpid() = 1023
19:18:37.180069,1023,getuid32() = 10050
19:18:37.180723,1023,epoll_wait(0x1e, 0xbee6d1f8, 0x10, 0) = 0
19:18:37.181337,1023,clock_gettime(CLOCK_MONOTONIC, {135, 466287950}) = 0
19:18:37.182034,1023,epoll_wait(0x1e, 0xbee6d1f8, 0x10, 0xffffffff) = 1
19:18:37.220671,1023,recvfrom(37, "nysv\0\0\0\0\f²\203\212\37\0\0\0\31\4\0\0\224Â'¸", 24, MSG_DONTWAIT, NULL, NULL) = 24
19:18:37.221566,1023,recvfrom(37, 0xbee6c828, 24, 64, 0, 0) = -1 EAGAIN (Try again)
19:18:37.222312,1023,clock_gettime(CLOCK_MONOTONIC, {135, 507308234}) = 0
19:18:37.223119,1023,write(29, "W", 1) = 1
19:18:37.223855,1023,clock_gettime(CLOCK_MONOTONIC, {135, 508804101}) = 0
19:18:37.224537,1023,clock_gettime(CLOCK_MONOTONIC, {135, 509488450}) = 0
19:18:37.225286,1023,clock_gettime(CLOCK_MONOTONIC, {135, 510229164}) = 0
19:18:37.247181,1023,clock_gettime(CLOCK_MONOTONIC, {135, 532173300}) = 0
19:18:37.248206,1023,clock_gettime(CLOCK_MONOTONIC, {135, 533155531}) = 0
19:18:37.248969,1023,clock_gettime(CLOCK_MONOTONIC, {135, 533941581}) = 0
19:18:37.249673,1023,recvfrom(37, 0xbee6c9a8, 24, 64, 0, 0) = -1 EAGAIN (Try again)
19:18:37.250421,1023,ioctl(9, 0xc0186201, 0xbee6d178) = 0
19:18:37.251482,1023,clock_gettime(CLOCK_MONOTONIC, {135, 536502335}) = 0
19:18:37.252397,1023,clock_gettime(CLOCK_MONOTONIC, {135, 537343908}) = 0
19:18:37.253182,1023,clock_gettime(CLOCK_MONOTONIC, {135, 538209408}) = 0
19:18:37.254096,1023,clock_gettime(CLOCK_MONOTONIC, {135, 539050436}) = 0
19:18:37.254861,1023,clock_gettime(CLOCK_MONOTONIC, {135, 539845714}) = 0
19:18:37.255585,1023,write(29, "W", 1) = 1
19:18:37.256486,1023,ioctl(9, 0xc0186201, 0xbee6cf10) = 0
19:18:37.257390,1023,ioctl(9, 0xc0186201, 0xbee6cf10) = 0
19:18:37.287477,1023,clock_gettime(CLOCK_MONOTONIC, {135, 575803812}) = 0
19:18:37.294463,1023,clock_gettime(CLOCK_MONOTONIC, {135, 579703510}) = 0
19:18:37.338397,1023,ioctl(9, 0xc0186201, 0xbee6d0c8) = 0
19:18:37.339700,1023,getpid() = 1023
19:18:37.340271,1023,getuid32() = 10050
19:18:37.340878,1023,epoll_wait(0x1e, 0xbee6d1f8, 0x10, 0) = 2
19:18:37.341457,1023,read(23, "WW", 16) = 2
19:18:37.342078,1023,recvfrom(37, "nysv\0\0\0\0Àb¢\216\37\0\0\0\32\4\0\0\224Â'¸", 24, MSG_DONTWAIT, NULL, NULL) = 24
19:18:37.342824,1023,recvfrom(37, 0xbee6c828, 24, 64, 0, 0) = -1 EAGAIN (Try again)
19:18:37.343452,1023,clock_gettime(CLOCK_MONOTONIC, {135, 628394618}) = 0
19:18:37.344180,1023,clock_gettime(CLOCK_MONOTONIC, {135, 629123283}) = 0
19:18:37.344839,1023,clock_gettime(CLOCK_MONOTONIC, {135, 629781845}) = 0
19:18:37.345483,1023,clock_gettime(CLOCK_MONOTONIC, {135, 630424768}) = 0
19:18:37.346152,1023,recvfrom(38, 0xb88738b0, 1240, 64, 0, 0) = -1 EAGAIN (Try again)
19:18:37.346770,1023,clock_gettime(CLOCK_MONOTONIC, {135, 631712158}) = 0
19:18:37.347666,1023,clock_gettime(CLOCK_MONOTONIC, {135, 632615638}) = 0
19:18:37.348337,1023,clock_gettime(CLOCK_MONOTONIC, {135, 633279700}) = 0
19:18:37.349009,1023,recvfrom(37, 0xbee6c9a8, 24, 64, 0, 0) = -1 EAGAIN (Try again)
19:18:37.349604,1023,ioctl(9, 0xc0186201, 0xbee6d178) = 0
19:18:37.350541,1023,clock_gettime(CLOCK_MONOTONIC, {135, 635484274}) = 0
19:18:37.351218,1023,clock_gettime(CLOCK_MONOTONIC, {135, 636162128}) = 0
19:18:37.351874,1023,clock_gettime(CLOCK_MONOTONIC, {135, 636816423}) = 0
19:18:37.352520,1023,clock_gettime(CLOCK_MONOTONIC, {135, 637461667}) = 0
19:18:37.452138,1023,clock_gettime(CLOCK_MONOTONIC, {135, 737195285}) = 0
19:18:37.453151,1023,ioctl(9, 0xc0186201, 0xbee6cf10) = 0
19:18:37.454017,1023,ioctl(9, 0xc0186201, 0xbee6cf10) = 0
19:18:37.455369,1023,clock_gettime(CLOCK_MONOTONIC, {135, 740317064}) = 0
19:18:37.489955,1023,clock_gettime(CLOCK_MONOTONIC, {135, 775517895}) = 0
19:18:37.491267,1023,ioctl(9, 0xc0186201, 0xbee6d0c8) = 0
19:18:37.492464,1023,getpid() = 1023
19:18:37.493032,1023,getuid32() = 10050
19:18:37.493651,1023,epoll_wait(0x1e, 0xbee6d1f8, 0x10, 0) = 1
19:18:37.494248,1023,recvfrom(37, "nysv\0\0\0\0¦\væ\223\37\0\0\0\33\4\0\0\224Â'¸", 24, MSG_DONTWAIT, NULL, NULL) = 24
19:18:37.494994,1023,recvfrom(37, 0xbee6c828, 24, 64, 0, 0) = -1 EAGAIN (Try again)
19:18:37.495645,1023,clock_gettime(CLOCK_MONOTONIC, {135, 780594527}) = 0
19:18:37.496369,1023,clock_gettime(CLOCK_MONOTONIC, {135, 781311573}) = 0
19:18:37.497027,1023,clock_gettime(CLOCK_MONOTONIC, {135, 781970957}) = 0
19:18:37.497817,1023,writev(3, [{"\4", 1}, {"Choreographer\0", 14}, {"Skipped 40 frames! The applicat"..., 83}], 3) = 98
19:18:37.498913,1023,clock_gettime(CLOCK_MONOTONIC, {135, 783857811}) = 0
19:18:37.499585,1023,recvfrom(38, 0xb88738b0, 1240, 64, 0, 0) = -1 EAGAIN (Try again)
19:18:37.500207,1023,clock_gettime(CLOCK_MONOTONIC, {135, 785149325}) = 0
19:18:37.566764,1023,clock_gettime(CLOCK_MONOTONIC, {135, 851770157}) = 0
19:18:37.567552,1023,clock_gettime(CLOCK_MONOTONIC, {135, 852505857}) = 0
19:18:37.568265,1023,recvfrom(37, 0xbee6c9a8, 24, 64, 0, 0) = -1 EAGAIN (Try again)
19:18:37.568915,1023,ioctl(9, 0xc0186201, 0xbee6d178) = 0
19:18:37.570013,1023,clock_gettime(CLOCK_MONOTONIC, {135, 854965932}) = 0
19:18:37.570720,1023,clock_gettime(CLOCK_MONOTONIC, {135, 855677448}) = 0
19:18:37.571406,1023,clock_gettime(CLOCK_MONOTONIC, {135, 856356178}) = 0
19:18:37.572979,1023,clock_gettime(CLOCK_MONOTONIC, {135, 857942248}) = 0
19:18:37.573708,1023,clock_gettime(CLOCK_MONOTONIC, {135, 858665026}) = 0
19:18:37.574610,1023,ioctl(9, 0xc0186201, 0xbee6cf10) = 0
19:18:37.576393,1023,clock_gettime(CLOCK_MONOTONIC, {135, 861351290}) = 0
19:18:37.603744,1023,clock_gettime(CLOCK_MONOTONIC, {135, 888723257}) = 0
19:18:37.604451,1023,ioctl(9, 0xc0186201, 0xbee6d0c8) = 0
19:18:37.605704,1023,getpid() = 1023
19:18:37.606271,1023,getuid32() = 10050
19:18:37.606871,1023,epoll_wait(0x1e, 0xbee6d1f8, 0x10, 0) = 1
19:18:37.607451,1023,recvfrom(37, "nysv\0\0\0\0þ­¡¡\37\0\0\0\35\4\0\0\224Â'¸", 24, MSG_DONTWAIT, NULL, NULL) = 24
19:18:37.608200,1023,recvfrom(37, 0xbee6c828, 24, 64, 0, 0) = -1 EAGAIN (Try again)
19:18:37.608825,1023,clock_gettime(CLOCK_MONOTONIC, {135, 893767530}) = 0
19:18:37.609539,1023,clock_gettime(CLOCK_MONOTONIC, {135, 894481020}) = 0
19:18:37.610203,1023,getpid() = 1023
19:18:37.610758,1023,getuid32() = 10050
19:18:37.611343,1023,epoll_wait(0x1e, 0xbee6d1f8, 0x10, 0) = 0
19:18:37.611932,1023,clock_gettime(CLOCK_MONOTONIC, {135, 896873441}) = 0
19:18:37.655851,1023,getpid() = 1023
19:18:37.656637,1023,getuid32() = 10050
19:18:37.657254,1023,epoll_wait(0x1e, 0xbee6d1f8, 0x10, 0) = 0
19:18:37.657847,1023,clock_gettime(CLOCK_MONOTONIC, {135, 942791074}) = 0
19:18:37.658502,1023,clock_gettime(CLOCK_MONOTONIC, {135, 943443634}) = 0
19:18:37.659150,1023,clock_gettime(CLOCK_MONOTONIC, {135, 944092118}) = 0
19:18:37.659822,1023,recvfrom(38, 0xb88738b0, 1240, 64, 0, 0) = -1 EAGAIN (Try again)
19:18:37.660443,1023,clock_gettime(CLOCK_MONOTONIC, {135, 945385036}) = 0
19:18:37.661094,1023,clock_gettime(CLOCK_MONOTONIC, {135, 946034554}) = 0
19:18:37.661736,1023,getpid() = 1023
19:18:37.662290,1023,getuid32() = 10050
19:18:37.662878,1023,epoll_wait(0x1e, 0xbee6d1f8, 0x10, 0) = 0
19:18:37.663452,1023,clock_gettime(CLOCK_MONOTONIC, {135, 948393213}) = 0
19:18:37.664106,1023,clock_gettime(CLOCK_MONOTONIC, {135, 949047160}) = 0
19:18:37.664775,1023,recvfrom(37, 0xbee6c9a8, 24, 64, 0, 0) = -1 EAGAIN (Try again)
19:18:37.665374,1023,ioctl(9, 0xc0186201, 0xbee6d178) = 0
19:18:37.678798,1023,getpid() = 1023
19:18:37.679479,1023,getuid32() = 10050
19:18:37.680136,1023,epoll_wait(0x1e, 0xbee6d1f8, 0x10, 0) = 0
19:18:37.680729,1023,clock_gettime(CLOCK_MONOTONIC, {135, 965678779}) = 0
19:18:37.681402,1023,epoll_wait(0x1e, 0xbee6d1f8, 0x10, 0xffffffff) = 1
19:18:37.684795,1023,recvfrom(37, "nysv\0\0\0\0 çD¨\37\0\0\0\37\4\0\0\224Â'¸", 24, MSG_DONTWAIT, NULL, NULL) = 24
19:18:37.685579,1023,recvfrom(37, 0xbee6c828, 24, 64, 0, 0) = -1 EAGAIN (Try again)
19:18:37.733233,1023,clock_gettime(CLOCK_MONOTONIC, {136, 18745886}) = 0
19:18:37.734795,1023,write(29, "W", 1) = 1
19:18:37.736922,1023,clock_gettime(CLOCK_MONOTONIC, {136, 21879334}) = 0
19:18:37.762240,1023,clock_gettime(CLOCK_MONOTONIC, {136, 47302505}) = 0
19:18:37.763048,1023,clock_gettime(CLOCK_MONOTONIC, {136, 47993351}) = 0
19:18:37.763700,1023,clock_gettime(CLOCK_MONOTONIC, {136, 48650406}) = 0
19:18:37.764625,1023,clock_gettime(CLOCK_MONOTONIC, {136, 49576268}) = 0
19:18:37.765367,1023,clock_gettime(CLOCK_MONOTONIC, {136, 50319382}) = 0
19:18:37.766073,1023,recvfrom(37, 0xbee6c9a8, 24, 64, 0, 0) = -1 EAGAIN (Try again)
19:18:37.804489,1023,ioctl(9, 0xc0186201, 0xbee6d178) = 0
19:18:37.805522,1023,clock_gettime(CLOCK_MONOTONIC, {136, 90546772}) = 0
19:18:37.832115,1023,clock_gettime(CLOCK_MONOTONIC, {136, 141441747}) = 0
19:18:37.857313,1023,clock_gettime(CLOCK_MONOTONIC, {136, 142292797}) = 0
19:18:37.858040,1023,clock_gettime(CLOCK_MONOTONIC, {136, 142992073}) = 0
19:18:37.858764,1023,clock_gettime(CLOCK_MONOTONIC, {136, 143716162}) = 0
19:18:37.859472,1023,write(29, "W", 1) = 1
19:18:37.860383,1023,ioctl(9, 0xc0186201, 0xbee6cf10) = 0
19:18:37.862222,1023,clock_gettime(CLOCK_MONOTONIC, {136, 147180312}) = 0
19:18:37.867932,1023,clock_gettime(CLOCK_MONOTONIC, {136, 152912377}) = 0
19:18:37.868631,1023,ioctl(9, 0xc0186201, 0xbee6d0c8) = 0
19:18:37.869838,1023,getpid() = 1023
19:18:37.870377,1023,getuid32() = 10050
19:18:37.909501,1023,epoll_wait(0x1e, 0xbee6d1f8, 0x10, 0) = 2
19:18:37.910226,1023,read(23, "WW", 16) = 2
19:18:37.911056,1023,recvfrom(37, "nysv\0\0\0\0j\200Ò¯\37\0\0\0 \4\0\0\224Â'¸", 24, MSG_DONTWAIT, NULL, NULL) = 24
19:18:37.911774,1023,recvfrom(37, 0xbee6c828, 24, 64, 0, 0) = -1 EAGAIN (Try again)
19:18:37.912391,1023,clock_gettime(CLOCK_MONOTONIC, {136, 197319416}) = 0
19:18:37.913148,1023,clock_gettime(CLOCK_MONOTONIC, {136, 198162692}) = 0
19:18:37.913921,1023,clock_gettime(CLOCK_MONOTONIC, {136, 198850255}) = 0
19:18:37.914516,1023,clock_gettime(CLOCK_MONOTONIC, {136, 199443661}) = 0
19:18:37.915202,1023,recvfrom(38, 0xb88738b0, 1240, 64, 0, 0) = -1 EAGAIN (Try again)
19:18:37.915795,1023,clock_gettime(CLOCK_MONOTONIC, {136, 200810251}) = 0
19:18:37.916476,1023,clock_gettime(CLOCK_MONOTONIC, {136, 201403686}) = 0
19:18:37.917142,1023,getpid() = 1023
19:18:37.936460,1023,getuid32() = 10050
19:18:37.937364,1023,epoll_wait(0x1e, 0xbee6d1f8, 0x10, 0) = 0
19:18:37.938124,1023,clock_gettime(CLOCK_MONOTONIC, {136, 223295775}) = 0
19:18:37.939123,1023,ioctl(9, 0xc0186201, 0xbee6d328) = 0
19:18:37.939757,1023,epoll_wait(0x1e, 0xbee6d1f8, 0x10, 0x8) = 0
19:18:37.968401,1023,clock_gettime(CLOCK_MONOTONIC, {136, 253351354}) = 0
19:18:37.969157,1023,clock_gettime(CLOCK_MONOTONIC, {136, 254094232}) = 0
19:18:37.969844,1023,recvfrom(37, 0xbee6c9a8, 24, 64, 0, 0) = -1 EAGAIN (Try again)
19:18:37.970694,1023,ioctl(9, 0xc0186201, 0xbee6d178) = 0
19:18:37.971598,1023,getpid() = 1023
19:18:37.972273,1023,getuid32() = 10050
19:18:37.972884,1023,epoll_wait(0x1e, 0xbee6d1f8, 0x10, 0) = 0
19:18:37.973501,1023,clock_gettime(CLOCK_MONOTONIC, {136, 258436541}) = 0
19:18:37.974234,1023,epoll_wait(0x1e, 0xbee6d1f8, 0x10, 0xffffffff) = 1
19:18:37.975349,1023,recvfrom(37, "nysv\0\0\0\0\30\nª¹\37\0\0\0\"\4\0\0\224Â'¸", 24, MSG_DONTWAIT, NULL, NULL) = 24
19:18:37.976073,1023,recvfrom(37, 0xbee6c828, 24, 64, 0, 0) = -1 EAGAIN (Try again)
19:18:37.993606,1023,clock_gettime(CLOCK_MONOTONIC, {136, 278609285}) = 0
19:18:37.994353,1023,write(29, "W", 1) = 1
19:18:37.995148,1023,clock_gettime(CLOCK_MONOTONIC, {136, 280084322}) = 0
19:18:37.995817,1023,clock_gettime(CLOCK_MONOTONIC, {136, 280810368}) = 0
19:18:37.996493,1023,clock_gettime(CLOCK_MONOTONIC, {136, 281428313}) = 0
19:18:37.997117,1023,clock_gettime(CLOCK_MONOTONIC, {136, 282051251}) = 0
19:18:37.998032,1023,clock_gettime(CLOCK_MONOTONIC, {136, 282967692}) = 0
19:18:37.998669,1023,clock_gettime(CLOCK_MONOTONIC, {136, 283609205}) = 0
19:18:37.999316,1023,recvfrom(37, 0xbee6c9a8, 24, 64, 0, 0) = -1 EAGAIN (Try again)
19:18:37.999902,1023,ioctl(9, 0xc0186201, 0xbee6d178) = 0
19:18:38.000660,1023,clock_gettime(CLOCK_MONOTONIC, {136, 285598788}) = 0
19:18:38.001308,1023,clock_gettime(CLOCK_MONOTONIC, {136, 286264695}) = 0
19:18:38.001976,1023,clock_gettime(CLOCK_MONOTONIC, {136, 286918058}) = 0
19:18:38.002630,1023,clock_gettime(CLOCK_MONOTONIC, {136, 287575396}) = 0
19:18:38.003315,1023,clock_gettime(CLOCK_MONOTONIC, {136, 288249845}) = 0
19:18:38.004076,1023,write(29, "W", 1) = 1
19:18:38.004901,1023,ioctl(9, 0xc0186201, 0xbee6cf10) = 0
19:18:38.026520,1023,ioctl(9, 0xc0186201, 0xbee6cf10) = 0
19:18:38.057544,1023,clock_gettime(CLOCK_MONOTONIC, {136, 342524255}) = 0
19:18:38.060972,1023,clock_gettime(CLOCK_MONOTONIC, {136, 345913053}) = 0
19:18:38.061615,1023,ioctl(9, 0xc0186201, 0xbee6d0c8) = 0
19:18:38.062509,1023,ioctl(9, 0xc0186201, 0xbee6d0c8) = 0
19:18:38.063231,1023,getpid() = 1023
19:18:38.063788,1023,getuid32() = 10050
19:18:38.064432,1023,epoll_wait(0x1e, 0xbee6d1f8, 0x10, 0) = 2
19:18:38.065084,1023,read(23, "WW", 16) = 2
19:18:38.065670,1023,recvfrom(37, "nysv\0\0\0\0®ò\30½\37\0\0\0#\4\0\0\224Â'¸", 24, MSG_DONTWAIT, NULL, NULL) = 24
19:18:38.066476,1023,recvfrom(37, 0xbee6c828, 24, 64, 0, 0) = -1 EAGAIN (Try again)
19:18:38.067167,1023,clock_gettime(CLOCK_MONOTONIC, {136, 352101929}) = 0
19:18:38.095809,1023,clock_gettime(CLOCK_MONOTONIC, {136, 398480792}) = 0
19:18:38.114647,1023,clock_gettime(CLOCK_MONOTONIC, {136, 399647493}) = 0
19:18:38.115328,1023,clock_gettime(CLOCK_MONOTONIC, {136, 400256948}) = 0
19:18:38.115993,1023,recvfrom(38, 0xb88738b0, 1240, 64, 0, 0) = -1 EAGAIN (Try again)
19:18:38.116570,1023,clock_gettime(CLOCK_MONOTONIC, {136, 401497495}) = 0
19:18:38.117532,1023,clock_gettime(CLOCK_MONOTONIC, {136, 402461680}) = 0
19:18:38.118211,1023,clock_gettime(CLOCK_MONOTONIC, {136, 403153125}) = 0
19:18:38.118881,1023,recvfrom(37, 0xbee6c9a8, 24, 64, 0, 0) = -1 EAGAIN (Try again)
19:18:38.144412,1023,ioctl(9, 0xc0186201, 0xbee6d178) = 0
19:18:38.145532,1023,clock_gettime(CLOCK_MONOTONIC, {136, 430575717}) = 0
19:18:38.146355,1023,clock_gettime(CLOCK_MONOTONIC, {136, 431291194}) = 0
19:18:38.147080,1023,clock_gettime(CLOCK_MONOTONIC, {136, 432016807}) = 0
19:18:38.147703,1023,clock_gettime(CLOCK_MONOTONIC, {136, 432676197}) = 0
19:18:38.148392,1023,clock_gettime(CLOCK_MONOTONIC, {136, 433327371}) = 0
19:18:38.149260,1023,ioctl(9, 0xc0186201, 0xbee6cf10) = 0
19:18:38.150092,1023,ioctl(9, 0xc0186201, 0xbee6cf10) = 0
19:18:38.151429,1023,clock_gettime(CLOCK_MONOTONIC, {136, 436367339}) = 0
19:18:38.156409,1023,clock_gettime(CLOCK_MONOTONIC, {136, 441526270}) = 0
19:18:38.157313,1023,ioctl(9, 0xc0186201, 0xbee6d0c8) = 0
19:18:38.158215,1023,ioctl(9, 0xc0186201, 0xbee6d0c8) = 0
19:18:38.159033,1023,getpid() = 1023
19:18:38.159572,1023,getuid32() = 10050
19:18:38.185924,1023,epoll_wait(0x1e, 0xbee6d1f8, 0x10, 0) = 1
19:18:38.186561,1023,recvfrom(37, "nysv\0\0\0\0ÚÃöÃ\37\0\0\0%\4\0\0\224Â'¸", 24, MSG_DONTWAIT, NULL, NULL) = 24
19:18:38.187336,1023,recvfrom(37, 0xbee6c828, 24, 64, 0, 0) = -1 EAGAIN (Try again)
19:18:38.188001,1023,clock_gettime(CLOCK_MONOTONIC, {136, 472941984}) = 0
19:18:38.188731,1023,clock_gettime(CLOCK_MONOTONIC, {136, 473765674}) = 0
19:18:38.189483,1023,getpid() = 1023
19:18:38.190112,1023,getuid32() = 10050
19:18:38.190692,1023,epoll_wait(0x1e, 0xbee6d1f8, 0x10, 0) = 0
19:18:38.191362,1023,clock_gettime(CLOCK_MONOTONIC, {136, 476294964}) = 0
19:18:38.192017,1023,clock_gettime(CLOCK_MONOTONIC, {136, 476952165}) = 0
19:18:38.192630,1023,clock_gettime(CLOCK_MONOTONIC, {136, 477601604}) = 0
19:18:38.193370,1023,recvfrom(38, 0xb88738b0, 1240, 64, 0, 0) = -1 EAGAIN (Try again)
19:18:38.194014,1023,clock_gettime(CLOCK_MONOTONIC, {136, 478949746}) = 0
19:18:38.194633,1023,clock_gettime(CLOCK_MONOTONIC, {136, 479607607}) = 0
19:18:38.195323,1023,getpid() = 1023
19:18:38.195904,1023,getuid32() = 10050
19:18:38.196462,1023,epoll_wait(0x1e, 0xbee6d1f8, 0x10, 0) = 0
19:18:38.197067,1023,clock_gettime(CLOCK_MONOTONIC, {136, 482000551}) = 0
19:18:38.197690,1023,ioctl(9, 0xc0186201, 0xbee6d328) = 0
19:18:38.198309,1023,epoll_wait(0x1e, 0xbee6d1f8, 0x10, 0x27) = 0
19:18:38.238941,1023,clock_gettime(CLOCK_MONOTONIC, {136, 523959991}) = 0
19:18:38.239678,1023,clock_gettime(CLOCK_MONOTONIC, {136, 524679319}) = 0
19:18:38.240394,1023,recvfrom(37, 0xbee6c9a8, 24, 64, 0, 0) = -1 EAGAIN (Try again)
19:18:38.241034,1023,ioctl(9, 0xc0186201, 0xbee6d178) = 0
19:18:38.241911,1023,getpid() = 1023
19:18:38.242623,1023,getuid32() = 10050
19:18:38.243275,1023,epoll_wait(0x1e, 0xbee6d1f8, 0x10, 0) = 0
19:18:38.243909,1023,clock_gettime(CLOCK_MONOTONIC, {136, 528854558}) = 0
19:18:38.244660,1023,epoll_wait(0x1e, 0xbee6d1f8, 0x10, 0xffffffff) = 1
19:18:38.258922,1023,recvfrom(37, "nysv\0\0\0\0Ô\234¯É\37\0\0\0'\4\0\0\224Â'¸", 24, MSG_DONTWAIT, NULL, NULL) = 24
19:18:38.259709,1023,recvfrom(37, 0xbee6c828, 24, 64, 0, 0) = -1 EAGAIN (Try again)
19:18:38.260366,1023,clock_gettime(CLOCK_MONOTONIC, {136, 545345583}) = 0
19:18:38.261224,1023,write(29, "W", 1) = 1
19:18:38.262077,1023,clock_gettime(CLOCK_MONOTONIC, {136, 547116268}) = 0
19:18:38.263014,1023,clock_gettime(CLOCK_MONOTONIC, {136, 547953507}) = 0
19:18:38.263682,1023,clock_gettime(CLOCK_MONOTONIC, {136, 548659357}) = 0
19:18:38.264375,1023,clock_gettime(CLOCK_MONOTONIC, {136, 549311852}) = 0
19:18:38.265313,1023,clock_gettime(CLOCK_MONOTONIC, {136, 550259498}) = 0
19:18:38.266026,1023,clock_gettime(CLOCK_MONOTONIC, {136, 550971364}) = 0
19:18:38.276397,1023,recvfrom(37, 0xbee6c9a8, 24, 64, 0, 0) = -1 EAGAIN (Try again)
19:18:38.277131,1023,ioctl(9, 0xc0186201, 0xbee6d178) = 0
19:18:38.277881,1023,clock_gettime(CLOCK_MONOTONIC, {136, 562852193}) = 0
19:18:38.278600,1023,clock_gettime(CLOCK_MONOTONIC, {136, 563586891}) = 0
19:18:38.279390,1023,clock_gettime(CLOCK_MONOTONIC, {136, 564329888}) = 0
19:18:38.280113,1023,clock_gettime(CLOCK_MONOTONIC, {136, 565050001}) = 0
19:18:38.280800,1023,clock_gettime(CLOCK_MONOTONIC, {136, 565748905}) = 0
19:18:38.281463,1023,write(29, "W", 1) = 1
19:18:38.282352,1023,ioctl(9, 0xc0186201, 0xbee6cf10) = 0
19:18:38.283068,1023,ioctl(9, 0xc0186201, 0xbee6cf10) = 0
19:18:38.373620,1023,clock_gettime(CLOCK_MONOTONIC, {136, 659844417}) = 0
19:18:38.402300,1023,clock_gettime(CLOCK_MONOTONIC, {136, 687275016}) = 0
19:18:38.403009,1023,ioctl(9, 0xc0186201, 0xbee6d0c8) = 0
19:18:38.404275,1023,getpid() = 1023
19:18:38.404829,1023,getuid32() = 10050
19:18:38.422849,1023,epoll_wait(0x1e, 0xbee6d1f8, 0x10, 0) = 2
19:18:38.427421,1023,read(23, "WW", 16) = 2
19:18:38.428053,1023,recvfrom(37, "nysv\0\0\0\0B%4Ì\37\0\0\0(\4\0\0\224Â'¸", 24, MSG_DONTWAIT, NULL, NULL) = 24
19:18:38.428779,1023,recvfrom(37, 0xbee6c828, 24, 64, 0, 0) = -1 EAGAIN (Try again)
19:18:38.429449,1023,clock_gettime(CLOCK_MONOTONIC, {136, 714377618}) = 0
19:18:38.430226,1023,clock_gettime(CLOCK_MONOTONIC, {136, 715154174}) = 0
19:18:38.430867,1023,clock_gettime(CLOCK_MONOTONIC, {136, 715795274}) = 0
19:18:38.431586,1023,writev(3, [{"\4", 1}, {"Choreographer\0", 14}, {"Skipped 37 frames! The applicat"..., 83}], 3) = 98
19:18:38.432736,1023,clock_gettime(CLOCK_MONOTONIC, {136, 717703765}) = 0
19:18:38.433390,1023,recvfrom(38, 0xb88738b0, 1240, 64, 0, 0) = -1 EAGAIN (Try again)
19:18:38.434000,1023,clock_gettime(CLOCK_MONOTONIC, {136, 718928239}) = 0
19:18:38.434866,1023,clock_gettime(CLOCK_MONOTONIC, {136, 719794436}) = 0
19:18:38.435478,1023,clock_gettime(CLOCK_MONOTONIC, {136, 720405077}) = 0
19:18:38.436148,1023,recvfrom(37, 0xbee6c9a8, 24, 64, 0, 0) = -1 EAGAIN (Try again)
19:18:38.436730,1023,ioctl(9, 0xc0186201, 0xbee6d178) = 0
19:18:38.437736,1023,clock_gettime(CLOCK_MONOTONIC, {136, 722684383}) = 0
19:18:38.438408,1023,clock_gettime(CLOCK_MONOTONIC, {136, 723349309}) = 0
19:18:38.439107,1023,clock_gettime(CLOCK_MONOTONIC, {136, 724042948}) = 0
19:18:38.439758,1023,clock_gettime(CLOCK_MONOTONIC, {136, 724752309}) = 0
19:18:38.440476,1023,clock_gettime(CLOCK_MONOTONIC, {136, 725410624}) = 0
19:18:38.441329,1023,ioctl(9, 0xc0186201, 0xbee6cf10) = 0
19:18:38.442997,1023,clock_gettime(CLOCK_MONOTONIC, {136, 727940008}) = 0
19:18:38.466573,1023,clock_gettime(CLOCK_MONOTONIC, {136, 751685580}) = 0
19:18:38.467415,1023,ioctl(9, 0xc0186201, 0xbee6d0c8) = 0
19:18:38.468239,1023,ioctl(9, 0xc0186201, 0xbee6d0c8) = 0
19:18:38.469270,1023,getpid() = 1023
19:18:38.469820,1023,getuid32() = 10050
19:18:38.470369,1023,epoll_wait(0x1e, 0xbee6d1f8, 0x10, 0) = 1
19:18:38.471001,1023,recvfrom(37, "nysv\0\0\0\0ð®\vÖ\37\0\0\0*\4\0\0\224Â'¸", 24, MSG_DONTWAIT, NULL, NULL) = 24
19:18:38.471677,1023,recvfrom(37, 0xbee6c828, 24, 64, 0, 0) = -1 EAGAIN (Try again)
19:18:38.472372,1023,clock_gettime(CLOCK_MONOTONIC, {136, 757300420}) = 0
19:18:38.473077,1023,clock_gettime(CLOCK_MONOTONIC, {136, 758005254}) = 0
19:18:38.473683,1023,getpid() = 1023
19:18:38.474229,1023,getuid32() = 10050
19:18:38.474790,1023,epoll_wait(0x1e, 0xbee6d1f8, 0x10, 0) = 0
19:18:38.475338,1023,clock_gettime(CLOCK_MONOTONIC, {136, 760264588}) = 0
19:18:38.475982,1023,clock_gettime(CLOCK_MONOTONIC, {136, 760912767}) = 0
19:18:38.476584,1023,clock_gettime(CLOCK_MONOTONIC, {136, 761539473}) = 0
19:18:38.477253,1023,recvfrom(38, 0xb88738b0, 1240, 64, 0, 0) = -1 EAGAIN (Try again)
19:18:38.477853,1023,clock_gettime(CLOCK_MONOTONIC, {136, 762780078}) = 0
19:18:38.478444,1023,clock_gettime(CLOCK_MONOTONIC, {136, 763370141}) = 0
19:18:38.479071,1023,getpid() = 1023
19:18:38.479573,1023,getuid32() = 10050
19:18:38.480197,1023,epoll_wait(0x1e, 0xbee6d1f8, 0x10, 0) = 0
19:18:38.480738,1023,clock_gettime(CLOCK_MONOTONIC, {136, 765706608}) = 0
19:18:38.481391,1023,ioctl(9, 0xc0186201, 0xbee6d328) = 0
19:18:38.482716,1023,epoll_wait(0x1e, 0xbee6d1f8, 0x10, 0x30) = 0
19:18:38.595346,1023,clock_gettime(CLOCK_MONOTONIC, {136, 880452281}) = 0
19:18:38.619092,1023,clock_gettime(CLOCK_MONOTONIC, {136, 904031652}) = 0
19:18:38.619731,1023,recvfrom(37, 0xbee6c9a8, 24, 64, 0, 0) = -1 EAGAIN (Try again)
19:18:38.620355,1023,ioctl(9, 0xc0186201, 0xbee6d178) = 0
19:18:38.621236,1023,getpid() = 1023
19:18:38.621935,1023,getuid32() = 10050
19:18:38.622516,1023,epoll_wait(0x1e, 0xbee6d1f8, 0x10, 0) = 0
19:18:38.623087,1023,clock_gettime(CLOCK_MONOTONIC, {136, 908014109}) = 0
19:18:38.623694,1023,epoll_wait(0x1e, 0xbee6d1f8, 0x10, 0xffffffff) = 1
19:18:38.627147,1023,recvfrom(37, "nysv\0\0\0\0²hXà\37\0\0\0,\4\0\0\224Â'¸", 24, MSG_DONTWAIT, NULL, NULL) = 24
19:18:38.627848,1023,recvfrom(37, 0xbee6c828, 24, 64, 0, 0) = -1 EAGAIN (Try again)
19:18:38.628488,1023,clock_gettime(CLOCK_MONOTONIC, {136, 913416452}) = 0
19:18:38.629116,1023,write(29, "W", 1) = 1
19:18:38.629761,1023,clock_gettime(CLOCK_MONOTONIC, {136, 914703863}) = 0
19:18:38.630388,1023,clock_gettime(CLOCK_MONOTONIC, {136, 915320275}) = 0
19:18:38.631043,1023,clock_gettime(CLOCK_MONOTONIC, {136, 915971161}) = 0
19:18:38.631634,1023,clock_gettime(CLOCK_MONOTONIC, {136, 916566897}) = 0
19:18:38.632495,1023,clock_gettime(CLOCK_MONOTONIC, {136, 917428282}) = 0
19:18:38.633126,1023,clock_gettime(CLOCK_MONOTONIC, {136, 918059184}) = 0
19:18:38.633780,1023,recvfrom(37, 0xbee6c9a8, 24, 64, 0, 0) = -1 EAGAIN (Try again)
19:18:38.635264,1023,ioctl(9, 0xc0186201, 0xbee6d178) = 0
19:18:38.636215,1023,clock_gettime(CLOCK_MONOTONIC, {136, 921192861}) = 0
19:18:38.636926,1023,clock_gettime(CLOCK_MONOTONIC, {136, 921855683}) = 0
19:18:38.637525,1023,clock_gettime(CLOCK_MONOTONIC, {136, 922453011}) = 0
19:18:38.638158,1023,clock_gettime(CLOCK_MONOTONIC, {136, 939945745}) = 0
19:18:38.655868,1023,clock_gettime(CLOCK_MONOTONIC, {136, 940814111}) = 0
19:18:38.656524,1023,write(29, "W", 1) = 1
19:18:38.692128,1023,ioctl(9, 0xc0186201, 0xbee6cf10) = 0
19:18:38.693070,1023,ioctl(9, 0xc0186201, 0xbee6cf10) = 0
19:18:38.694368,1023,clock_gettime(CLOCK_MONOTONIC, {136, 979301047}) = 0
19:18:38.724614,1023,clock_gettime(CLOCK_MONOTONIC, {137, 9667540}) = 0
19:18:38.725415,1023,ioctl(9, 0xc0186201, 0xbee6d0c8) = 0
19:18:38.726663,1023,getpid() = 1023
19:18:38.727236,1023,getuid32() = 10050
19:18:38.727848,1023,epoll_wait(0x1e, 0xbee6d1f8, 0x10, 0) = 2
19:18:38.728407,1023,read(23, "WW", 16) = 2
19:18:38.729035,1023,recvfrom(37, "nysv\0\0\0\0ÚÈBá\37\0\0\0-\4\0\0\224Â'¸", 24, MSG_DONTWAIT, NULL, NULL) = 24
19:18:38.729796,1023,recvfrom(37, 0xbee6c828, 24, 64, 0, 0) = -1 EAGAIN (Try again)
19:18:38.730430,1023,clock_gettime(CLOCK_MONOTONIC, {137, 15370362}) = 0
19:18:38.731172,1023,clock_gettime(CLOCK_MONOTONIC, {137, 41953326}) = 0
19:18:38.757727,1023,clock_gettime(CLOCK_MONOTONIC, {137, 42741756}) = 0
19:18:38.758584,1023,writev(3, [{"\4", 1}, {"Choreographer\0", 14}, {"Skipped 31 frames! The applicat"..., 83}], 3) = 98
19:18:38.760012,1023,clock_gettime(CLOCK_MONOTONIC, {137, 44944312}) = 0
19:18:38.760640,1023,recvfrom(38, 0xb88738b0, 1240, 64, 0, 0) = -1 EAGAIN (Try again)
19:18:38.761599,1023,clock_gettime(CLOCK_MONOTONIC, {137, 46590566}) = 0
19:18:38.762790,1023,clock_gettime(CLOCK_MONOTONIC, {137, 47735273}) = 0
19:18:38.763445,1023,clock_gettime(CLOCK_MONOTONIC, {137, 48772974}) = 0
19:18:38.764473,1023,recvfrom(37, 0xbee6c9a8, 24, 64, 0, 0) = -1 EAGAIN (Try again)
19:18:38.765123,1023,ioctl(9, 0xc0186201, 0xbee6d178) = 0
19:18:38.768847,1023,clock_gettime(CLOCK_MONOTONIC, {137, 53824153}) = 0
19:18:38.769559,1023,clock_gettime(CLOCK_MONOTONIC, {137, 54504831}) = 0
19:18:38.770515,1023,clock_gettime(CLOCK_MONOTONIC, {137, 55455479}) = 0
19:18:38.771195,1023,clock_gettime(CLOCK_MONOTONIC, {137, 56132601}) = 0
19:18:38.771893,1023,clock_gettime(CLOCK_MONOTONIC, {137, 56829817}) = 0
19:18:38.772730,1023,ioctl(9, 0xc0186201, 0xbee6cf10) = 0
19:18:38.774459,1023,clock_gettime(CLOCK_MONOTONIC, {137, 59403280}) = 0
19:18:38.781047,1023,clock_gettime(CLOCK_MONOTONIC, {137, 66096755}) = 0
19:18:38.781931,1023,ioctl(9, 0xc0186201, 0xbee6d0c8) = 0
19:18:38.783274,1023,getpid() = 1023
19:18:38.783845,1023,getuid32() = 10050
19:18:38.784396,1023,epoll_wait(0x1e, 0xbee6d1f8, 0x10, 0) = 1
19:18:38.811171,1023,recvfrom(37, "nysv\0\0\0\0.ú\né\37\0\0\0/\4\0\0\224Â'¸", 24, MSG_DONTWAIT, NULL, NULL) = 24
19:18:38.813328,1023,recvfrom(37, 0xbee6c828, 24, 64, 0, 0) = -1 EAGAIN (Try again)
19:18:38.814101,1023,clock_gettime(CLOCK_MONOTONIC, {137, 99041803}) = 0
19:18:38.814862,1023,clock_gettime(CLOCK_MONOTONIC, {137, 99798063}) = 0
19:18:38.815495,1023,getpid() = 1023
19:18:38.816141,1023,getuid32() = 10050
19:18:38.816704,1023,epoll_wait(0x1e, 0xbee6d1f8, 0x10, 0) = 0
19:18:38.817393,1023,clock_gettime(CLOCK_MONOTONIC, {137, 102326524}) = 0
19:18:38.818371,1023,clock_gettime(CLOCK_MONOTONIC, {137, 103309761}) = 0
19:18:38.819111,1023,clock_gettime(CLOCK_MONOTONIC, {137, 104047122}) = 0
19:18:38.819792,1023,recvfrom(38, 0xb88738b0, 1240, 64, 0, 0) = -1 EAGAIN (Try again)
19:18:38.820467,1023,clock_gettime(CLOCK_MONOTONIC, {137, 105402652}) = 0
19:18:38.821210,1023,clock_gettime(CLOCK_MONOTONIC, {137, 106172770}) = 0
19:18:38.821911,1023,getpid() = 1023
19:18:38.822606,1023,getuid32() = 10050
19:18:38.823225,1023,epoll_wait(0x1e, 0xbee6d1f8, 0x10, 0) = 0
19:18:38.823901,1023,clock_gettime(CLOCK_MONOTONIC, {137, 108828996}) = 0
19:18:38.824500,1023,ioctl(9, 0xc0186201, 0xbee6d328) = 0
19:18:38.825116,1023,epoll_wait(0x1e, 0xbee6d1f8, 0x10, 0x25) = 0
19:18:38.870016,1023,clock_gettime(CLOCK_MONOTONIC, {137, 154985281}) = 0
19:18:38.870731,1023,clock_gettime(CLOCK_MONOTONIC, {137, 155690253}) = 0
19:18:38.871441,1023,recvfrom(37, 0xbee6c9a8, 24, 64, 0, 0) = -1 EAGAIN (Try again)
19:18:38.872081,1023,ioctl(9, 0xc0186201, 0xbee6d178) = 0
19:18:38.873137,1023,getpid() = 1023
19:18:38.874238,1023,getuid32() = 10050
19:18:38.874872,1023,epoll_wait(0x1e, 0xbee6d1f8, 0x10, 0) = 0
19:18:38.875479,1023,clock_gettime(CLOCK_MONOTONIC, {137, 160428692}) = 0
19:18:38.893031,1023,epoll_wait(0x1e, 0xbee6d1f8, 0x10, 0xffffffff) = 1
19:18:38.893678,1023,recvfrom(37, "nysv\0\0\0\0F\233sï\37\0\0\0001\4\0\0\224Â'¸", 24, MSG_DONTWAIT, NULL, NULL) = 24
19:18:38.896962,1023,recvfrom(37, 0xbee6c828, 24, 64, 0, 0) = -1 EAGAIN (Try again)
19:18:38.907142,1023,clock_gettime(CLOCK_MONOTONIC, {137, 193374910}) = 0
19:18:38.909392,1023,write(29, "W", 1) = 1
19:18:38.921250,1023,clock_gettime(CLOCK_MONOTONIC, {137, 206992200}) = 0
19:18:38.939576,1023,clock_gettime(CLOCK_MONOTONIC, {137, 229378878}) = 0
19:18:38.945925,1023,clock_gettime(CLOCK_MONOTONIC, {137, 232750031}) = 0
19:18:38.949650,1023,clock_gettime(CLOCK_MONOTONIC, {137, 236202315}) = 0
19:18:38.953544,1023,clock_gettime(CLOCK_MONOTONIC, {137, 240861291}) = 0
19:18:38.978528,1023,clock_gettime(CLOCK_MONOTONIC, {137, 265201100}) = 0
19:18:38.980967,1023,recvfrom(37, 0xbee6c9a8, 24, 64, 0, 0) = -1 EAGAIN (Try again)
19:18:38.981579,1023,ioctl(9, 0xc0186201, 0xbee6d178) = 0
19:18:38.982730,1023,clock_gettime(CLOCK_MONOTONIC, {137, 267684220}) = 0
19:18:38.983445,1023,clock_gettime(CLOCK_MONOTONIC, {137, 268389593}) = 0
19:18:38.984103,1023,clock_gettime(CLOCK_MONOTONIC, {137, 269046061}) = 0
19:18:38.984755,1023,clock_gettime(CLOCK_MONOTONIC, {137, 269697662}) = 0
19:18:38.985428,1023,clock_gettime(CLOCK_MONOTONIC, {137, 270370074}) = 0
19:18:38.995878,1023,write(29, "W", 1) = 1
19:18:38.996776,1023,ioctl(9, 0xc0186201, 0xbee6cf10) = 0
19:18:38.997630,1023,ioctl(9, 0xc0186201, 0xbee6cf10) = 0
19:18:38.998980,1023,clock_gettime(CLOCK_MONOTONIC, {137, 283929094}) = 0
19:18:39.002264,1023,clock_gettime(CLOCK_MONOTONIC, {137, 287209081}) = 0
19:18:39.002929,1023,ioctl(9, 0xc0186201, 0xbee6d0c8) = 0
19:18:39.003820,1023,ioctl(9, 0xc0186201, 0xbee6d0c8) = 0
19:18:39.004580,1023,getpid() = 1023
19:18:39.005139,1023,getuid32() = 10050
19:18:39.005724,1023,epoll_wait(0x1e, 0xbee6d1f8, 0x10, 0) = 2
19:18:39.006304,1023,read(23, "WW", 16) = 2
19:18:39.006915,1023,recvfrom(37, "nysv\0\0\0\0^<Üõ\37\0\0\0002\4\0\0\224Â'¸", 24, MSG_DONTWAIT, NULL, NULL) = 24
19:18:39.007649,1023,recvfrom(37, 0xbee6c828, 24, 64, 0, 0) = -1 EAGAIN (Try again)
19:18:39.008267,1023,clock_gettime(CLOCK_MONOTONIC, {137, 293204864}) = 0
19:18:39.008971,1023,clock_gettime(CLOCK_MONOTONIC, {137, 293910026}) = 0
19:18:39.009618,1023,clock_gettime(CLOCK_MONOTONIC, {137, 294563051}) = 0
19:18:39.010260,1023,clock_gettime(CLOCK_MONOTONIC, {137, 295200301}) = 0
19:18:39.010924,1023,recvfrom(38, 0xb88738b0, 1240, 64, 0, 0) = -1 EAGAIN (Try again)
19:18:39.035748,1023,clock_gettime(CLOCK_MONOTONIC, {137, 320735569}) = 0
19:18:39.036532,1023,clock_gettime(CLOCK_MONOTONIC, {137, 321522809}) = 0
19:18:39.037260,1023,getpid() = 1023
19:18:39.037840,1023,getuid32() = 10050
19:18:39.038490,1023,epoll_wait(0x1e, 0xbee6d1f8, 0x10, 0) = 0
19:18:39.039086,1023,clock_gettime(CLOCK_MONOTONIC, {137, 324025688}) = 0
19:18:39.039741,1023,ioctl(9, 0xc0186201, 0xbee6d328) = 0
19:18:39.040420,1023,epoll_wait(0x1e, 0xbee6d1f8, 0x10, 0x22) = 0
19:18:39.086228,1023,clock_gettime(CLOCK_MONOTONIC, {137, 371269386}) = 0
19:18:39.087030,1023,clock_gettime(CLOCK_MONOTONIC, {137, 371983980}) = 0
19:18:39.087744,1023,recvfrom(37, 0xbee6c9a8, 24, 64, 0, 0) = -1 EAGAIN (Try again)
19:18:39.088382,1023,ioctl(9, 0xc0186201, 0xbee6d178) = 0
19:18:39.089476,1023,getpid() = 1023
19:18:39.090059,1023,getuid32() = 10050
19:18:39.090680,1023,epoll_wait(0x1e, 0xbee6d1f8, 0x10, 0) = 0
19:18:39.091288,1023,clock_gettime(CLOCK_MONOTONIC, {137, 376237428}) = 0
19:18:39.091983,1023,epoll_wait(0x1e, 0xbee6d1f8, 0x10, 0xffffffff) = 1
19:18:39.107711,1023,recvfrom(37, "nysv\0\0\0\0vÝDü\37\0\0\0004\4\0\0\224Â'¸", 24, MSG_DONTWAIT, NULL, NULL) = 24
19:18:39.108498,1023,recvfrom(37, 0xbee6c828, 24, 64, 0, 0) = -1 EAGAIN (Try again)
19:18:39.109158,1023,clock_gettime(CLOCK_MONOTONIC, {137, 394107590}) = 0
19:18:39.109861,1023,write(29, "W", 1) = 1
19:18:39.110590,1023,clock_gettime(CLOCK_MONOTONIC, {137, 395546559}) = 0
19:18:39.111277,1023,clock_gettime(CLOCK_MONOTONIC, {137, 396228216}) = 0
19:18:39.111954,1023,clock_gettime(CLOCK_MONOTONIC, {137, 396902980}) = 0
19:18:39.112623,1023,clock_gettime(CLOCK_MONOTONIC, {137, 397577929}) = 0
19:18:39.113568,1023,clock_gettime(CLOCK_MONOTONIC, {137, 398525012}) = 0
19:18:39.114264,1023,clock_gettime(CLOCK_MONOTONIC, {137, 399214941}) = 0
19:18:39.115020,1023,recvfrom(37, 0xbee6c9a8, 24, 64, 0, 0) = -1 EAGAIN (Try again)
19:18:39.115854,1023,ioctl(9, 0xc0186201, 0xbee6d178) = 0
19:18:39.116904,1023,clock_gettime(CLOCK_MONOTONIC, {137, 401857474}) = 0
19:18:39.117611,1023,clock_gettime(CLOCK_MONOTONIC, {137, 402606776}) = 0
19:18:39.126848,1023,clock_gettime(CLOCK_MONOTONIC, {137, 411799046}) = 0
19:18:39.127511,1023,clock_gettime(CLOCK_MONOTONIC, {137, 412453460}) = 0
19:18:39.128193,1023,clock_gettime(CLOCK_MONOTONIC, {137, 413134579}) = 0
19:18:39.128868,1023,write(29, "W", 1) = 1
19:18:39.129698,1023,ioctl(9, 0xc0186201, 0xbee6cf10) = 0
19:18:39.131367,1023,clock_gettime(CLOCK_MONOTONIC, {137, 416316273}) = 0
19:18:39.134845,1023,clock_gettime(CLOCK_MONOTONIC, {137, 419794733}) = 0
19:18:39.135508,1023,ioctl(9, 0xc0186201, 0xbee6d0c8) = 0
19:18:39.136634,1023,getpid() = 1023
19:18:39.137196,1023,getuid32() = 10050
19:18:39.137792,1023,epoll_wait(0x1e, 0xbee6d1f8, 0x10, 0) = 2
19:18:39.138366,1023,read(23, "WW", 16) = 2
19:18:39.138980,1023,recvfrom(37, "nysv\0\0\0\0¨Õiý\37\0\0\0005\4\0\0\224Â'¸", 24, MSG_DONTWAIT, NULL, NULL) = 24
19:18:39.139713,1023,recvfrom(37, 0xbee6c828, 24, 64, 0, 0) = -1 EAGAIN (Try again)
19:18:39.140332,1023,clock_gettime(CLOCK_MONOTONIC, {137, 425271585}) = 0
19:18:39.141037,1023,clock_gettime(CLOCK_MONOTONIC, {137, 425978762}) = 0
19:18:39.142207,1023,clock_gettime(CLOCK_MONOTONIC, {137, 448216821}) = 0
19:18:39.168050,1023,clock_gettime(CLOCK_MONOTONIC, {137, 453018623}) = 0
19:18:39.168786,1023,recvfrom(38, 0xb88738b0, 1240, 64, 0, 0) = -1 EAGAIN (Try again)
19:18:39.169439,1023,clock_gettime(CLOCK_MONOTONIC, {137, 454390055}) = 0
19:18:39.170118,1023,clock_gettime(CLOCK_MONOTONIC, {137, 455068871}) = 0
19:18:39.170800,1023,getpid() = 1023
19:18:39.171372,1023,getuid32() = 10050
19:18:39.171994,1023,epoll_wait(0x1e, 0xbee6d1f8, 0x10, 0) = 0
19:18:39.172605,1023,clock_gettime(CLOCK_MONOTONIC, {137, 457559914}) = 0
19:18:39.173289,1023,ioctl(9, 0xc0186201, 0xbee6d328) = 0
19:18:39.173926,1023,epoll_wait(0x1e, 0xbee6d1f8, 0x10, 0x24) = 0
19:18:39.213884,1023,clock_gettime(CLOCK_MONOTONIC, {137, 498843178}) = 0
19:18:39.214582,1023,clock_gettime(CLOCK_MONOTONIC, {137, 499539280}) = 0
19:18:39.215288,1023,recvfrom(37, 0xbee6c9a8, 24, 64, 0, 0) = -1 EAGAIN (Try again)
19:18:39.215924,1023,ioctl(9, 0xc0186201, 0xbee6d178) = 0
19:18:39.227428,1023,getpid() = 1023
19:18:39.228149,1023,getuid32() = 10050
19:18:39.228793,1023,epoll_wait(0x1e, 0xbee6d1f8, 0x10, 0) = 1
19:18:39.229401,1023,recvfrom(37, "nysv\0\0\0\0ÀvÒ\3 \0\0\0007\4\0\0\224Â'¸", 24, MSG_DONTWAIT, NULL, NULL) = 24
19:18:39.230204,1023,recvfrom(37, 0xbee6c828, 24, 64, 0, 0) = -1 EAGAIN (Try again)
19:18:39.230924,1023,clock_gettime(CLOCK_MONOTONIC, {137, 515876594}) = 0
19:18:39.231677,1023,clock_gettime(CLOCK_MONOTONIC, {137, 516633263}) = 0
19:18:39.232362,1023,clock_gettime(CLOCK_MONOTONIC, {137, 517312545}) = 0
19:18:39.233399,1023,clock_gettime(CLOCK_MONOTONIC, {137, 518342761}) = 0
19:18:39.234085,1023,clock_gettime(CLOCK_MONOTONIC, {137, 519027078}) = 0
19:18:39.235216,1023,clock_gettime(CLOCK_MONOTONIC, {137, 520166522}) = 0
19:18:39.235912,1023,clock_gettime(CLOCK_MONOTONIC, {137, 521018991}) = 0
19:18:39.247113,1023,recvfrom(37, 0xbee6c9a8, 24, 64, 0, 0) = -1 EAGAIN (Try again)
19:18:39.247752,1023,ioctl(9, 0xc0186201, 0xbee6d178) = 0
19:18:39.248628,1023,clock_gettime(CLOCK_MONOTONIC, {137, 534033099}) = 0
19:18:39.249922,1023,clock_gettime(CLOCK_MONOTONIC, {137, 534878595}) = 0
19:18:39.250611,1023,clock_gettime(CLOCK_MONOTONIC, {137, 535568116}) = 0
19:18:39.251338,1023,clock_gettime(CLOCK_MONOTONIC, {137, 536281805}) = 0
19:18:39.252033,1023,clock_gettime(CLOCK_MONOTONIC, {137, 537043337}) = 0
19:18:39.252806,1023,write(29, "W", 1) = 1
19:18:39.253770,1023,ioctl(9, 0xc0186201, 0xbee6cf10) = 0
19:18:39.254962,1023,ioctl(9, 0xc0186201, 0xbee6cf10) = 0
19:18:39.256385,1023,clock_gettime(CLOCK_MONOTONIC, {137, 541341844}) = 0
19:18:39.260503,1023,clock_gettime(CLOCK_MONOTONIC, {137, 545729182}) = 0
19:18:39.261455,1023,ioctl(9, 0xc0186201, 0xbee6d0c8) = 0
19:18:39.262643,1023,getpid() = 1023
19:18:39.263342,1023,getuid32() = 10050
19:18:39.264008,1023,epoll_wait(0x1e, 0xbee6d1f8, 0x10, 0) = 2
19:18:39.264614,1023,read(23, "W", 16) = 1
19:18:39.288684,1023,recvfrom(37, "nysv\0\0\0\0\32Ïá\5 \0\0\0008\4\0\0\224Â'¸", 24, MSG_DONTWAIT, NULL, NULL) = 24
19:18:39.289527,1023,recvfrom(37, 0xbee6c828, 24, 64, 0, 0) = -1 EAGAIN (Try again)
19:18:39.290221,1023,clock_gettime(CLOCK_MONOTONIC, {137, 575198759}) = 0
19:18:39.291173,1023,clock_gettime(CLOCK_MONOTONIC, {137, 576119230}) = 0
19:18:39.291887,1023,clock_gettime(CLOCK_MONOTONIC, {137, 576831323}) = 0
19:18:39.292534,1023,clock_gettime(CLOCK_MONOTONIC, {137, 577475989}) = 0
19:18:39.293207,1023,recvfrom(38, 0xb88738b0, 1240, 64, 0, 0) = -1 EAGAIN (Try again)
19:18:39.293849,1023,clock_gettime(CLOCK_MONOTONIC, {137, 578795354}) = 0
19:18:39.294511,1023,clock_gettime(CLOCK_MONOTONIC, {137, 579461157}) = 0
19:18:39.295260,1023,getpid() = 1023
19:18:39.320519,1023,getuid32() = 10050
19:18:39.321273,1023,epoll_wait(0x1e, 0xbee6d1f8, 0x10, 0) = 0
19:18:39.321881,1023,clock_gettime(CLOCK_MONOTONIC, {137, 606825187}) = 0
19:18:39.322545,1023,ioctl(9, 0xc0186201, 0xbee6d328) = 0
19:18:39.323151,1023,epoll_wait(0x1e, 0xbee6d1f8, 0x10, 0x13) = 0
19:18:39.343574,1023,clock_gettime(CLOCK_MONOTONIC, {137, 628541331}) = 0
19:18:39.344285,1023,clock_gettime(CLOCK_MONOTONIC, {137, 629236541}) = 0
19:18:39.344992,1023,recvfrom(37, 0xbee6c9a8, 24, 64, 0, 0) = -1 EAGAIN (Try again)
19:18:39.345629,1023,ioctl(9, 0xc0186201, 0xbee6d178) = 0
19:18:39.346541,1023,getpid() = 1023
19:18:39.347252,1023,getuid32() = 10050
19:18:39.385689,1023,epoll_wait(0x1e, 0xbee6d1f8, 0x10, 0) = 1
19:18:39.386325,1023,recvfrom(37, "nysv\0\0\0\0\24¨\232\v \0\0\0:\4\0\0\224Â'¸", 24, MSG_DONTWAIT, NULL, NULL) = 24
19:18:39.387078,1023,recvfrom(37, 0xbee6c828, 24, 64, 0, 0) = -1 EAGAIN (Try again)
19:18:39.387708,1023,clock_gettime(CLOCK_MONOTONIC, {137, 672658397}) = 0
19:18:39.388440,1023,clock_gettime(CLOCK_MONOTONIC, {137, 673382223}) = 0
19:18:39.389097,1023,clock_gettime(CLOCK_MONOTONIC, {137, 674039479}) = 0
19:18:39.389745,1023,clock_gettime(CLOCK_MONOTONIC, {137, 674687018}) = 0
19:18:39.390385,1023,clock_gettime(CLOCK_MONOTONIC, {137, 675325902}) = 0
19:18:39.391288,1023,clock_gettime(CLOCK_MONOTONIC, {137, 676231258}) = 0
19:18:39.391955,1023,clock_gettime(CLOCK_MONOTONIC, {137, 676896998}) = 0
19:18:39.392619,1023,recvfrom(37, 0xbee6c9a8, 24, 64, 0, 0) = -1 EAGAIN (Try again)
19:18:39.393224,1023,ioctl(9, 0xc0186201, 0xbee6d178) = 0
19:18:39.394094,1023,clock_gettime(CLOCK_MONOTONIC, {137, 679104760}) = 0
19:18:39.394898,1023,clock_gettime(CLOCK_MONOTONIC, {137, 682150846}) = 0
19:18:39.397897,1023,clock_gettime(CLOCK_MONOTONIC, {137, 682887890}) = 0
19:18:39.398598,1023,clock_gettime(CLOCK_MONOTONIC, {137, 683547497}) = 0
19:18:39.399281,1023,clock_gettime(CLOCK_MONOTONIC, {137, 684223287}) = 0
19:18:39.399957,1023,write(29, "W", 1) = 1
19:18:39.400804,1023,ioctl(9, 0xc0186201, 0xbee6cf10) = 0
19:18:39.401645,1023,ioctl(9, 0xc0186201, 0xbee6cf10) = 0
19:18:39.403492,1023,clock_gettime(CLOCK_MONOTONIC, {137, 688538739}) = 0
19:18:39.430225,1023,clock_gettime(CLOCK_MONOTONIC, {137, 715195566}) = 0
19:18:39.430932,1023,ioctl(9, 0xc0186201, 0xbee6d0c8) = 0
19:18:39.432162,1023,getpid() = 1023
19:18:39.432719,1023,getuid32() = 10050
19:18:39.433319,1023,epoll_wait(0x1e, 0xbee6d1f8, 0x10, 0) = 2
19:18:39.480510,1023,read(23, "W", 16) = 1
19:18:39.481364,1023,recvfrom(37, "nysv\0\0\0\0\214ÈY\16 \0\0\0;\4\0\0\224Â'¸", 24, MSG_DONTWAIT, NULL, NULL) = 24
19:18:39.482151,1023,recvfrom(37, 0xbee6c828, 24, 64, 0, 0) = -1 EAGAIN (Try again)
19:18:39.482818,1023,clock_gettime(CLOCK_MONOTONIC, {137, 767770563}) = 0
19:18:39.483584,1023,clock_gettime(CLOCK_MONOTONIC, {137, 768540167}) = 0
19:18:39.484275,1023,clock_gettime(CLOCK_MONOTONIC, {137, 769226245}) = 0
19:18:39.484953,1023,clock_gettime(CLOCK_MONOTONIC, {137, 769932093}) = 0
19:18:39.485680,1023,recvfrom(38, 0xb88738b0, 1240, 64, 0, 0) = -1 EAGAIN (Try again)
19:18:39.486328,1023,clock_gettime(CLOCK_MONOTONIC, {137, 771278999}) = 0
19:18:39.487008,1023,clock_gettime(CLOCK_MONOTONIC, {137, 771958431}) = 0
19:18:39.487681,1023,getpid() = 1023
19:18:39.488260,1023,getuid32() = 10050
19:18:39.488879,1023,epoll_wait(0x1e, 0xbee6d1f8, 0x10, 0) = 0
19:18:39.489489,1023,clock_gettime(CLOCK_MONOTONIC, {137, 774439954}) = 0
19:18:39.490171,1023,clock_gettime(CLOCK_MONOTONIC, {137, 775121244}) = 0
19:18:39.490869,1023,recvfrom(37, 0xbee6c9a8, 24, 64, 0, 0) = -1 EAGAIN (Try again)
19:18:39.491495,1023,ioctl(9, 0xc0186201, 0xbee6d178) = 0
19:18:39.492394,1023,getpid() = 1023
19:18:39.493105,1023,getuid32() = 10050
19:18:39.493720,1023,epoll_wait(0x1e, 0xbee6d1f8, 0x10, 0) = 0
19:18:39.494328,1023,clock_gettime(CLOCK_MONOTONIC, {137, 779277460}) = 0
19:18:39.495022,1023,epoll_wait(0x1e, 0xbee6d1f8, 0x10, 0xffffffff) = 1
19:18:39.498648,1023,recvfrom(37, "nysv\0\0\0\0\2209M\24 \0\0\0=\4\0\0\224Â'¸", 24, MSG_DONTWAIT, NULL, NULL) = 24
19:18:39.499396,1023,recvfrom(37, 0xbee6c828, 24, 64, 0, 0) = -1 EAGAIN (Try again)
19:18:39.500020,1023,clock_gettime(CLOCK_MONOTONIC, {137, 784962922}) = 0
19:18:39.500687,1023,write(29, "W", 1) = 1
19:18:39.501380,1023,clock_gettime(CLOCK_MONOTONIC, {137, 786322406}) = 0
19:18:39.502036,1023,clock_gettime(CLOCK_MONOTONIC, {137, 786979084}) = 0
19:18:39.502676,1023,clock_gettime(CLOCK_MONOTONIC, {137, 787624755}) = 0
19:18:39.503324,1023,clock_gettime(CLOCK_MONOTONIC, {137, 788265694}) = 0
19:18:39.504439,1023,clock_gettime(CLOCK_MONOTONIC, {137, 789482522}) = 0
19:18:39.505295,1023,clock_gettime(CLOCK_MONOTONIC, {137, 790249304}) = 0
19:18:39.506004,1023,recvfrom(37, 0xbee6c9a8, 24, 64, 0, 0) = -1 EAGAIN (Try again)
19:18:39.516918,1023,ioctl(9, 0xc0186201, 0xbee6d178) = 0
19:18:39.517887,1023,clock_gettime(CLOCK_MONOTONIC, {137, 802896739}) = 0
19:18:39.518750,1023,clock_gettime(CLOCK_MONOTONIC, {137, 803697655}) = 0
19:18:39.519406,1023,clock_gettime(CLOCK_MONOTONIC, {137, 804348410}) = 0
19:18:39.520060,1023,clock_gettime(CLOCK_MONOTONIC, {137, 805002700}) = 0
19:18:39.520777,1023,clock_gettime(CLOCK_MONOTONIC, {137, 805721037}) = 0
19:18:39.521458,1023,write(29, "W", 1) = 1
19:18:39.522434,1023,ioctl(9, 0xc0186201, 0xbee6cf10) = 0
19:18:39.523485,1023,ioctl(9, 0xc0186201, 0xbee6cf10) = 0
19:18:39.524837,1023,clock_gettime(CLOCK_MONOTONIC, {137, 809786760}) = 0
19:18:39.528309,1023,clock_gettime(CLOCK_MONOTONIC, {137, 813260087}) = 0
19:18:39.528983,1023,ioctl(9, 0xc0186201, 0xbee6d0c8) = 0
19:18:39.529884,1023,ioctl(9, 0xc0186201, 0xbee6d0c8) = 0
19:18:39.535499,1023,getpid() = 1023
19:18:39.536310,1023,getuid32() = 10050
19:18:39.536971,1023,epoll_wait(0x1e, 0xbee6d1f8, 0x10, 0) = 2
19:18:39.537583,1023,read(23, "WW", 16) = 2
19:18:39.538315,1023,recvfrom(37, "nysv\0\0\0\0Öaç\25 \0\0\0>\4\0\0\224Â'¸", 24, MSG_DONTWAIT, NULL, NULL) = 24
19:18:39.539193,1023,recvfrom(37, 0xbee6c828, 24, 64, 0, 0) = -1 EAGAIN (Try again)
19:18:39.539939,1023,clock_gettime(CLOCK_MONOTONIC, {137, 824887836}) = 0
19:18:39.540699,1023,clock_gettime(CLOCK_MONOTONIC, {137, 825649738}) = 0
19:18:39.541362,1023,clock_gettime(CLOCK_MONOTONIC, {137, 826305409}) = 0
19:18:39.542039,1023,clock_gettime(CLOCK_MONOTONIC, {137, 827000431}) = 0
19:18:39.542725,1023,recvfrom(38, 0xb88738b0, 1240, 64, 0, 0) = -1 EAGAIN (Try again)
19:18:39.543429,1023,clock_gettime(CLOCK_MONOTONIC, {137, 828373364}) = 0
19:18:39.544082,1023,clock_gettime(CLOCK_MONOTONIC, {137, 829025348}) = 0
19:18:39.544727,1023,getpid() = 1023
19:18:39.545283,1023,getuid32() = 10050
19:18:39.545873,1023,epoll_wait(0x1e, 0xbee6d1f8, 0x10, 0) = 0
19:18:39.575122,1023,clock_gettime(CLOCK_MONOTONIC, {137, 860077948}) = 0
19:18:39.575850,1023,ioctl(9, 0xc0186201, 0xbee6d328) = 0
19:18:39.576459,1023,epoll_wait(0x1e, 0xbee6d1f8, 0x10, 0x22) = 0
19:18:39.615572,1023,clock_gettime(CLOCK_MONOTONIC, {137, 901058443}) = 0
19:18:39.617028,1023,clock_gettime(CLOCK_MONOTONIC, {137, 901981090}) = 0
19:18:39.617709,1023,recvfrom(37, 0xbee6c9a8, 24, 64, 0, 0) = -1 EAGAIN (Try again)
19:18:39.618323,1023,ioctl(9, 0xc0186201, 0xbee6d178) = 0
19:18:39.619197,1023,getpid() = 1023
19:18:39.620020,1023,getuid32() = 10050
19:18:39.620618,1023,epoll_wait(0x1e, 0xbee6d1f8, 0x10, 0) = 0
19:18:39.621204,1023,clock_gettime(CLOCK_MONOTONIC, {137, 906146316}) = 0
19:18:39.621871,1023,epoll_wait(0x1e, 0xbee6d1f8, 0x10, 0xffffffff) = 1
19:18:39.623145,1023,recvfrom(37, "nysv\0\0\0\0ÚÒÚ\33 \0\0\0@\4\0\0\224Â'¸", 24, MSG_DONTWAIT, NULL, NULL) = 24
19:18:39.623931,1023,recvfrom(37, 0xbee6c828, 24, 64, 0, 0) = -1 EAGAIN (Try again)
19:18:39.624571,1023,clock_gettime(CLOCK_MONOTONIC, {137, 909521218}) = 0
19:18:39.625247,1023,write(29, "W", 1) = 1
19:18:39.625956,1023,clock_gettime(CLOCK_MONOTONIC, {137, 910899369}) = 0
19:18:39.652044,1023,clock_gettime(CLOCK_MONOTONIC, {137, 937033496}) = 0
19:18:39.652764,1023,clock_gettime(CLOCK_MONOTONIC, {137, 937711047}) = 0
19:18:39.653420,1023,clock_gettime(CLOCK_MONOTONIC, {137, 938363769}) = 0
19:18:39.654326,1023,clock_gettime(CLOCK_MONOTONIC, {137, 939270453}) = 0
19:18:39.655076,1023,clock_gettime(CLOCK_MONOTONIC, {137, 940021248}) = 0
19:18:39.655754,1023,recvfrom(37, 0xbee6c9a8, 24, 64, 0, 0) = -1 EAGAIN (Try again)
19:18:39.656363,1023,ioctl(9, 0xc0186201, 0xbee6d178) = 0
19:18:39.657505,1023,clock_gettime(CLOCK_MONOTONIC, {137, 942451900}) = 0
19:18:39.658228,1023,clock_gettime(CLOCK_MONOTONIC, {137, 943172960}) = 0
19:18:39.658888,1023,clock_gettime(CLOCK_MONOTONIC, {137, 943831411}) = 0
19:18:39.659535,1023,clock_gettime(CLOCK_MONOTONIC, {137, 944478357}) = 0
19:18:39.660213,1023,clock_gettime(CLOCK_MONOTONIC, {137, 945155883}) = 0
19:18:39.660888,1023,write(29, "W", 1) = 1
19:18:39.661716,1023,ioctl(9, 0xc0186201, 0xbee6cf10) = 0
19:18:39.663384,1023,clock_gettime(CLOCK_MONOTONIC, {137, 948331796}) = 0
19:18:39.666903,1023,clock_gettime(CLOCK_MONOTONIC, {137, 951855421}) = 0
19:18:39.667571,1023,ioctl(9, 0xc0186201, 0xbee6d0c8) = 0
19:18:39.668653,1023,getpid() = 1023
19:18:39.669217,1023,getuid32() = 10050
19:18:39.669814,1023,epoll_wait(0x1e, 0xbee6d1f8, 0x10, 0) = 1
19:18:39.670383,1023,read(23, "WW", 16) = 2
19:18:39.671019,1023,clock_gettime(CLOCK_MONOTONIC, {137, 955960730}) = 0
19:18:39.671670,1023,ioctl(9, 0xc0186201, 0xbee6d328) = 0
19:18:39.672269,1023,epoll_wait(0x1e, 0xbee6d1f8, 0x10, 0x4f) = 1
19:18:39.696487,1023,recvfrom(37, "nysv\0\0\0\0>Ã$\36 \0\0\0A\4\0\0\224Â'¸", 24, MSG_DONTWAIT, NULL, NULL) = 24
19:18:39.697256,1023,recvfrom(37, 0xbee6c828, 24, 64, 0, 0) = -1 EAGAIN (Try again)
19:18:39.697897,1023,clock_gettime(CLOCK_MONOTONIC, {137, 982957937}) = 0
19:18:39.738201,1023,write(29, "W", 1) = 1
19:18:39.738993,1023,clock_gettime(CLOCK_MONOTONIC, {138, 23941505}) = 0
19:18:39.739682,1023,clock_gettime(CLOCK_MONOTONIC, {138, 24633006}) = 0
19:18:39.740332,1023,clock_gettime(CLOCK_MONOTONIC, {138, 25275696}) = 0
19:18:39.741004,1023,recvfrom(38, 0xb88738b0, 1240, 64, 0, 0) = -1 EAGAIN (Try again)
19:18:39.741621,1023,clock_gettime(CLOCK_MONOTONIC, {138, 26568974}) = 0
19:18:39.742267,1023,clock_gettime(CLOCK_MONOTONIC, {138, 27209555}) = 0
19:18:39.742973,1023,getpid() = 1023
19:18:39.743525,1023,getuid32() = 10050
19:18:39.744120,1023,epoll_wait(0x1e, 0xbee6d1f8, 0x10, 0) = 1
19:18:39.744684,1023,read(23, "W", 16) = 1
19:18:39.745317,1023,clock_gettime(CLOCK_MONOTONIC, {138, 30259982}) = 0
19:18:39.745986,1023,epoll_wait(0x1e, 0xbee6d1f8, 0x10, 0x4) = 0
19:18:39.752678,1023,clock_gettime(CLOCK_MONOTONIC, {138, 37649423}) = 0
19:18:39.753372,1023,clock_gettime(CLOCK_MONOTONIC, {138, 38730161}) = 0
19:18:39.754545,1023,recvfrom(37, 0xbee6c9a8, 24, 64, 0, 0) = -1 EAGAIN (Try again)
19:18:39.755200,1023,ioctl(9, 0xc0186201, 0xbee6d178) = 0
19:18:39.785552,1023,getpid() = 1023
19:18:39.786200,1023,getuid32() = 10050
19:18:39.799299,1023,epoll_wait(0x1e, 0xbee6d1f8, 0x10, 0) = 1
19:18:39.800020,1023,recvfrom(37, "nysv\0\0\0\0B4\30$ \0\0\0B\4\0\0\224Â'¸", 24, MSG_DONTWAIT, NULL, NULL) = 24
19:18:39.800815,1023,recvfrom(37, 0xbee6c828, 24, 64, 0, 0) = -1 EAGAIN (Try again)
19:18:39.801449,1023,clock_gettime(CLOCK_MONOTONIC, {138, 86391811}) = 0
19:18:39.802179,1023,clock_gettime(CLOCK_MONOTONIC, {138, 87123018}) = 0
19:18:39.802938,1023,clock_gettime(CLOCK_MONOTONIC, {138, 87887080}) = 0
19:18:39.803606,1023,clock_gettime(CLOCK_MONOTONIC, {138, 88562676}) = 0
19:18:39.804282,1023,clock_gettime(CLOCK_MONOTONIC, {138, 89231922}) = 0
19:18:39.805226,1023,clock_gettime(CLOCK_MONOTONIC, {138, 90178200}) = 0
19:18:39.805923,1023,clock_gettime(CLOCK_MONOTONIC, {138, 90874425}) = 0
19:18:39.806621,1023,recvfrom(37, 0xbee6c9a8, 24, 64, 0, 0) = -1 EAGAIN (Try again)
19:18:39.807258,1023,ioctl(9, 0xc0186201, 0xbee6d178) = 0
19:18:39.808181,1023,clock_gettime(CLOCK_MONOTONIC, {138, 93204682}) = 0
19:18:39.809019,1023,clock_gettime(CLOCK_MONOTONIC, {138, 93971963}) = 0
19:18:39.809698,1023,clock_gettime(CLOCK_MONOTONIC, {138, 94654900}) = 0
19:18:39.810380,1023,clock_gettime(CLOCK_MONOTONIC, {138, 95330401}) = 0
19:18:39.811085,1023,clock_gettime(CLOCK_MONOTONIC, {138, 96035925}) = 0
19:18:39.811788,1023,write(29, "W", 1) = 1
19:18:39.812653,1023,ioctl(9, 0xc0186201, 0xbee6cf10) = 0
19:18:39.813518,1023,ioctl(9, 0xc0186201, 0xbee6cf10) = 0
19:18:39.815478,1023,clock_gettime(CLOCK_MONOTONIC, {138, 100497721}) = 0
19:18:39.829670,1023,clock_gettime(CLOCK_MONOTONIC, {138, 114647222}) = 0
19:18:39.847264,1023,ioctl(9, 0xc0186201, 0xbee6d0c8) = 0
19:18:39.848267,1023,ioctl(9, 0xc0186201, 0xbee6d0c8) = 0
19:18:39.850014,1023,getpid() = 1023
19:18:39.850607,1023,getuid32() = 10050
19:18:39.851215,1023,epoll_wait(0x1e, 0xbee6d1f8, 0x10, 0) = 2
19:18:39.851802,1023,read(23, "W", 16) = 1
19:18:39.852413,1023,recvfrom(37, "nysv\0\0\0\0Äì\21' \0\0\0C\4\0\0\224Â'¸", 24, MSG_DONTWAIT, NULL, NULL) = 24
19:18:39.853482,1023,recvfrom(37, 0xbee6c828, 24, 64, 0, 0) = -1 EAGAIN (Try again)
19:18:39.856236,1023,clock_gettime(CLOCK_MONOTONIC, {138, 141225491}) = 0
19:18:39.857087,1023,clock_gettime(CLOCK_MONOTONIC, {138, 142039974}) = 0
19:18:39.857780,1023,clock_gettime(CLOCK_MONOTONIC, {138, 142731843}) = 0
19:18:39.858526,1023,clock_gettime(CLOCK_MONOTONIC, {138, 143572741}) = 0
19:18:39.859354,1023,recvfrom(38, 0xb88738b0, 1240, 64, 0, 0) = -1 EAGAIN (Try again)
19:18:39.859976,1023,clock_gettime(CLOCK_MONOTONIC, {138, 144918890}) = 0
19:18:39.860620,1023,clock_gettime(CLOCK_MONOTONIC, {138, 145568476}) = 0
19:18:39.861269,1023,getpid() = 1023
19:18:39.861821,1023,getuid32() = 10050
19:18:39.862407,1023,epoll_wait(0x1e, 0xbee6d1f8, 0x10, 0) = 0
19:18:39.862997,1023,clock_gettime(CLOCK_MONOTONIC, {138, 147938386}) = 0
19:18:39.863644,1023,ioctl(9, 0xc0186201, 0xbee6d328) = 0
19:18:39.864252,1023,epoll_wait(0x1e, 0xbee6d1f8, 0x10, 0x25) = 0
19:18:39.913404,1023,clock_gettime(CLOCK_MONOTONIC, {138, 198356314}) = 0
19:18:39.914161,1023,clock_gettime(CLOCK_MONOTONIC, {138, 199098014}) = 0
19:18:39.914846,1023,recvfrom(37, 0xbee6c9a8, 24, 64, 0, 0) = -1 EAGAIN (Try again)
19:18:39.915433,1023,ioctl(9, 0xc0186201, 0xbee6d178) = 0
19:18:39.916291,1023,getpid() = 1023
19:18:39.916943,1023,getuid32() = 10050
19:18:39.917513,1023,epoll_wait(0x1e, 0xbee6d1f8, 0x10, 0) = 0
19:18:39.918119,1023,clock_gettime(CLOCK_MONOTONIC, {138, 203053059}) = 0
19:18:39.918758,1023,epoll_wait(0x1e, 0xbee6d1f8, 0x10, 0xffffffff <unfinished ...>
19:18:39.931120,1032,<... futex resumed> ) = -1 ETIMEDOUT (Connection timed out)
19:18:39.931594,1032,clock_gettime(CLOCK_MONOTONIC, <unfinished ...>
19:18:39.931935,1023,<... epoll_wait resumed> ) = 1
19:18:39.932223,1032,<... clock_gettime resumed> {138, 216875586}) = 0
19:18:39.932636,1023,recvfrom(37, <unfinished ...>
19:18:39.933070,1032,futex(0xb887a5b8, FUTEX_WAIT_PRIVATE, -66, NULL <unfinished ...>
19:18:39.933390,1023,<... recvfrom resumed> "nysv\0\0\0\0Ü\215z- \0\0\0E\4\0\0\224Â'¸", 24, MSG_DONTWAIT, NULL, NULL) = 24
19:18:39.934019,1023,recvfrom(37, 0xbee6c828, 24, 64, 0, 0) = -1 EAGAIN (Try again)
19:18:39.934621,1023,clock_gettime(CLOCK_MONOTONIC, {138, 219593659}) = 0
19:18:39.935298,1023,write(29, "W", 1) = 1
19:18:39.936044,1023,clock_gettime(CLOCK_MONOTONIC, {138, 220980405}) = 0
19:18:39.936669,1023,clock_gettime(CLOCK_MONOTONIC, {138, 221670289}) = 0
19:18:39.937381,1023,clock_gettime(CLOCK_MONOTONIC, {138, 222314869}) = 0
19:18:39.938035,1023,clock_gettime(CLOCK_MONOTONIC, {138, 222968985}) = 0
19:18:39.938997,1023,clock_gettime(CLOCK_MONOTONIC, {138, 223933514}) = 0
19:18:39.939633,1023,clock_gettime(CLOCK_MONOTONIC, {138, 224834534}) = 0
19:18:39.947629,1023,recvfrom(37, 0xbee6c9a8, 24, 64, 0, 0) = -1 EAGAIN (Try again)
19:18:39.948314,1023,ioctl(9, 0xc0186201, 0xbee6d178) = 0
19:18:39.949207,1023,clock_gettime(CLOCK_MONOTONIC, {138, 234204884}) = 0
19:18:39.950045,1023,clock_gettime(CLOCK_MONOTONIC, {138, 235031345}) = 0
19:18:39.950800,1023,clock_gettime(CLOCK_MONOTONIC, {138, 235757870}) = 0
19:18:39.951491,1023,clock_gettime(CLOCK_MONOTONIC, {138, 236419971}) = 0
19:18:39.952150,1023,clock_gettime(CLOCK_MONOTONIC, {138, 237082415}) = 0
19:18:39.952828,1023,write(29, "W", 1) = 1
19:18:39.953718,1023,ioctl(9, 0xc0186201, 0xbee6cf10) = 0
19:18:39.954900,1023,ioctl(9, 0xc0186201, 0xbee6cf10) = 0
19:18:39.994668,1023,clock_gettime(CLOCK_MONOTONIC, {138, 279878134}) = 0
19:18:39.998520,1023,clock_gettime(CLOCK_MONOTONIC, {138, 283466202}) = 0
19:18:39.999205,1023,ioctl(9, 0xc0186201, 0xbee6d0c8) = 0
19:18:40.000441,1023,getpid() = 1023
19:18:40.001012,1023,getuid32() = 10050
19:18:40.001579,1023,epoll_wait(0x1e, 0xbee6d1f8, 0x10, 0) = 2
19:18:40.002232,1023,read(23, "WW", 16) = 2
19:18:40.002856,1023,recvfrom(37, "nysv\0\0\0\0006æ\211/ \0\0\0F\4\0\0\224Â'¸", 24, MSG_DONTWAIT, NULL, NULL) = 24
19:18:40.003622,1023,recvfrom(37, 0xbee6c828, 24, 64, 0, 0) = -1 EAGAIN (Try again)
19:18:40.004254,1023,clock_gettime(CLOCK_MONOTONIC, {138, 289185834}) = 0
19:18:40.005026,1023,clock_gettime(CLOCK_MONOTONIC, {138, 311910678}) = 0
19:18:40.027712,1023,clock_gettime(CLOCK_MONOTONIC, {138, 312789895}) = 0
19:18:40.028484,1023,clock_gettime(CLOCK_MONOTONIC, {138, 313417823}) = 0
19:18:40.029183,1023,recvfrom(38, 0xb88738b0, 1240, 64, 0, 0) = -1 EAGAIN (Try again)
19:18:40.029822,1023,clock_gettime(CLOCK_MONOTONIC, {138, 314756842}) = 0
19:18:40.030438,1023,clock_gettime(CLOCK_MONOTONIC, {138, 315372013}) = 0
19:18:40.031112,1023,getpid() = 1023
19:18:40.031637,1023,getuid32() = 10050
19:18:40.032315,1023,epoll_wait(0x1e, 0xbee6d1f8, 0x10, 0) = 0
19:18:40.032991,1023,clock_gettime(CLOCK_MONOTONIC, {138, 317924396}) = 0
19:18:40.033614,1023,ioctl(9, 0xc0186201, 0xbee6d328) = 0
19:18:40.034290,1023,epoll_wait(0x1e, 0xbee6d1f8, 0x10, 0x9) = 0
19:18:40.048716,1023,clock_gettime(CLOCK_MONOTONIC, {138, 333746745}) = 0
19:18:40.049426,1023,clock_gettime(CLOCK_MONOTONIC, {138, 334431660}) = 0
19:18:40.050211,1023,recvfrom(37, 0xbee6c9a8, 24, 64, 0, 0) = -1 EAGAIN (Try again)
19:18:40.050906,1023,ioctl(9, 0xc0186201, 0xbee6d178) = 0
19:18:40.052063,1023,getpid() = 1023
19:18:40.052995,1023,getuid32() = 10050
19:18:40.053685,1023,epoll_wait(0x1e, 0xbee6d1f8, 0x10, 0) = 1
19:18:40.054254,1023,recvfrom(37, "nysv\0\0\0\0:W}5 \0\0\0H\4\0\0\224Â'¸", 24, MSG_DONTWAIT, NULL, NULL) = 24
19:18:40.055169,1023,recvfrom(37, 0xbee6c828, 24, 64, 0, 0) = -1 EAGAIN (Try again)
19:18:40.055772,1023,clock_gettime(CLOCK_MONOTONIC, {138, 340712682}) = 0
19:18:40.056447,1023,clock_gettime(CLOCK_MONOTONIC, {138, 341373428}) = 0
19:18:40.057084,1023,clock_gettime(CLOCK_MONOTONIC, {138, 342010136}) = 0
19:18:40.057671,1023,clock_gettime(CLOCK_MONOTONIC, {138, 342634469}) = 0
19:18:40.058297,1023,clock_gettime(CLOCK_MONOTONIC, {138, 353524049}) = 0
19:18:40.069625,1023,clock_gettime(CLOCK_MONOTONIC, {138, 354621097}) = 0
19:18:40.070371,1023,clock_gettime(CLOCK_MONOTONIC, {138, 355394504}) = 0
19:18:40.071176,1023,recvfrom(37, 0xbee6c9a8, 24, 64, 0, 0) = -1 EAGAIN (Try again)
19:18:40.071809,1023,ioctl(9, 0xc0186201, 0xbee6d178) = 0
19:18:40.072648,1023,clock_gettime(CLOCK_MONOTONIC, {138, 357721596}) = 0
19:18:40.073490,1023,clock_gettime(CLOCK_MONOTONIC, {138, 358425458}) = 0
19:18:40.074153,1023,clock_gettime(CLOCK_MONOTONIC, {138, 359086649}) = 0
19:18:40.074810,1023,clock_gettime(CLOCK_MONOTONIC, {138, 359790915}) = 0
19:18:40.075500,1023,clock_gettime(CLOCK_MONOTONIC, {138, 360434493}) = 0
19:18:40.076180,1023,write(29, "W", 1) = 1
19:18:40.077017,1023,ioctl(9, 0xc0186201, 0xbee6cf10) = 0
19:18:40.077841,1023,ioctl(9, 0xc0186201, 0xbee6cf10) = 0
19:18:40.079159,1023,clock_gettime(CLOCK_MONOTONIC, {138, 364097472}) = 0
19:18:40.082695,1023,clock_gettime(CLOCK_MONOTONIC, {138, 367696494}) = 0
19:18:40.083393,1023,ioctl(9, 0xc0186201, 0xbee6d0c8) = 0
19:18:40.084344,1023,ioctl(9, 0xc0186201, 0xbee6d0c8) = 0
19:18:40.085130,1023,getpid() = 1023
19:18:40.085659,1023,getuid32() = 10050
19:18:40.086263,1023,epoll_wait(0x1e, 0xbee6d1f8, 0x10, 0) = 1
19:18:40.086811,1023,read(23, "W", 16) = 1
19:18:40.087450,1023,clock_gettime(CLOCK_MONOTONIC, {138, 372382049}) = 0
19:18:40.088079,1023,ioctl(9, 0xc0186201, 0xbee6d328) = 0
19:18:40.088645,1023,epoll_wait(0x1e, 0xbee6d1f8, 0x10, 0x4c) = 1
19:18:40.107796,1023,recvfrom(37, "nysv\0\0\0\0vçÜ6 \0\0\0I\4\0\0\224Â'¸", 24, MSG_DONTWAIT, NULL, NULL) = 24
19:18:40.108536,1023,recvfrom(37, 0xbee6c828, 24, 64, 0, 0) = -1 EAGAIN (Try again)
19:18:40.109244,1023,clock_gettime(CLOCK_MONOTONIC, {138, 394174221}) = 0
19:18:40.109920,1023,write(29, "W", 1) = 1
19:18:40.110569,1023,clock_gettime(CLOCK_MONOTONIC, {138, 395521206}) = 0
19:18:40.111691,1023,clock_gettime(CLOCK_MONOTONIC, {138, 396661657}) = 0
19:18:40.112367,1023,clock_gettime(CLOCK_MONOTONIC, {138, 397295244}) = 0
19:18:40.113080,1023,recvfrom(38, 0xb88738b0, 1240, 64, 0, 0) = -1 EAGAIN (Try again)
19:18:40.113647,1023,clock_gettime(CLOCK_MONOTONIC, {138, 398613183}) = 0
19:18:40.114339,1023,clock_gettime(CLOCK_MONOTONIC, {138, 399265565}) = 0
19:18:40.114971,1023,getpid() = 1023
19:18:40.115475,1023,getuid32() = 10050
19:18:40.116337,1023,epoll_wait(0x1e, 0xbee6d1f8, 0x10, 0) = 1
19:18:40.117068,1023,read(23, "W", 16) = 1
19:18:40.117651,1023,clock_gettime(CLOCK_MONOTONIC, {138, 402639219}) = 0
19:18:40.118325,1023,epoll_wait(0x1e, 0xbee6d1f8, 0x10, 0x2e) = 0
19:18:40.223232,1023,clock_gettime(CLOCK_MONOTONIC, {138, 508190410}) = 0
19:18:40.223937,1023,clock_gettime(CLOCK_MONOTONIC, {138, 508874372}) = 0
19:18:40.224585,1023,recvfrom(37, 0xbee6c9a8, 24, 64, 0, 0) = -1 EAGAIN (Try again)
19:18:40.225208,1023,ioctl(9, 0xc0186201, 0xbee6d178) = 0
19:18:40.226075,1023,getpid() = 1023
19:18:40.226750,1023,getuid32() = 10050
19:18:40.227435,1023,epoll_wait(0x1e, 0xbee6d1f8, 0x10, 0) = 0
19:18:40.228020,1023,clock_gettime(CLOCK_MONOTONIC, {138, 512944626}) = 0
19:18:40.228621,1023,epoll_wait(0x1e, 0xbee6d1f8, 0x10, 0xffffffff) = 1
19:18:40.239135,1023,recvfrom(37, "nysv\0\0\0\0\6©\4@ \0\0\0J\4\0\0\224Â'¸", 24, MSG_DONTWAIT, NULL, NULL) = 24
19:18:40.240005,1023,recvfrom(37, 0xbee6c828, 24, 64, 0, 0) = -1 EAGAIN (Try again)
19:18:40.240621,1023,clock_gettime(CLOCK_MONOTONIC, {138, 525628668}) = 0
19:18:40.241349,1023,write(29, "W", 1) = 1
19:18:40.242100,1023,clock_gettime(CLOCK_MONOTONIC, {138, 527037901}) = 0
19:18:40.242877,1023,clock_gettime(CLOCK_MONOTONIC, {138, 527807012}) = 0
19:18:40.243473,1023,clock_gettime(CLOCK_MONOTONIC, {138, 528400272}) = 0
19:18:40.244137,1023,clock_gettime(CLOCK_MONOTONIC, {138, 529064253}) = 0
19:18:40.245120,1023,clock_gettime(CLOCK_MONOTONIC, {138, 530057773}) = 0
19:18:40.246159,1023,clock_gettime(CLOCK_MONOTONIC, {138, 531099172}) = 0
19:18:40.259276,1023,recvfrom(37, 0xbee6c9a8, 24, 64, 0, 0) = -1 EAGAIN (Try again)
19:18:40.259925,1023,ioctl(9, 0xc0186201, 0xbee6d178) = 0
19:18:40.260847,1023,clock_gettime(CLOCK_MONOTONIC, {138, 545970926}) = 0
19:18:40.261822,1023,clock_gettime(CLOCK_MONOTONIC, {138, 546814458}) = 0
19:18:40.262701,1023,clock_gettime(CLOCK_MONOTONIC, {138, 547702890}) = 0
19:18:40.263397,1023,clock_gettime(CLOCK_MONOTONIC, {138, 548334029}) = 0
19:18:40.264117,1023,clock_gettime(CLOCK_MONOTONIC, {138, 549053968}) = 0
19:18:40.264837,1023,write(29, "W", 1) = 1
19:18:40.265647,1023,ioctl(9, 0xc0186201, 0xbee6cf10) = 0
19:18:40.266506,1023,ioctl(9, 0xc0186201, 0xbee6cf10) = 0
19:18:40.267915,1023,clock_gettime(CLOCK_MONOTONIC, {138, 552867938}) = 0
19:18:40.270411,1023,clock_gettime(CLOCK_MONOTONIC, {138, 555344181}) = 0
19:18:40.271077,1023,ioctl(9, 0xc0186201, 0xbee6d0c8) = 0
19:18:40.271937,1023,ioctl(9, 0xc0186201, 0xbee6d0c8) = 0
19:18:40.272582,1023,getpid() = 1023
19:18:40.273131,1023,getuid32() = 10050
19:18:40.273674,1023,epoll_wait(0x1e, 0xbee6d1f8, 0x10, 0) = 1
19:18:40.274295,1023,read(23, "WW", 16) = 2
19:18:40.274974,1023,clock_gettime(CLOCK_MONOTONIC, {138, 559902805}) = 0
19:18:40.275575,1023,ioctl(9, 0xc0186201, 0xbee6d328) = 0
19:18:40.276160,1023,epoll_wait(0x1e, 0xbee6d1f8, 0x10, 0x4e) = 1
19:18:40.301099,1023,recvfrom(37, "nysv\0\0\0\0`\1\24B \0\0\0K\4\0\0\224Â'¸", 24, MSG_DONTWAIT, NULL, NULL) = 24
19:18:40.301923,1023,recvfrom(37, 0xbee6c828, 24, 64, 0, 0) = -1 EAGAIN (Try again)
19:18:40.302576,1023,clock_gettime(CLOCK_MONOTONIC, {138, 587550239}) = 0
19:18:40.303275,1023,write(29, "W", 1) = 1
19:18:40.304031,1023,clock_gettime(CLOCK_MONOTONIC, {138, 588968112}) = 0
19:18:40.304663,1023,clock_gettime(CLOCK_MONOTONIC, {138, 589636957}) = 0
19:18:40.305320,1023,clock_gettime(CLOCK_MONOTONIC, {138, 590254609}) = 0
19:18:40.305997,1023,recvfrom(38, 0xb88738b0, 1240, 64, 0, 0) = -1 EAGAIN (Try again)
19:18:40.306585,1023,clock_gettime(CLOCK_MONOTONIC, {138, 591557713}) = 0
19:18:40.307243,1023,clock_gettime(CLOCK_MONOTONIC, {138, 592212162}) = 0
19:18:40.307936,1023,getpid() = 1023
19:18:40.308569,1023,getuid32() = 10050
19:18:40.309172,1023,epoll_wait(0x1e, 0xbee6d1f8, 0x10, 0) = 1
19:18:40.309714,1023,read(23, "W", 16) = 1
19:18:40.310353,1023,clock_gettime(CLOCK_MONOTONIC, {138, 595287726}) = 0
19:18:40.311029,1023,epoll_wait(0x1e, 0xbee6d1f8, 0x10, 0x2a) = 0
19:18:40.386502,1023,clock_gettime(CLOCK_MONOTONIC, {138, 671450772}) = 0
19:18:40.388550,1023,clock_gettime(CLOCK_MONOTONIC, {138, 673627179}) = 0
19:18:40.389327,1023,recvfrom(37, 0xbee6c9a8, 24, 64, 0, 0) = -1 EAGAIN (Try again)
19:18:40.390050,1023,ioctl(9, 0xc0186201, 0xbee6d178) = 0
19:18:40.391274,1023,getpid() = 1023
19:18:40.392025,1023,getuid32() = 10050
19:18:40.392616,1023,epoll_wait(0x1e, 0xbee6d1f8, 0x10, 0) = 0
19:18:40.393269,1023,clock_gettime(CLOCK_MONOTONIC, {138, 678202307}) = 0
19:18:40.394009,1023,epoll_wait(0x1e, 0xbee6d1f8, 0x10, 0xffffffff) = 1
19:18:40.395416,1023,recvfrom(37, "nysv\0\0\0\0´2ÜI \0\0\0L\4\0\0\224Â'¸", 24, MSG_DONTWAIT, NULL, NULL) = 24
19:18:40.396170,1023,recvfrom(37, 0xbee6c828, 24, 64, 0, 0) = -1 EAGAIN (Try again)
19:18:40.396801,1023,clock_gettime(CLOCK_MONOTONIC, {138, 681742261}) = 0
19:18:40.397526,1023,write(29, "W", 1) = 1
19:18:40.398844,1023,clock_gettime(CLOCK_MONOTONIC, {138, 683775596}) = 0
19:18:40.399453,1023,clock_gettime(CLOCK_MONOTONIC, {138, 684381917}) = 0
19:18:40.400485,1023,clock_gettime(CLOCK_MONOTONIC, {138, 685475728}) = 0
19:18:40.401296,1023,clock_gettime(CLOCK_MONOTONIC, {138, 686225835}) = 0
19:18:40.402409,1023,clock_gettime(CLOCK_MONOTONIC, {138, 687508139}) = 0
19:18:40.403307,1023,clock_gettime(CLOCK_MONOTONIC, {138, 688276117}) = 0
19:18:40.404045,1023,recvfrom(37, 0xbee6c9a8, 24, 64, 0, 0) = -1 EAGAIN (Try again)
19:18:40.404629,1023,ioctl(9, 0xc0186201, 0xbee6d178) = 0
19:18:40.405508,1023,clock_gettime(CLOCK_MONOTONIC, {138, 690563971}) = 0
19:18:40.428490,1023,clock_gettime(CLOCK_MONOTONIC, {138, 713470688}) = 0
19:18:40.429272,1023,clock_gettime(CLOCK_MONOTONIC, {138, 714219688}) = 0
19:18:40.429974,1023,clock_gettime(CLOCK_MONOTONIC, {138, 714910026}) = 0
19:18:40.430623,1023,clock_gettime(CLOCK_MONOTONIC, {138, 715653367}) = 0
19:18:40.431363,1023,write(29, "W", 1) = 1
19:18:40.432237,1023,ioctl(9, 0xc0186201, 0xbee6cf10) = 0
19:18:40.434070,1023,clock_gettime(CLOCK_MONOTONIC, {138, 719039180}) = 0
19:18:40.438233,1023,clock_gettime(CLOCK_MONOTONIC, {138, 723180655}) = 0
19:18:40.438905,1023,ioctl(9, 0xc0186201, 0xbee6d0c8) = 0
19:18:40.440076,1023,getpid() = 1023
19:18:40.440591,1023,getuid32() = 10050
19:18:40.441235,1023,epoll_wait(0x1e, 0xbee6d1f8, 0x10, 0) = 2
19:18:40.441806,1023,read(23, "WW", 16) = 2
19:18:40.442474,1023,recvfrom(37, "nysv\0\0\0\0Ü\222ÆJ \0\0\0M\4\0\0\224Â'¸", 24, MSG_DONTWAIT, NULL, NULL) = 24
19:18:40.443192,1023,recvfrom(37, 0xbee6c828, 24, 64, 0, 0) = -1 EAGAIN (Try again)
19:18:40.443800,1023,clock_gettime(CLOCK_MONOTONIC, {138, 728772986}) = 0
19:18:40.444497,1023,clock_gettime(CLOCK_MONOTONIC, {138, 729424949}) = 0
19:18:40.445192,1023,clock_gettime(CLOCK_MONOTONIC, {138, 730119840}) = 0
19:18:40.445820,1023,clock_gettime(CLOCK_MONOTONIC, {138, 730806672}) = 0
19:18:40.446490,1023,recvfrom(38, 0xb88738b0, 1240, 64, 0, 0) = -1 EAGAIN (Try again)
19:18:40.447089,1023,clock_gettime(CLOCK_MONOTONIC, {138, 732017130}) = 0
19:18:40.447681,1023,clock_gettime(CLOCK_MONOTONIC, {138, 732646840}) = 0
19:18:40.448310,1023,getpid() = 1023
19:18:40.448853,1023,getuid32() = 10050
19:18:40.449421,1023,epoll_wait(0x1e, 0xbee6d1f8, 0x10, 0) = 0
19:18:40.449996,1023,clock_gettime(CLOCK_MONOTONIC, {138, 734921984}) = 0
19:18:40.450590,1023,ioctl(9, 0xc0186201, 0xbee6d328) = 0
19:18:40.451174,1023,epoll_wait(0x1e, 0xbee6d1f8, 0x10, 0x45) = 0
19:18:40.524268,1023,clock_gettime(CLOCK_MONOTONIC, {138, 809225871}) = 0
19:18:40.524974,1023,clock_gettime(CLOCK_MONOTONIC, {138, 809912487}) = 0
19:18:40.525621,1023,recvfrom(37, 0xbee6c9a8, 24, 64, 0, 0) = -1 EAGAIN (Try again)
19:18:40.526247,1023,ioctl(9, 0xc0186201, 0xbee6d178) = 0
19:18:40.527109,1023,getpid() = 1023
19:18:40.527799,1023,getuid32() = 10050
19:18:40.552016,1023,epoll_wait(0x1e, 0xbee6d1f8, 0x10, 0) = 1
19:18:40.552757,1023,recvfrom(37, "nysv\0\0\0\0\22üÞQ \0\0\0O\4\0\0\224Â'¸", 24, MSG_DONTWAIT, NULL, NULL) = 24
19:18:40.553508,1023,recvfrom(37, 0xbee6c828, 24, 64, 0, 0) = -1 EAGAIN (Try again)
19:18:40.554234,1023,clock_gettime(CLOCK_MONOTONIC, {138, 839170501}) = 0
19:18:40.554974,1023,clock_gettime(CLOCK_MONOTONIC, {138, 839911019}) = 0
19:18:40.555602,1023,clock_gettime(CLOCK_MONOTONIC, {138, 840576636}) = 0
19:18:40.556319,1023,clock_gettime(CLOCK_MONOTONIC, {138, 841253149}) = 0
19:18:40.557035,1023,clock_gettime(CLOCK_MONOTONIC, {138, 841968628}) = 0
19:18:40.557939,1023,clock_gettime(CLOCK_MONOTONIC, {138, 842875581}) = 0
19:18:40.558576,1023,clock_gettime(CLOCK_MONOTONIC, {138, 843549545}) = 0
19:18:40.559316,1023,recvfrom(37, 0xbee6c9a8, 24, 64, 0, 0) = -1 EAGAIN (Try again)
19:18:40.559932,1023,ioctl(9, 0xc0186201, 0xbee6d178) = 0
19:18:40.560800,1023,clock_gettime(CLOCK_MONOTONIC, {138, 845797343}) = 0
19:18:40.561558,1023,clock_gettime(CLOCK_MONOTONIC, {138, 846519362}) = 0
19:18:40.562222,1023,clock_gettime(CLOCK_MONOTONIC, {138, 847158726}) = 0
19:18:40.562881,1023,clock_gettime(CLOCK_MONOTONIC, {138, 847830636}) = 0
19:18:40.563552,1023,clock_gettime(CLOCK_MONOTONIC, {138, 848561755}) = 0
19:18:40.564286,1023,write(29, "W", 1) = 1
19:18:40.565135,1023,ioctl(9, 0xc0186201, 0xbee6cf10) = 0
19:18:40.565967,1023,ioctl(9, 0xc0186201, 0xbee6cf10) = 0
19:18:40.567343,1023,clock_gettime(CLOCK_MONOTONIC, {138, 852288674}) = 0
19:18:40.571126,1023,clock_gettime(CLOCK_MONOTONIC, {138, 856070760}) = 0
19:18:40.571805,1023,ioctl(9, 0xc0186201, 0xbee6d0c8) = 0
19:18:40.572752,1023,ioctl(9, 0xc0186201, 0xbee6d0c8) = 0
19:18:40.573498,1023,getpid() = 1023
19:18:40.574069,1023,getuid32() = 10050
19:18:40.574635,1023,epoll_wait(0x1e, 0xbee6d1f8, 0x10, 0) = 1
19:18:40.575276,1023,read(23, "W", 16) = 1
19:18:40.575922,1023,clock_gettime(CLOCK_MONOTONIC, {138, 860855790}) = 0
19:18:40.576547,1023,ioctl(9, 0xc0186201, 0xbee6d328) = 0
19:18:40.577183,1023,epoll_wait(0x1e, 0xbee6d1f8, 0x10, 0x4c) = 1
19:18:40.600958,1023,recvfrom(37, "nysv\0\0\0\0lTîS \0\0\0P\4\0\0\224Â'¸", 24, MSG_DONTWAIT, NULL, NULL) = 24
19:18:40.601713,1023,recvfrom(37, 0xbee6c828, 24, 64, 0, 0) = -1 EAGAIN (Try again)
19:18:40.602339,1023,clock_gettime(CLOCK_MONOTONIC, {138, 887267755}) = 0
19:18:40.603009,1023,write(29, "W", 1) = 1
19:18:40.603652,1023,clock_gettime(CLOCK_MONOTONIC, {138, 888619226}) = 0
19:18:40.604295,1023,clock_gettime(CLOCK_MONOTONIC, {138, 889223079}) = 0
19:18:40.604925,1023,clock_gettime(CLOCK_MONOTONIC, {138, 889853007}) = 0
19:18:40.605537,1023,recvfrom(38, 0xb88738b0, 1240, 64, 0, 0) = -1 EAGAIN (Try again)
19:18:40.606160,1023,clock_gettime(CLOCK_MONOTONIC, {138, 891096068}) = 0
19:18:40.606790,1023,clock_gettime(CLOCK_MONOTONIC, {138, 891725891}) = 0
19:18:40.639122,1023,getpid() = 1023
19:18:40.639682,1023,getuid32() = 10050
19:18:40.640329,1023,epoll_wait(0x1e, 0xbee6d1f8, 0x10, 0) = 1
19:18:40.640907,1023,read(23, "W", 16) = 1
19:18:40.641494,1023,clock_gettime(CLOCK_MONOTONIC, {138, 926422486}) = 0
19:18:40.642149,1023,epoll_wait(0x1e, 0xbee6d1f8, 0x10, 0xa) = 0
19:18:40.655151,1023,clock_gettime(CLOCK_MONOTONIC, {138, 940089176}) = 0
19:18:40.655815,1023,clock_gettime(CLOCK_MONOTONIC, {138, 953636189}) = 0
19:18:40.669368,1023,recvfrom(37, 0xbee6c9a8, 24, 64, 0, 0) = -1 EAGAIN (Try again)
19:18:40.670054,1023,ioctl(9, 0xc0186201, 0xbee6d178) = 0
19:18:40.671694,1023,getpid() = 1023
19:18:40.672363,1023,getuid32() = 10050
19:18:40.673026,1023,epoll_wait(0x1e, 0xbee6d1f8, 0x10, 0) = 0
19:18:40.673560,1023,clock_gettime(CLOCK_MONOTONIC, {138, 958512883}) = 0
19:18:40.674268,1023,epoll_wait(0x1e, 0xbee6d1f8, 0x10, 0xffffffff) = 1
19:18:40.681671,1023,recvfrom(37, "nysv\0\0\0\0\216\215\221Z \0\0\0Q\4\0\0\224Â'¸", 24, MSG_DONTWAIT, NULL, NULL) = 24
19:18:40.682666,1023,recvfrom(37, 0xbee6c828, 24, 64, 0, 0) = -1 EAGAIN (Try again)
19:18:40.683309,1023,clock_gettime(CLOCK_MONOTONIC, {138, 968244601}) = 0
19:18:40.684003,1023,write(29, "W", 1) = 1
19:18:40.684773,1023,clock_gettime(CLOCK_MONOTONIC, {138, 969708056}) = 0
19:18:40.685409,1023,clock_gettime(CLOCK_MONOTONIC, {138, 970344469}) = 0
19:18:40.686064,1023,clock_gettime(CLOCK_MONOTONIC, {138, 970999858}) = 0
19:18:40.696217,1023,clock_gettime(CLOCK_MONOTONIC, {138, 981155996}) = 0
19:18:40.697113,1023,clock_gettime(CLOCK_MONOTONIC, {138, 982043084}) = 0
19:18:40.697849,1023,clock_gettime(CLOCK_MONOTONIC, {138, 982779288}) = 0
19:18:40.698467,1023,recvfrom(37, 0xbee6c9a8, 24, 64, 0, 0) = -1 EAGAIN (Try again)
19:18:40.699063,1023,ioctl(9, 0xc0186201, 0xbee6d178) = 0
19:18:40.699891,1023,clock_gettime(CLOCK_MONOTONIC, {138, 984880064}) = 0
19:18:40.700624,1023,clock_gettime(CLOCK_MONOTONIC, {138, 985591644}) = 0
19:18:40.701283,1023,clock_gettime(CLOCK_MONOTONIC, {138, 986215640}) = 0
19:18:40.701933,1023,clock_gettime(CLOCK_MONOTONIC, {138, 987069114}) = 0
19:18:40.703004,1023,clock_gettime(CLOCK_MONOTONIC, {138, 987955483}) = 0
19:18:40.703666,1023,write(29, "W", 1) = 1
19:18:40.705173,1023,ioctl(9, 0xc0186201, 0xbee6cf10) = 0
19:18:40.727334,1023,ioctl(9, 0xc0186201, 0xbee6cf10) = 0
19:18:40.728734,1023,clock_gettime(CLOCK_MONOTONIC, {139, 13680571}) = 0
19:18:40.732076,1023,clock_gettime(CLOCK_MONOTONIC, {139, 17018615}) = 0
19:18:40.732713,1023,ioctl(9, 0xc0186201, 0xbee6d0c8) = 0
19:18:40.733462,1023,ioctl(9, 0xc0186201, 0xbee6d0c8) = 0
19:18:40.734417,1023,getpid() = 1023
19:18:40.734955,1023,getuid32() = 10050
19:18:40.735523,1023,epoll_wait(0x1e, 0xbee6d1f8, 0x10, 0) = 2
19:18:40.736131,1023,read(23, "WW", 16) = 2
19:18:40.736739,1023,recvfrom(37, "nysv\0\0\0\0Ôµ+\\ \0\0\0R\4\0\0\224Â'¸", 24, MSG_DONTWAIT, NULL, NULL) = 24
19:18:40.737466,1023,recvfrom(37, 0xbee6c828, 24, 64, 0, 0) = -1 EAGAIN (Try again)
19:18:40.738079,1023,clock_gettime(CLOCK_MONOTONIC, {139, 23018143}) = 0
19:18:40.738776,1023,clock_gettime(CLOCK_MONOTONIC, {139, 23715061}) = 0
19:18:40.739414,1023,clock_gettime(CLOCK_MONOTONIC, {139, 24382368}) = 0
19:18:40.740079,1023,clock_gettime(CLOCK_MONOTONIC, {139, 25019058}) = 0
19:18:40.740735,1023,recvfrom(38, 0xb88738b0, 1240, 64, 0, 0) = -1 EAGAIN (Try again)
19:18:40.741338,1023,clock_gettime(CLOCK_MONOTONIC, {139, 26278356}) = 0
19:18:40.741975,1023,clock_gettime(CLOCK_MONOTONIC, {139, 26915650}) = 0
19:18:40.743504,1023,getpid() = 1023
19:18:40.744103,1023,getuid32() = 10050
19:18:40.744659,1023,epoll_wait(0x1e, 0xbee6d1f8, 0x10, 0) = 0
19:18:40.745299,1023,clock_gettime(CLOCK_MONOTONIC, {139, 30233365}) = 0
19:18:40.745999,1023,ioctl(9, 0xc0186201, 0xbee6d328) = 0
19:18:40.746575,1023,epoll_wait(0x1e, 0xbee6d1f8, 0x10, 0x2e) = 0
19:18:40.796907,1023,clock_gettime(CLOCK_MONOTONIC, {139, 81868279}) = 0
19:18:40.797628,1023,clock_gettime(CLOCK_MONOTONIC, {139, 82630225}) = 0
19:18:40.798344,1023,recvfrom(37, 0xbee6c9a8, 24, 64, 0, 0) = -1 EAGAIN (Try again)
19:18:40.798996,1023,ioctl(9, 0xc0186201, 0xbee6d178) = 0
19:18:40.800174,1023,getpid() = 1023
19:18:40.800929,1023,getuid32() = 10050
19:18:40.801515,1023,epoll_wait(0x1e, 0xbee6d1f8, 0x10, 0) = 0
19:18:40.802120,1023,clock_gettime(CLOCK_MONOTONIC, {139, 87057205}) = 0
19:18:40.802804,1023,epoll_wait(0x1e, 0xbee6d1f8, 0x10, 0xffffffff) = 1
19:18:40.809853,1023,recvfrom(37, "nysv\0\0\0\0â¾Yb \0\0\0T\4\0\0\224Â'¸", 24, MSG_DONTWAIT, NULL, NULL) = 24
19:18:40.810661,1023,recvfrom(37, 0xbee6c828, 24, 64, 0, 0) = -1 EAGAIN (Try again)
19:18:40.811476,1023,clock_gettime(CLOCK_MONOTONIC, {139, 96407131}) = 0
19:18:40.812147,1023,write(29, "W", 1) = 1
19:18:40.812823,1023,clock_gettime(CLOCK_MONOTONIC, {139, 97751489}) = 0
19:18:40.813831,1023,clock_gettime(CLOCK_MONOTONIC, {139, 98844154}) = 0
19:18:40.814561,1023,clock_gettime(CLOCK_MONOTONIC, {139, 99515630}) = 0
19:18:40.815254,1023,clock_gettime(CLOCK_MONOTONIC, {139, 100181909}) = 0
19:18:40.816122,1023,clock_gettime(CLOCK_MONOTONIC, {139, 101051142}) = 0
19:18:40.816737,1023,clock_gettime(CLOCK_MONOTONIC, {139, 101665686}) = 0
19:18:40.817396,1023,recvfrom(37, 0xbee6c9a8, 24, 64, 0, 0) = -1 EAGAIN (Try again)
19:18:40.818017,1023,ioctl(9, 0xc0186201, 0xbee6d178) = 0
19:18:40.818811,1023,clock_gettime(CLOCK_MONOTONIC, {139, 103788732}) = 0
19:18:40.819477,1023,clock_gettime(CLOCK_MONOTONIC, {139, 104405629}) = 0
19:18:40.820079,1023,clock_gettime(CLOCK_MONOTONIC, {139, 105006615}) = 0
19:18:40.820672,1023,clock_gettime(CLOCK_MONOTONIC, {139, 105604201}) = 0
19:18:40.821313,1023,clock_gettime(CLOCK_MONOTONIC, {139, 106408716}) = 0
19:18:40.840125,1023,write(29, "W", 1) = 1
19:18:40.840972,1023,ioctl(9, 0xc0186201, 0xbee6cf10) = 0
19:18:40.841929,1023,ioctl(9, 0xc0186201, 0xbee6cf10) = 0
19:18:40.843310,1023,clock_gettime(CLOCK_MONOTONIC, {139, 128245970}) = 0
19:18:40.847488,1023,clock_gettime(CLOCK_MONOTONIC, {139, 132445281}) = 0
19:18:40.848153,1023,ioctl(9, 0xc0186201, 0xbee6d0c8) = 0
19:18:40.849602,1023,getpid() = 1023
19:18:40.850204,1023,getuid32() = 10050
19:18:40.850817,1023,epoll_wait(0x1e, 0xbee6d1f8, 0x10, 0) = 2
19:18:40.851375,1023,read(23, "WW", 16) = 2
19:18:40.852096,1023,recvfrom(37, "nysv\0\0\0\0\0\207\tc \0\0\0U\4\0\0\224Â'¸", 24, MSG_DONTWAIT, NULL, NULL) = 24
19:18:40.873758,1023,recvfrom(37, 0xbee6c828, 24, 64, 0, 0) = -1 EAGAIN (Try again)
19:18:40.874405,1023,clock_gettime(CLOCK_MONOTONIC, {139, 159350297}) = 0
19:18:40.887085,1023,clock_gettime(CLOCK_MONOTONIC, {139, 172034278}) = 0
19:18:40.887758,1023,clock_gettime(CLOCK_MONOTONIC, {139, 172702076}) = 0
19:18:40.888402,1023,clock_gettime(CLOCK_MONOTONIC, {139, 173344720}) = 0
19:18:40.889075,1023,recvfrom(38, 0xb88738b0, 1240, 64, 0, 0) = -1 EAGAIN (Try again)
19:18:40.889690,1023,clock_gettime(CLOCK_MONOTONIC, {139, 174638909}) = 0
19:18:40.890340,1023,clock_gettime(CLOCK_MONOTONIC, {139, 175281929}) = 0
19:18:40.891478,1023,getpid() = 1023
19:18:40.892040,1023,getuid32() = 10050
19:18:40.892632,1023,epoll_wait(0x1e, 0xbee6d1f8, 0x10, 0) = 0
19:18:40.893226,1023,clock_gettime(CLOCK_MONOTONIC, {139, 178205728}) = 0
19:18:40.894249,1023,ioctl(9, 0xc0186201, 0xbee6d328) = 0
19:18:40.895018,1023,epoll_wait(0x1e, 0xbee6d1f8, 0x10, 0x10) = 0
19:18:40.916487,1023,clock_gettime(CLOCK_MONOTONIC, {139, 201463622}) = 0
19:18:40.917221,1023,clock_gettime(CLOCK_MONOTONIC, {139, 202175425}) = 0
19:18:40.917934,1023,recvfrom(37, 0xbee6c9a8, 24, 64, 0, 0) = -1 EAGAIN (Try again)
19:18:40.918573,1023,ioctl(9, 0xc0186201, 0xbee6d178) = 0
19:18:40.919548,1023,getpid() = 1023
19:18:40.920256,1023,getuid32() = 10050
19:18:40.920865,1023,epoll_wait(0x1e, 0xbee6d1f8, 0x10, 0) = 0
19:18:40.921445,1023,clock_gettime(CLOCK_MONOTONIC, {139, 206386570}) = 0
19:18:40.922165,1023,epoll_wait(0x1e, 0xbee6d1f8, 0x10, 0xffffffff) = 1
19:18:40.939873,1023,recvfrom(37, "nysv\0\0\0\0\30(ri \0\0\0W\4\0\0\224Â'¸", 24, MSG_DONTWAIT, NULL, NULL) = 24
19:18:40.940656,1023,recvfrom(37, 0xbee6c828, 24, 64, 0, 0) = -1 EAGAIN (Try again)
19:18:40.941317,1023,clock_gettime(CLOCK_MONOTONIC, {139, 226269475}) = 0
19:18:40.942028,1023,write(29, "W", 1) = 1
19:18:40.942835,1023,clock_gettime(CLOCK_MONOTONIC, {139, 227779684}) = 0
19:18:40.943510,1023,clock_gettime(CLOCK_MONOTONIC, {139, 228461737}) = 0
19:18:40.944187,1023,clock_gettime(CLOCK_MONOTONIC, {139, 229138681}) = 0
19:18:40.944864,1023,clock_gettime(CLOCK_MONOTONIC, {139, 229814135}) = 0
19:18:40.945810,1023,clock_gettime(CLOCK_MONOTONIC, {139, 230760583}) = 0
19:18:40.946500,1023,clock_gettime(CLOCK_MONOTONIC, {139, 231451001}) = 0
19:18:40.947201,1023,recvfrom(37, 0xbee6c9a8, 24, 64, 0, 0) = -1 EAGAIN (Try again)
19:18:40.947833,1023,ioctl(9, 0xc0186201, 0xbee6d178) = 0
19:18:40.948722,1023,clock_gettime(CLOCK_MONOTONIC, {139, 233731370}) = 0
19:18:40.949481,1023,clock_gettime(CLOCK_MONOTONIC, {139, 234434172}) = 0
19:18:40.950165,1023,clock_gettime(CLOCK_MONOTONIC, {139, 235114838}) = 0
19:18:40.950845,1023,clock_gettime(CLOCK_MONOTONIC, {139, 235794606}) = 0
19:18:40.951544,1023,clock_gettime(CLOCK_MONOTONIC, {139, 236499637}) = 0
19:18:40.952246,1023,write(29, "W", 1) = 1
19:18:40.953316,1023,ioctl(9, 0xc0186201, 0xbee6cf10) = 0
19:18:40.954624,1023,ioctl(9, 0xc0186201, 0xbee6cf10) = 0
19:18:40.956088,1023,clock_gettime(CLOCK_MONOTONIC, {139, 241047966}) = 0
19:18:40.967632,1023,clock_gettime(CLOCK_MONOTONIC, {139, 252614278}) = 0
19:18:40.968362,1023,ioctl(9, 0xc0186201, 0xbee6d0c8) = 0
19:18:40.969531,1023,getpid() = 1023
19:18:40.970095,1023,getuid32() = 10050
19:18:40.992881,1023,epoll_wait(0x1e, 0xbee6d1f8, 0x10, 0) = 2
19:18:40.993570,1023,read(23, "WW", 16) = 2
19:18:40.994251,1023,recvfrom(37, "nysv\0\0\0\0|\30¼k \0\0\0X\4\0\0\224Â'¸", 24, MSG_DONTWAIT, NULL, NULL) = 24
19:18:40.994995,1023,recvfrom(37, 0xbee6c828, 24, 64, 0, 0) = -1 EAGAIN (Try again)
19:18:40.995624,1023,clock_gettime(CLOCK_MONOTONIC, {139, 280573717}) = 0
19:18:40.996356,1023,clock_gettime(CLOCK_MONOTONIC, {139, 281299534}) = 0
19:18:40.997017,1023,clock_gettime(CLOCK_MONOTONIC, {139, 281960785}) = 0
19:18:40.997659,1023,clock_gettime(CLOCK_MONOTONIC, {139, 282607257}) = 0
19:18:41.006662,1023,recvfrom(38, 0xb88738b0, 1240, 64, 0, 0) = -1 EAGAIN (Try again)
19:18:41.007361,1023,clock_gettime(CLOCK_MONOTONIC, {139, 292311349}) = 0
19:18:41.008047,1023,clock_gettime(CLOCK_MONOTONIC, {139, 292994082}) = 0
19:18:41.008726,1023,getpid() = 1023
19:18:41.009295,1023,getuid32() = 10050
19:18:41.009914,1023,epoll_wait(0x1e, 0xbee6d1f8, 0x10, 0) = 0
19:18:41.010523,1023,clock_gettime(CLOCK_MONOTONIC, {139, 295476429}) = 0
19:18:41.011206,1023,ioctl(9, 0xc0186201, 0xbee6d328) = 0
19:18:41.011841,1023,epoll_wait(0x1e, 0xbee6d1f8, 0x10, 0x1d) = 0
19:18:41.043591,1023,clock_gettime(CLOCK_MONOTONIC, {139, 328547230}) = 0
19:18:41.044259,1023,clock_gettime(CLOCK_MONOTONIC, {139, 329201316}) = 0
19:18:41.044931,1023,recvfrom(37, 0xbee6c9a8, 24, 64, 0, 0) = -1 EAGAIN (Try again)
19:18:41.045529,1023,ioctl(9, 0xc0186201, 0xbee6d178) = 0
19:18:41.058175,1023,getpid() = 1023
19:18:41.058945,1023,getuid32() = 10050
19:18:41.059568,1023,epoll_wait(0x1e, 0xbee6d1f8, 0x10, 0) = 1
19:18:41.060148,1023,recvfrom(37, "nysv\0\0\0\0vñtq \0\0\0Z\4\0\0\224Â'¸", 24, MSG_DONTWAIT, NULL, NULL) = 24
19:18:41.060963,1023,recvfrom(37, 0xbee6c828, 24, 64, 0, 0) = -1 EAGAIN (Try again)
19:18:41.061583,1023,clock_gettime(CLOCK_MONOTONIC, {139, 346530556}) = 0
19:18:41.062824,1023,clock_gettime(CLOCK_MONOTONIC, {139, 347768077}) = 0
19:18:41.063479,1023,clock_gettime(CLOCK_MONOTONIC, {139, 348420664}) = 0
19:18:41.064126,1023,clock_gettime(CLOCK_MONOTONIC, {139, 349067130}) = 0
19:18:41.064774,1023,clock_gettime(CLOCK_MONOTONIC, {139, 349713923}) = 0
19:18:41.065667,1023,clock_gettime(CLOCK_MONOTONIC, {139, 350615760}) = 0
19:18:41.066333,1023,clock_gettime(CLOCK_MONOTONIC, {139, 351275313}) = 0
19:18:41.067004,1023,recvfrom(37, 0xbee6c9a8, 24, 64, 0, 0) = -1 EAGAIN (Try again)
19:18:41.067600,1023,ioctl(9, 0xc0186201, 0xbee6d178) = 0
19:18:41.068543,1023,clock_gettime(CLOCK_MONOTONIC, {139, 353493134}) = 0
19:18:41.069220,1023,clock_gettime(CLOCK_MONOTONIC, {139, 354162085}) = 0
19:18:41.069874,1023,clock_gettime(CLOCK_MONOTONIC, {139, 354816072}) = 0
19:18:41.070518,1023,clock_gettime(CLOCK_MONOTONIC, {139, 355459782}) = 0
19:18:41.071193,1023,clock_gettime(CLOCK_MONOTONIC, {139, 356135166}) = 0
19:18:41.071866,1023,write(29, "W", 1) = 1
19:18:41.072686,1023,ioctl(9, 0xc0186201, 0xbee6cf10) = 0
19:18:41.074312,1023,clock_gettime(CLOCK_MONOTONIC, {139, 359259739}) = 0
19:18:41.077353,1023,clock_gettime(CLOCK_MONOTONIC, {139, 362301332}) = 0
19:18:41.122814,1023,ioctl(9, 0xc0186201, 0xbee6d0c8) = 0
19:18:41.123823,1023,ioctl(9, 0xc0186201, 0xbee6d0c8) = 0
19:18:41.124645,1023,getpid() = 1023
19:18:41.125232,1023,getuid32() = 10050
19:18:41.125865,1023,epoll_wait(0x1e, 0xbee6d1f8, 0x10, 0) = 2
19:18:41.126473,1023,read(23, "W", 16) = 1
19:18:41.127120,1023,recvfrom(37, "nysv\0\0\0\0\212!êq \0\0\0[\4\0\0\224Â'¸", 24, MSG_DONTWAIT, NULL, NULL) = 24
19:18:41.127900,1023,recvfrom(37, 0xbee6c828, 24, 64, 0, 0) = -1 EAGAIN (Try again)
19:18:41.128550,1023,clock_gettime(CLOCK_MONOTONIC, {139, 413506316}) = 0
19:18:41.129307,1023,clock_gettime(CLOCK_MONOTONIC, {139, 414257288}) = 0
19:18:41.129992,1023,clock_gettime(CLOCK_MONOTONIC, {139, 414941485}) = 0
19:18:41.130660,1023,clock_gettime(CLOCK_MONOTONIC, {139, 415614858}) = 0
19:18:41.131356,1023,recvfrom(38, 0xb88738b0, 1240, 64, 0, 0) = -1 EAGAIN (Try again)
19:18:41.131998,1023,clock_gettime(CLOCK_MONOTONIC, {139, 416947027}) = 0
19:18:41.132667,1023,clock_gettime(CLOCK_MONOTONIC, {139, 417622387}) = 0
19:18:41.133342,1023,getpid() = 1023
19:18:41.133918,1023,getuid32() = 10050
19:18:41.134524,1023,epoll_wait(0x1e, 0xbee6d1f8, 0x10, 0) = 0
19:18:41.135136,1023,clock_gettime(CLOCK_MONOTONIC, {139, 420084148}) = 0
19:18:41.135818,1023,ioctl(9, 0xc0186201, 0xbee6d328) = 0
19:18:41.136434,1023,epoll_wait(0x1e, 0xbee6d1f8, 0x10, 0x19) = 0
19:18:41.162703,1023,clock_gettime(CLOCK_MONOTONIC, {139, 447671969}) = 0
19:18:41.163419,1023,clock_gettime(CLOCK_MONOTONIC, {139, 448398098}) = 0
19:18:41.164172,1023,recvfrom(37, 0xbee6c9a8, 24, 64, 0, 0) = -1 EAGAIN (Try again)
19:18:41.164790,1023,ioctl(9, 0xc0186201, 0xbee6d178) = 0
19:18:41.165642,1023,getpid() = 1023
19:18:41.182482,1023,getuid32() = 10050
19:18:41.183168,1023,epoll_wait(0x1e, 0xbee6d1f8, 0x10, 0) = 0
19:18:41.183761,1023,clock_gettime(CLOCK_MONOTONIC, {139, 468704575}) = 0
19:18:41.184429,1023,epoll_wait(0x1e, 0xbee6d1f8, 0x10, 0xffffffff) = 1
19:18:41.185204,1023,recvfrom(37, "nysv\0\0\0\0\230*\30x \0\0\0]\4\0\0\224Â'¸", 24, MSG_DONTWAIT, NULL, NULL) = 24
19:18:41.185950,1023,recvfrom(37, 0xbee6c828, 24, 64, 0, 0) = -1 EAGAIN (Try again)
19:18:41.186572,1023,clock_gettime(CLOCK_MONOTONIC, {139, 471520194}) = 0
19:18:41.187242,1023,write(29, "W", 1) = 1
19:18:41.211726,1023,clock_gettime(CLOCK_MONOTONIC, {139, 496713628}) = 0
19:18:41.213394,1023,clock_gettime(CLOCK_MONOTONIC, {139, 498360236}) = 0
19:18:41.214083,1023,clock_gettime(CLOCK_MONOTONIC, {139, 499050691}) = 0
19:18:41.214763,1023,clock_gettime(CLOCK_MONOTONIC, {139, 499767143}) = 0
19:18:41.215752,1023,clock_gettime(CLOCK_MONOTONIC, {139, 500695996}) = 0
19:18:41.216417,1023,clock_gettime(CLOCK_MONOTONIC, {139, 501360938}) = 0
19:18:41.217096,1023,recvfrom(37, 0xbee6c9a8, 24, 64, 0, 0) = -1 EAGAIN (Try again)
19:18:41.217833,1023,ioctl(9, 0xc0186201, 0xbee6d178) = 0
19:18:41.218701,1023,clock_gettime(CLOCK_MONOTONIC, {139, 503718244}) = 0
19:18:41.219507,1023,clock_gettime(CLOCK_MONOTONIC, {139, 504507940}) = 0
19:18:41.220219,1023,clock_gettime(CLOCK_MONOTONIC, {139, 505161036}) = 0
19:18:41.220872,1023,clock_gettime(CLOCK_MONOTONIC, {139, 505814764}) = 0
19:18:41.221946,1023,clock_gettime(CLOCK_MONOTONIC, {139, 507248540}) = 0
19:18:41.223455,1023,write(29, "W", 1) = 1
19:18:41.224296,1023,ioctl(9, 0xc0186201, 0xbee6cf10) = 0
19:18:41.225141,1023,ioctl(9, 0xc0186201, 0xbee6cf10) = 0
19:18:41.226482,1023,clock_gettime(CLOCK_MONOTONIC, {139, 511429809}) = 0
19:18:41.239840,1023,clock_gettime(CLOCK_MONOTONIC, {139, 524877451}) = 0
19:18:41.240661,1023,ioctl(9, 0xc0186201, 0xbee6d0c8) = 0
19:18:41.242068,1023,getpid() = 1023
19:18:41.242779,1023,getuid32() = 10050
19:18:41.276874,1023,epoll_wait(0x1e, 0xbee6d1f8, 0x10, 0) = 2
19:18:41.277509,1023,read(23, "WW", 16) = 2
19:18:41.278187,1023,recvfrom(37, "nysv\0\0\0\0${L{ \0\0\0^\4\0\0\224Â'¸", 24, MSG_DONTWAIT, NULL, NULL) = 24
19:18:41.279095,1023,recvfrom(37, 0xbee6c828, 24, 64, 0, 0) = -1 EAGAIN (Try again)
19:18:41.279733,1023,clock_gettime(CLOCK_MONOTONIC, {139, 564676251}) = 0
19:18:41.280461,1023,clock_gettime(CLOCK_MONOTONIC, {139, 565404422}) = 0
19:18:41.281119,1023,clock_gettime(CLOCK_MONOTONIC, {139, 566061569}) = 0
19:18:41.281799,1023,clock_gettime(CLOCK_MONOTONIC, {139, 566775451}) = 0
19:18:41.282500,1023,recvfrom(38, 0xb88738b0, 1240, 64, 0, 0) = -1 EAGAIN (Try again)
19:18:41.283118,1023,clock_gettime(CLOCK_MONOTONIC, {139, 568060324}) = 0
19:18:41.283766,1023,clock_gettime(CLOCK_MONOTONIC, {139, 568758940}) = 0
19:18:41.284559,1023,getpid() = 1023
19:18:41.285206,1023,getuid32() = 10050
19:18:41.285851,1023,epoll_wait(0x1e, 0xbee6d1f8, 0x10, 0) = 0
19:18:41.299843,1023,clock_gettime(CLOCK_MONOTONIC, {139, 584789827}) = 0
19:18:41.300596,1023,ioctl(9, 0xc0186201, 0xbee6d328) = 0
19:18:41.301217,1023,epoll_wait(0x1e, 0xbee6d1f8, 0x10, 0xa) = 0
19:18:41.319059,1023,clock_gettime(CLOCK_MONOTONIC, {139, 604016058}) = 0
19:18:41.319744,1023,clock_gettime(CLOCK_MONOTONIC, {139, 604690188}) = 0
19:18:41.320418,1023,recvfrom(37, 0xbee6c9a8, 24, 64, 0, 0) = -1 EAGAIN (Try again)
19:18:41.321031,1023,ioctl(9, 0xc0186201, 0xbee6d178) = 0
19:18:41.321734,1023,getpid() = 1023
19:18:41.322287,1023,getuid32() = 10050
19:18:41.322882,1023,epoll_wait(0x1e, 0xbee6d1f8, 0x10, 0) = 0
19:18:41.323457,1023,clock_gettime(CLOCK_MONOTONIC, {139, 608398433}) = 0
19:18:41.324122,1023,epoll_wait(0x1e, 0xbee6d1f8, 0x10, 0xffffffff) = 1
19:18:41.335011,1023,recvfrom(37, "nysv\0\0\0\0002\204z\201 \0\0\0`\4\0\0\224Â'¸", 24, MSG_DONTWAIT, NULL, NULL) = 24
19:18:41.335781,1023,recvfrom(37, 0xbee6c828, 24, 64, 0, 0) = -1 EAGAIN (Try again)
19:18:41.336406,1023,clock_gettime(CLOCK_MONOTONIC, {139, 621349169}) = 0
19:18:41.337091,1023,write(29, "W", 1) = 1
19:18:41.337784,1023,clock_gettime(CLOCK_MONOTONIC, {139, 622727372}) = 0
19:18:41.338437,1023,clock_gettime(CLOCK_MONOTONIC, {139, 623379672}) = 0
19:18:41.339085,1023,clock_gettime(CLOCK_MONOTONIC, {139, 624027480}) = 0
19:18:41.339734,1023,clock_gettime(CLOCK_MONOTONIC, {139, 624675165}) = 0
19:18:41.370815,1023,clock_gettime(CLOCK_MONOTONIC, {139, 655811839}) = 0
19:18:41.371591,1023,clock_gettime(CLOCK_MONOTONIC, {139, 656551678}) = 0
19:18:41.372307,1023,recvfrom(37, 0xbee6c9a8, 24, 64, 0, 0) = -1 EAGAIN (Try again)
19:18:41.372949,1023,ioctl(9, 0xc0186201, 0xbee6d178) = 0
19:18:41.373846,1023,clock_gettime(CLOCK_MONOTONIC, {139, 658863470}) = 0
19:18:41.374675,1023,clock_gettime(CLOCK_MONOTONIC, {139, 659632500}) = 0
19:18:41.375392,1023,clock_gettime(CLOCK_MONOTONIC, {139, 660342198}) = 0
19:18:41.376074,1023,clock_gettime(CLOCK_MONOTONIC, {139, 661026795}) = 0
19:18:41.376785,1023,clock_gettime(CLOCK_MONOTONIC, {139, 661736195}) = 0
19:18:41.377487,1023,write(29, "W", 1) = 1
19:18:41.378355,1023,ioctl(9, 0xc0186201, 0xbee6cf10) = 0
19:18:41.379231,1023,ioctl(9, 0xc0186201, 0xbee6cf10) = 0
19:18:41.380637,1023,clock_gettime(CLOCK_MONOTONIC, {139, 665600412}) = 0
19:18:41.384318,1023,clock_gettime(CLOCK_MONOTONIC, {139, 669276071}) = 0
19:18:41.385016,1023,ioctl(9, 0xc0186201, 0xbee6d0c8) = 0
19:18:41.385949,1023,ioctl(9, 0xc0186201, 0xbee6d0c8) = 0
19:18:41.386679,1023,getpid() = 1023
19:18:41.387265,1023,getuid32() = 10050
19:18:41.387887,1023,epoll_wait(0x1e, 0xbee6d1f8, 0x10, 0) = 1
19:18:41.388479,1023,read(23, "WW", 16) = 2
19:18:41.389146,1023,clock_gettime(CLOCK_MONOTONIC, {139, 674097127}) = 0
19:18:41.389831,1023,ioctl(9, 0xc0186201, 0xbee6d328) = 0
19:18:41.390450,1023,epoll_wait(0x1e, 0xbee6d1f8, 0x10, 0x4c) = 1
19:18:41.403761,1023,recvfrom(37, "nysv\0\0\0\0´<t\204 \0\0\0a\4\0\0\224Â'¸", 24, MSG_DONTWAIT, NULL, NULL) = 24
19:18:41.404647,1023,recvfrom(37, 0xbee6c828, 24, 64, 0, 0) = -1 EAGAIN (Try again)
19:18:41.405320,1023,clock_gettime(CLOCK_MONOTONIC, {139, 690273246}) = 0
19:18:41.406047,1023,write(29, "W", 1) = 1
19:18:41.406788,1023,clock_gettime(CLOCK_MONOTONIC, {139, 691739962}) = 0
19:18:41.407475,1023,clock_gettime(CLOCK_MONOTONIC, {139, 692426596}) = 0
19:18:41.408155,1023,clock_gettime(CLOCK_MONOTONIC, {139, 693104753}) = 0
19:18:41.408856,1023,recvfrom(38, 0xb88738b0, 1240, 64, 0, 0) = -1 EAGAIN (Try again)
19:18:41.409496,1023,clock_gettime(CLOCK_MONOTONIC, {139, 694446421}) = 0
19:18:41.410175,1023,clock_gettime(CLOCK_MONOTONIC, {139, 695124637}) = 0
19:18:41.410854,1023,getpid() = 1023
19:18:41.411426,1023,getuid32() = 10050
19:18:41.412048,1023,epoll_wait(0x1e, 0xbee6d1f8, 0x10, 0) = 1
19:18:41.412637,1023,read(23, "W", 16) = 1
19:18:41.413295,1023,clock_gettime(CLOCK_MONOTONIC, {139, 698244924}) = 0
19:18:41.413995,1023,epoll_wait(0x1e, 0xbee6d1f8, 0x10, 0x34) = 0
19:18:41.477461,1023,clock_gettime(CLOCK_MONOTONIC, {139, 762423961}) = 0
19:18:41.478159,1023,clock_gettime(CLOCK_MONOTONIC, {139, 763103014}) = 0
19:18:41.478838,1023,recvfrom(37, 0xbee6c9a8, 24, 64, 0, 0) = -1 EAGAIN (Try again)
19:18:41.479444,1023,ioctl(9, 0xc0186201, 0xbee6d178) = 0
19:18:41.480346,1023,getpid() = 1023
19:18:41.481033,1023,getuid32() = 10050
19:18:41.481631,1023,epoll_wait(0x1e, 0xbee6d1f8, 0x10, 0) = 0
19:18:41.482215,1023,clock_gettime(CLOCK_MONOTONIC, {139, 767157233}) = 0
19:18:41.482882,1023,epoll_wait(0x1e, 0xbee6d1f8, 0x10, 0xffffffff) = 1
19:18:41.487772,1023,recvfrom(37, "nysv\0\0\0\0ÌÝÜ\212 \0\0\0b\4\0\0\224Â'¸", 24, MSG_DONTWAIT, NULL, NULL) = 24
19:18:41.488526,1023,recvfrom(37, 0xbee6c828, 24, 64, 0, 0) = -1 EAGAIN (Try again)
19:18:41.489156,1023,clock_gettime(CLOCK_MONOTONIC, {139, 774099295}) = 0
19:18:41.489837,1023,write(29, "W", 1) = 1
19:18:41.490776,1023,clock_gettime(CLOCK_MONOTONIC, {139, 775720497}) = 0
19:18:41.491432,1023,clock_gettime(CLOCK_MONOTONIC, {139, 776376914}) = 0
19:18:41.492085,1023,clock_gettime(CLOCK_MONOTONIC, {139, 777027261}) = 0
19:18:41.492734,1023,clock_gettime(CLOCK_MONOTONIC, {139, 777675680}) = 0
19:18:41.493632,1023,clock_gettime(CLOCK_MONOTONIC, {139, 778581621}) = 0
19:18:41.494300,1023,clock_gettime(CLOCK_MONOTONIC, {139, 779243066}) = 0
19:18:41.494972,1023,recvfrom(37, 0xbee6c9a8, 24, 64, 0, 0) = -1 EAGAIN (Try again)
19:18:41.495571,1023,ioctl(9, 0xc0186201, 0xbee6d178) = 0
19:18:41.496423,1023,clock_gettime(CLOCK_MONOTONIC, {139, 781418489}) = 0
19:18:41.497153,1023,clock_gettime(CLOCK_MONOTONIC, {139, 782095306}) = 0
19:18:41.497808,1023,clock_gettime(CLOCK_MONOTONIC, {139, 782748934}) = 0
19:18:41.498451,1023,clock_gettime(CLOCK_MONOTONIC, {139, 783392838}) = 0
19:18:41.499126,1023,clock_gettime(CLOCK_MONOTONIC, {139, 784066972}) = 0
19:18:41.499797,1023,write(29, "W", 1) = 1
19:18:41.500639,1023,ioctl(9, 0xc0186201, 0xbee6cf10) = 0
19:18:41.522368,1023,ioctl(9, 0xc0186201, 0xbee6cf10) = 0
19:18:41.523761,1023,clock_gettime(CLOCK_MONOTONIC, {139, 808712048}) = 0
19:18:41.527620,1023,clock_gettime(CLOCK_MONOTONIC, {139, 812586745}) = 0
19:18:41.528310,1023,ioctl(9, 0xc0186201, 0xbee6d0c8) = 0
19:18:41.529470,1023,getpid() = 1023
19:18:41.530081,1023,getuid32() = 10050
19:18:41.530676,1023,epoll_wait(0x1e, 0xbee6d1f8, 0x10, 0) = 2
19:18:41.531261,1023,read(23, "WW", 16) = 2
19:18:41.531878,1023,recvfrom(37, "nysv\0\0\0\0à\rR\213 \0\0\0c\4\0\0\224Â'¸", 24, MSG_DONTWAIT, NULL, NULL) = 24
19:18:41.532614,1023,recvfrom(37, 0xbee6c828, 24, 64, 0, 0) = -1 EAGAIN (Try again)
19:18:41.533238,1023,clock_gettime(CLOCK_MONOTONIC, {139, 818179184}) = 0
19:18:41.533948,1023,clock_gettime(CLOCK_MONOTONIC, {139, 818890722}) = 0
19:18:41.534597,1023,clock_gettime(CLOCK_MONOTONIC, {139, 819545187}) = 0
19:18:41.535243,1023,clock_gettime(CLOCK_MONOTONIC, {139, 820184681}) = 0
19:18:41.535912,1023,recvfrom(38, 0xb88738b0, 1240, 64, 0, 0) = -1 EAGAIN (Try again)
19:18:41.536522,1023,clock_gettime(CLOCK_MONOTONIC, {139, 821463958}) = 0
19:18:41.558748,1023,clock_gettime(CLOCK_MONOTONIC, {139, 843730132}) = 0
19:18:41.559454,1023,getpid() = 1023
19:18:41.560014,1023,getuid32() = 10050
19:18:41.560608,1023,epoll_wait(0x1e, 0xbee6d1f8, 0x10, 0) = 0
19:18:41.561203,1023,clock_gettime(CLOCK_MONOTONIC, {139, 846143821}) = 0
19:18:41.561860,1023,ioctl(9, 0xc0186201, 0xbee6d328) = 0
19:18:41.562462,1023,epoll_wait(0x1e, 0xbee6d1f8, 0x10, 0x1b) = 0
19:18:41.590321,1023,clock_gettime(CLOCK_MONOTONIC, {139, 875275097}) = 0
19:18:41.591002,1023,clock_gettime(CLOCK_MONOTONIC, {139, 875945841}) = 0
19:18:41.591673,1023,recvfrom(37, 0xbee6c9a8, 24, 64, 0, 0) = -1 EAGAIN (Try again)
19:18:41.592289,1023,ioctl(9, 0xc0186201, 0xbee6d178) = 0
19:18:41.593288,1023,getpid() = 1023
19:18:41.594004,1023,getuid32() = 10050
19:18:41.594603,1023,epoll_wait(0x1e, 0xbee6d1f8, 0x10, 0) = 0
19:18:41.595188,1023,clock_gettime(CLOCK_MONOTONIC, {139, 880131288}) = 0
19:18:41.595857,1023,epoll_wait(0x1e, 0xbee6d1f8, 0x10, 0xffffffff) = 1
19:18:41.603690,1023,recvfrom(37, "nysv\0\0\0\0î\26\200\221 \0\0\0e\4\0\0\224Â'¸", 24, MSG_DONTWAIT, NULL, NULL) = 24
19:18:41.604480,1023,recvfrom(37, 0xbee6c828, 24, 64, 0, 0) = -1 EAGAIN (Try again)
19:18:41.605148,1023,clock_gettime(CLOCK_MONOTONIC, {139, 890091279}) = 0
19:18:41.605829,1023,write(29, "W", 1) = 1
19:18:41.606522,1023,clock_gettime(CLOCK_MONOTONIC, {139, 891471966}) = 0
19:18:41.623402,1023,clock_gettime(CLOCK_MONOTONIC, {139, 908452553}) = 0
19:18:41.624198,1023,clock_gettime(CLOCK_MONOTONIC, {139, 909144320}) = 0
19:18:41.624860,1023,clock_gettime(CLOCK_MONOTONIC, {139, 909803491}) = 0
19:18:41.625788,1023,clock_gettime(CLOCK_MONOTONIC, {139, 910732456}) = 0
19:18:41.636630,1023,clock_gettime(CLOCK_MONOTONIC, {139, 921594463}) = 0
19:18:41.637348,1023,recvfrom(37, 0xbee6c9a8, 24, 64, 0, 0) = -1 EAGAIN (Try again)
19:18:41.637970,1023,ioctl(9, 0xc0186201, 0xbee6d178) = 0
19:18:41.638997,1023,clock_gettime(CLOCK_MONOTONIC, {139, 923942791}) = 0
19:18:41.639673,1023,clock_gettime(CLOCK_MONOTONIC, {139, 924622840}) = 0
19:18:41.640329,1023,clock_gettime(CLOCK_MONOTONIC, {139, 925270871}) = 0
19:18:41.640981,1023,clock_gettime(CLOCK_MONOTONIC, {139, 925922249}) = 0
19:18:41.641651,1023,clock_gettime(CLOCK_MONOTONIC, {139, 926600323}) = 0
19:18:41.642327,1023,write(29, "W", 1) = 1
19:18:41.643159,1023,ioctl(9, 0xc0186201, 0xbee6cf10) = 0
19:18:41.644814,1023,clock_gettime(CLOCK_MONOTONIC, {139, 929762635}) = 0
19:18:41.648326,1023,clock_gettime(CLOCK_MONOTONIC, {139, 933276135}) = 0
19:18:41.648996,1023,ioctl(9, 0xc0186201, 0xbee6d0c8) = 0
19:18:41.650067,1023,getpid() = 1023
19:18:41.650624,1023,getuid32() = 10050
19:18:41.651221,1023,epoll_wait(0x1e, 0xbee6d1f8, 0x10, 0) = 1
19:18:41.651795,1023,read(23, "WW", 16) = 2
19:18:41.675057,1023,clock_gettime(CLOCK_MONOTONIC, {139, 960068444}) = 0
19:18:41.675935,1023,ioctl(9, 0xc0186201, 0xbee6d328) = 0
19:18:41.676557,1023,epoll_wait(0x1e, 0xbee6d1f8, 0x10, 0x36) = 1
19:18:41.677158,1023,recvfrom(37, "nysv\0\0\0\0f7?\224 \0\0\0f\4\0\0\224Â'¸", 24, MSG_DONTWAIT, NULL, NULL) = 24
19:18:41.677962,1023,recvfrom(37, 0xbee6c828, 24, 64, 0, 0) = -1 EAGAIN (Try again)
19:18:41.678590,1023,clock_gettime(CLOCK_MONOTONIC, {139, 963539454}) = 0
19:18:41.679272,1023,write(29, "W", 1) = 1
19:18:41.679974,1023,clock_gettime(CLOCK_MONOTONIC, {139, 964917190}) = 0
19:18:41.680626,1023,clock_gettime(CLOCK_MONOTONIC, {139, 965575251}) = 0
19:18:41.681274,1023,clock_gettime(CLOCK_MONOTONIC, {139, 966216965}) = 0
19:18:41.681944,1023,recvfrom(38, 0xb88738b0, 1240, 64, 0, 0) = -1 EAGAIN (Try again)
19:18:41.682554,1023,clock_gettime(CLOCK_MONOTONIC, {139, 967502050}) = 0
19:18:41.683202,1023,clock_gettime(CLOCK_MONOTONIC, {139, 968142834}) = 0
19:18:41.683849,1023,getpid() = 1023
19:18:41.684396,1023,getuid32() = 10050
19:18:41.684987,1023,epoll_wait(0x1e, 0xbee6d1f8, 0x10, 0) = 1
19:18:41.685548,1023,read(23, "W", 16) = 1
19:18:41.686178,1023,clock_gettime(CLOCK_MONOTONIC, {139, 971119359}) = 0
19:18:41.686845,1023,epoll_wait(0x1e, 0xbee6d1f8, 0x10, 0x2b) = 0
19:18:41.746345,1023,clock_gettime(CLOCK_MONOTONIC, {140, 31359394}) = 0
19:18:41.747093,1023,clock_gettime(CLOCK_MONOTONIC, {140, 32038736}) = 0
19:18:41.747772,1023,recvfrom(37, 0xbee6c9a8, 24, 64, 0, 0) = -1 EAGAIN (Try again)
19:18:41.749897,1023,ioctl(9, 0xc0186201, 0xbee6d178) = 0
19:18:41.750858,1023,getpid() = 1023
19:18:41.751583,1023,getuid32() = 10050
19:18:41.752224,1023,epoll_wait(0x1e, 0xbee6d1f8, 0x10, 0) = 0
19:18:41.752840,1023,clock_gettime(CLOCK_MONOTONIC, {140, 37791054}) = 0
19:18:41.753533,1023,epoll_wait(0x1e, 0xbee6d1f8, 0x10, 0xffffffff) = 1
19:18:41.757577,1023,recvfrom(37, "nysv\0\0\0\0\210pâ\232 \0\0\0g\4\0\0\224Â'¸", 24, MSG_DONTWAIT, NULL, NULL) = 24
19:18:41.758381,1023,recvfrom(37, 0xbee6c828, 24, 64, 0, 0) = -1 EAGAIN (Try again)
19:18:41.759023,1023,clock_gettime(CLOCK_MONOTONIC, {140, 43966460}) = 0
19:18:41.759696,1023,write(29, "W", 1) = 1
19:18:41.760403,1023,clock_gettime(CLOCK_MONOTONIC, {140, 45345710}) = 0
19:18:41.761062,1023,clock_gettime(CLOCK_MONOTONIC, {140, 46883665}) = 0
19:18:41.763295,1023,clock_gettime(CLOCK_MONOTONIC, {140, 48566748}) = 0
19:18:41.765962,1023,clock_gettime(CLOCK_MONOTONIC, {140, 51025076}) = 0
19:18:41.767155,1023,clock_gettime(CLOCK_MONOTONIC, {140, 52139346}) = 0
19:18:41.767870,1023,clock_gettime(CLOCK_MONOTONIC, {140, 52815199}) = 0
19:18:41.768541,1023,recvfrom(37, 0xbee6c9a8, 24, 64, 0, 0) = -1 EAGAIN (Try again)
19:18:41.769160,1023,ioctl(9, 0xc0186201, 0xbee6d178) = 0
19:18:41.770021,1023,clock_gettime(CLOCK_MONOTONIC, {140, 55027872}) = 0
19:18:41.770885,1023,clock_gettime(CLOCK_MONOTONIC, {140, 55830370}) = 0
19:18:41.771545,1023,clock_gettime(CLOCK_MONOTONIC, {140, 56495614}) = 0
19:18:41.772197,1023,clock_gettime(CLOCK_MONOTONIC, {140, 57138321}) = 0
19:18:41.772943,1023,clock_gettime(CLOCK_MONOTONIC, {140, 57965851}) = 0
19:18:41.773901,1023,write(29, "W", 1) = 1
19:18:41.774787,1023,ioctl(9, 0xc0186201, 0xbee6cf10) = 0
19:18:41.775616,1023,ioctl(9, 0xc0186201, 0xbee6cf10) = 0
19:18:41.777061,1023,clock_gettime(CLOCK_MONOTONIC, {140, 62008902}) = 0
19:18:41.780633,1023,clock_gettime(CLOCK_MONOTONIC, {140, 65588826}) = 0
19:18:41.781302,1023,ioctl(9, 0xc0186201, 0xbee6d0c8) = 0
19:18:41.782205,1023,ioctl(9, 0xc0186201, 0xbee6d0c8) = 0
19:18:41.782914,1023,getpid() = 1023
19:18:41.783465,1023,getuid32() = 10050
19:18:41.784062,1023,epoll_wait(0x1e, 0xbee6d1f8, 0x10, 0) = 2
19:18:41.793647,1023,read(23, "WW", 16) = 2
19:18:41.794326,1023,recvfrom(37, "nysv\0\0\0\0ºh\7\234 \0\0\0h\4\0\0\224Â'¸", 24, MSG_DONTWAIT, NULL, NULL) = 24
19:18:41.795113,1023,recvfrom(37, 0xbee6c828, 24, 64, 0, 0) = -1 EAGAIN (Try again)
19:18:41.827004,1023,clock_gettime(CLOCK_MONOTONIC, {140, 111976291}) = 0
19:18:41.827809,1023,clock_gettime(CLOCK_MONOTONIC, {140, 112790820}) = 0
19:18:41.828527,1023,clock_gettime(CLOCK_MONOTONIC, {140, 113484168}) = 0
19:18:41.829206,1023,clock_gettime(CLOCK_MONOTONIC, {140, 114155348}) = 0
19:18:41.829905,1023,recvfrom(38, 0xb88738b0, 1240, 64, 0, 0) = -1 EAGAIN (Try again)
19:18:41.830551,1023,clock_gettime(CLOCK_MONOTONIC, {140, 115505997}) = 0
19:18:41.831226,1023,clock_gettime(CLOCK_MONOTONIC, {140, 116176420}) = 0
19:18:41.831905,1023,getpid() = 1023
19:18:41.832479,1023,getuid32() = 10050
19:18:41.833097,1023,epoll_wait(0x1e, 0xbee6d1f8, 0x10, 0) = 0
19:18:41.833712,1023,clock_gettime(CLOCK_MONOTONIC, {140, 118661348}) = 0
19:18:41.834390,1023,ioctl(9, 0xc0186201, 0xbee6d328) = 0
19:18:41.835025,1023,epoll_wait(0x1e, 0xbee6d1f8, 0x10, 0x1c) = 0
19:18:41.867906,1023,clock_gettime(CLOCK_MONOTONIC, {140, 152865803}) = 0
19:18:41.868589,1023,clock_gettime(CLOCK_MONOTONIC, {140, 153540131}) = 0
19:18:41.869266,1023,recvfrom(37, 0xbee6c9a8, 24, 64, 0, 0) = -1 EAGAIN (Try again)
19:18:41.869994,1023,ioctl(9, 0xc0186201, 0xbee6d178) = 0
19:18:41.871052,1023,getpid() = 1023
19:18:41.871846,1023,getuid32() = 10050
19:18:41.872399,1023,epoll_wait(0x1e, 0xbee6d1f8, 0x10, 0) = 0
19:18:41.873005,1023,clock_gettime(CLOCK_MONOTONIC, {140, 157933267}) = 0
19:18:41.873614,1023,epoll_wait(0x1e, 0xbee6d1f8, 0x10, 0xffffffff) = 1
19:18:41.888931,1023,recvfrom(37, "nysv\0\0\0\0¾Ùú¡ \0\0\0j\4\0\0\224Â'¸", 24, MSG_DONTWAIT, NULL, NULL) = 24
19:18:41.889633,1023,recvfrom(37, 0xbee6c828, 24, 64, 0, 0) = -1 EAGAIN (Try again)
19:18:41.890342,1023,clock_gettime(CLOCK_MONOTONIC, {140, 175280316}) = 0
19:18:41.891036,1023,write(29, "W", 1) = 1
19:18:41.891733,1023,clock_gettime(CLOCK_MONOTONIC, {140, 176683998}) = 0
19:18:41.892376,1023,clock_gettime(CLOCK_MONOTONIC, {140, 177311520}) = 0
19:18:41.893091,1023,clock_gettime(CLOCK_MONOTONIC, {140, 178063183}) = 0
19:18:41.893782,1023,clock_gettime(CLOCK_MONOTONIC, {140, 178774246}) = 0
19:18:41.894726,1023,clock_gettime(CLOCK_MONOTONIC, {140, 179713538}) = 0
19:18:41.895413,1023,clock_gettime(CLOCK_MONOTONIC, {140, 180368502}) = 0
19:18:41.896125,1023,recvfrom(37, 0xbee6c9a8, 24, 64, 0, 0) = -1 EAGAIN (Try again)
19:18:41.896877,1023,ioctl(9, 0xc0186201, 0xbee6d178) = 0
19:18:41.897732,1023,clock_gettime(CLOCK_MONOTONIC, {140, 182900464}) = 0
19:18:41.898623,1023,clock_gettime(CLOCK_MONOTONIC, {140, 183602553}) = 0
19:18:41.899291,1023,clock_gettime(CLOCK_MONOTONIC, {140, 184225602}) = 0
19:18:41.899949,1023,clock_gettime(CLOCK_MONOTONIC, {140, 184883763}) = 0
19:18:41.900591,1023,clock_gettime(CLOCK_MONOTONIC, {140, 185564070}) = 0
19:18:41.901329,1023,write(29, "W", 1) = 1
19:18:41.902220,1023,ioctl(9, 0xc0186201, 0xbee6cf10) = 0
19:18:41.903052,1023,ioctl(9, 0xc0186201, 0xbee6cf10) = 0
19:18:41.904372,1023,clock_gettime(CLOCK_MONOTONIC, {140, 189311676}) = 0
19:18:41.940123,1023,clock_gettime(CLOCK_MONOTONIC, {140, 225097937}) = 0
19:18:41.940851,1023,ioctl(9, 0xc0186201, 0xbee6d0c8) = 0
19:18:41.942039,1023,getpid() = 1023
19:18:41.942575,1023,getuid32() = 10050
19:18:41.943245,1023,epoll_wait(0x1e, 0xbee6d1f8, 0x10, 0) = 2
19:18:41.943838,1023,read(23, "WW", 16) = 2
19:18:41.970852,1023,recvfrom(37, "nysv\0\0\0\0\0302\n¤ \0\0\0k\4\0\0\224Â'¸", 24, MSG_DONTWAIT, NULL, NULL) = 24
19:18:41.971619,1023,recvfrom(37, 0xbee6c828, 24, 64, 0, 0) = -1 EAGAIN (Try again)
19:18:41.972246,1023,clock_gettime(CLOCK_MONOTONIC, {140, 257175560}) = 0
19:18:41.972966,1023,clock_gettime(CLOCK_MONOTONIC, {140, 257894893}) = 0
19:18:41.973570,1023,clock_gettime(CLOCK_MONOTONIC, {140, 258538165}) = 0
19:18:41.974202,1023,clock_gettime(CLOCK_MONOTONIC, {140, 259129986}) = 0
19:18:41.974852,1023,recvfrom(38, 0xb88738b0, 1240, 64, 0, 0) = -1 EAGAIN (Try again)
19:18:41.975475,1023,clock_gettime(CLOCK_MONOTONIC, {140, 260401895}) = 0
19:18:41.976164,1023,clock_gettime(CLOCK_MONOTONIC, {140, 261092039}) = 0
19:18:41.976795,1023,getpid() = 1023
19:18:41.977300,1023,getuid32() = 10050
19:18:41.977936,1023,epoll_wait(0x1e, 0xbee6d1f8, 0x10, 0) = 0
19:18:41.978502,1023,clock_gettime(CLOCK_MONOTONIC, {140, 263428221}) = 0
19:18:41.979138,1023,ioctl(9, 0xc0186201, 0xbee6d328) = 0
19:18:41.979692,1023,epoll_wait(0x1e, 0xbee6d1f8, 0x10, 0xa) = 0
19:18:42.010906,1023,clock_gettime(CLOCK_MONOTONIC, {140, 295866751}) = 0
19:18:42.011561,1023,clock_gettime(CLOCK_MONOTONIC, {140, 296532084}) = 0
19:18:42.012232,1023,recvfrom(37, 0xbee6c9a8, 24, 64, 0, 0) = -1 EAGAIN (Try again)
19:18:42.012930,1023,ioctl(9, 0xc0186201, 0xbee6d178) = 0
19:18:42.014049,1023,getpid() = 1023
19:18:42.014581,1023,getuid32() = 10050
19:18:42.015185,1023,epoll_wait(0x1e, 0xbee6d1f8, 0x10, 0) = 0
19:18:42.015775,1023,clock_gettime(CLOCK_MONOTONIC, {140, 300764799}) = 0
19:18:42.016484,1023,epoll_wait(0x1e, 0xbee6d1f8, 0x10, 0xffffffff) = 1
19:18:42.018606,1023,recvfrom(37, "nysv\0\0\0\0000Órª \0\0\0m\4\0\0\224Â'¸", 24, MSG_DONTWAIT, NULL, NULL) = 24
19:18:42.019412,1023,recvfrom(37, 0xbee6c828, 24, 64, 0, 0) = -1 EAGAIN (Try again)
19:18:42.020049,1023,clock_gettime(CLOCK_MONOTONIC, {140, 304981891}) = 0
19:18:42.020685,1023,write(29, "W", 1) = 1
19:18:42.021632,1023,clock_gettime(CLOCK_MONOTONIC, {140, 306618421}) = 0
19:18:42.023945,1023,clock_gettime(CLOCK_MONOTONIC, {140, 308900743}) = 0
19:18:42.024575,1023,clock_gettime(CLOCK_MONOTONIC, {140, 309561272}) = 0
19:18:42.025261,1023,clock_gettime(CLOCK_MONOTONIC, {140, 310187853}) = 0
19:18:42.026203,1023,clock_gettime(CLOCK_MONOTONIC, {140, 311130770}) = 0
19:18:42.036756,1023,clock_gettime(CLOCK_MONOTONIC, {140, 321787305}) = 0
19:18:42.037506,1023,recvfrom(37, 0xbee6c9a8, 24, 64, 0, 0) = -1 EAGAIN (Try again)
19:18:42.038272,1023,ioctl(9, 0xc0186201, 0xbee6d178) = 0
19:18:42.039323,1023,clock_gettime(CLOCK_MONOTONIC, {140, 324312110}) = 0
19:18:42.040161,1023,clock_gettime(CLOCK_MONOTONIC, {140, 325088600}) = 0
19:18:42.040828,1023,clock_gettime(CLOCK_MONOTONIC, {140, 325755148}) = 0
19:18:42.041421,1023,clock_gettime(CLOCK_MONOTONIC, {140, 326346621}) = 0
19:18:42.042107,1023,clock_gettime(CLOCK_MONOTONIC, {140, 327032770}) = 0
19:18:42.042763,1023,write(29, "W", 1) = 1
19:18:42.043550,1023,ioctl(9, 0xc0186201, 0xbee6cf10) = 0
19:18:42.044365,1023,ioctl(9, 0xc0186201, 0xbee6cf10) = 0
19:18:42.045638,1023,clock_gettime(CLOCK_MONOTONIC, {140, 330606846}) = 0
19:18:42.049103,1023,clock_gettime(CLOCK_MONOTONIC, {140, 334592294}) = 0
19:18:42.058763,1023,ioctl(9, 0xc0186201, 0xbee6d0c8) = 0
19:18:42.059553,1023,ioctl(9, 0xc0186201, 0xbee6d0c8) = 0
19:18:42.060507,1023,getpid() = 1023
19:18:42.061055,1023,getuid32() = 10050
19:18:42.061600,1023,epoll_wait(0x1e, 0xbee6d1f8, 0x10, 0) = 2
19:18:42.062242,1023,read(23, "WW", 16) = 2
19:18:42.063241,1023,recvfrom(37, "nysv\0\0\0\0vû\f¬ \0\0\0n\4\0\0\224Â'¸", 24, MSG_DONTWAIT, NULL, NULL) = 24
19:18:42.063976,1023,recvfrom(37, 0xbee6c828, 24, 64, 0, 0) = -1 EAGAIN (Try again)
19:18:42.064550,1023,clock_gettime(CLOCK_MONOTONIC, {140, 349504828}) = 0
19:18:42.065263,1023,clock_gettime(CLOCK_MONOTONIC, {140, 350189397}) = 0
19:18:42.065916,1023,clock_gettime(CLOCK_MONOTONIC, {140, 350841926}) = 0
19:18:42.066503,1023,clock_gettime(CLOCK_MONOTONIC, {140, 351427637}) = 0
19:18:42.067147,1023,recvfrom(38, 0xb88738b0, 1240, 64, 0, 0) = -1 EAGAIN (Try again)
19:18:42.067730,1023,clock_gettime(CLOCK_MONOTONIC, {140, 352700825}) = 0
19:18:42.068393,1023,clock_gettime(CLOCK_MONOTONIC, {140, 353318609}) = 0
19:18:42.069021,1023,getpid() = 1023
19:18:42.069521,1023,getuid32() = 10050
19:18:42.070109,1023,epoll_wait(0x1e, 0xbee6d1f8, 0x10, 0) = 0
19:18:42.070656,1023,clock_gettime(CLOCK_MONOTONIC, {140, 355623869}) = 0
19:18:42.071349,1023,ioctl(9, 0xc0186201, 0xbee6d328) = 0
19:18:42.071967,1023,epoll_wait(0x1e, 0xbee6d1f8, 0x10, 0x3d) = 0
19:18:42.143636,1023,clock_gettime(CLOCK_MONOTONIC, {140, 428622202}) = 0
19:18:42.144329,1023,clock_gettime(CLOCK_MONOTONIC, {140, 429266011}) = 0
19:18:42.145011,1023,recvfrom(37, 0xbee6c9a8, 24, 64, 0, 0) = -1 EAGAIN (Try again)
19:18:42.145621,1023,ioctl(9, 0xc0186201, 0xbee6d178) = 0
19:18:42.146487,1023,getpid() = 1023
19:18:42.147175,1023,getuid32() = 10050
19:18:42.147752,1023,epoll_wait(0x1e, 0xbee6d1f8, 0x10, 0) = 0
19:18:42.148308,1023,clock_gettime(CLOCK_MONOTONIC, {140, 433241277}) = 0
19:18:42.148945,1023,epoll_wait(0x1e, 0xbee6d1f8, 0x10, 0xffffffff) = 1
19:18:42.155612,1023,recvfrom(37, "nysv\0\0\0\0\216\234u² \0\0\0p\4\0\0\224Â'¸", 24, MSG_DONTWAIT, NULL, NULL) = 24
19:18:42.156353,1023,recvfrom(37, 0xbee6c828, 24, 64, 0, 0) = -1 EAGAIN (Try again)
19:18:42.156969,1023,clock_gettime(CLOCK_MONOTONIC, {140, 441897717}) = 0
19:18:42.157587,1023,write(29, "W", 1) = 1
19:18:42.158257,1023,clock_gettime(CLOCK_MONOTONIC, {140, 443189501}) = 0
19:18:42.158877,1023,clock_gettime(CLOCK_MONOTONIC, {140, 443809555}) = 0
19:18:42.159482,1023,clock_gettime(CLOCK_MONOTONIC, {140, 444412277}) = 0
19:18:42.160094,1023,clock_gettime(CLOCK_MONOTONIC, {140, 469187882}) = 0
19:18:42.185294,1023,clock_gettime(CLOCK_MONOTONIC, {140, 470241548}) = 0
19:18:42.185990,1023,clock_gettime(CLOCK_MONOTONIC, {140, 470926411}) = 0
19:18:42.186638,1023,recvfrom(37, 0xbee6c9a8, 24, 64, 0, 0) = -1 EAGAIN (Try again)
19:18:42.187305,1023,ioctl(9, 0xc0186201, 0xbee6d178) = 0
19:18:42.188171,1023,clock_gettime(CLOCK_MONOTONIC, {140, 473168161}) = 0
19:18:42.188967,1023,clock_gettime(CLOCK_MONOTONIC, {140, 473903023}) = 0
19:18:42.189591,1023,clock_gettime(CLOCK_MONOTONIC, {140, 474564241}) = 0
19:18:42.190251,1023,clock_gettime(CLOCK_MONOTONIC, {140, 475184286}) = 0
19:18:42.195823,1023,clock_gettime(CLOCK_MONOTONIC, {140, 480781685}) = 0
19:18:42.196575,1023,write(29, "W", 1) = 1
19:18:42.197660,1023,ioctl(9, 0xc0186201, 0xbee6cf10) = 0
19:18:42.198684,1023,ioctl(9, 0xc0186201, 0xbee6cf10) = 0
19:18:42.200662,1023,clock_gettime(CLOCK_MONOTONIC, {140, 485697640}) = 0
19:18:42.204388,1023,clock_gettime(CLOCK_MONOTONIC, {140, 489326604}) = 0
19:18:42.205134,1023,ioctl(9, 0xc0186201, 0xbee6d0c8) = 0
19:18:42.206016,1023,ioctl(9, 0xc0186201, 0xbee6d0c8) = 0
19:18:42.235866,1023,getpid() = 1023
19:18:42.236423,1023,getuid32() = 10050
19:18:42.237017,1023,epoll_wait(0x1e, 0xbee6d1f8, 0x10, 0) = 2
19:18:42.237584,1023,read(23, "WW", 16) = 2
19:18:42.238189,1023,recvfrom(37, "nysv\0\0\0\0ü$ú´ \0\0\0q\4\0\0\224Â'¸", 24, MSG_DONTWAIT, NULL, NULL) = 24
19:18:42.238938,1023,recvfrom(37, 0xbee6c828, 24, 64, 0, 0) = -1 EAGAIN (Try again)
19:18:42.239539,1023,clock_gettime(CLOCK_MONOTONIC, {140, 524491125}) = 0
19:18:42.240239,1023,clock_gettime(CLOCK_MONOTONIC, {140, 525166792}) = 0
19:18:42.240877,1023,clock_gettime(CLOCK_MONOTONIC, {140, 525805184}) = 0
19:18:42.241467,1023,clock_gettime(CLOCK_MONOTONIC, {140, 526394215}) = 0
19:18:42.242116,1023,recvfrom(38, 0xb88738b0, 1240, 64, 0, 0) = -1 EAGAIN (Try again)
19:18:42.242676,1023,clock_gettime(CLOCK_MONOTONIC, {140, 527641958}) = 0
19:18:42.243306,1023,clock_gettime(CLOCK_MONOTONIC, {140, 528232890}) = 0
19:18:42.243935,1023,getpid() = 1023
19:18:42.244438,1023,getuid32() = 10050
19:18:42.246805,1023,epoll_wait(0x1e, 0xbee6d1f8, 0x10, 0) = 0
19:18:42.248044,1023,clock_gettime(CLOCK_MONOTONIC, {140, 533092089}) = 0
19:18:42.249158,1023,ioctl(9, 0xc0186201, 0xbee6d328) = 0
19:18:42.249921,1023,epoll_wait(0x1e, 0xbee6d1f8, 0x10, 0x1f) = 0
19:18:42.282934,1023,clock_gettime(CLOCK_MONOTONIC, {140, 567931196}) = 0
19:18:42.283791,1023,clock_gettime(CLOCK_MONOTONIC, {140, 569091152}) = 0
19:18:42.284867,1023,recvfrom(37, 0xbee6c9a8, 24, 64, 0, 0) = -1 EAGAIN (Try again)
19:18:42.285495,1023,ioctl(9, 0xc0186201, 0xbee6d178) = 0
19:18:42.286441,1023,getpid() = 1023
19:18:42.287160,1023,getuid32() = 10050
19:18:42.287807,1023,epoll_wait(0x1e, 0xbee6d1f8, 0x10, 0) = 0
19:18:42.288490,1023,clock_gettime(CLOCK_MONOTONIC, {140, 573437752}) = 0
19:18:42.289219,1023,epoll_wait(0x1e, 0xbee6d1f8, 0x10, 0xffffffff) = 1
19:18:42.291510,1023,recvfrom(37, "nysv\0\0\0\0\0\226íº \0\0\0s\4\0\0\224Â'¸", 24, MSG_DONTWAIT, NULL, NULL) = 24
19:18:42.292327,1023,recvfrom(37, 0xbee6c828, 24, 64, 0, 0) = -1 EAGAIN (Try again)
19:18:42.293024,1023,clock_gettime(CLOCK_MONOTONIC, {140, 577968664}) = 0
19:18:42.293709,1023,write(29, "W", 1) = 1
19:18:42.294452,1023,clock_gettime(CLOCK_MONOTONIC, {140, 579513899}) = 0
19:18:42.295307,1023,clock_gettime(CLOCK_MONOTONIC, {140, 580246924}) = 0
19:18:42.295997,1023,clock_gettime(CLOCK_MONOTONIC, {140, 580933968}) = 0
19:18:42.306017,1023,clock_gettime(CLOCK_MONOTONIC, {140, 590964692}) = 0
19:18:42.307170,1023,clock_gettime(CLOCK_MONOTONIC, {140, 592101344}) = 0
19:18:42.307832,1023,clock_gettime(CLOCK_MONOTONIC, {140, 592768104}) = 0
19:18:42.308476,1023,recvfrom(37, 0xbee6c9a8, 24, 64, 0, 0) = -1 EAGAIN (Try again)
19:18:42.309095,1023,ioctl(9, 0xc0186201, 0xbee6d178) = 0
19:18:42.309986,1023,clock_gettime(CLOCK_MONOTONIC, {140, 594985142}) = 0
19:18:42.310864,1023,clock_gettime(CLOCK_MONOTONIC, {140, 595809335}) = 0
19:18:42.311490,1023,clock_gettime(CLOCK_MONOTONIC, {140, 596530701}) = 0
19:18:42.312291,1023,clock_gettime(CLOCK_MONOTONIC, {140, 597232879}) = 0
19:18:42.312994,1023,clock_gettime(CLOCK_MONOTONIC, {140, 597921660}) = 0
19:18:42.313609,1023,write(29, "W", 1) = 1
19:18:42.314441,1023,ioctl(9, 0xc0186201, 0xbee6cf10) = 0
19:18:42.315269,1023,ioctl(9, 0xc0186201, 0xbee6cf10) = 0
19:18:42.316569,1023,clock_gettime(CLOCK_MONOTONIC, {140, 601539627}) = 0
19:18:42.319888,1023,clock_gettime(CLOCK_MONOTONIC, {140, 604821207}) = 0
19:18:42.320499,1023,ioctl(9, 0xc0186201, 0xbee6d0c8) = 0
19:18:42.321360,1023,ioctl(9, 0xc0186201, 0xbee6d0c8) = 0
19:18:42.322104,1023,getpid() = 1023
19:18:42.322614,1023,getuid32() = 10050
19:18:42.327998,1023,epoll_wait(0x1e, 0xbee6d1f8, 0x10, 0) = 2
19:18:42.328731,1023,read(23, "WW", 16) = 2
19:18:42.329314,1023,recvfrom(37, "nysv\0\0\0\0<&M¼ \0\0\0t\4\0\0\224Â'¸", 24, MSG_DONTWAIT, NULL, NULL) = 24
19:18:42.330147,1023,recvfrom(37, 0xbee6c828, 24, 64, 0, 0) = -1 EAGAIN (Try again)
19:18:42.330851,1023,clock_gettime(CLOCK_MONOTONIC, {140, 615780129}) = 0
19:18:42.331518,1023,clock_gettime(CLOCK_MONOTONIC, {140, 616446255}) = 0
19:18:42.332236,1023,clock_gettime(CLOCK_MONOTONIC, {140, 617166959}) = 0
19:18:42.332871,1023,clock_gettime(CLOCK_MONOTONIC, {140, 617798702}) = 0
19:18:42.333520,1023,recvfrom(38, 0xb88738b0, 1240, 64, 0, 0) = -1 EAGAIN (Try again)
19:18:42.334140,1023,clock_gettime(CLOCK_MONOTONIC, {140, 619072189}) = 0
19:18:42.334786,1023,clock_gettime(CLOCK_MONOTONIC, {140, 619776221}) = 0
19:18:42.335453,1023,getpid() = 1023
19:18:42.335996,1023,getuid32() = 10050
19:18:42.336533,1023,epoll_wait(0x1e, 0xbee6d1f8, 0x10, 0) = 0
19:18:42.337165,1023,clock_gettime(CLOCK_MONOTONIC, {140, 622091706}) = 0
19:18:42.337845,1023,ioctl(9, 0xc0186201, 0xbee6d328) = 0
19:18:42.338453,1023,epoll_wait(0x1e, 0xbee6d1f8, 0x10, 0x40) = 0
19:18:42.419276,1023,clock_gettime(CLOCK_MONOTONIC, {140, 704244079}) = 0
19:18:42.420011,1023,clock_gettime(CLOCK_MONOTONIC, {140, 704941605}) = 0
19:18:42.420632,1023,recvfrom(37, 0xbee6c9a8, 24, 64, 0, 0) = -1 EAGAIN (Try again)
19:18:42.421308,1023,ioctl(9, 0xc0186201, 0xbee6d178) = 0
19:18:42.422143,1023,getpid() = 1023
19:18:42.422655,1023,getuid32() = 10050
19:18:42.423798,1023,epoll_wait(0x1e, 0xbee6d1f8, 0x10, 0) = 0
19:18:42.424383,1023,clock_gettime(CLOCK_MONOTONIC, {140, 709310808}) = 0
19:18:42.425064,1023,epoll_wait(0x1e, 0xbee6d1f8, 0x10, 0xffffffff) = 1
19:18:42.435532,1023,recvfrom(37, "nysv\0\0\0\0h÷*Ã \0\0\0u\4\0\0\224Â'¸", 24, MSG_DONTWAIT, NULL, NULL) = 24
19:18:42.436272,1023,recvfrom(37, 0xbee6c828, 24, 64, 0, 0) = -1 EAGAIN (Try again)
19:18:42.436885,1023,clock_gettime(CLOCK_MONOTONIC, {140, 721814037}) = 0
19:18:42.437509,1023,write(29, "W", 1) = 1
19:18:42.438213,1023,clock_gettime(CLOCK_MONOTONIC, {140, 723141828}) = 0
19:18:42.438871,1023,clock_gettime(CLOCK_MONOTONIC, {140, 723798972}) = 0
19:18:42.439461,1023,clock_gettime(CLOCK_MONOTONIC, {140, 724388275}) = 0
19:18:42.440151,1023,clock_gettime(CLOCK_MONOTONIC, {140, 725103508}) = 0
19:18:42.441037,1023,clock_gettime(CLOCK_MONOTONIC, {140, 725966031}) = 0
19:18:42.441647,1023,clock_gettime(CLOCK_MONOTONIC, {140, 726613228}) = 0
19:18:42.442358,1023,recvfrom(37, 0xbee6c9a8, 24, 64, 0, 0) = -1 EAGAIN (Try again)
19:18:42.446561,1023,ioctl(9, 0xc0186201, 0xbee6d178) = 0
19:18:42.447697,1023,clock_gettime(CLOCK_MONOTONIC, {140, 732667872}) = 0
19:18:42.448371,1023,clock_gettime(CLOCK_MONOTONIC, {140, 733300300}) = 0
19:18:42.449351,1023,clock_gettime(CLOCK_MONOTONIC, {140, 734345851}) = 0
19:18:42.450197,1023,clock_gettime(CLOCK_MONOTONIC, {140, 735280850}) = 0
19:18:42.451111,1023,clock_gettime(CLOCK_MONOTONIC, {140, 736059779}) = 0
19:18:42.451895,1023,write(29, "W", 1) = 1
19:18:42.452821,1023,ioctl(9, 0xc0186201, 0xbee6cf10) = 0
19:18:42.454617,1023,clock_gettime(CLOCK_MONOTONIC, {140, 739615448}) = 0
19:18:42.458316,1023,clock_gettime(CLOCK_MONOTONIC, {140, 743260379}) = 0
19:18:42.459015,1023,ioctl(9, 0xc0186201, 0xbee6d0c8) = 0
19:18:42.460091,1023,getpid() = 1023
19:18:42.460626,1023,getuid32() = 10050
19:18:42.461293,1023,epoll_wait(0x1e, 0xbee6d1f8, 0x10, 0) = 2
19:18:42.461887,1023,read(23, "WW", 16) = 2
19:18:42.462534,1023,recvfrom(37, "nysv\0\0\0\0\232ïOÄ \0\0\0v\4\0\0\224Â'¸", 24, MSG_DONTWAIT, NULL, NULL) = 24
19:18:42.463340,1023,recvfrom(37, 0xbee6c828, 24, 64, 0, 0) = -1 EAGAIN (Try again)
19:18:42.463972,1023,clock_gettime(CLOCK_MONOTONIC, {140, 748906640}) = 0
19:18:42.464649,1023,clock_gettime(CLOCK_MONOTONIC, {140, 749622705}) = 0
19:18:42.465313,1023,clock_gettime(CLOCK_MONOTONIC, {140, 750247953}) = 0
19:18:42.465966,1023,clock_gettime(CLOCK_MONOTONIC, {140, 750902096}) = 0
19:18:42.466604,1023,recvfrom(38, 0xb88738b0, 1240, 64, 0, 0) = -1 EAGAIN (Try again)
19:18:42.467248,1023,clock_gettime(CLOCK_MONOTONIC, {140, 752187227}) = 0
19:18:42.467919,1023,clock_gettime(CLOCK_MONOTONIC, {140, 752867832}) = 0
19:18:42.468550,1023,getpid() = 1023
19:18:42.469114,1023,getuid32() = 10050
19:18:42.469671,1023,epoll_wait(0x1e, 0xbee6d1f8, 0x10, 0) = 0
19:18:42.470289,1023,clock_gettime(CLOCK_MONOTONIC, {140, 755229054}) = 0
19:18:42.470979,1023,ioctl(9, 0xc0186201, 0xbee6d328) = 0
19:18:42.471546,1023,epoll_wait(0x1e, 0xbee6d1f8, 0x10, 0x45) = 0
19:18:42.556849,1023,clock_gettime(CLOCK_MONOTONIC, {140, 841868231}) = 0
19:18:42.557562,1023,clock_gettime(CLOCK_MONOTONIC, {140, 842565121}) = 0
19:18:42.558319,1023,recvfrom(37, 0xbee6c9a8, 24, 64, 0, 0) = -1 EAGAIN (Try again)
19:18:42.558973,1023,ioctl(9, 0xc0186201, 0xbee6d178) = 0
19:18:42.559963,1023,getpid() = 1023
19:18:42.560474,1023,getuid32() = 10050
19:18:42.561121,1023,epoll_wait(0x1e, 0xbee6d1f8, 0x10, 0) = 0
19:18:42.561652,1023,clock_gettime(CLOCK_MONOTONIC, {140, 846617890}) = 0
19:18:42.562357,1023,epoll_wait(0x1e, 0xbee6d1f8, 0x10, 0xffffffff) = 1
19:18:42.566125,1023,recvfrom(37, "nysv\0\0\0\0ÆÀ-Ë \0\0\0x\4\0\0\224Â'¸", 24, MSG_DONTWAIT, NULL, NULL) = 24
19:18:42.567071,1023,recvfrom(37, 0xbee6c828, 24, 64, 0, 0) = -1 EAGAIN (Try again)
19:18:42.567654,1023,clock_gettime(CLOCK_MONOTONIC, {140, 852621093}) = 0
19:18:42.568331,1023,write(29, "W", 1) = 1
19:18:42.569039,1023,clock_gettime(CLOCK_MONOTONIC, {140, 853967708}) = 0
19:18:42.570046,1023,clock_gettime(CLOCK_MONOTONIC, {140, 855147291}) = 0
19:18:42.570855,1023,clock_gettime(CLOCK_MONOTONIC, {140, 855784410}) = 0
19:18:42.571451,1023,clock_gettime(CLOCK_MONOTONIC, {140, 856377425}) = 0
19:18:42.572322,1023,clock_gettime(CLOCK_MONOTONIC, {140, 857250765}) = 0
19:18:42.572985,1023,clock_gettime(CLOCK_MONOTONIC, {140, 857917840}) = 0
19:18:42.573615,1023,recvfrom(37, 0xbee6c9a8, 24, 64, 0, 0) = -1 EAGAIN (Try again)
19:18:42.574224,1023,ioctl(9, 0xc0186201, 0xbee6d178) = 0
19:18:42.575179,1023,clock_gettime(CLOCK_MONOTONIC, {140, 860109429}) = 0
19:18:42.575837,1023,clock_gettime(CLOCK_MONOTONIC, {140, 860765027}) = 0
19:18:42.576433,1023,clock_gettime(CLOCK_MONOTONIC, {140, 861360340}) = 0
19:18:42.577079,1023,clock_gettime(CLOCK_MONOTONIC, {140, 862035908}) = 0
19:18:42.577776,1023,clock_gettime(CLOCK_MONOTONIC, {140, 862708803}) = 0
19:18:42.578407,1023,write(29, "W", 1) = 1
19:18:42.579251,1023,ioctl(9, 0xc0186201, 0xbee6cf10) = 0
19:18:42.581011,1023,clock_gettime(CLOCK_MONOTONIC, {140, 865944484}) = 0
19:18:42.584320,1023,clock_gettime(CLOCK_MONOTONIC, {140, 869255034}) = 0
19:18:42.584973,1023,ioctl(9, 0xc0186201, 0xbee6d0c8) = 0
19:18:42.586013,1023,getpid() = 1023
19:18:42.614075,1023,getuid32() = 10050
19:18:42.614664,1023,epoll_wait(0x1e, 0xbee6d1f8, 0x10, 0) = 2
19:18:42.615209,1023,read(23, "WW", 16) = 2
19:18:42.615816,1023,recvfrom(37, "nysv\0\0\0\0î \30Ì \0\0\0y\4\0\0\224Â'¸", 24, MSG_DONTWAIT, NULL, NULL) = 24
19:18:42.616556,1023,recvfrom(37, 0xbee6c828, 24, 64, 0, 0) = -1 EAGAIN (Try again)
19:18:42.638026,1023,clock_gettime(CLOCK_MONOTONIC, {140, 923195844}) = 0
19:18:42.639076,1023,clock_gettime(CLOCK_MONOTONIC, {140, 924014611}) = 0
19:18:42.639741,1023,clock_gettime(CLOCK_MONOTONIC, {140, 924764699}) = 0
19:18:42.640448,1023,clock_gettime(CLOCK_MONOTONIC, {140, 925383513}) = 0
19:18:42.641185,1023,recvfrom(38, 0xb88738b0, 1240, 64, 0, 0) = -1 EAGAIN (Try again)
19:18:42.641820,1023,clock_gettime(CLOCK_MONOTONIC, {140, 926813456}) = 0
19:18:42.642497,1023,clock_gettime(CLOCK_MONOTONIC, {140, 927431071}) = 0
19:18:42.643211,1023,getpid() = 1023
19:18:42.643777,1023,getuid32() = 10050
19:18:42.644341,1023,epoll_wait(0x1e, 0xbee6d1f8, 0x10, 0) = 0
19:18:42.644943,1023,clock_gettime(CLOCK_MONOTONIC, {140, 929878094}) = 0
19:18:42.645567,1023,ioctl(9, 0xc0186201, 0xbee6d328) = 0
19:18:42.646179,1023,epoll_wait(0x1e, 0xbee6d1f8, 0x10, 0x16) = 0
19:18:42.673273,1023,clock_gettime(CLOCK_MONOTONIC, {140, 958215203}) = 0
19:18:42.673939,1023,clock_gettime(CLOCK_MONOTONIC, {140, 958869208}) = 0
19:18:42.674559,1023,recvfrom(37, 0xbee6c9a8, 24, 64, 0, 0) = -1 EAGAIN (Try again)
19:18:42.675174,1023,ioctl(9, 0xc0186201, 0xbee6d178) = 0
19:18:42.676032,1023,getpid() = 1023
19:18:42.676669,1023,getuid32() = 10050
19:18:42.677269,1023,epoll_wait(0x1e, 0xbee6d1f8, 0x10, 0) = 0
19:18:42.677854,1023,clock_gettime(CLOCK_MONOTONIC, {140, 962786305}) = 0
19:18:42.678478,1023,epoll_wait(0x1e, 0xbee6d1f8, 0x10, 0xffffffff) = 1
19:18:42.688502,1023,recvfrom(37, "nysv\0\0\0\0ò\221\vÒ \0\0\0z\4\0\0\224Â'¸", 24, MSG_DONTWAIT, NULL, NULL) = 24
19:18:42.689736,1023,recvfrom(37, 0xbee6c828, 24, 64, 0, 0) = -1 EAGAIN (Try again)
19:18:42.690671,1023,clock_gettime(CLOCK_MONOTONIC, {140, 975694787}) = 0
19:18:42.691426,1023,write(29, "W", 1) = 1
19:18:42.692139,1023,clock_gettime(CLOCK_MONOTONIC, {140, 977068020}) = 0
19:18:42.692861,1023,clock_gettime(CLOCK_MONOTONIC, {140, 977790094}) = 0
19:18:42.693454,1023,clock_gettime(CLOCK_MONOTONIC, {140, 978408550}) = 0
19:18:42.694171,1023,clock_gettime(CLOCK_MONOTONIC, {140, 979099685}) = 0
19:18:42.695062,1023,clock_gettime(CLOCK_MONOTONIC, {140, 980067939}) = 0
19:18:42.706457,1023,clock_gettime(CLOCK_MONOTONIC, {140, 991434381}) = 0
19:18:42.707252,1023,recvfrom(37, 0xbee6c9a8, 24, 64, 0, 0) = -1 EAGAIN (Try again)
19:18:42.709635,1023,ioctl(9, 0xc0186201, 0xbee6d178) = 0
19:18:42.711802,1023,clock_gettime(CLOCK_MONOTONIC, {140, 996839455}) = 0
19:18:42.712655,1023,clock_gettime(CLOCK_MONOTONIC, {140, 997644292}) = 0
19:18:42.713343,1023,clock_gettime(CLOCK_MONOTONIC, {140, 998282183}) = 0
19:18:42.714022,1023,clock_gettime(CLOCK_MONOTONIC, {140, 998960061}) = 0
19:18:42.714681,1023,clock_gettime(CLOCK_MONOTONIC, {140, 999664343}) = 0
19:18:42.715380,1023,write(29, "W", 1) = 1
19:18:42.716243,1023,ioctl(9, 0xc0186201, 0xbee6cf10) = 0
19:18:42.726046,1023,ioctl(9, 0xc0186201, 0xbee6cf10) = 0
19:18:42.727457,1023,clock_gettime(CLOCK_MONOTONIC, {141, 12392429}) = 0
19:18:42.730459,1023,clock_gettime(CLOCK_MONOTONIC, {141, 15392785}) = 0
19:18:42.731124,1023,ioctl(9, 0xc0186201, 0xbee6d0c8) = 0
19:18:42.732005,1023,ioctl(9, 0xc0186201, 0xbee6d0c8) = 0
19:18:42.732870,1023,getpid() = 1023
19:18:42.733417,1023,getuid32() = 10050
19:18:42.734029,1023,epoll_wait(0x1e, 0xbee6d1f8, 0x10, 0) = 2
19:18:42.734585,1023,read(23, "WW", 16) = 2
19:18:42.735213,1023,recvfrom(37, "nysv\0\0\0\0Lê\32Ô \0\0\0{\4\0\0\224Â'¸", 24, MSG_DONTWAIT, NULL, NULL) = 24
19:18:42.736023,1023,recvfrom(37, 0xbee6c828, 24, 64, 0, 0) = -1 EAGAIN (Try again)
19:18:42.736616,1023,clock_gettime(CLOCK_MONOTONIC, {141, 21590017}) = 0
19:18:42.737392,1023,clock_gettime(CLOCK_MONOTONIC, {141, 22326206}) = 0
19:18:42.747102,1023,clock_gettime(CLOCK_MONOTONIC, {141, 32177133}) = 0
19:18:42.748034,1023,clock_gettime(CLOCK_MONOTONIC, {141, 32966270}) = 0
19:18:42.748662,1023,recvfrom(38, 0xb88738b0, 1240, 64, 0, 0) = -1 EAGAIN (Try again)
19:18:42.749337,1023,clock_gettime(CLOCK_MONOTONIC, {141, 34264667}) = 0
19:18:42.749998,1023,clock_gettime(CLOCK_MONOTONIC, {141, 34946876}) = 0
19:18:42.750613,1023,getpid() = 1023
19:18:42.751159,1023,getuid32() = 10050
19:18:42.752057,1023,epoll_wait(0x1e, 0xbee6d1f8, 0x10, 0) = 0
19:18:42.753003,1023,clock_gettime(CLOCK_MONOTONIC, {141, 37964398}) = 0
19:18:42.753649,1023,ioctl(9, 0xc0186201, 0xbee6d328) = 0
19:18:42.754308,1023,epoll_wait(0x1e, 0xbee6d1f8, 0x10, 0x32) = 0
19:18:42.805435,1023,clock_gettime(CLOCK_MONOTONIC, {141, 90393192}) = 0
19:18:42.806137,1023,clock_gettime(CLOCK_MONOTONIC, {141, 91074385}) = 0
19:18:42.806820,1023,recvfrom(37, 0xbee6c9a8, 24, 64, 0, 0) = -1 EAGAIN (Try again)
19:18:42.807402,1023,ioctl(9, 0xc0186201, 0xbee6d178) = 0
19:18:42.808259,1023,getpid() = 1023
19:18:42.808947,1023,getuid32() = 10050
19:18:42.809550,1023,epoll_wait(0x1e, 0xbee6d1f8, 0x10, 0) = 0
19:18:42.810163,1023,clock_gettime(CLOCK_MONOTONIC, {141, 95097926}) = 0
19:18:42.810851,1023,epoll_wait(0x1e, 0xbee6d1f8, 0x10, 0xffffffff) = 1
19:18:42.814526,1023,recvfrom(37, "nysv\0\0\0\0P[\16Ú \0\0\0}\4\0\0\224Â'¸", 24, MSG_DONTWAIT, NULL, NULL) = 24
19:18:42.815278,1023,recvfrom(37, 0xbee6c828, 24, 64, 0, 0) = -1 EAGAIN (Try again)
19:18:42.815916,1023,clock_gettime(CLOCK_MONOTONIC, {141, 100850205}) = 0
19:18:42.816554,1023,write(29, "W", 1) = 1
19:18:42.817258,1023,clock_gettime(CLOCK_MONOTONIC, {141, 102194252}) = 0
19:18:42.817920,1023,clock_gettime(CLOCK_MONOTONIC, {141, 102854082}) = 0
19:18:42.818534,1023,clock_gettime(CLOCK_MONOTONIC, {141, 103492482}) = 0
19:18:42.819188,1023,clock_gettime(CLOCK_MONOTONIC, {141, 104121433}) = 0
19:18:42.820139,1023,clock_gettime(CLOCK_MONOTONIC, {141, 105076695}) = 0
19:18:42.820814,1023,clock_gettime(CLOCK_MONOTONIC, {141, 105749292}) = 0
19:18:42.826113,1023,recvfrom(37, 0xbee6c9a8, 24, 64, 0, 0) = -1 EAGAIN (Try again)
19:18:42.826680,1023,ioctl(9, 0xc0186201, 0xbee6d178) = 0
19:18:42.827403,1023,clock_gettime(CLOCK_MONOTONIC, {141, 112333885}) = 0
19:18:42.828092,1023,clock_gettime(CLOCK_MONOTONIC, {141, 113020518}) = 0
19:18:42.828688,1023,clock_gettime(CLOCK_MONOTONIC, {141, 113621804}) = 0
19:18:42.829347,1023,clock_gettime(CLOCK_MONOTONIC, {141, 114274429}) = 0
19:18:42.829970,1023,clock_gettime(CLOCK_MONOTONIC, {141, 114896694}) = 0
19:18:42.830582,1023,write(29, "W", 1) = 1
19:18:42.831338,1023,ioctl(9, 0xc0186201, 0xbee6cf10) = 0
19:18:42.832115,1023,ioctl(9, 0xc0186201, 0xbee6cf10) = 0
19:18:42.833383,1023,clock_gettime(CLOCK_MONOTONIC, {141, 118314629}) = 0
19:18:42.836728,1023,clock_gettime(CLOCK_MONOTONIC, {141, 121680234}) = 0
19:18:42.837371,1023,ioctl(9, 0xc0186201, 0xbee6d0c8) = 0
19:18:42.838116,1023,ioctl(9, 0xc0186201, 0xbee6d0c8) = 0
19:18:42.839191,1023,getpid() = 1023
19:18:42.839784,1023,getuid32() = 10050
19:18:42.840421,1023,epoll_wait(0x1e, 0xbee6d1f8, 0x10, 0) = 1
19:18:42.840982,1023,read(23, "WW", 16) = 2
19:18:42.841561,1023,clock_gettime(CLOCK_MONOTONIC, {141, 126531458}) = 0
19:18:42.850543,1023,ioctl(9, 0xc0186201, 0xbee6d328) = 0
19:18:42.851408,1023,epoll_wait(0x1e, 0xbee6d1f8, 0x10, 0x4e) = 1
19:18:42.857323,1023,recvfrom(37, "nysv\0\0\0\0ª³\35Ü \0\0\0~\4\0\0\224Â'¸", 24, MSG_DONTWAIT, NULL, NULL) = 24
19:18:42.858182,1023,recvfrom(37, 0xbee6c828, 24, 64, 0, 0) = -1 EAGAIN (Try again)
19:18:42.858861,1023,clock_gettime(CLOCK_MONOTONIC, {141, 143849889}) = 0
19:18:42.860093,1023,write(29, "W", 1) = 1
19:18:42.860954,1023,clock_gettime(CLOCK_MONOTONIC, {141, 145917110}) = 0
19:18:42.861594,1023,clock_gettime(CLOCK_MONOTONIC, {141, 146578549}) = 0
19:18:42.862241,1023,clock_gettime(CLOCK_MONOTONIC, {141, 147168771}) = 0
19:18:42.862909,1023,recvfrom(38, 0xb88738b0, 1240, 64, 0, 0) = -1 EAGAIN (Try again)
19:18:42.863471,1023,clock_gettime(CLOCK_MONOTONIC, {141, 148397859}) = 0
19:18:42.864176,1023,clock_gettime(CLOCK_MONOTONIC, {141, 149104175}) = 0
19:18:42.864810,1023,getpid() = 1023
19:18:42.865317,1023,getuid32() = 10050
19:18:42.865910,1023,epoll_wait(0x1e, 0xbee6d1f8, 0x10, 0) = 1
19:18:42.866426,1023,read(23, "W", 16) = 1
19:18:42.867070,1023,clock_gettime(CLOCK_MONOTONIC, {141, 151996750}) = 0
19:18:42.867679,1023,epoll_wait(0x1e, 0xbee6d1f8, 0x10, 0x35) = 0
19:18:42.924493,1023,clock_gettime(CLOCK_MONOTONIC, {141, 209475645}) = 0
19:18:42.925224,1023,clock_gettime(CLOCK_MONOTONIC, {141, 210178001}) = 0
19:18:42.925936,1023,recvfrom(37, 0xbee6c9a8, 24, 64, 0, 0) = -1 EAGAIN (Try again)
19:18:42.926572,1023,ioctl(9, 0xc0186201, 0xbee6d178) = 0
19:18:42.937283,1023,getpid() = 1023
19:18:42.937931,1023,getuid32() = 10050
19:18:42.938557,1023,epoll_wait(0x1e, 0xbee6d1f8, 0x10, 0) = 1
19:18:42.939357,1023,recvfrom(37, "nysv\0\0\0\0\206Ä&á \0\0\0\177\4\0\0\224Â'¸", 24, MSG_DONTWAIT, NULL, NULL) = 24
19:18:42.940157,1023,recvfrom(37, 0xbee6c828, 24, 64, 0, 0) = -1 EAGAIN (Try again)
19:18:42.940789,1023,clock_gettime(CLOCK_MONOTONIC, {141, 225817292}) = 0
19:18:42.941769,1023,clock_gettime(CLOCK_MONOTONIC, {141, 226929088}) = 0
19:18:42.942821,1023,clock_gettime(CLOCK_MONOTONIC, {141, 227772614}) = 0
19:18:42.943500,1023,clock_gettime(CLOCK_MONOTONIC, {141, 228457318}) = 0
19:18:42.944181,1023,clock_gettime(CLOCK_MONOTONIC, {141, 229132503}) = 0
19:18:42.945137,1023,clock_gettime(CLOCK_MONOTONIC, {141, 230088414}) = 0
19:18:42.945837,1023,clock_gettime(CLOCK_MONOTONIC, {141, 230787295}) = 0
19:18:42.946535,1023,recvfrom(37, 0xbee6c9a8, 24, 64, 0, 0) = -1 EAGAIN (Try again)
19:18:42.947173,1023,ioctl(9, 0xc0186201, 0xbee6d178) = 0
19:18:42.948068,1023,clock_gettime(CLOCK_MONOTONIC, {141, 233087808}) = 0
19:18:42.948900,1023,clock_gettime(CLOCK_MONOTONIC, {141, 233852544}) = 0
19:18:42.949581,1023,clock_gettime(CLOCK_MONOTONIC, {141, 234537799}) = 0
19:18:42.950263,1023,clock_gettime(CLOCK_MONOTONIC, {141, 235212502}) = 0
19:18:42.950967,1023,clock_gettime(CLOCK_MONOTONIC, {141, 235918188}) = 0
19:18:42.951665,1023,write(29, "W", 1) = 1
19:18:42.952536,1023,ioctl(9, 0xc0186201, 0xbee6cf10) = 0
19:18:42.953404,1023,ioctl(9, 0xc0186201, 0xbee6cf10) = 0
19:18:42.954811,1023,clock_gettime(CLOCK_MONOTONIC, {141, 239765374}) = 0
19:18:42.958330,1050,<... futex resumed> ) = -1 ETIMEDOUT (Connection timed out)
19:18:42.958872,1050,clock_gettime(CLOCK_MONOTONIC, {141, 243822859}) = 0
19:18:42.959491,1050,clock_gettime(CLOCK_MONOTONIC, {141, 244442997}) = 0
19:18:42.960101,1050,futex(0xb8882488, FUTEX_WAIT_PRIVATE, 0, {14, 999379862} <unfinished ...>
19:18:42.968278,1023,clock_gettime(CLOCK_MONOTONIC, {141, 253251433}) = 0
19:18:42.968990,1023,ioctl(9, 0xc0186201, 0xbee6d0c8) = 0
19:18:42.970181,1023,getpid() = 1023
19:18:42.993037,1023,getuid32() = 10050
19:18:42.993670,1023,epoll_wait(0x1e, 0xbee6d1f8, 0x10, 0) = 2
19:18:42.994337,1023,read(23, "W", 16) = 1
19:18:42.994992,1023,recvfrom(37, "nysv\0\0\0\0¸¼Kâ \0\0\0\200\4\0\0\224Â'¸", 24, MSG_DONTWAIT, NULL, NULL) = 24
19:18:42.995771,1023,recvfrom(37, 0xbee6c828, 24, 64, 0, 0) = -1 EAGAIN (Try again)
19:18:42.996425,1023,clock_gettime(CLOCK_MONOTONIC, {141, 281377442}) = 0
19:18:42.997189,1023,clock_gettime(CLOCK_MONOTONIC, {141, 282139751}) = 0
19:18:43.017233,1023,clock_gettime(CLOCK_MONOTONIC, {141, 302192472}) = 0
19:18:43.017911,1023,clock_gettime(CLOCK_MONOTONIC, {141, 302853628}) = 0
19:18:43.018579,1023,recvfrom(38, 0xb88738b0, 1240, 64, 0, 0) = -1 EAGAIN (Try again)
19:18:43.019234,1023,clock_gettime(CLOCK_MONOTONIC, {141, 304175447}) = 0
19:18:43.019884,1023,clock_gettime(CLOCK_MONOTONIC, {141, 304823783}) = 0
19:18:43.020525,1023,getpid() = 1023
19:18:43.021079,1023,getuid32() = 10050
19:18:43.021667,1023,epoll_wait(0x1e, 0xbee6d1f8, 0x10, 0) = 0
19:18:43.022256,1023,clock_gettime(CLOCK_MONOTONIC, {141, 307195982}) = 0
19:18:43.022910,1023,ioctl(9, 0xc0186201, 0xbee6d328) = 0
19:18:43.023506,1023,epoll_wait(0x1e, 0xbee6d1f8, 0x10, 0x11) = 0
19:18:43.043180,1023,clock_gettime(CLOCK_MONOTONIC, {141, 328141847}) = 0
19:18:43.043875,1023,clock_gettime(CLOCK_MONOTONIC, {141, 328818580}) = 0
19:18:43.044588,1023,recvfrom(37, 0xbee6c9a8, 24, 64, 0, 0) = -1 EAGAIN (Try again)
19:18:43.045209,1023,ioctl(9, 0xc0186201, 0xbee6d178) = 0
19:18:43.046065,1023,getpid() = 1023
19:18:43.046748,1023,getuid32() = 10050
19:18:43.047341,1023,epoll_wait(0x1e, 0xbee6d1f8, 0x10, 0) = 0
19:18:43.047924,1023,clock_gettime(CLOCK_MONOTONIC, {141, 332863501}) = 0
19:18:43.048581,1023,epoll_wait(0x1e, 0xbee6d1f8, 0x10, 0xffffffff) = 1
19:18:43.051582,1023,recvfrom(37, "nysv\0\0\0\0²\225\4è \0\0\0\202\4\0\0\224Â'¸", 24, MSG_DONTWAIT, NULL, NULL) = 24
19:18:43.052383,1023,recvfrom(37, 0xbee6c828, 24, 64, 0, 0) = -1 EAGAIN (Try again)
19:18:43.053024,1023,clock_gettime(CLOCK_MONOTONIC, {141, 337965430}) = 0
19:18:43.053743,1023,write(29, "W", 1) = 1
19:18:43.054440,1023,clock_gettime(CLOCK_MONOTONIC, {141, 339473851}) = 0
19:18:43.055290,1023,clock_gettime(CLOCK_MONOTONIC, {141, 351584035}) = 0
19:18:43.067334,1023,clock_gettime(CLOCK_MONOTONIC, {141, 352289318}) = 0
19:18:43.068104,1023,clock_gettime(CLOCK_MONOTONIC, {141, 353048558}) = 0
19:18:43.069023,1023,clock_gettime(CLOCK_MONOTONIC, {141, 353966589}) = 0
19:18:43.069688,1023,clock_gettime(CLOCK_MONOTONIC, {141, 354662861}) = 0
19:18:43.070455,1023,recvfrom(37, 0xbee6c9a8, 24, 64, 0, 0) = -1 EAGAIN (Try again)
19:18:43.071185,1023,ioctl(9, 0xc0186201, 0xbee6d178) = 0
19:18:43.072044,1023,clock_gettime(CLOCK_MONOTONIC, {141, 357050758}) = 0
19:18:43.072845,1023,clock_gettime(CLOCK_MONOTONIC, {141, 357787488}) = 0
19:18:43.073494,1023,clock_gettime(CLOCK_MONOTONIC, {141, 358434660}) = 0
19:18:43.074146,1023,clock_gettime(CLOCK_MONOTONIC, {141, 359086831}) = 0
19:18:43.074822,1023,clock_gettime(CLOCK_MONOTONIC, {141, 359762325}) = 0
19:18:43.075486,1023,write(29, "W", 1) = 1
19:18:43.076313,1023,ioctl(9, 0xc0186201, 0xbee6cf10) = 0
19:18:43.077590,1023,ioctl(9, 0xc0186201, 0xbee6cf10) = 0
19:18:43.102061,1023,clock_gettime(CLOCK_MONOTONIC, {141, 387094619}) = 0
19:18:43.105544,1023,clock_gettime(CLOCK_MONOTONIC, {141, 390499854}) = 0
19:18:43.106220,1023,ioctl(9, 0xc0186201, 0xbee6d0c8) = 0
19:18:43.108243,1023,ioctl(9, 0xc0186201, 0xbee6d0c8) = 0
19:18:43.109121,1023,getpid() = 1023
19:18:43.109677,1023,getuid32() = 10050
19:18:43.110278,1023,epoll_wait(0x1e, 0xbee6d1f8, 0x10, 0) = 2
19:18:43.110977,1023,read(23, "WW", 16) = 2
19:18:43.111593,1023,recvfrom(37, "nysv\0\0\0\0ø½\236é \0\0\0\203\4\0\0\224Â'¸", 24, MSG_DONTWAIT, NULL, NULL) = 24
19:18:43.112337,1023,recvfrom(37, 0xbee6c828, 24, 64, 0, 0) = -1 EAGAIN (Try again)
19:18:43.112967,1023,clock_gettime(CLOCK_MONOTONIC, {141, 397907984}) = 0
19:18:43.113843,1023,clock_gettime(CLOCK_MONOTONIC, {141, 398934333}) = 0
19:18:43.122482,1023,clock_gettime(CLOCK_MONOTONIC, {141, 407655505}) = 0
19:18:43.123458,1023,clock_gettime(CLOCK_MONOTONIC, {141, 408404355}) = 0
19:18:43.124151,1023,recvfrom(38, 0xb88738b0, 1240, 64, 0, 0) = -1 EAGAIN (Try again)
19:18:43.124779,1023,clock_gettime(CLOCK_MONOTONIC, {141, 409722023}) = 0
19:18:43.125423,1023,clock_gettime(CLOCK_MONOTONIC, {141, 410364248}) = 0
19:18:43.126073,1023,getpid() = 1023
19:18:43.126623,1023,getuid32() = 10050
19:18:43.127214,1023,epoll_wait(0x1e, 0xbee6d1f8, 0x10, 0) = 0
19:18:43.127804,1023,clock_gettime(CLOCK_MONOTONIC, {141, 412744516}) = 0
19:18:43.128451,1023,ioctl(9, 0xc0186201, 0xbee6d328) = 0
19:18:43.137601,1023,epoll_wait(0x1e, 0xbee6d1f8, 0x10, 0x24) = 0
19:18:43.235719,1023,clock_gettime(CLOCK_MONOTONIC, {141, 520719549}) = 0
19:18:43.236461,1023,clock_gettime(CLOCK_MONOTONIC, {141, 521405380}) = 0
19:18:43.237146,1023,recvfrom(37, 0xbee6c9a8, 24, 64, 0, 0) = -1 EAGAIN (Try again)
19:18:43.237768,1023,ioctl(9, 0xc0186201, 0xbee6d178) = 0
19:18:43.238827,1023,getpid() = 1023
19:18:43.239383,1023,getuid32() = 10050
19:18:43.239987,1023,epoll_wait(0x1e, 0xbee6d1f8, 0x10, 0) = 0
19:18:43.240566,1023,clock_gettime(CLOCK_MONOTONIC, {141, 525514352}) = 0
19:18:43.241234,1023,epoll_wait(0x1e, 0xbee6d1f8, 0x10, 0xffffffff) = 1
19:18:43.243000,1023,recvfrom(37, "nysv\0\0\0\0¦Gvó \0\0\0\205\4\0\0\224Â'¸", 24, MSG_DONTWAIT, NULL, NULL) = 24
19:18:43.243751,1023,recvfrom(37, 0xbee6c828, 24, 64, 0, 0) = -1 EAGAIN (Try again)
19:18:43.244409,1023,clock_gettime(CLOCK_MONOTONIC, {141, 529358998}) = 0
19:18:43.245116,1023,write(29, "W", 1) = 1
19:18:43.245855,1023,clock_gettime(CLOCK_MONOTONIC, {141, 530805225}) = 0
19:18:43.246536,1023,clock_gettime(CLOCK_MONOTONIC, {141, 531491316}) = 0
19:18:43.247214,1023,clock_gettime(CLOCK_MONOTONIC, {141, 532163580}) = 0
19:18:43.247892,1023,clock_gettime(CLOCK_MONOTONIC, {141, 550859416}) = 0
19:18:43.267061,1023,clock_gettime(CLOCK_MONOTONIC, {141, 552041651}) = 0
19:18:43.267863,1023,clock_gettime(CLOCK_MONOTONIC, {141, 552821393}) = 0
19:18:43.268579,1023,recvfrom(37, 0xbee6c9a8, 24, 64, 0, 0) = -1 EAGAIN (Try again)
19:18:43.269227,1023,ioctl(9, 0xc0186201, 0xbee6d178) = 0
19:18:43.270520,1023,clock_gettime(CLOCK_MONOTONIC, {141, 555682743}) = 0
19:18:43.271545,1023,clock_gettime(CLOCK_MONOTONIC, {141, 556569275}) = 0
19:18:43.272329,1023,clock_gettime(CLOCK_MONOTONIC, {141, 557272518}) = 0
19:18:43.273019,1023,clock_gettime(CLOCK_MONOTONIC, {141, 557970756}) = 0
19:18:43.273851,1023,clock_gettime(CLOCK_MONOTONIC, {141, 558804214}) = 0
19:18:43.274821,1023,write(29, "W", 1) = 1
19:18:43.275837,1023,ioctl(9, 0xc0186201, 0xbee6cf10) = 0
19:18:43.276680,1023,ioctl(9, 0xc0186201, 0xbee6cf10) = 0
19:18:43.278043,1023,clock_gettime(CLOCK_MONOTONIC, {141, 562991502}) = 0
19:18:43.308478,1023,clock_gettime(CLOCK_MONOTONIC, {141, 593477444}) = 0
19:18:43.309246,1023,ioctl(9, 0xc0186201, 0xbee6d0c8) = 0
19:18:43.310218,1023,ioctl(9, 0xc0186201, 0xbee6d0c8) = 0
19:18:43.311083,1023,getpid() = 1023
19:18:43.311667,1023,getuid32() = 10050
19:18:43.312298,1023,epoll_wait(0x1e, 0xbee6d1f8, 0x10, 0) = 2
19:18:43.312910,1023,read(23, "WW", 16) = 2
19:18:43.313550,1023,recvfrom(37, "nysv\0\0\0\0\0 \205õ \0\0\0\206\4\0\0\224Â'¸", 24, MSG_DONTWAIT, NULL, NULL) = 24
19:18:43.314331,1023,recvfrom(37, 0xbee6c828, 24, 64, 0, 0) = -1 EAGAIN (Try again)
19:18:43.314990,1023,clock_gettime(CLOCK_MONOTONIC, {141, 599940373}) = 0
19:18:43.315750,1023,clock_gettime(CLOCK_MONOTONIC, {141, 600700793}) = 0
19:18:43.316431,1023,clock_gettime(CLOCK_MONOTONIC, {141, 601381430}) = 0
19:18:43.317111,1023,clock_gettime(CLOCK_MONOTONIC, {141, 602062306}) = 0
19:18:43.317810,1023,recvfrom(38, 0xb88738b0, 1240, 64, 0, 0) = -1 EAGAIN (Try again)
19:18:43.318451,1023,clock_gettime(CLOCK_MONOTONIC, {141, 603400310}) = 0
19:18:43.319128,1023,clock_gettime(CLOCK_MONOTONIC, {141, 604077334}) = 0
19:18:43.319803,1023,getpid() = 1023
19:18:43.320377,1023,getuid32() = 10050
19:18:43.320992,1023,epoll_wait(0x1e, 0xbee6d1f8, 0x10, 0) = 0
19:18:43.321602,1023,clock_gettime(CLOCK_MONOTONIC, {141, 606556421}) = 0
19:18:43.322287,1023,ioctl(9, 0xc0186201, 0xbee6d328) = 0
19:18:43.322913,1023,epoll_wait(0x1e, 0xbee6d1f8, 0x10, 0x28) = 0
19:18:43.424479,1023,clock_gettime(CLOCK_MONOTONIC, {141, 709442800}) = 0
19:18:43.425221,1023,clock_gettime(CLOCK_MONOTONIC, {141, 710167047}) = 0
19:18:43.425907,1023,recvfrom(37, 0xbee6c9a8, 24, 64, 0, 0) = -1 EAGAIN (Try again)
19:18:43.426538,1023,ioctl(9, 0xc0186201, 0xbee6d178) = 0
19:18:43.427678,1023,getpid() = 1023
19:18:43.428337,1023,getuid32() = 10050
19:18:43.428998,1023,epoll_wait(0x1e, 0xbee6d1f8, 0x10, 0) = 0
19:18:43.429605,1023,clock_gettime(CLOCK_MONOTONIC, {141, 714561235}) = 0
19:18:43.430304,1023,epoll_wait(0x1e, 0xbee6d1f8, 0x10, 0xffffffff) = 1
19:18:43.450710,1023,recvfrom(37, "nysv\0\0\0\0\232ùçþ \0\0\0\210\4\0\0\224Â'¸", 24, MSG_DONTWAIT, NULL, NULL) = 24
19:18:43.451477,1023,recvfrom(37, 0xbee6c828, 24, 64, 0, 0) = -1 EAGAIN (Try again)
19:18:43.452115,1023,clock_gettime(CLOCK_MONOTONIC, {141, 737058945}) = 0
19:18:43.452804,1023,write(29, "W", 1) = 1
19:18:43.453498,1023,clock_gettime(CLOCK_MONOTONIC, {141, 738440905}) = 0
19:18:43.454159,1023,clock_gettime(CLOCK_MONOTONIC, {141, 739101266}) = 0
19:18:43.454809,1023,clock_gettime(CLOCK_MONOTONIC, {141, 739751027}) = 0
19:18:43.455638,1023,clock_gettime(CLOCK_MONOTONIC, {141, 740643365}) = 0
19:18:43.456602,1023,clock_gettime(CLOCK_MONOTONIC, {141, 741552147}) = 0
19:18:43.457276,1023,clock_gettime(CLOCK_MONOTONIC, {141, 742218324}) = 0
19:18:43.466841,1023,recvfrom(37, 0xbee6c9a8, 24, 64, 0, 0) = -1 EAGAIN (Try again)
19:18:43.467527,1023,ioctl(9, 0xc0186201, 0xbee6d178) = 0
19:18:43.468407,1023,clock_gettime(CLOCK_MONOTONIC, {141, 753419145}) = 0
19:18:43.469292,1023,clock_gettime(CLOCK_MONOTONIC, {141, 754238636}) = 0
19:18:43.469979,1023,clock_gettime(CLOCK_MONOTONIC, {141, 754922208}) = 0
19:18:43.470765,1023,clock_gettime(CLOCK_MONOTONIC, {141, 755797213}) = 0
19:18:43.471665,1023,clock_gettime(CLOCK_MONOTONIC, {141, 756649742}) = 0
19:18:43.472388,1023,write(29, "W", 1) = 1
19:18:43.473242,1023,ioctl(9, 0xc0186201, 0xbee6cf10) = 0
19:18:43.474110,1023,ioctl(9, 0xc0186201, 0xbee6cf10) = 0
19:18:43.501299,1023,clock_gettime(CLOCK_MONOTONIC, {141, 795213910}) = 0
19:18:43.513910,1023,clock_gettime(CLOCK_MONOTONIC, {141, 798871980}) = 0
19:18:43.514602,1023,ioctl(9, 0xc0186201, 0xbee6d0c8) = 0
19:18:43.515544,1023,ioctl(9, 0xc0186201, 0xbee6d0c8) = 0
19:18:43.563047,1023,getpid() = 1023
19:18:43.563627,1023,getuid32() = 10050
19:18:43.564239,1023,epoll_wait(0x1e, 0xbee6d1f8, 0x10, 0) = 2
19:18:43.564827,1023,read(23, "WW", 16) = 2
19:18:43.565443,1023,recvfrom(37, "nysv\0\0\0\0þé1\1!\0\0\0\211\4\0\0\224Â'¸", 24, MSG_DONTWAIT, NULL, NULL) = 24
19:18:43.566188,1023,recvfrom(37, 0xbee6c828, 24, 64, 0, 0) = -1 EAGAIN (Try again)
19:18:43.566825,1023,clock_gettime(CLOCK_MONOTONIC, {141, 851767388}) = 0
19:18:43.567549,1023,clock_gettime(CLOCK_MONOTONIC, {141, 852498845}) = 0
19:18:43.568209,1023,clock_gettime(CLOCK_MONOTONIC, {141, 853152146}) = 0
19:18:43.568858,1023,clock_gettime(CLOCK_MONOTONIC, {141, 853799929}) = 0
19:18:43.569522,1023,recvfrom(38, 0xb88738b0, 1240, 64, 0, 0) = -1 EAGAIN (Try again)
19:18:43.620053,1023,clock_gettime(CLOCK_MONOTONIC, {141, 905113169}) = 0
19:18:43.621219,1023,clock_gettime(CLOCK_MONOTONIC, {141, 906166053}) = 0
19:18:43.621940,1023,clock_gettime(CLOCK_MONOTONIC, {141, 906883875}) = 0
19:18:43.622614,1023,recvfrom(37, 0xbee6c9a8, 24, 64, 0, 0) = -1 EAGAIN (Try again)
19:18:43.623270,1023,ioctl(9, 0xc0186201, 0xbee6d178) = 0
19:18:43.624155,1023,clock_gettime(CLOCK_MONOTONIC, {141, 909167471}) = 0
19:18:43.624960,1023,clock_gettime(CLOCK_MONOTONIC, {141, 909904230}) = 0
19:18:43.625613,1023,clock_gettime(CLOCK_MONOTONIC, {141, 910562033}) = 0
19:18:43.626269,1023,clock_gettime(CLOCK_MONOTONIC, {141, 911210727}) = 0
19:18:43.626950,1023,clock_gettime(CLOCK_MONOTONIC, {141, 911892090}) = 0
19:18:43.627811,1023,ioctl(9, 0xc0186201, 0xbee6cf10) = 0
19:18:43.628629,1023,ioctl(9, 0xc0186201, 0xbee6cf10) = 0
19:18:43.629972,1023,clock_gettime(CLOCK_MONOTONIC, {141, 914918805}) = 0
19:18:43.632508,1023,clock_gettime(CLOCK_MONOTONIC, {141, 917461074}) = 0
19:18:43.633174,1023,ioctl(9, 0xc0186201, 0xbee6d0c8) = 0
19:18:43.634061,1023,ioctl(9, 0xc0186201, 0xbee6d0c8) = 0
19:18:43.647166,1023,getpid() = 1023
19:18:43.647742,1023,getuid32() = 10050
19:18:43.648338,1023,epoll_wait(0x1e, 0xbee6d1f8, 0x10, 0) = 1
19:18:43.648924,1023,recvfrom(37, "nysv\0\0\0\0\230C\224\n!\0\0\0\213\4\0\0\224Â'¸", 24, MSG_DONTWAIT, NULL, NULL) = 24
19:18:43.649700,1023,recvfrom(37, 0xbee6c828, 24, 64, 0, 0) = -1 EAGAIN (Try again)
19:18:43.650322,1023,clock_gettime(CLOCK_MONOTONIC, {141, 935265754}) = 0
19:18:43.651037,1023,clock_gettime(CLOCK_MONOTONIC, {141, 935979875}) = 0
19:18:43.651702,1023,getpid() = 1023
19:18:43.670326,1023,getuid32() = 10050
19:18:43.671127,1023,epoll_wait(0x1e, 0xbee6d1f8, 0x10, 0) = 0
19:18:43.671736,1023,clock_gettime(CLOCK_MONOTONIC, {141, 956681121}) = 0
19:18:43.672399,1023,clock_gettime(CLOCK_MONOTONIC, {141, 957342684}) = 0
19:18:43.673051,1023,clock_gettime(CLOCK_MONOTONIC, {141, 957992987}) = 0
19:18:43.673725,1023,recvfrom(38, 0xb88738b0, 1240, 64, 0, 0) = -1 EAGAIN (Try again)
19:18:43.674345,1023,clock_gettime(CLOCK_MONOTONIC, {141, 959287568}) = 0
19:18:43.674994,1023,clock_gettime(CLOCK_MONOTONIC, {141, 959936040}) = 0
19:18:43.675639,1023,getpid() = 1023
19:18:43.676194,1023,getuid32() = 10050
19:18:43.676784,1023,epoll_wait(0x1e, 0xbee6d1f8, 0x10, 0) = 0
19:18:43.677358,1023,clock_gettime(CLOCK_MONOTONIC, {141, 962298345}) = 0
19:18:43.678014,1023,ioctl(9, 0xc0186201, 0xbee6d328) = 0
19:18:43.678617,1023,epoll_wait(0x1e, 0xbee6d1f8, 0x10, 0x26) = 0
19:18:43.721769,1023,clock_gettime(CLOCK_MONOTONIC, {142, 6779882}) = 0
19:18:43.722508,1023,clock_gettime(CLOCK_MONOTONIC, {142, 7460534}) = 0
19:18:43.723188,1023,recvfrom(37, 0xbee6c9a8, 24, 64, 0, 0) = -1 EAGAIN (Try again)
19:18:43.723859,1023,ioctl(9, 0xc0186201, 0xbee6d178) = 0
19:18:43.724740,1023,getpid() = 1023
19:18:43.735732,1023,getuid32() = 10050
19:18:43.736460,1023,epoll_wait(0x1e, 0xbee6d1f8, 0x10, 0) = 1
19:18:43.737058,1023,recvfrom(37, "nysv\0\0\0\0\234´\207\20!\0\0\0\214\4\0\0\224Â'¸", 24, MSG_DONTWAIT, NULL, NULL) = 24
19:18:43.737857,1023,recvfrom(37, 0xbee6c828, 24, 64, 0, 0) = -1 EAGAIN (Try again)
19:18:43.738505,1023,clock_gettime(CLOCK_MONOTONIC, {142, 23544765}) = 0
19:18:43.739342,1023,clock_gettime(CLOCK_MONOTONIC, {142, 24323854}) = 0
19:18:43.740081,1023,clock_gettime(CLOCK_MONOTONIC, {142, 25023165}) = 0
19:18:43.740727,1023,clock_gettime(CLOCK_MONOTONIC, {142, 25669682}) = 0
19:18:43.741367,1023,clock_gettime(CLOCK_MONOTONIC, {142, 26308697}) = 0
19:18:43.742276,1023,clock_gettime(CLOCK_MONOTONIC, {142, 27227771}) = 0
19:18:43.742954,1023,clock_gettime(CLOCK_MONOTONIC, {142, 27898254}) = 0
19:18:43.743629,1023,recvfrom(37, 0xbee6c9a8, 24, 64, 0, 0) = -1 EAGAIN (Try again)
19:18:43.744238,1023,ioctl(9, 0xc0186201, 0xbee6d178) = 0
19:18:43.745022,1023,clock_gettime(CLOCK_MONOTONIC, {142, 29968381}) = 0
19:18:43.745700,1023,clock_gettime(CLOCK_MONOTONIC, {142, 30643791}) = 0
19:18:43.746347,1023,clock_gettime(CLOCK_MONOTONIC, {142, 31289466}) = 0
19:18:43.746996,1023,clock_gettime(CLOCK_MONOTONIC, {142, 31937813}) = 0
19:18:43.747662,1023,clock_gettime(CLOCK_MONOTONIC, {142, 32611260}) = 0
19:18:43.748334,1023,write(29, "W", 1) = 1
19:18:43.768285,1023,ioctl(9, 0xc0186201, 0xbee6cf10) = 0
19:18:43.769376,1023,ioctl(9, 0xc0186201, 0xbee6cf10) = 0
19:18:43.771172,1023,clock_gettime(CLOCK_MONOTONIC, {142, 56218476}) = 0
19:18:43.774976,1023,clock_gettime(CLOCK_MONOTONIC, {142, 59947439}) = 0
19:18:43.775704,1023,ioctl(9, 0xc0186201, 0xbee6d0c8) = 0
19:18:43.776668,1023,ioctl(9, 0xc0186201, 0xbee6d0c8) = 0
19:18:43.777492,1023,getpid() = 1023
19:18:43.805061,1023,getuid32() = 10050
19:18:43.805948,1023,epoll_wait(0x1e, 0xbee6d1f8, 0x10, 0) = 2
19:18:43.806566,1023,read(23, "W", 16) = 1
19:18:43.807218,1023,recvfrom(37, "nysv\0\0\0\0âÜ!\22!\0\0\0\215\4\0\0\224Â'¸", 24, MSG_DONTWAIT, NULL, NULL) = 24
19:18:43.808000,1023,recvfrom(37, 0xbee6c828, 24, 64, 0, 0) = -1 EAGAIN (Try again)
19:18:43.808656,1023,clock_gettime(CLOCK_MONOTONIC, {142, 93613344}) = 0
19:18:43.809419,1023,clock_gettime(CLOCK_MONOTONIC, {142, 94370508}) = 0
19:18:43.810107,1023,clock_gettime(CLOCK_MONOTONIC, {142, 95058699}) = 0
19:18:43.810782,1023,clock_gettime(CLOCK_MONOTONIC, {142, 95733183}) = 0
19:18:43.811501,1023,recvfrom(38, 0xb88738b0, 1240, 64, 0, 0) = -1 EAGAIN (Try again)
19:18:43.812147,1023,clock_gettime(CLOCK_MONOTONIC, {142, 97098680}) = 0
19:18:43.812823,1023,clock_gettime(CLOCK_MONOTONIC, {142, 97774442}) = 0
19:18:43.838407,1023,getpid() = 1023
19:18:43.839073,1023,getuid32() = 10050
19:18:43.839697,1023,epoll_wait(0x1e, 0xbee6d1f8, 0x10, 0) = 0
19:18:43.840337,1023,clock_gettime(CLOCK_MONOTONIC, {142, 125280726}) = 0
19:18:43.841002,1023,clock_gettime(CLOCK_MONOTONIC, {142, 125945469}) = 0
19:18:43.841672,1023,recvfrom(37, 0xbee6c9a8, 24, 64, 0, 0) = -1 EAGAIN (Try again)
19:18:43.842286,1023,ioctl(9, 0xc0186201, 0xbee6d178) = 0
19:18:43.843169,1023,getpid() = 1023
19:18:43.843850,1023,getuid32() = 10050
19:18:43.844440,1023,epoll_wait(0x1e, 0xbee6d1f8, 0x10, 0) = 0
19:18:43.845024,1023,clock_gettime(CLOCK_MONOTONIC, {142, 130146820}) = 0
19:18:43.858154,1023,epoll_wait(0x1e, 0xbee6d1f8, 0x10, 0xffffffff) = 1
19:18:43.861095,1023,recvfrom(37, "nysv\0\0\0\0Ò\35 \27!\0\0\0\217\4\0\0\224Â'¸", 24, MSG_DONTWAIT, NULL, NULL) = 24
19:18:43.861855,1023,recvfrom(37, 0xbee6c828, 24, 64, 0, 0) = -1 EAGAIN (Try again)
19:18:43.862483,1023,clock_gettime(CLOCK_MONOTONIC, {142, 147427274}) = 0
19:18:43.863154,1023,write(29, "W", 1) = 1
19:18:43.863854,1023,clock_gettime(CLOCK_MONOTONIC, {142, 148797449}) = 0
19:18:43.864504,1023,clock_gettime(CLOCK_MONOTONIC, {142, 149453114}) = 0
19:18:43.865151,1023,clock_gettime(CLOCK_MONOTONIC, {142, 150092772}) = 0
19:18:43.865798,1023,clock_gettime(CLOCK_MONOTONIC, {142, 150740645}) = 0
19:18:43.866706,1023,clock_gettime(CLOCK_MONOTONIC, {142, 151650038}) = 0
19:18:43.867369,1023,clock_gettime(CLOCK_MONOTONIC, {142, 152311722}) = 0
19:18:43.868041,1023,recvfrom(37, 0xbee6c9a8, 24, 64, 0, 0) = -1 EAGAIN (Try again)
19:18:43.868639,1023,ioctl(9, 0xc0186201, 0xbee6d178) = 0
19:18:43.869490,1023,clock_gettime(CLOCK_MONOTONIC, {142, 154494401}) = 0
19:18:43.870221,1023,clock_gettime(CLOCK_MONOTONIC, {142, 155165773}) = 0
19:18:43.870877,1023,clock_gettime(CLOCK_MONOTONIC, {142, 155820013}) = 0
19:18:43.871523,1023,clock_gettime(CLOCK_MONOTONIC, {142, 156471880}) = 0
19:18:43.872199,1023,clock_gettime(CLOCK_MONOTONIC, {142, 157140661}) = 0
19:18:43.921268,1023,write(29, "W", 1) = 1
19:18:43.922439,1023,ioctl(9, 0xc0186201, 0xbee6cf10) = 0
19:18:43.923272,1023,ioctl(9, 0xc0186201, 0xbee6cf10) = 0
19:18:43.924916,1023,clock_gettime(CLOCK_MONOTONIC, {142, 209918680}) = 0
19:18:43.980799,1023,clock_gettime(CLOCK_MONOTONIC, {142, 265777665}) = 0
19:18:43.981488,1023,ioctl(9, 0xc0186201, 0xbee6d0c8) = 0
19:18:43.982944,1023,getpid() = 1023
19:18:43.983525,1023,getuid32() = 10050
19:18:43.984173,1023,epoll_wait(0x1e, 0xbee6d1f8, 0x10, 0) = 2
19:18:43.984804,1023,read(23, "WW", 16) = 2
19:18:43.985432,1023,recvfrom(37, "nysv\0\0\0\0\"Þt\31!\0\0\0\220\4\0\0\224Â'¸", 24, MSG_DONTWAIT, NULL, NULL) = 24
19:18:43.995539,1023,recvfrom(37, 0xbee6c828, 24, 64, 0, 0) = -1 EAGAIN (Try again)
19:18:44.050783,1023,clock_gettime(CLOCK_MONOTONIC, {142, 335730173}) = 0
19:18:44.051490,1023,clock_gettime(CLOCK_MONOTONIC, {142, 336419578}) = 0
19:18:44.052136,1023,clock_gettime(CLOCK_MONOTONIC, {142, 337064518}) = 0
19:18:44.052887,1023,writev(3, [{"\4", 1}, {"Choreographer\0", 14}, {"Skipped 45 frames! The applicat"..., 83}], 3) = 98
19:18:44.054096,1023,clock_gettime(CLOCK_MONOTONIC, {142, 339025093}) = 0
19:18:44.054753,1023,recvfrom(38, 0xb88738b0, 1240, 64, 0, 0) = -1 EAGAIN (Try again)
19:18:44.055379,1023,clock_gettime(CLOCK_MONOTONIC, {142, 340306089}) = 0
19:18:44.056247,1023,clock_gettime(CLOCK_MONOTONIC, {142, 341174196}) = 0
19:18:44.056898,1023,clock_gettime(CLOCK_MONOTONIC, {142, 341824434}) = 0
19:18:44.057510,1023,recvfrom(37, 0xbee6c9a8, 24, 64, 0, 0) = -1 EAGAIN (Try again)
19:18:44.058147,1023,ioctl(9, 0xc0186201, 0xbee6d178) = 0
19:18:44.059213,1023,clock_gettime(CLOCK_MONOTONIC, {142, 344143040}) = 0
19:18:44.059872,1023,clock_gettime(CLOCK_MONOTONIC, {142, 344800256}) = 0
19:18:44.060494,1023,clock_gettime(CLOCK_MONOTONIC, {142, 345420403}) = 0
19:18:44.068247,1023,clock_gettime(CLOCK_MONOTONIC, {142, 353220564}) = 0
19:18:44.069037,1023,clock_gettime(CLOCK_MONOTONIC, {142, 353967076}) = 0
19:18:44.069935,1023,ioctl(9, 0xc0186201, 0xbee6cf10) = 0
19:18:44.071932,1023,clock_gettime(CLOCK_MONOTONIC, {142, 356948596}) = 0
19:18:44.075445,1023,clock_gettime(CLOCK_MONOTONIC, {142, 360381169}) = 0
19:18:44.076122,1023,ioctl(9, 0xc0186201, 0xbee6d0c8) = 0
19:18:44.077227,1023,getpid() = 1023
19:18:44.077779,1023,getuid32() = 10050
19:18:44.078323,1023,epoll_wait(0x1e, 0xbee6d1f8, 0x10, 0) = 1
19:18:44.078898,1023,recvfrom(37, "nysv\0\0\0\0\2`q$!\0\0\0\222\4\0\0\224Â'¸", 24, MSG_DONTWAIT, NULL, NULL) = 24
19:18:44.079579,1023,recvfrom(37, 0xbee6c828, 24, 64, 0, 0) = -1 EAGAIN (Try again)
19:18:44.080249,1023,clock_gettime(CLOCK_MONOTONIC, {142, 365175100}) = 0
19:18:44.080938,1023,clock_gettime(CLOCK_MONOTONIC, {142, 365864111}) = 0
19:18:44.081540,1023,getpid() = 1023
19:18:44.082082,1023,getuid32() = 10050
19:18:44.082617,1023,epoll_wait(0x1e, 0xbee6d1f8, 0x10, 0) = 0
19:18:44.083189,1023,clock_gettime(CLOCK_MONOTONIC, {142, 368114205}) = 0
19:18:44.083818,1023,clock_gettime(CLOCK_MONOTONIC, {142, 368757530}) = 0
19:18:44.084429,1023,clock_gettime(CLOCK_MONOTONIC, {142, 369358507}) = 0
19:18:44.085100,1023,recvfrom(38, 0xb88738b0, 1240, 64, 0, 0) = -1 EAGAIN (Try again)
19:18:44.085659,1023,clock_gettime(CLOCK_MONOTONIC, {142, 370656517}) = 0
19:18:44.086320,1023,clock_gettime(CLOCK_MONOTONIC, {142, 371245417}) = 0
19:18:44.086947,1023,getpid() = 1023
19:18:44.087449,1023,getuid32() = 10050
19:18:44.088021,1023,epoll_wait(0x1e, 0xbee6d1f8, 0x10, 0) = 0
19:18:44.088548,1023,clock_gettime(CLOCK_MONOTONIC, {142, 373511994}) = 0
19:18:44.089181,1023,ioctl(9, 0xc0186201, 0xbee6d328) = 0
19:18:44.089765,1023,epoll_wait(0x1e, 0xbee6d1f8, 0x10, 0x45) = 0
19:18:44.191343,1023,clock_gettime(CLOCK_MONOTONIC, {142, 476302813}) = 0
19:18:44.192073,1023,clock_gettime(CLOCK_MONOTONIC, {142, 477004135}) = 0
19:18:44.192704,1023,recvfrom(37, 0xbee6c9a8, 24, 64, 0, 0) = -1 EAGAIN (Try again)
19:18:44.193341,1023,ioctl(9, 0xc0186201, 0xbee6d178) = 0
19:18:44.194182,1023,getpid() = 1023
19:18:44.194851,1023,getuid32() = 10050
19:18:44.195404,1023,epoll_wait(0x1e, 0xbee6d1f8, 0x10, 0) = 0
19:18:44.195994,1023,clock_gettime(CLOCK_MONOTONIC, {142, 480934340}) = 0
19:18:44.210086,1023,epoll_wait(0x1e, 0xbee6d1f8, 0x10, 0xffffffff) = 1
19:18:44.210773,1023,recvfrom(37, "nysv\0\0\0\0`)t,!\0\0\0\224\4\0\0\224Â'¸", 24, MSG_DONTWAIT, NULL, NULL) = 24
19:18:44.211476,1023,recvfrom(37, 0xbee6c828, 24, 64, 0, 0) = -1 EAGAIN (Try again)
19:18:44.212114,1023,clock_gettime(CLOCK_MONOTONIC, {142, 497046269}) = 0
19:18:44.212789,1023,write(29, "W", 1) = 1
19:18:44.213499,1023,clock_gettime(CLOCK_MONOTONIC, {142, 498427492}) = 0
19:18:44.214139,1023,clock_gettime(CLOCK_MONOTONIC, {142, 499066838}) = 0
19:18:44.214769,1023,clock_gettime(CLOCK_MONOTONIC, {142, 499695898}) = 0
19:18:44.215360,1023,clock_gettime(CLOCK_MONOTONIC, {142, 500286672}) = 0
19:18:44.247341,1023,clock_gettime(CLOCK_MONOTONIC, {142, 532310343}) = 0
19:18:44.248105,1023,clock_gettime(CLOCK_MONOTONIC, {142, 533035146}) = 0
19:18:44.248801,1023,recvfrom(37, 0xbee6c9a8, 24, 64, 0, 0) = -1 EAGAIN (Try again)
19:18:44.249421,1023,ioctl(9, 0xc0186201, 0xbee6d178) = 0
19:18:44.250510,1023,clock_gettime(CLOCK_MONOTONIC, {142, 535465402}) = 0
19:18:44.251204,1023,clock_gettime(CLOCK_MONOTONIC, {142, 536132382}) = 0
19:18:44.251872,1023,clock_gettime(CLOCK_MONOTONIC, {142, 536799959}) = 0
19:18:44.252466,1023,clock_gettime(CLOCK_MONOTONIC, {142, 537526170}) = 0
19:18:44.253221,1023,clock_gettime(CLOCK_MONOTONIC, {142, 538148762}) = 0
19:18:44.253894,1023,write(29, "W", 1) = 1
19:18:44.255472,1023,ioctl(9, 0xc0186201, 0xbee6cf10) = 0
19:18:44.267967,1023,clock_gettime(CLOCK_MONOTONIC, {142, 552948240}) = 0
19:18:44.271884,1023,clock_gettime(CLOCK_MONOTONIC, {142, 556857190}) = 0
19:18:44.272716,1023,ioctl(9, 0xc0186201, 0xbee6d0c8) = 0
19:18:44.274072,1023,getpid() = 1023
19:18:44.274779,1023,getuid32() = 10050
19:18:44.275389,1023,epoll_wait(0x1e, 0xbee6d1f8, 0x10, 0) = 2
19:18:44.322905,1023,read(23, "WW", 16) = 2
19:18:44.323555,1023,recvfrom(37, "nysv\0\0\0\0ö\21ã/!\0\0\0\225\4\0\0\224Â'¸", 24, MSG_DONTWAIT, NULL, NULL) = 24
19:18:44.324298,1023,recvfrom(37, 0xbee6c828, 24, 64, 0, 0) = -1 EAGAIN (Try again)
19:18:44.325494,1023,clock_gettime(CLOCK_MONOTONIC, {142, 610426487}) = 0
19:18:44.346243,1023,clock_gettime(CLOCK_MONOTONIC, {142, 631254413}) = 0
19:18:44.347071,1023,clock_gettime(CLOCK_MONOTONIC, {142, 632003918}) = 0
19:18:44.347705,1023,clock_gettime(CLOCK_MONOTONIC, {142, 632648345}) = 0
19:18:44.348340,1023,recvfrom(38, 0xb88738b0, 1240, 64, 0, 0) = -1 EAGAIN (Try again)
19:18:44.349014,1023,clock_gettime(CLOCK_MONOTONIC, {142, 633941702}) = 0
19:18:44.349900,1023,clock_gettime(CLOCK_MONOTONIC, {142, 634888292}) = 0
19:18:44.350574,1023,clock_gettime(CLOCK_MONOTONIC, {142, 635541074}) = 0
19:18:44.351228,1023,recvfrom(37, 0xbee6c9a8, 24, 64, 0, 0) = -1 EAGAIN (Try again)
19:18:44.351823,1023,ioctl(9, 0xc0186201, 0xbee6d178) = 0
19:18:44.352557,1023,clock_gettime(CLOCK_MONOTONIC, {142, 637525355}) = 0
19:18:44.353273,1023,clock_gettime(CLOCK_MONOTONIC, {142, 638200069}) = 0
19:18:44.353908,1023,clock_gettime(CLOCK_MONOTONIC, {142, 638835186}) = 0
19:18:44.354502,1023,clock_gettime(CLOCK_MONOTONIC, {142, 639428380}) = 0
19:18:44.355218,1023,clock_gettime(CLOCK_MONOTONIC, {142, 640145730}) = 0
19:18:44.356044,1023,ioctl(9, 0xc0186201, 0xbee6cf10) = 0
19:18:44.356650,1023,ioctl(9, 0xc0186201, 0xbee6cf10) = 0
19:18:44.358830,1023,clock_gettime(CLOCK_MONOTONIC, {142, 643764985}) = 0
19:18:44.362141,1023,clock_gettime(CLOCK_MONOTONIC, {142, 647079638}) = 0
19:18:44.362808,1023,ioctl(9, 0xc0186201, 0xbee6d0c8) = 0
19:18:44.367430,1023,ioctl(9, 0xc0186201, 0xbee6d0c8) = 0
19:18:44.368259,1023,getpid() = 1023
19:18:44.369002,1023,getuid32() = 10050
19:18:44.389479,1023,epoll_wait(0x1e, 0xbee6d1f8, 0x10, 0) = 1
19:18:44.390075,1023,recvfrom(37, "nysv\0\0\0\0\16³K6!\0\0\0\227\4\0\0\224Â'¸", 24, MSG_DONTWAIT, NULL, NULL) = 24
19:18:44.390816,1023,recvfrom(37, 0xbee6c828, 24, 64, 0, 0) = -1 EAGAIN (Try again)
19:18:44.391500,1023,clock_gettime(CLOCK_MONOTONIC, {142, 676479160}) = 0
19:18:44.392251,1023,clock_gettime(CLOCK_MONOTONIC, {142, 677185716}) = 0
19:18:44.392959,1023,getpid() = 1023
19:18:44.393525,1023,getuid32() = 10050
19:18:44.394126,1023,epoll_wait(0x1e, 0xbee6d1f8, 0x10, 0) = 0
19:18:44.394711,1023,clock_gettime(CLOCK_MONOTONIC, {142, 679659104}) = 0
19:18:44.395345,1023,clock_gettime(CLOCK_MONOTONIC, {142, 680280466}) = 0
19:18:44.396058,1023,clock_gettime(CLOCK_MONOTONIC, {142, 680991226}) = 0
19:18:44.396719,1023,recvfrom(38, 0xb88738b0, 1240, 64, 0, 0) = -1 EAGAIN (Try again)
19:18:44.397380,1023,clock_gettime(CLOCK_MONOTONIC, {142, 682314381}) = 0
19:18:44.398096,1023,clock_gettime(CLOCK_MONOTONIC, {142, 683030007}) = 0
19:18:44.398751,1023,getpid() = 1023
19:18:44.399278,1023,getuid32() = 10050
19:18:44.399876,1023,epoll_wait(0x1e, 0xbee6d1f8, 0x10, 0) = 0
19:18:44.400427,1023,clock_gettime(CLOCK_MONOTONIC, {142, 685360877}) = 0
19:18:44.401089,1023,ioctl(9, 0xc0186201, 0xbee6d328) = 0
19:18:44.401667,1023,epoll_wait(0x1e, 0xbee6d1f8, 0x10, 0x2c) = 0
19:18:44.454976,1023,clock_gettime(CLOCK_MONOTONIC, {142, 739975697}) = 0
19:18:44.455717,1023,clock_gettime(CLOCK_MONOTONIC, {142, 740667093}) = 0
19:18:44.456381,1023,recvfrom(37, 0xbee6c9a8, 24, 64, 0, 0) = -1 EAGAIN (Try again)
19:18:44.456994,1023,ioctl(9, 0xc0186201, 0xbee6d178) = 0
19:18:44.458465,1023,getpid() = 1023
19:18:44.459501,1023,getuid32() = 10050
19:18:44.460843,1023,epoll_wait(0x1e, 0xbee6d1f8, 0x10, 0) = 0
19:18:44.461714,1023,clock_gettime(CLOCK_MONOTONIC, {142, 746783547}) = 0
19:18:44.481272,1023,epoll_wait(0x1e, 0xbee6d1f8, 0x10, 0xffffffff) = 1
19:18:44.482123,1023,recvfrom(37, "nysv\0\0\0\0\22$?<!\0\0\0\231\4\0\0\224Â'¸", 24, MSG_DONTWAIT, NULL, NULL) = 24
19:18:44.482936,1023,recvfrom(37, 0xbee6c828, 24, 64, 0, 0) = -1 EAGAIN (Try again)
19:18:44.483547,1023,clock_gettime(CLOCK_MONOTONIC, {142, 768533222}) = 0
19:18:44.484230,1023,write(29, "W", 1) = 1
19:18:44.484919,1023,clock_gettime(CLOCK_MONOTONIC, {142, 769848288}) = 0
19:18:44.485524,1023,clock_gettime(CLOCK_MONOTONIC, {142, 770479850}) = 0
19:18:44.486172,1023,clock_gettime(CLOCK_MONOTONIC, {142, 771098821}) = 0
19:18:44.486819,1023,clock_gettime(CLOCK_MONOTONIC, {142, 771745806}) = 0
19:18:44.506531,1023,clock_gettime(CLOCK_MONOTONIC, {142, 791569598}) = 0
19:18:44.507374,1023,clock_gettime(CLOCK_MONOTONIC, {142, 792348783}) = 0
19:18:44.508149,1023,recvfrom(37, 0xbee6c9a8, 24, 64, 0, 0) = -1 EAGAIN (Try again)
19:18:44.508894,1023,ioctl(9, 0xc0186201, 0xbee6d178) = 0
19:18:44.509784,1023,clock_gettime(CLOCK_MONOTONIC, {142, 794776633}) = 0
19:18:44.510589,1023,clock_gettime(CLOCK_MONOTONIC, {142, 795563479}) = 0
19:18:44.511237,1023,clock_gettime(CLOCK_MONOTONIC, {142, 796165207}) = 0
19:18:44.511878,1023,clock_gettime(CLOCK_MONOTONIC, {142, 796851646}) = 0
19:18:44.512640,1023,clock_gettime(CLOCK_MONOTONIC, {142, 797640383}) = 0
19:18:44.513331,1023,write(29, "W", 1) = 1
19:18:44.514727,1023,ioctl(9, 0xc0186201, 0xbee6cf10) = 0
19:18:44.548538,1023,ioctl(9, 0xc0186201, 0xbee6cf10) = 0
19:18:44.550111,1023,clock_gettime(CLOCK_MONOTONIC, {142, 835054302}) = 0
19:18:44.553238,1023,clock_gettime(CLOCK_MONOTONIC, {142, 838185234}) = 0
19:18:44.553905,1023,ioctl(9, 0xc0186201, 0xbee6d0c8) = 0
19:18:44.554838,1023,ioctl(9, 0xc0186201, 0xbee6d0c8) = 0
19:18:44.555542,1023,getpid() = 1023
19:18:44.556127,1023,getuid32() = 10050
19:18:44.556727,1023,epoll_wait(0x1e, 0xbee6d1f8, 0x10, 0) = 2
19:18:44.557360,1023,read(23, "WW", 16) = 2
19:18:44.558003,1023,recvfrom(37, "nysv\0\0\0\0\236ts?!\0\0\0\232\4\0\0\224Â'¸", 24, MSG_DONTWAIT, NULL, NULL) = 24
19:18:44.558720,1023,recvfrom(37, 0xbee6c828, 24, 64, 0, 0) = -1 EAGAIN (Try again)
19:18:44.559319,1023,clock_gettime(CLOCK_MONOTONIC, {142, 844254152}) = 0
19:18:44.560004,1023,clock_gettime(CLOCK_MONOTONIC, {142, 844939388}) = 0
19:18:44.560632,1023,clock_gettime(CLOCK_MONOTONIC, {142, 845571916}) = 0
19:18:44.561276,1023,clock_gettime(CLOCK_MONOTONIC, {142, 846216210}) = 0
19:18:44.561938,1023,recvfrom(38, 0xb88738b0, 1240, 64, 0, 0) = -1 EAGAIN (Try again)
19:18:44.562542,1023,clock_gettime(CLOCK_MONOTONIC, {142, 847488398}) = 0
19:18:44.563185,1023,clock_gettime(CLOCK_MONOTONIC, {142, 848125129}) = 0
19:18:44.563826,1023,getpid() = 1023
19:18:44.564368,1023,getuid32() = 10050
19:18:44.564948,1023,epoll_wait(0x1e, 0xbee6d1f8, 0x10, 0) = 0
19:18:44.565525,1023,clock_gettime(CLOCK_MONOTONIC, {142, 850501024}) = 0
19:18:44.566205,1023,ioctl(9, 0xc0186201, 0xbee6d328) = 0
19:18:44.566796,1023,epoll_wait(0x1e, 0xbee6d1f8, 0x10, 0x23) = 0
19:18:44.617073,1023,clock_gettime(CLOCK_MONOTONIC, {142, 902019369}) = 0
19:18:44.617752,1023,clock_gettime(CLOCK_MONOTONIC, {142, 902681916}) = 0
19:18:44.618375,1023,recvfrom(37, 0xbee6c9a8, 24, 64, 0, 0) = -1 EAGAIN (Try again)
19:18:44.618977,1023,ioctl(9, 0xc0186201, 0xbee6d178) = 0
19:18:44.619814,1023,getpid() = 1023
19:18:44.620437,1023,getuid32() = 10050
19:18:44.621097,1023,epoll_wait(0x1e, 0xbee6d1f8, 0x10, 0) = 0
19:18:44.621971,1023,clock_gettime(CLOCK_MONOTONIC, {142, 906910298}) = 0
19:18:44.622619,1023,epoll_wait(0x1e, 0xbee6d1f8, 0x10, 0xffffffff) = 1
19:18:44.630486,1023,recvfrom(37, "nysv\0\0\0\0À­\26F!\0\0\0\234\4\0\0\224Â'¸", 24, MSG_DONTWAIT, NULL, NULL) = 24
19:18:44.631231,1023,recvfrom(37, 0xbee6c828, 24, 64, 0, 0) = -1 EAGAIN (Try again)
19:18:44.631855,1023,clock_gettime(CLOCK_MONOTONIC, {142, 916785121}) = 0
19:18:44.632483,1023,write(29, "W", 1) = 1
19:18:44.633227,1023,clock_gettime(CLOCK_MONOTONIC, {142, 918155254}) = 0
19:18:44.633869,1023,clock_gettime(CLOCK_MONOTONIC, {142, 918855888}) = 0
19:18:44.634547,1023,clock_gettime(CLOCK_MONOTONIC, {142, 919514108}) = 0
19:18:44.635240,1023,clock_gettime(CLOCK_MONOTONIC, {142, 920168215}) = 0
19:18:44.636171,1023,clock_gettime(CLOCK_MONOTONIC, {142, 921099576}) = 0
19:18:44.636821,1023,clock_gettime(CLOCK_MONOTONIC, {142, 921809123}) = 0
19:18:44.637496,1023,recvfrom(37, 0xbee6c9a8, 24, 64, 0, 0) = -1 EAGAIN (Try again)
19:18:44.638087,1023,ioctl(9, 0xc0186201, 0xbee6d178) = 0
19:18:44.638909,1023,clock_gettime(CLOCK_MONOTONIC, {142, 923887904}) = 0
19:18:44.639579,1023,clock_gettime(CLOCK_MONOTONIC, {142, 924546540}) = 0
19:18:44.640218,1023,clock_gettime(CLOCK_MONOTONIC, {142, 925145538}) = 0
19:18:44.640851,1023,clock_gettime(CLOCK_MONOTONIC, {142, 925793858}) = 0
19:18:44.641496,1023,clock_gettime(CLOCK_MONOTONIC, {142, 926428763}) = 0
19:18:44.650095,1023,write(29, "W", 1) = 1
19:18:44.650989,1023,ioctl(9, 0xc0186201, 0xbee6cf10) = 0
19:18:44.651776,1023,ioctl(9, 0xc0186201, 0xbee6cf10) = 0
19:18:44.653038,1023,clock_gettime(CLOCK_MONOTONIC, {142, 937976986}) = 0
19:18:44.656623,1023,clock_gettime(CLOCK_MONOTONIC, {142, 941568833}) = 0
19:18:44.657252,1023,ioctl(9, 0xc0186201, 0xbee6d0c8) = 0
19:18:44.657824,1023,ioctl(9, 0xc0186201, 0xbee6d0c8) = 0
19:18:44.676302,1023,getpid() = 1023
19:18:44.676859,1023,getuid32() = 10050
19:18:44.677409,1023,epoll_wait(0x1e, 0xbee6d1f8, 0x10, 0) = 2
19:18:44.677982,1023,read(23, "WW", 16) = 2
19:18:44.678629,1023,recvfrom(37, "nysv\0\0\0\0ò¥;G!\0\0\0\235\4\0\0\224Â'¸", 24, MSG_DONTWAIT, NULL, NULL) = 24
19:18:44.679420,1023,recvfrom(37, 0xbee6c828, 24, 64, 0, 0) = -1 EAGAIN (Try again)
19:18:44.680035,1023,clock_gettime(CLOCK_MONOTONIC, {142, 964964515}) = 0
19:18:44.680724,1023,clock_gettime(CLOCK_MONOTONIC, {142, 965665795}) = 0
19:18:44.681416,1023,clock_gettime(CLOCK_MONOTONIC, {142, 966412217}) = 0
19:18:44.682118,1023,clock_gettime(CLOCK_MONOTONIC, {142, 967045798}) = 0
19:18:44.682839,1023,recvfrom(38, 0xb88738b0, 1240, 64, 0, 0) = -1 EAGAIN (Try again)
19:18:44.683408,1023,clock_gettime(CLOCK_MONOTONIC, {142, 968336145}) = 0
19:18:44.684041,1023,clock_gettime(CLOCK_MONOTONIC, {142, 968968161}) = 0
19:18:44.684633,1023,getpid() = 1023
19:18:44.685235,1023,getuid32() = 10050
19:18:44.685811,1023,epoll_wait(0x1e, 0xbee6d1f8, 0x10, 0) = 0
19:18:44.710092,1023,clock_gettime(CLOCK_MONOTONIC, {142, 995073583}) = 0
19:18:44.710857,1023,ioctl(9, 0xc0186201, 0xbee6d328) = 0
19:18:44.711455,1023,epoll_wait(0x1e, 0xbee6d1f8, 0x10, 0x13) = 0
19:18:44.737720,1023,clock_gettime(CLOCK_MONOTONIC, {143, 22687658}) = 0
19:18:44.738405,1023,clock_gettime(CLOCK_MONOTONIC, {143, 23342155}) = 0
19:18:44.739092,1023,recvfrom(37, 0xbee6c9a8, 24, 64, 0, 0) = -1 EAGAIN (Try again)
19:18:44.739706,1023,ioctl(9, 0xc0186201, 0xbee6d178) = 0
19:18:44.740557,1023,getpid() = 1023
19:18:44.741204,1023,getuid32() = 10050
19:18:44.741831,1023,epoll_wait(0x1e, 0xbee6d1f8, 0x10, 0) = 0
19:18:44.742403,1023,clock_gettime(CLOCK_MONOTONIC, {143, 27342185}) = 0
19:18:44.743091,1023,epoll_wait(0x1e, 0xbee6d1f8, 0x10, 0xffffffff) = 1
19:18:44.750932,1023,recvfrom(37, "nysv\0\0\0\0ö\26/M!\0\0\0\237\4\0\0\224Â'¸", 24, MSG_DONTWAIT, NULL, NULL) = 24
19:18:44.751722,1023,recvfrom(37, 0xbee6c828, 24, 64, 0, 0) = -1 EAGAIN (Try again)
19:18:44.752343,1023,clock_gettime(CLOCK_MONOTONIC, {143, 37280008}) = 0
19:18:44.753028,1023,write(29, "W", 1) = 1
19:18:44.753741,1023,clock_gettime(CLOCK_MONOTONIC, {143, 38707213}) = 0
19:18:44.754427,1023,clock_gettime(CLOCK_MONOTONIC, {143, 39363865}) = 0
19:18:44.755080,1023,clock_gettime(CLOCK_MONOTONIC, {143, 40014284}) = 0
19:18:44.755718,1023,clock_gettime(CLOCK_MONOTONIC, {143, 40666537}) = 0
19:18:44.756602,1023,clock_gettime(CLOCK_MONOTONIC, {143, 41569131}) = 0
19:18:44.787176,1023,clock_gettime(CLOCK_MONOTONIC, {143, 72153451}) = 0
19:18:44.787987,1023,recvfrom(37, 0xbee6c9a8, 24, 64, 0, 0) = -1 EAGAIN (Try again)
19:18:44.788559,1023,ioctl(9, 0xc0186201, 0xbee6d178) = 0
19:18:44.789450,1023,clock_gettime(CLOCK_MONOTONIC, {143, 74507590}) = 0
19:18:44.790666,1023,clock_gettime(CLOCK_MONOTONIC, {143, 75825808}) = 0
19:18:44.791501,1023,clock_gettime(CLOCK_MONOTONIC, {143, 76430070}) = 0
19:18:44.792201,1023,clock_gettime(CLOCK_MONOTONIC, {143, 77129759}) = 0
19:18:44.792879,1023,clock_gettime(CLOCK_MONOTONIC, {143, 77807833}) = 0
19:18:44.793534,1023,write(29, "W", 1) = 1
19:18:44.794369,1023,ioctl(9, 0xc0186201, 0xbee6cf10) = 0
19:18:44.795536,1023,ioctl(9, 0xc0186201, 0xbee6cf10) = 0
19:18:44.796998,1023,clock_gettime(CLOCK_MONOTONIC, {143, 81932374}) = 0
19:18:44.810751,1023,clock_gettime(CLOCK_MONOTONIC, {143, 95722347}) = 0
19:18:44.811417,1023,ioctl(9, 0xc0186201, 0xbee6d0c8) = 0
19:18:44.812619,1023,getpid() = 1023
19:18:44.813173,1023,getuid32() = 10050
19:18:44.813764,1023,epoll_wait(0x1e, 0xbee6d1f8, 0x10, 0) = 2
19:18:44.814299,1023,read(23, "WW", 16) = 2
19:18:44.814936,1023,recvfrom(37, "nysv\0\0\0\0n7îO!\0\0\0 \4\0\0\224Â'¸", 24, MSG_DONTWAIT, NULL, NULL) = 24
19:18:44.815647,1023,recvfrom(37, 0xbee6c828, 24, 64, 0, 0) = -1 EAGAIN (Try again)
19:18:44.816260,1023,clock_gettime(CLOCK_MONOTONIC, {143, 101187633}) = 0
19:18:44.816920,1023,clock_gettime(CLOCK_MONOTONIC, {143, 101848777}) = 0
19:18:44.817519,1023,clock_gettime(CLOCK_MONOTONIC, {143, 102453472}) = 0
19:18:44.818135,1023,clock_gettime(CLOCK_MONOTONIC, {143, 103066337}) = 0
19:18:44.818768,1023,recvfrom(38, 0xb88738b0, 1240, 64, 0, 0) = -1 EAGAIN (Try again)
19:18:44.819350,1023,clock_gettime(CLOCK_MONOTONIC, {143, 104277283}) = 0
19:18:44.819948,1023,clock_gettime(CLOCK_MONOTONIC, {143, 104891870}) = 0
19:18:44.820567,1023,getpid() = 1023
19:18:44.821093,1023,getuid32() = 10050
19:18:44.821643,1023,epoll_wait(0x1e, 0xbee6d1f8, 0x10, 0) = 0
19:18:44.822205,1023,clock_gettime(CLOCK_MONOTONIC, {143, 107132136}) = 0
19:18:44.822808,1023,ioctl(9, 0xc0186201, 0xbee6d328) = 0
19:18:44.823377,1023,epoll_wait(0x1e, 0xbee6d1f8, 0x10, 0x3b) = 0
19:18:44.905786,1023,clock_gettime(CLOCK_MONOTONIC, {143, 190747980}) = 0
19:18:44.906472,1023,clock_gettime(CLOCK_MONOTONIC, {143, 191416810}) = 0
19:18:44.907153,1023,recvfrom(37, 0xbee6c9a8, 24, 64, 0, 0) = -1 EAGAIN (Try again)
19:18:44.907773,1023,ioctl(9, 0xc0186201, 0xbee6d178) = 0
19:18:44.908748,1023,getpid() = 1023
19:18:44.909303,1023,getuid32() = 10050
19:18:44.909903,1023,epoll_wait(0x1e, 0xbee6d1f8, 0x10, 0) = 0
19:18:44.910483,1023,clock_gettime(CLOCK_MONOTONIC, {143, 233773014}) = 0
19:18:44.949609,1023,epoll_wait(0x1e, 0xbee6d1f8, 0x10, 0xffffffff) = 1
19:18:44.950231,1023,recvfrom(37, "nysv\0\0\0\0\232\10ÌV!\0\0\0¢\4\0\0\224Â'¸", 24, MSG_DONTWAIT, NULL, NULL) = 24
19:18:44.951095,1023,recvfrom(37, 0xbee6c828, 24, 64, 0, 0) = -1 EAGAIN (Try again)
19:18:44.951743,1023,clock_gettime(CLOCK_MONOTONIC, {143, 236727188}) = 0
19:18:44.952462,1023,write(29, "W", 1) = 1
19:18:44.953172,1023,clock_gettime(CLOCK_MONOTONIC, {143, 238115561}) = 0
19:18:44.953833,1023,clock_gettime(CLOCK_MONOTONIC, {143, 238776140}) = 0
19:18:44.954475,1023,clock_gettime(CLOCK_MONOTONIC, {143, 239416758}) = 0
19:18:44.955124,1023,clock_gettime(CLOCK_MONOTONIC, {143, 240066506}) = 0
19:18:44.956032,1023,clock_gettime(CLOCK_MONOTONIC, {143, 240976455}) = 0
19:18:44.956703,1023,clock_gettime(CLOCK_MONOTONIC, {143, 241645838}) = 0
19:18:44.957371,1023,recvfrom(37, 0xbee6c9a8, 24, 64, 0, 0) = -1 EAGAIN (Try again)
19:18:44.957980,1023,ioctl(9, 0xc0186201, 0xbee6d178) = 0
19:18:44.958853,1023,clock_gettime(CLOCK_MONOTONIC, {143, 243862545}) = 0
19:18:44.959644,1023,clock_gettime(CLOCK_MONOTONIC, {143, 244596318}) = 0
19:18:44.960302,1023,clock_gettime(CLOCK_MONOTONIC, {143, 245245488}) = 0
19:18:44.960957,1023,clock_gettime(CLOCK_MONOTONIC, {143, 245899594}) = 0
19:18:44.961628,1023,clock_gettime(CLOCK_MONOTONIC, {143, 246577211}) = 0
19:18:44.962301,1023,write(29, "W", 1) = 1
19:18:44.963123,1023,ioctl(9, 0xc0186201, 0xbee6cf10) = 0
19:18:44.963945,1023,ioctl(9, 0xc0186201, 0xbee6cf10) = 0
19:18:44.978232,1023,clock_gettime(CLOCK_MONOTONIC, {143, 263379556}) = 0
19:18:44.982393,1023,clock_gettime(CLOCK_MONOTONIC, {143, 267482451}) = 0
19:18:44.983281,1023,ioctl(9, 0xc0186201, 0xbee6d0c8) = 0
19:18:44.984328,1023,ioctl(9, 0xc0186201, 0xbee6d0c8) = 0
19:18:44.985083,1023,getpid() = 1023
19:18:44.985666,1023,getuid32() = 10050
19:18:45.091007,1023,epoll_wait(0x1e, 0xbee6d1f8, 0x10, 0) = 2
19:18:45.091658,1023,read(23, "WW", 16) = 2
19:18:45.092287,1023,recvfrom(37, "nysv\0\0\0\0000ñ:Z!\0\0\0£\4\0\0\224Â'¸", 24, MSG_DONTWAIT, NULL, NULL) = 24
19:18:45.093034,1023,recvfrom(37, 0xbee6c828, 24, 64, 0, 0) = -1 EAGAIN (Try again)
19:18:45.093733,1023,clock_gettime(CLOCK_MONOTONIC, {143, 378679546}) = 0
19:18:45.094499,1023,clock_gettime(CLOCK_MONOTONIC, {143, 379455419}) = 0
19:18:45.095190,1023,clock_gettime(CLOCK_MONOTONIC, {143, 380139983}) = 0
19:18:45.096019,1023,writev(3, [{"\4", 1}, {"Choreographer\0", 14}, {"Skipped 34 frames! The applicat"..., 83}], 3) = 98
19:18:45.097286,1023,clock_gettime(CLOCK_MONOTONIC, {143, 382239022}) = 0
19:18:45.097994,1023,recvfrom(38, 0xb88738b0, 1240, 64, 0, 0) = -1 EAGAIN (Try again)
19:18:45.098633,1023,clock_gettime(CLOCK_MONOTONIC, {143, 383587850}) = 0
19:18:45.099583,1023,clock_gettime(CLOCK_MONOTONIC, {143, 384539528}) = 0
19:18:45.100285,1023,clock_gettime(CLOCK_MONOTONIC, {143, 385235778}) = 0
19:18:45.100988,1023,recvfrom(37, 0xbee6c9a8, 24, 64, 0, 0) = -1 EAGAIN (Try again)
19:18:45.101619,1023,ioctl(9, 0xc0186201, 0xbee6d178) = 0
19:18:45.102710,1023,clock_gettime(CLOCK_MONOTONIC, {143, 387663464}) = 0
19:18:45.148739,1023,clock_gettime(CLOCK_MONOTONIC, {143, 433734520}) = 0
19:18:45.149459,1023,clock_gettime(CLOCK_MONOTONIC, {143, 434403519}) = 0
19:18:45.150208,1023,clock_gettime(CLOCK_MONOTONIC, {143, 435183768}) = 0
19:18:45.150987,1023,clock_gettime(CLOCK_MONOTONIC, {143, 435972234}) = 0
19:18:45.151924,1023,ioctl(9, 0xc0186201, 0xbee6cf10) = 0
19:18:45.153967,1023,clock_gettime(CLOCK_MONOTONIC, {143, 438917853}) = 0
19:18:45.157718,1023,clock_gettime(CLOCK_MONOTONIC, {143, 442680178}) = 0
19:18:45.158422,1023,ioctl(9, 0xc0186201, 0xbee6d0c8) = 0
19:18:45.159604,1023,getpid() = 1023
19:18:45.160194,1023,getuid32() = 10050
19:18:45.160817,1023,epoll_wait(0x1e, 0xbee6d1f8, 0x10, 0) = 1
19:18:45.161422,1023,recvfrom(37, "nysv\0\0\0\0¢ê²b!\0\0\0¥\4\0\0\224Â'¸", 24, MSG_DONTWAIT, NULL, NULL) = 24
19:18:45.162198,1023,recvfrom(37, 0xbee6c828, 24, 64, 0, 0) = -1 EAGAIN (Try again)
19:18:45.162853,1023,clock_gettime(CLOCK_MONOTONIC, {143, 447802632}) = 0
19:18:45.163591,1023,clock_gettime(CLOCK_MONOTONIC, {143, 448547418}) = 0
19:18:45.164283,1023,getpid() = 1023
19:18:45.164864,1023,getuid32() = 10050
19:18:45.165471,1023,epoll_wait(0x1e, 0xbee6d1f8, 0x10, 0) = 0
19:18:45.166083,1023,clock_gettime(CLOCK_MONOTONIC, {143, 451032198}) = 0
19:18:45.166762,1023,clock_gettime(CLOCK_MONOTONIC, {143, 451711154}) = 0
19:18:45.167427,1023,clock_gettime(CLOCK_MONOTONIC, {143, 452376544}) = 0
19:18:45.168122,1023,recvfrom(38, 0xb88738b0, 1240, 64, 0, 0) = -1 EAGAIN (Try again)
19:18:45.168765,1023,clock_gettime(CLOCK_MONOTONIC, {143, 453713977}) = 0
19:18:45.169436,1023,clock_gettime(CLOCK_MONOTONIC, {143, 454385695}) = 0
19:18:45.170111,1023,getpid() = 1023
19:18:45.170688,1023,getuid32() = 10050
19:18:45.171295,1023,epoll_wait(0x1e, 0xbee6d1f8, 0x10, 0) = 0
19:18:45.171901,1023,clock_gettime(CLOCK_MONOTONIC, {143, 456849502}) = 0
19:18:45.172576,1023,ioctl(9, 0xc0186201, 0xbee6d328) = 0
19:18:45.173201,1023,epoll_wait(0x1e, 0xbee6d1f8, 0x10, 0x44) = 0
19:18:45.244406,1023,clock_gettime(CLOCK_MONOTONIC, {143, 545047205}) = 0
19:18:45.261731,1023,clock_gettime(CLOCK_MONOTONIC, {143, 546853504}) = 0
19:18:45.262719,1023,recvfrom(37, 0xbee6c9a8, 24, 64, 0, 0) = -1 EAGAIN (Try again)
19:18:45.263646,1023,ioctl(9, 0xc0186201, 0xbee6d178) = 0
19:18:45.267311,1023,getpid() = 1023
19:18:45.268046,1023,getuid32() = 10050
19:18:45.268705,1023,epoll_wait(0x1e, 0xbee6d1f8, 0x10, 0) = 0
19:18:45.269336,1023,clock_gettime(CLOCK_MONOTONIC, {143, 554309094}) = 0
19:18:45.270128,1023,epoll_wait(0x1e, 0xbee6d1f8, 0x10, 0xffffffff) = 1
19:18:45.271581,1023,recvfrom(37, "nysv\0\0\0\0Pt\212l!\0\0\0§\4\0\0\224Â'¸", 24, MSG_DONTWAIT, NULL, NULL) = 24
19:18:45.272419,1023,recvfrom(37, 0xbee6c828, 24, 64, 0, 0) = -1 EAGAIN (Try again)
19:18:45.273094,1023,clock_gettime(CLOCK_MONOTONIC, {143, 558037921}) = 0
19:18:45.273788,1023,write(29, "W", 1) = 1
19:18:45.274571,1023,clock_gettime(CLOCK_MONOTONIC, {143, 559570692}) = 0
19:18:45.275444,1023,clock_gettime(CLOCK_MONOTONIC, {143, 560472638}) = 0
19:18:45.276268,1023,clock_gettime(CLOCK_MONOTONIC, {143, 561249884}) = 0
19:18:45.287037,1023,clock_gettime(CLOCK_MONOTONIC, {143, 572020915}) = 0
19:18:45.288139,1023,clock_gettime(CLOCK_MONOTONIC, {143, 573087862}) = 0
19:18:45.288825,1023,clock_gettime(CLOCK_MONOTONIC, {143, 573768343}) = 0
19:18:45.289499,1023,recvfrom(37, 0xbee6c9a8, 24, 64, 0, 0) = -1 EAGAIN (Try again)
19:18:45.290151,1023,ioctl(9, 0xc0186201, 0xbee6d178) = 0
19:18:45.291028,1023,clock_gettime(CLOCK_MONOTONIC, {143, 576037296}) = 0
19:18:45.291930,1023,clock_gettime(CLOCK_MONOTONIC, {143, 576876331}) = 0
19:18:45.292599,1023,clock_gettime(CLOCK_MONOTONIC, {143, 577595277}) = 0
19:18:45.293930,1023,clock_gettime(CLOCK_MONOTONIC, {143, 578962889}) = 0
19:18:45.294948,1023,clock_gettime(CLOCK_MONOTONIC, {143, 579894870}) = 0
19:18:45.295629,1023,write(29, "W", 1) = 1
19:18:45.296509,1023,ioctl(9, 0xc0186201, 0xbee6cf10) = 0
19:18:45.297398,1023,ioctl(9, 0xc0186201, 0xbee6cf10) = 0
19:18:45.304160,1023,clock_gettime(CLOCK_MONOTONIC, {143, 589149074}) = 0
19:18:45.308057,1023,clock_gettime(CLOCK_MONOTONIC, {143, 593015082}) = 0
19:18:45.308803,1023,ioctl(9, 0xc0186201, 0xbee6d0c8) = 0
19:18:45.310688,1023,getpid() = 1023
19:18:45.311287,1023,getuid32() = 10050
19:18:45.311898,1023,epoll_wait(0x1e, 0xbee6d1f8, 0x10, 0) = 2
19:18:45.312503,1023,read(23, "WW", 16) = 2
19:18:45.313154,1023,recvfrom(37, "nysv\0\0\0\0\214\4êm!\0\0\0¨\4\0\0\224Â'¸", 24, MSG_DONTWAIT, NULL, NULL) = 24
19:18:45.313935,1023,recvfrom(37, 0xbee6c828, 24, 64, 0, 0) = -1 EAGAIN (Try again)
19:18:45.314587,1023,clock_gettime(CLOCK_MONOTONIC, {143, 620901550}) = 0
19:18:45.336808,1023,clock_gettime(CLOCK_MONOTONIC, {143, 621773971}) = 0
19:18:45.337516,1023,clock_gettime(CLOCK_MONOTONIC, {143, 622474861}) = 0
19:18:45.338202,1023,clock_gettime(CLOCK_MONOTONIC, {143, 623153466}) = 0
19:18:45.338907,1023,recvfrom(38, 0xb88738b0, 1240, 64, 0, 0) = -1 EAGAIN (Try again)
19:18:45.339558,1023,clock_gettime(CLOCK_MONOTONIC, {143, 624515144}) = 0
19:18:45.340239,1023,clock_gettime(CLOCK_MONOTONIC, {143, 625188886}) = 0
19:18:45.340957,1023,getpid() = 1023
19:18:45.341535,1023,getuid32() = 10050
19:18:45.342157,1023,epoll_wait(0x1e, 0xbee6d1f8, 0x10, 0) = 0
19:18:45.342776,1023,clock_gettime(CLOCK_MONOTONIC, {143, 627725899}) = 0
19:18:45.343459,1023,ioctl(9, 0xc0186201, 0xbee6d328) = 0
19:18:45.344096,1023,epoll_wait(0x1e, 0xbee6d1f8, 0x10, 0x28) = 0
19:18:45.391009,1023,clock_gettime(CLOCK_MONOTONIC, {143, 675969618}) = 0
19:18:45.391701,1023,clock_gettime(CLOCK_MONOTONIC, {143, 676646224}) = 0
19:18:45.392374,1023,recvfrom(37, 0xbee6c9a8, 24, 64, 0, 0) = -1 EAGAIN (Try again)
19:18:45.393030,1023,ioctl(9, 0xc0186201, 0xbee6d178) = 0
19:18:45.393916,1023,getpid() = 1023
19:18:45.394595,1023,getuid32() = 10050
19:18:45.395202,1023,epoll_wait(0x1e, 0xbee6d1f8, 0x10, 0) = 0
19:18:45.395787,1023,clock_gettime(CLOCK_MONOTONIC, {143, 680728216}) = 0
19:18:45.396449,1023,epoll_wait(0x1e, 0xbee6d1f8, 0x10, 0xffffffff) = 1
19:18:45.401703,1023,recvfrom(37, "nysv\0\0\0\0\232\r\30t!\0\0\0ª\4\0\0\224Â'¸", 24, MSG_DONTWAIT, NULL, NULL) = 24
19:18:45.402468,1023,recvfrom(37, 0xbee6c828, 24, 64, 0, 0) = -1 EAGAIN (Try again)
19:18:45.403105,1023,clock_gettime(CLOCK_MONOTONIC, {143, 688048770}) = 0
19:18:45.403838,1023,write(29, "W", 1) = 1
19:18:45.404535,1023,clock_gettime(CLOCK_MONOTONIC, {143, 689485269}) = 0
19:18:45.405223,1023,clock_gettime(CLOCK_MONOTONIC, {143, 690166134}) = 0
19:18:45.426174,1023,clock_gettime(CLOCK_MONOTONIC, {143, 711144563}) = 0
19:18:45.426937,1023,clock_gettime(CLOCK_MONOTONIC, {143, 711892749}) = 0
19:18:45.427904,1023,clock_gettime(CLOCK_MONOTONIC, {143, 712848440}) = 0
19:18:45.428617,1023,clock_gettime(CLOCK_MONOTONIC, {143, 713576103}) = 0
19:18:45.429354,1023,recvfrom(37, 0xbee6c9a8, 24, 64, 0, 0) = -1 EAGAIN (Try again)
19:18:45.430008,1023,ioctl(9, 0xc0186201, 0xbee6d178) = 0
19:18:45.430931,1023,clock_gettime(CLOCK_MONOTONIC, {143, 715952717}) = 0
19:18:45.431771,1023,clock_gettime(CLOCK_MONOTONIC, {143, 716723447}) = 0
19:18:45.432454,1023,clock_gettime(CLOCK_MONOTONIC, {143, 717406597}) = 0
19:18:45.433140,1023,clock_gettime(CLOCK_MONOTONIC, {143, 718090287}) = 0
19:18:45.433850,1023,clock_gettime(CLOCK_MONOTONIC, {143, 718801764}) = 0
19:18:45.434552,1023,write(29, "W", 1) = 1
19:18:45.435429,1023,ioctl(9, 0xc0186201, 0xbee6cf10) = 0
19:18:45.436305,1023,ioctl(9, 0xc0186201, 0xbee6cf10) = 0
19:18:45.437713,1023,clock_gettime(CLOCK_MONOTONIC, {143, 722667515}) = 0
19:18:45.440374,1023,clock_gettime(CLOCK_MONOTONIC, {143, 725329896}) = 0
19:18:45.441071,1023,ioctl(9, 0xc0186201, 0xbee6d0c8) = 0
19:18:45.441989,1023,ioctl(9, 0xc0186201, 0xbee6d0c8) = 0
19:18:45.442725,1023,getpid() = 1023
19:18:45.443306,1023,getuid32() = 10050
19:18:45.443931,1023,epoll_wait(0x1e, 0xbee6d1f8, 0x10, 0) = 1
19:18:45.444524,1023,read(23, "WW", 16) = 2
19:18:45.445191,1023,clock_gettime(CLOCK_MONOTONIC, {143, 730139453}) = 0
19:18:45.445876,1023,ioctl(9, 0xc0186201, 0xbee6d328) = 0
19:18:45.446497,1023,epoll_wait(0x1e, 0xbee6d1f8, 0x10, 0x4d) = 1
19:18:45.476399,1023,recvfrom(37, "nysv\0\0\0\0þýav!\0\0\0«\4\0\0\224Â'¸", 24, MSG_DONTWAIT, NULL, NULL) = 24
19:18:45.477230,1023,recvfrom(37, 0xbee6c828, 24, 64, 0, 0) = -1 EAGAIN (Try again)
19:18:45.477872,1023,clock_gettime(CLOCK_MONOTONIC, {143, 762816303}) = 0
19:18:45.478560,1023,write(29, "W", 1) = 1
19:18:45.479269,1023,clock_gettime(CLOCK_MONOTONIC, {143, 764211682}) = 0
19:18:45.479929,1023,clock_gettime(CLOCK_MONOTONIC, {143, 764872153}) = 0
19:18:45.480570,1023,clock_gettime(CLOCK_MONOTONIC, {143, 765519030}) = 0
19:18:45.481358,1023,recvfrom(38, 0xb88738b0, 1240, 64, 0, 0) = -1 EAGAIN (Try again)
19:18:45.482139,1023,clock_gettime(CLOCK_MONOTONIC, {143, 767127356}) = 0
19:18:45.482859,1023,clock_gettime(CLOCK_MONOTONIC, {143, 767810037}) = 0
19:18:45.483535,1023,getpid() = 1023
19:18:45.484116,1023,getuid32() = 10050
19:18:45.484737,1023,epoll_wait(0x1e, 0xbee6d1f8, 0x10, 0) = 1
19:18:45.485326,1023,read(23, "W", 16) = 1
19:18:45.510080,1023,clock_gettime(CLOCK_MONOTONIC, {143, 795074054}) = 0
19:18:45.510857,1023,epoll_wait(0x1e, 0xbee6d1f8, 0x10, 0xc) = 0
19:18:45.526775,1023,clock_gettime(CLOCK_MONOTONIC, {143, 811747547}) = 0
19:18:45.527496,1023,clock_gettime(CLOCK_MONOTONIC, {143, 812506124}) = 0
19:18:45.528239,1023,recvfrom(37, 0xbee6c9a8, 24, 64, 0, 0) = -1 EAGAIN (Try again)
19:18:45.528876,1023,ioctl(9, 0xc0186201, 0xbee6d178) = 0
19:18:45.529849,1023,getpid() = 1023
19:18:45.530623,1023,getuid32() = 10050
19:18:45.531266,1023,epoll_wait(0x1e, 0xbee6d1f8, 0x10, 0) = 0
19:18:45.531881,1023,clock_gettime(CLOCK_MONOTONIC, {143, 816981596}) = 0
19:18:45.532914,1023,epoll_wait(0x1e, 0xbee6d1f8, 0x10, 0xffffffff) = 1
19:18:45.533519,1023,recvfrom(37, "nysv\0\0\0\0øÖ\32|!\0\0\0¬\4\0\0\224Â'¸", 24, MSG_DONTWAIT, NULL, NULL) = 24
19:18:45.534303,1023,recvfrom(37, 0xbee6c828, 24, 64, 0, 0) = -1 EAGAIN (Try again)
19:18:45.535011,1023,clock_gettime(CLOCK_MONOTONIC, {143, 819965107}) = 0
19:18:45.587046,1023,write(29, "W", 1) = 1
19:18:45.587844,1023,clock_gettime(CLOCK_MONOTONIC, {143, 872791850}) = 0
19:18:45.588518,1023,clock_gettime(CLOCK_MONOTONIC, {143, 873472175}) = 0
19:18:45.589178,1023,clock_gettime(CLOCK_MONOTONIC, {143, 874122047}) = 0
19:18:45.589832,1023,clock_gettime(CLOCK_MONOTONIC, {143, 874821351}) = 0
19:18:45.590791,1023,clock_gettime(CLOCK_MONOTONIC, {143, 875758251}) = 0
19:18:45.591481,1023,clock_gettime(CLOCK_MONOTONIC, {143, 876431301}) = 0
19:18:45.592536,1023,recvfrom(37, 0xbee6c9a8, 24, 64, 0, 0) = -1 EAGAIN (Try again)
19:18:45.593196,1023,ioctl(9, 0xc0186201, 0xbee6d178) = 0
19:18:45.594251,1023,clock_gettime(CLOCK_MONOTONIC, {143, 879197135}) = 0
19:18:45.594935,1023,clock_gettime(CLOCK_MONOTONIC, {143, 879878883}) = 0
19:18:45.595584,1023,clock_gettime(CLOCK_MONOTONIC, {143, 880532526}) = 0
19:18:45.596235,1023,clock_gettime(CLOCK_MONOTONIC, {143, 881177648}) = 0
19:18:45.596914,1023,clock_gettime(CLOCK_MONOTONIC, {143, 881856225}) = 0
19:18:45.597582,1023,write(29, "W", 1) = 1
19:18:45.598412,1023,ioctl(9, 0xc0186201, 0xbee6cf10) = 0
19:18:45.600079,1023,clock_gettime(CLOCK_MONOTONIC, {143, 885026673}) = 0
19:18:45.603561,1023,clock_gettime(CLOCK_MONOTONIC, {143, 888518329}) = 0
19:18:45.604233,1023,ioctl(9, 0xc0186201, 0xbee6d0c8) = 0
19:18:45.605293,1023,getpid() = 1023
19:18:45.605856,1023,getuid32() = 10050
19:18:45.606448,1023,epoll_wait(0x1e, 0xbee6d1f8, 0x10, 0) = 1
19:18:45.607022,1023,read(23, "WW", 16) = 2
19:18:45.607653,1023,clock_gettime(CLOCK_MONOTONIC, {143, 892602369}) = 0
19:18:45.608312,1023,ioctl(9, 0xc0186201, 0xbee6d328) = 0
19:18:45.668719,1023,epoll_wait(0x1e, 0xbee6d1f8, 0x10, 0x4e) = 1
19:18:45.669373,1023,recvfrom(37, "nysv\0\0\0\0¢ïþ\177!\0\0\0­\4\0\0\224Â'¸", 24, MSG_DONTWAIT, NULL, NULL) = 24
19:18:45.670129,1023,recvfrom(37, 0xbee6c828, 24, 64, 0, 0) = -1 EAGAIN (Try again)
19:18:45.670775,1023,clock_gettime(CLOCK_MONOTONIC, {143, 955718440}) = 0
19:18:45.671469,1023,write(29, "W", 1) = 1
19:18:45.672183,1023,clock_gettime(CLOCK_MONOTONIC, {143, 957128156}) = 0
19:18:45.672849,1023,clock_gettime(CLOCK_MONOTONIC, {143, 957793359}) = 0
19:18:45.684703,1023,clock_gettime(CLOCK_MONOTONIC, {143, 973468326}) = 0
19:18:45.689252,1023,recvfrom(38, 0xb88738b0, 1240, 64, 0, 0) = -1 EAGAIN (Try again)
19:18:45.689895,1023,clock_gettime(CLOCK_MONOTONIC, {143, 974840335}) = 0
19:18:45.690817,1023,clock_gettime(CLOCK_MONOTONIC, {143, 975762095}) = 0
19:18:45.691487,1023,clock_gettime(CLOCK_MONOTONIC, {143, 976436672}) = 0
19:18:45.692164,1023,recvfrom(37, 0xbee6c9a8, 24, 64, 0, 0) = -1 EAGAIN (Try again)
19:18:45.692772,1023,ioctl(9, 0xc0186201, 0xbee6d178) = 0
19:18:45.693643,1023,clock_gettime(CLOCK_MONOTONIC, {143, 978662663}) = 0
19:18:45.694448,1023,clock_gettime(CLOCK_MONOTONIC, {143, 979391683}) = 0
19:18:45.695106,1023,clock_gettime(CLOCK_MONOTONIC, {143, 980048653}) = 0
19:18:45.695759,1023,clock_gettime(CLOCK_MONOTONIC, {143, 980701078}) = 0
19:18:45.696431,1023,clock_gettime(CLOCK_MONOTONIC, {143, 981373002}) = 0
19:18:45.697292,1023,ioctl(9, 0xc0186201, 0xbee6cf10) = 0
19:18:45.698117,1023,ioctl(9, 0xc0186201, 0xbee6cf10) = 0
19:18:45.699460,1023,clock_gettime(CLOCK_MONOTONIC, {143, 984407490}) = 0
19:18:45.777862,1023,clock_gettime(CLOCK_MONOTONIC, {144, 62906631}) = 0
19:18:45.778676,1023,ioctl(9, 0xc0186201, 0xbee6d0c8) = 0
19:18:45.779981,1023,getpid() = 1023
19:18:45.780542,1023,getuid32() = 10050
19:18:45.781260,1023,epoll_wait(0x1e, 0xbee6d1f8, 0x10, 0) = 2
19:18:45.781917,1023,read(23, "W", 16) = 1
19:18:45.782561,1023,recvfrom(37, "nysv\0\0\0\0¦`ò\205!\0\0\0®\4\0\0\224Â'¸", 24, MSG_DONTWAIT, NULL, NULL) = 24
19:18:45.783380,1023,recvfrom(37, 0xbee6c828, 24, 64, 0, 0) = -1 EAGAIN (Try again)
19:18:45.784040,1023,clock_gettime(CLOCK_MONOTONIC, {144, 68990964}) = 0
19:18:45.784791,1023,clock_gettime(CLOCK_MONOTONIC, {144, 69743489}) = 0
19:18:45.813883,1023,getpid() = 1023
19:18:45.814516,1023,getuid32() = 10050
19:18:45.815154,1023,epoll_wait(0x1e, 0xbee6d1f8, 0x10, 0) = 0
19:18:45.815785,1023,clock_gettime(CLOCK_MONOTONIC, {144, 100736740}) = 0
19:18:45.816467,1023,clock_gettime(CLOCK_MONOTONIC, {144, 101417045}) = 0
19:18:45.817294,1023,writev(3, [{"\4", 1}, {"Choreographer\0", 14}, {"Skipped 31 frames! The applicat"..., 83}], 3) = 98
19:18:45.936542,1023,clock_gettime(CLOCK_MONOTONIC, {144, 221534208}) = 0
19:18:45.937275,1023,recvfrom(38, 0xb88738b0, 1240, 64, 0, 0) = -1 EAGAIN (Try again)
19:18:45.937918,1023,clock_gettime(CLOCK_MONOTONIC, {144, 222853185}) = 0
19:18:45.938849,1023,clock_gettime(CLOCK_MONOTONIC, {144, 223786534}) = 0
19:18:45.939493,1023,clock_gettime(CLOCK_MONOTONIC, {144, 224451975}) = 0
19:18:45.940174,1023,recvfrom(37, 0xbee6c9a8, 24, 64, 0, 0) = -1 EAGAIN (Try again)
19:18:45.940791,1023,ioctl(9, 0xc0186201, 0xbee6d178) = 0
19:18:45.941781,1023,clock_gettime(CLOCK_MONOTONIC, {144, 226720188}) = 0
19:18:45.942428,1023,clock_gettime(CLOCK_MONOTONIC, {144, 227363176}) = 0
19:18:45.943090,1023,clock_gettime(CLOCK_MONOTONIC, {144, 228024893}) = 0
19:18:45.943749,1023,clock_gettime(CLOCK_MONOTONIC, {144, 228683723}) = 0
19:18:45.944393,1023,clock_gettime(CLOCK_MONOTONIC, {144, 229327709}) = 0
19:18:45.945246,1023,ioctl(9, 0xc0186201, 0xbee6cf10) = 0
19:18:45.947030,1023,clock_gettime(CLOCK_MONOTONIC, {144, 231971305}) = 0
19:18:45.950285,1023,clock_gettime(CLOCK_MONOTONIC, {144, 235259321}) = 0
19:18:45.950993,1023,ioctl(9, 0xc0186201, 0xbee6d0c8) = 0
19:18:45.952144,1023,getpid() = 1023
19:18:45.952706,1023,getuid32() = 10050
19:18:45.953288,1023,epoll_wait(0x1e, 0xbee6d1f8, 0x10, 0) = 0
19:18:45.953901,1023,clock_gettime(CLOCK_MONOTONIC, {144, 238888020}) = 0
19:18:46.343624,1023,getpid() = 1023
19:18:46.344274,1023,getuid32() = 10050
19:18:46.344910,1023,epoll_wait(0x1e, 0xbee6d1f8, 0x10, 0) = 1
19:18:46.345456,1023,recvfrom(37, "nysv\0\0\0\0È\231\225\214!\0\0\0°\4\0\0\224Â'¸", 24, MSG_DONTWAIT, NULL, NULL) = 24
19:18:46.400080,1023,recvfrom(37, 0xbee6c828, 24, 64, 0, 0) = -1 EAGAIN (Try again)
19:18:46.400700,1023,clock_gettime(CLOCK_MONOTONIC, {144, 685631146}) = 0
19:18:46.401395,1023,clock_gettime(CLOCK_MONOTONIC, {144, 686324164}) = 0
19:18:46.402008,1023,clock_gettime(CLOCK_MONOTONIC, {144, 686936719}) = 0
19:18:46.402741,1023,writev(3, [{"\4", 1}, {"Choreographer\0", 14}, {"Skipped 154 frames! The applica"..., 84}], 3) = 99
19:18:46.408084,1023,clock_gettime(CLOCK_MONOTONIC, {144, 693020671}) = 0
19:18:46.408725,1023,recvfrom(38, 0xb88738b0, 1240, 64, 0, 0) = -1 EAGAIN (Try again)
19:18:46.411000,1023,clock_gettime(CLOCK_MONOTONIC, {144, 695977288}) = 0
19:18:46.412895,1023,clock_gettime(CLOCK_MONOTONIC, {144, 697835820}) = 0
19:18:46.413534,1023,clock_gettime(CLOCK_MONOTONIC, {144, 698501596}) = 0
19:18:46.414195,1023,recvfrom(37, 0xbee6c9a8, 24, 64, 0, 0) = -1 EAGAIN (Try again)
19:18:46.415227,1023,ioctl(9, 0xc0186201, 0xbee6d178) = 0
19:18:46.416173,1023,clock_gettime(CLOCK_MONOTONIC, {144, 701202628}) = 0
19:18:46.416958,1023,clock_gettime(CLOCK_MONOTONIC, {144, 701887796}) = 0
19:18:46.417561,1023,clock_gettime(CLOCK_MONOTONIC, {144, 702495228}) = 0
19:18:46.432445,1023,clock_gettime(CLOCK_MONOTONIC, {144, 734222109}) = 0
19:18:46.450096,1023,clock_gettime(CLOCK_MONOTONIC, {144, 735047734}) = 0
19:18:46.451041,1023,ioctl(9, 0xc0186201, 0xbee6cf10) = 0
19:18:46.451884,1023,ioctl(9, 0xc0186201, 0xbee6cf10) = 0
19:18:46.453385,1023,clock_gettime(CLOCK_MONOTONIC, {144, 738319602}) = 0
19:18:46.456803,1023,clock_gettime(CLOCK_MONOTONIC, {144, 741742997}) = 0
19:18:46.457437,1023,ioctl(9, 0xc0186201, 0xbee6d0c8) = 0
19:18:46.458279,1023,ioctl(9, 0xc0186201, 0xbee6d0c8) = 0
19:18:46.458935,1023,getpid() = 1023
19:18:46.459447,1023,getuid32() = 10050
19:18:46.459999,1023,epoll_wait(0x1e, 0xbee6d1f8, 0x10, 0) = 1
19:18:46.460534,1023,recvfrom(37, "nysv\0\0\0\0þ\7ú°!\0\0\0±\4\0\0\224Â'¸", 24, MSG_DONTWAIT, NULL, NULL) = 24
19:18:46.461243,1023,recvfrom(37, 0xbee6c828, 24, 64, 0, 0) = -1 EAGAIN (Try again)
19:18:46.466145,1023,clock_gettime(CLOCK_MONOTONIC, {144, 751194329}) = 0
19:18:46.467033,1023,clock_gettime(CLOCK_MONOTONIC, {144, 751970104}) = 0
19:18:46.467675,1023,getpid() = 1023
19:18:46.468200,1023,getuid32() = 10050
19:18:46.468762,1023,epoll_wait(0x1e, 0xbee6d1f8, 0x10, 0) = 0
19:18:46.469318,1023,clock_gettime(CLOCK_MONOTONIC, {144, 754249354}) = 0
19:18:46.469961,1023,clock_gettime(CLOCK_MONOTONIC, {144, 754893345}) = 0
19:18:46.470568,1023,clock_gettime(CLOCK_MONOTONIC, {144, 755507723}) = 0
19:18:46.471206,1023,recvfrom(38, 0xb88738b0, 1240, 64, 0, 0) = -1 EAGAIN (Try again)
19:18:46.471793,1023,clock_gettime(CLOCK_MONOTONIC, {144, 756724991}) = 0
19:18:46.472401,1023,clock_gettime(CLOCK_MONOTONIC, {144, 757332722}) = 0
19:18:46.473014,1023,getpid() = 1023
19:18:46.473533,1023,getuid32() = 10050
19:18:46.474089,1023,epoll_wait(0x1e, 0xbee6d1f8, 0x10, 0) = 0
19:18:46.474632,1023,clock_gettime(CLOCK_MONOTONIC, {144, 759569724}) = 0
19:18:46.475253,1023,ioctl(9, 0xc0186201, 0xbee6d328) = 0
19:18:46.475860,1023,epoll_wait(0x1e, 0xbee6d1f8, 0x10, 0x40) = 0
19:18:46.551628,1023,clock_gettime(CLOCK_MONOTONIC, {144, 836658240}) = 0
19:18:46.552354,1023,clock_gettime(CLOCK_MONOTONIC, {144, 837284615}) = 0
19:18:46.553051,1023,recvfrom(37, 0xbee6c9a8, 24, 64, 0, 0) = -1 EAGAIN (Try again)
19:18:46.553614,1023,ioctl(9, 0xc0186201, 0xbee6d178) = 0
19:18:46.554548,1023,getpid() = 1023
19:18:46.555301,1023,getuid32() = 10050
19:18:46.555931,1023,epoll_wait(0x1e, 0xbee6d1f8, 0x10, 0) = 0
19:18:46.556464,1023,clock_gettime(CLOCK_MONOTONIC, {144, 841390623}) = 0
19:18:46.575861,1023,epoll_wait(0x1e, 0xbee6d1f8, 0x10, 0xffffffff) = 1
19:18:46.576462,1023,recvfrom(37, "nysv\0\0\0\0fi7¹!\0\0\0³\4\0\0\224Â'¸", 24, MSG_DONTWAIT, NULL, NULL) = 24
19:18:46.577319,1023,recvfrom(37, 0xbee6c828, 24, 64, 0, 0) = -1 EAGAIN (Try again)
19:18:46.578033,1023,clock_gettime(CLOCK_MONOTONIC, {144, 863002999}) = 0
19:18:46.578772,1023,write(29, "W", 1) = 1
19:18:46.579463,1023,clock_gettime(CLOCK_MONOTONIC, {144, 864401418}) = 0
19:18:46.580141,1023,clock_gettime(CLOCK_MONOTONIC, {144, 865079203}) = 0
19:18:46.580808,1023,clock_gettime(CLOCK_MONOTONIC, {144, 865744731}) = 0
19:18:46.581433,1023,clock_gettime(CLOCK_MONOTONIC, {144, 866368706}) = 0
19:18:46.582353,1023,clock_gettime(CLOCK_MONOTONIC, {144, 867292143}) = 0
19:18:46.583039,1023,clock_gettime(CLOCK_MONOTONIC, {144, 867977348}) = 0
19:18:46.583716,1023,recvfrom(37, 0xbee6c9a8, 24, 64, 0, 0) = -1 EAGAIN (Try again)
19:18:46.584315,1023,ioctl(9, 0xc0186201, 0xbee6d178) = 0
19:18:46.585086,1023,clock_gettime(CLOCK_MONOTONIC, {144, 870027142}) = 0
19:18:46.585748,1023,clock_gettime(CLOCK_MONOTONIC, {144, 870685463}) = 0
19:18:46.586378,1023,clock_gettime(CLOCK_MONOTONIC, {144, 871321978}) = 0
19:18:46.587028,1023,clock_gettime(CLOCK_MONOTONIC, {144, 871955454}) = 0
19:18:46.587644,1023,clock_gettime(CLOCK_MONOTONIC, {144, 903651048}) = 0
19:18:46.619497,1023,write(29, "W", 1) = 1
19:18:46.620308,1023,ioctl(9, 0xc0186201, 0xbee6cf10) = 0
19:18:46.621105,1023,ioctl(9, 0xc0186201, 0xbee6cf10) = 0
19:18:46.622413,1023,clock_gettime(CLOCK_MONOTONIC, {144, 907355564}) = 0
19:18:46.626167,1023,clock_gettime(CLOCK_MONOTONIC, {144, 934524447}) = 0
19:18:46.650272,1023,ioctl(9, 0xc0186201, 0xbee6d0c8) = 0
19:18:46.651279,1023,ioctl(9, 0xc0186201, 0xbee6d0c8) = 0
19:18:46.652125,1023,getpid() = 1023
19:18:46.652640,1023,getuid32() = 10050
19:18:46.653287,1023,epoll_wait(0x1e, 0xbee6d1f8, 0x10, 0) = 2
19:18:46.653861,1023,read(23, "WW", 16) = 2
19:18:46.654485,1023,recvfrom(37, "nysv\0\0\0\0ÀÁF»!\0\0\0´\4\0\0\224Â'¸", 24, MSG_DONTWAIT, NULL, NULL) = 24
19:18:46.655204,1023,recvfrom(37, 0xbee6c828, 24, 64, 0, 0) = -1 EAGAIN (Try again)
19:18:46.655820,1023,clock_gettime(CLOCK_MONOTONIC, {144, 940806786}) = 0
19:18:46.656541,1023,clock_gettime(CLOCK_MONOTONIC, {144, 941475517}) = 0
19:18:46.657210,1023,clock_gettime(CLOCK_MONOTONIC, {144, 942137807}) = 0
19:18:46.657842,1023,clock_gettime(CLOCK_MONOTONIC, {144, 942769374}) = 0
19:18:46.658453,1023,recvfrom(38, 0xb88738b0, 1240, 64, 0, 0) = -1 EAGAIN (Try again)
19:18:46.659021,1023,clock_gettime(CLOCK_MONOTONIC, {144, 943948661}) = 0
19:18:46.659614,1023,clock_gettime(CLOCK_MONOTONIC, {144, 944548289}) = 0
19:18:46.660233,1023,getpid() = 1023
19:18:46.660757,1023,getuid32() = 10050
19:18:46.661336,1023,epoll_wait(0x1e, 0xbee6d1f8, 0x10, 0) = 0
19:18:46.661878,1023,clock_gettime(CLOCK_MONOTONIC, {144, 946805180}) = 0
19:18:46.662476,1023,ioctl(9, 0xc0186201, 0xbee6d328) = 0
19:18:46.663043,1023,epoll_wait(0x1e, 0xbee6d1f8, 0x10, 0xe) = 0
19:18:46.764267,1023,clock_gettime(CLOCK_MONOTONIC, {145, 49211282}) = 0
19:18:46.764938,1023,clock_gettime(CLOCK_MONOTONIC, {145, 49867087}) = 0
19:18:46.765557,1023,recvfrom(37, 0xbee6c9a8, 24, 64, 0, 0) = -1 EAGAIN (Try again)
19:18:46.766160,1023,ioctl(9, 0xc0186201, 0xbee6d178) = 0
19:18:46.766921,1023,getpid() = 1023
19:18:46.767434,1023,getuid32() = 10050
19:18:46.768079,1023,epoll_wait(0x1e, 0xbee6d1f8, 0x10, 0) = 0
19:18:46.781004,1023,clock_gettime(CLOCK_MONOTONIC, {145, 65960500}) = 0
19:18:46.781667,1023,epoll_wait(0x1e, 0xbee6d1f8, 0x10, 0xffffffff) = 1
19:18:46.788695,1023,recvfrom(37, "nysv\0\0\0\0¾\vóÆ!\0\0\0¶\4\0\0\224Â'¸", 24, MSG_DONTWAIT, NULL, NULL) = 24
19:18:46.789644,1023,recvfrom(37, 0xbee6c828, 24, 64, 0, 0) = -1 EAGAIN (Try again)
19:18:46.790325,1023,clock_gettime(CLOCK_MONOTONIC, {145, 75260095}) = 0
19:18:46.791220,1023,write(29, "W", 1) = 1
19:18:46.792054,1023,clock_gettime(CLOCK_MONOTONIC, {145, 76984928}) = 0
19:18:46.792743,1023,clock_gettime(CLOCK_MONOTONIC, {145, 77691304}) = 0
19:18:46.793374,1023,clock_gettime(CLOCK_MONOTONIC, {145, 78309785}) = 0
19:18:46.794083,1023,clock_gettime(CLOCK_MONOTONIC, {145, 79018557}) = 0
19:18:46.795098,1023,clock_gettime(CLOCK_MONOTONIC, {145, 80028195}) = 0
19:18:46.795787,1023,clock_gettime(CLOCK_MONOTONIC, {145, 80716201}) = 0
19:18:46.796406,1023,recvfrom(37, 0xbee6c9a8, 24, 64, 0, 0) = -1 EAGAIN (Try again)
19:18:46.807032,1023,ioctl(9, 0xc0186201, 0xbee6d178) = 0
19:18:46.808005,1023,clock_gettime(CLOCK_MONOTONIC, {145, 93010629}) = 0
19:18:46.808802,1023,clock_gettime(CLOCK_MONOTONIC, {145, 93742179}) = 0
19:18:46.809437,1023,clock_gettime(CLOCK_MONOTONIC, {145, 94374600}) = 0
19:18:46.810071,1023,clock_gettime(CLOCK_MONOTONIC, {145, 95008426}) = 0
19:18:46.810734,1023,clock_gettime(CLOCK_MONOTONIC, {145, 95723291}) = 0
19:18:46.811451,1023,write(29, "W", 1) = 1
19:18:46.812311,1023,ioctl(9, 0xc0186201, 0xbee6cf10) = 0
19:18:46.813154,1023,ioctl(9, 0xc0186201, 0xbee6cf10) = 0
19:18:46.815025,1023,clock_gettime(CLOCK_MONOTONIC, {145, 100200050}) = 0
19:18:46.818468,1023,clock_gettime(CLOCK_MONOTONIC, {145, 103405589}) = 0
19:18:46.819145,1023,ioctl(9, 0xc0186201, 0xbee6d0c8) = 0
19:18:46.820033,1023,ioctl(9, 0xc0186201, 0xbee6d0c8) = 0
19:18:46.820724,1023,getpid() = 1023
19:18:46.826568,1023,getuid32() = 10050
19:18:46.827247,1023,epoll_wait(0x1e, 0xbee6d1f8, 0x10, 0) = 2
19:18:46.827839,1023,read(23, "WW", 16) = 2
19:18:46.828405,1023,recvfrom(37, "nysv\0\0\0\0ú\233RÈ!\0\0\0·\4\0\0\224Â'¸", 24, MSG_DONTWAIT, NULL, NULL) = 24
19:18:46.829123,1023,recvfrom(37, 0xbee6c828, 24, 64, 0, 0) = -1 EAGAIN (Try again)
19:18:46.829739,1023,clock_gettime(CLOCK_MONOTONIC, {145, 114700690}) = 0
19:18:46.830542,1023,clock_gettime(CLOCK_MONOTONIC, {145, 115570949}) = 0
19:18:46.831304,1023,clock_gettime(CLOCK_MONOTONIC, {145, 116263671}) = 0
19:18:46.832013,1023,clock_gettime(CLOCK_MONOTONIC, {145, 116941422}) = 0
19:18:46.832627,1023,recvfrom(38, 0xb88738b0, 1240, 64, 0, 0) = -1 EAGAIN (Try again)
19:18:46.833231,1023,clock_gettime(CLOCK_MONOTONIC, {145, 118159385}) = 0
19:18:46.833864,1023,clock_gettime(CLOCK_MONOTONIC, {145, 118792038}) = 0
19:18:46.834457,1023,getpid() = 1023
19:18:46.835002,1023,getuid32() = 10050
19:18:46.835539,1023,epoll_wait(0x1e, 0xbee6d1f8, 0x10, 0) = 0
19:18:46.836175,1023,clock_gettime(CLOCK_MONOTONIC, {145, 121101775}) = 0
19:18:46.836812,1023,ioctl(9, 0xc0186201, 0xbee6d328) = 0
19:18:46.837367,1023,epoll_wait(0x1e, 0xbee6d1f8, 0x10, 0x3f) = 0
19:18:46.969962,1023,clock_gettime(CLOCK_MONOTONIC, {145, 255549208}) = 0
19:18:46.971577,1023,clock_gettime(CLOCK_MONOTONIC, {145, 257935423}) = 0
19:18:46.973712,1023,recvfrom(37, 0xbee6c9a8, 24, 64, 0, 0) = -1 EAGAIN (Try again)
19:18:46.974384,1023,ioctl(9, 0xc0186201, 0xbee6d178) = 0
19:18:46.975298,1023,getpid() = 1023
19:18:46.976012,1023,getuid32() = 10050
19:18:46.976631,1023,epoll_wait(0x1e, 0xbee6d1f8, 0x10, 0) = 0
19:18:46.977241,1023,clock_gettime(CLOCK_MONOTONIC, {145, 262190907}) = 0
19:18:46.977937,1023,epoll_wait(0x1e, 0xbee6d1f8, 0x10, 0xffffffff) = 1
19:18:47.007134,1023,recvfrom(37, "nysv\0\0\0\0²½dÒ!\0\0\0¹\4\0\0\224Â'¸", 24, MSG_DONTWAIT, NULL, NULL) = 24
19:18:47.007966,1023,recvfrom(37, 0xbee6c828, 24, 64, 0, 0) = -1 EAGAIN (Try again)
19:18:47.008637,1023,clock_gettime(CLOCK_MONOTONIC, {145, 293584376}) = 0
19:18:47.009324,1023,write(29, "W", 1) = 1
19:18:47.010036,1023,clock_gettime(CLOCK_MONOTONIC, {145, 294977200}) = 0
19:18:47.010692,1023,clock_gettime(CLOCK_MONOTONIC, {145, 295632241}) = 0
19:18:47.011332,1023,clock_gettime(CLOCK_MONOTONIC, {145, 296270889}) = 0
19:18:47.011977,1023,clock_gettime(CLOCK_MONOTONIC, {145, 297108075}) = 0
19:18:47.013137,1023,clock_gettime(CLOCK_MONOTONIC, {145, 298080658}) = 0
19:18:47.013808,1023,clock_gettime(CLOCK_MONOTONIC, {145, 298752726}) = 0
19:18:47.014625,1023,recvfrom(37, 0xbee6c9a8, 24, 64, 0, 0) = -1 EAGAIN (Try again)
19:18:47.015373,1023,ioctl(9, 0xc0186201, 0xbee6d178) = 0
19:18:47.032591,1023,clock_gettime(CLOCK_MONOTONIC, {145, 317565998}) = 0
19:18:47.033313,1023,clock_gettime(CLOCK_MONOTONIC, {145, 318255744}) = 0
19:18:47.033969,1023,clock_gettime(CLOCK_MONOTONIC, {145, 318910575}) = 0
19:18:47.034615,1023,clock_gettime(CLOCK_MONOTONIC, {145, 319562875}) = 0
19:18:47.035294,1023,clock_gettime(CLOCK_MONOTONIC, {145, 320234107}) = 0
19:18:47.035968,1023,write(29, "W", 1) = 1
19:18:47.036809,1023,ioctl(9, 0xc0186201, 0xbee6cf10) = 0
19:18:47.072995,1023,ioctl(9, 0xc0186201, 0xbee6cf10) = 0
19:18:47.074504,1023,clock_gettime(CLOCK_MONOTONIC, {145, 359462086}) = 0
19:18:47.243875,1023,clock_gettime(CLOCK_MONOTONIC, {145, 528886894}) = 0
19:18:47.244622,1023,ioctl(9, 0xc0186201, 0xbee6d0c8) = 0
19:18:47.245847,1023,getpid() = 1023
19:18:47.246405,1023,getuid32() = 10050
19:18:47.247011,1023,epoll_wait(0x1e, 0xbee6d1f8, 0x10, 0) = 2
19:18:47.247590,1023,read(23, "WW", 16) = 2
19:18:47.248210,1023,recvfrom(37, "nysv\0\0\0\0R>\16Ö!\0\0\0º\4\0\0\224Â'¸", 24, MSG_DONTWAIT, NULL, NULL) = 24
19:18:47.248955,1023,recvfrom(37, 0xbee6c828, 24, 64, 0, 0) = -1 EAGAIN (Try again)
19:18:47.249580,1023,clock_gettime(CLOCK_MONOTONIC, {145, 534528334}) = 0
19:18:47.250313,1023,clock_gettime(CLOCK_MONOTONIC, {145, 535256045}) = 0
19:18:47.250973,1023,clock_gettime(CLOCK_MONOTONIC, {145, 535915813}) = 0
19:18:47.251764,1023,writev(3, [{"\4", 1}, {"Choreographer\0", 14}, {"Skipped 54 frames! The applicat"..., 83}], 3) = 98
19:18:47.293960,1023,clock_gettime(CLOCK_MONOTONIC, {145, 578959749}) = 0
19:18:47.294740,1023,recvfrom(38, 0xb88738b0, 1240, 64, 0, 0) = -1 EAGAIN (Try again)
19:18:47.295534,1023,clock_gettime(CLOCK_MONOTONIC, {145, 580441987}) = 0
19:18:47.311925,1023,clock_gettime(CLOCK_MONOTONIC, {145, 596896135}) = 0
19:18:47.312642,1023,clock_gettime(CLOCK_MONOTONIC, {145, 597592279}) = 0
19:18:47.313324,1023,recvfrom(37, 0xbee6c9a8, 24, 64, 0, 0) = -1 EAGAIN (Try again)
19:18:47.313989,1023,ioctl(9, 0xc0186201, 0xbee6d178) = 0
19:18:47.314869,1023,clock_gettime(CLOCK_MONOTONIC, {145, 599877913}) = 0
19:18:47.315667,1023,clock_gettime(CLOCK_MONOTONIC, {145, 600611893}) = 0
19:18:47.316319,1023,clock_gettime(CLOCK_MONOTONIC, {145, 619549028}) = 0
19:18:47.335320,1023,clock_gettime(CLOCK_MONOTONIC, {145, 620272606}) = 0
19:18:47.336025,1023,clock_gettime(CLOCK_MONOTONIC, {145, 620968290}) = 0
19:18:47.374142,1023,ioctl(9, 0xc0186201, 0xbee6cf10) = 0
19:18:47.375065,1023,ioctl(9, 0xc0186201, 0xbee6cf10) = 0
19:18:47.376456,1023,clock_gettime(CLOCK_MONOTONIC, {145, 661411341}) = 0
19:18:47.473667,1023,clock_gettime(CLOCK_MONOTONIC, {145, 758664222}) = 0
19:18:47.474399,1023,ioctl(9, 0xc0186201, 0xbee6d0c8) = 0
19:18:47.585952,1023,getpid() = 1023
19:18:47.586669,1023,getuid32() = 10050
19:18:47.587402,1023,epoll_wait(0x1e, 0xbee6d1f8, 0x10, 0) = 1
19:18:47.588033,1023,recvfrom(37, "nysv\0\0\0\0\"\1\211æ!\0\0\0¼\4\0\0\224Â'¸", 24, MSG_DONTWAIT, NULL, NULL) = 24
19:18:47.588826,1023,recvfrom(37, 0xbee6c828, 24, 64, 0, 0) = -1 EAGAIN (Try again)
19:18:47.589493,1023,clock_gettime(CLOCK_MONOTONIC, {145, 874451602}) = 0
19:18:47.590270,1023,clock_gettime(CLOCK_MONOTONIC, {145, 875224552}) = 0
19:18:47.590972,1023,getpid() = 1023
19:18:47.591550,1023,getuid32() = 10050
19:18:47.592168,1023,epoll_wait(0x1e, 0xbee6d1f8, 0x10, 0) = 0
19:18:47.592786,1023,clock_gettime(CLOCK_MONOTONIC, {145, 877737354}) = 0
19:18:47.593463,1023,clock_gettime(CLOCK_MONOTONIC, {145, 878475429}) = 0
19:18:47.594353,1023,writev(3, [{"\4", 1}, {"Choreographer\0", 14}, {"Skipped 72 frames! The applicat"..., 83}], 3) = 98
19:18:47.595632,1023,clock_gettime(CLOCK_MONOTONIC, {145, 880591094}) = 0
19:18:47.596342,1023,recvfrom(38, 0xb88738b0, 1240, 64, 0, 0) = -1 EAGAIN (Try again)
19:18:47.596992,1023,clock_gettime(CLOCK_MONOTONIC, {145, 881943682}) = 0
19:18:47.597949,1023,clock_gettime(CLOCK_MONOTONIC, {145, 882901305}) = 0
19:18:47.598653,1023,clock_gettime(CLOCK_MONOTONIC, {145, 883604855}) = 0
19:18:47.599353,1023,recvfrom(37, 0xbee6c9a8, 24, 64, 0, 0) = -1 EAGAIN (Try again)
19:18:47.616423,1023,ioctl(9, 0xc0186201, 0xbee6d178) = 0
19:18:47.617653,1023,clock_gettime(CLOCK_MONOTONIC, {145, 902627946}) = 0
19:18:47.618377,1023,clock_gettime(CLOCK_MONOTONIC, {145, 903391403}) = 0
19:18:47.619110,1023,clock_gettime(CLOCK_MONOTONIC, {145, 904053872}) = 0
19:18:47.619768,1023,clock_gettime(CLOCK_MONOTONIC, {145, 904710159}) = 0
19:18:47.620446,1023,clock_gettime(CLOCK_MONOTONIC, {145, 905389119}) = 0
19:18:47.621317,1023,ioctl(9, 0xc0186201, 0xbee6cf10) = 0
19:18:47.623004,1023,clock_gettime(CLOCK_MONOTONIC, {145, 907953448}) = 0
19:18:47.626600,1023,clock_gettime(CLOCK_MONOTONIC, {145, 911562228}) = 0
19:18:47.627285,1023,ioctl(9, 0xc0186201, 0xbee6d0c8) = 0
19:18:47.628387,1023,getpid() = 1023
19:18:47.628953,1023,getuid32() = 10050
19:18:47.629545,1023,epoll_wait(0x1e, 0xbee6d1f8, 0x10, 0) = 0
19:18:47.630133,1023,clock_gettime(CLOCK_MONOTONIC, {145, 915075105}) = 0
19:18:47.630793,1023,getpid() = 1023
19:18:47.631342,1023,getuid32() = 10050
19:18:47.631932,1023,epoll_wait(0x1e, 0xbee6d1f8, 0x10, 0) = 0
19:18:47.632508,1023,clock_gettime(CLOCK_MONOTONIC, {145, 917456273}) = 0
19:18:47.633166,1023,ioctl(9, 0xc0186201, 0xbee6d328) = 0
19:18:47.633767,1023,epoll_wait(0x1e, 0xbee6d1f8, 0x10, 0x4c) = 1
19:18:47.635705,1023,recvfrom(37, "nysv\0\0\0\0008ì\235ø!\0\0\0¾\4\0\0\224Â'¸", 24, MSG_DONTWAIT, NULL, NULL) = 24
19:18:47.636488,1023,recvfrom(37, 0xbee6c828, 24, 64, 0, 0) = -1 EAGAIN (Try again)
19:18:47.637147,1023,clock_gettime(CLOCK_MONOTONIC, {145, 922096928}) = 0
19:18:47.637851,1023,write(29, "W", 1) = 1
19:18:47.638568,1023,clock_gettime(CLOCK_MONOTONIC, {145, 923524798}) = 0
19:18:47.639254,1023,clock_gettime(CLOCK_MONOTONIC, {145, 924205070}) = 0
19:18:47.639930,1023,clock_gettime(CLOCK_MONOTONIC, {145, 924879558}) = 0
19:18:47.640622,1023,recvfrom(38, 0xb88738b0, 1240, 64, 0, 0) = -1 EAGAIN (Try again)
19:18:47.710622,1023,clock_gettime(CLOCK_MONOTONIC, {145, 995969340}) = 0
19:18:47.712511,1023,clock_gettime(CLOCK_MONOTONIC, {145, 997478645}) = 0
19:18:47.713231,1023,clock_gettime(CLOCK_MONOTONIC, {145, 998186037}) = 0
19:18:47.713942,1023,recvfrom(37, 0xbee6c9a8, 24, 64, 0, 0) = -1 EAGAIN (Try again)
19:18:47.714574,1023,ioctl(9, 0xc0186201, 0xbee6d178) = 0
19:18:47.715489,1023,clock_gettime(CLOCK_MONOTONIC, {146, 516089}) = 0
19:18:47.716321,1023,clock_gettime(CLOCK_MONOTONIC, {146, 1274004}) = 0
19:18:47.717005,1023,clock_gettime(CLOCK_MONOTONIC, {146, 1957551}) = 0
19:18:47.717685,1023,clock_gettime(CLOCK_MONOTONIC, {146, 2635645}) = 0
19:18:47.718383,1023,clock_gettime(CLOCK_MONOTONIC, {146, 3333538}) = 0
19:18:47.719266,1023,ioctl(9, 0xc0186201, 0xbee6cf10) = 0
19:18:47.720123,1023,ioctl(9, 0xc0186201, 0xbee6cf10) = 0
19:18:47.756524,1023,clock_gettime(CLOCK_MONOTONIC, {146, 41533870}) = 0
19:18:47.760183,1023,clock_gettime(CLOCK_MONOTONIC, {146, 45137084}) = 0
19:18:47.760869,1023,ioctl(9, 0xc0186201, 0xbee6d0c8) = 0
19:18:47.762069,1023,getpid() = 1023
19:18:47.762629,1023,getuid32() = 10050
19:18:47.763233,1023,epoll_wait(0x1e, 0xbee6d1f8, 0x10, 0) = 2
19:18:47.763820,1023,read(23, "W", 16) = 1
19:18:47.764432,1023,recvfrom(37, "nysv\0\0\0\0002ÅVþ!\0\0\0¿\4\0\0\224Â'¸", 24, MSG_DONTWAIT, NULL, NULL) = 24
19:18:47.765176,1023,recvfrom(37, 0xbee6c828, 24, 64, 0, 0) = -1 EAGAIN (Try again)
19:18:47.765805,1023,clock_gettime(CLOCK_MONOTONIC, {146, 50747455}) = 0
19:18:47.766515,1023,clock_gettime(CLOCK_MONOTONIC, {146, 51465042}) = 0
19:18:47.767178,1023,getpid() = 1023
19:18:47.767734,1023,getuid32() = 10050
19:18:47.768316,1023,epoll_wait(0x1e, 0xbee6d1f8, 0x10, 0) = 0
19:18:47.768906,1023,clock_gettime(CLOCK_MONOTONIC, {146, 53848033}) = 0
19:18:47.769550,1023,clock_gettime(CLOCK_MONOTONIC, {146, 54497270}) = 0
19:18:47.770193,1023,clock_gettime(CLOCK_MONOTONIC, {146, 55134774}) = 0
19:18:47.770861,1023,recvfrom(38, 0xb88738b0, 1240, 64, 0, 0) = -1 EAGAIN (Try again)
19:18:47.771472,1023,clock_gettime(CLOCK_MONOTONIC, {146, 56419538}) = 0
19:18:47.772119,1023,clock_gettime(CLOCK_MONOTONIC, {146, 57059655}) = 0
19:18:47.772764,1023,getpid() = 1023
19:18:47.806228,1023,getuid32() = 10050
19:18:47.806934,1023,epoll_wait(0x1e, 0xbee6d1f8, 0x10, 0) = 0
19:18:47.825983,1023,clock_gettime(CLOCK_MONOTONIC, {146, 122542446}) = 0
19:18:47.838503,1023,clock_gettime(CLOCK_MONOTONIC, {146, 123470533}) = 0
19:18:47.839257,1023,recvfrom(37, 0xbee6c9a8, 24, 64, 0, 0) = -1 EAGAIN (Try again)
19:18:47.839926,1023,ioctl(9, 0xc0186201, 0xbee6d178) = 0
19:18:47.840889,1023,getpid() = 1023
19:18:47.841578,1023,getuid32() = 10050
19:18:47.842189,1023,epoll_wait(0x1e, 0xbee6d1f8, 0x10, 0) = 0
19:18:47.842780,1023,clock_gettime(CLOCK_MONOTONIC, {146, 127723073}) = 0
19:18:47.843443,1023,epoll_wait(0x1e, 0xbee6d1f8, 0x10, 0xffffffff) = 1
19:18:47.865068,1023,recvfrom(37, "nysv\0\0\0\0|^ä\5\"\0\0\0Á\4\0\0\224Â'¸", 24, MSG_DONTWAIT, NULL, NULL) = 24
19:18:47.865877,1023,recvfrom(37, 0xbee6c828, 24, 64, 0, 0) = -1 EAGAIN (Try again)
19:18:47.866546,1023,clock_gettime(CLOCK_MONOTONIC, {146, 151505318}) = 0
19:18:47.867270,1023,write(29, "W", 1) = 1
19:18:47.868016,1023,clock_gettime(CLOCK_MONOTONIC, {146, 152967718}) = 0
19:18:47.868707,1023,clock_gettime(CLOCK_MONOTONIC, {146, 153659703}) = 0
19:18:47.869384,1023,clock_gettime(CLOCK_MONOTONIC, {146, 154335094}) = 0
19:18:47.870065,1023,clock_gettime(CLOCK_MONOTONIC, {146, 155015408}) = 0
19:18:47.871016,1023,clock_gettime(CLOCK_MONOTONIC, {146, 155967458}) = 0
19:18:47.871714,1023,clock_gettime(CLOCK_MONOTONIC, {146, 156667775}) = 0
19:18:47.898369,1023,recvfrom(37, 0xbee6c9a8, 24, 64, 0, 0) = -1 EAGAIN (Try again)
19:18:47.917868,1023,ioctl(9, 0xc0186201, 0xbee6d178) = 0
19:18:47.918757,1023,clock_gettime(CLOCK_MONOTONIC, {146, 203752191}) = 0
19:18:47.919529,1023,clock_gettime(CLOCK_MONOTONIC, {146, 204501246}) = 0
19:18:47.920175,1023,clock_gettime(CLOCK_MONOTONIC, {146, 205102726}) = 0
19:18:47.920811,1023,clock_gettime(CLOCK_MONOTONIC, {146, 205739139}) = 0
19:18:47.921435,1023,clock_gettime(CLOCK_MONOTONIC, {146, 206362901}) = 0
19:18:47.922152,1023,write(29, "W", 1) = 1
19:18:47.923024,1023,ioctl(9, 0xc0186201, 0xbee6cf10) = 0
19:18:47.923856,1023,ioctl(9, 0xc0186201, 0xbee6cf10) = 0
19:18:47.925344,1023,clock_gettime(CLOCK_MONOTONIC, {146, 210364076}) = 0
19:18:47.929073,1023,clock_gettime(CLOCK_MONOTONIC, {146, 214010049}) = 0
19:18:47.929747,1023,ioctl(9, 0xc0186201, 0xbee6d0c8) = 0
19:18:47.930561,1023,ioctl(9, 0xc0186201, 0xbee6d0c8) = 0
19:18:47.931276,1023,getpid() = 1023
19:18:47.931825,1023,getuid32() = 10050
19:18:47.932372,1023,epoll_wait(0x1e, 0xbee6d1f8, 0x10, 0) = 2
19:18:47.932943,1023,read(23, "WW", 16) = 2
19:18:47.933508,1023,recvfrom(37, "nysv\0\0\0\0D?x\n\"\0\0\0Â\4\0\0\224Â'¸", 24, MSG_DONTWAIT, NULL, NULL) = 24
19:18:47.934285,1023,recvfrom(37, 0xbee6c828, 24, 64, 0, 0) = -1 EAGAIN (Try again)
19:18:47.934915,1023,clock_gettime(CLOCK_MONOTONIC, {146, 219842575}) = 0
19:18:47.935565,1023,clock_gettime(CLOCK_MONOTONIC, {146, 220531829}) = 0
19:18:47.936265,1023,clock_gettime(CLOCK_MONOTONIC, {146, 221192982}) = 0
19:18:47.936895,1023,clock_gettime(CLOCK_MONOTONIC, {146, 222421830}) = 0
19:18:47.976997,1023,recvfrom(38, 0xb88738b0, 1240, 64, 0, 0) = -1 EAGAIN (Try again)
19:18:47.978610,1023,clock_gettime(CLOCK_MONOTONIC, {146, 263861697}) = 0
19:18:47.980888,1023,clock_gettime(CLOCK_MONOTONIC, {146, 265828809}) = 0
19:18:47.981503,1023,getpid() = 1023
19:18:47.982070,1023,getuid32() = 10050
19:18:47.982615,1023,epoll_wait(0x1e, 0xbee6d1f8, 0x10, 0) = 0
19:18:47.983195,1023,clock_gettime(CLOCK_MONOTONIC, {146, 268122251}) = 0
19:18:47.983864,1023,ioctl(9, 0xc0186201, 0xbee6d328) = 0
19:18:47.984481,1023,epoll_wait(0x1e, 0xbee6d1f8, 0x10, 0x1a) = 0
19:18:48.018043,1023,clock_gettime(CLOCK_MONOTONIC, {146, 302995384}) = 0
19:18:48.018743,1023,clock_gettime(CLOCK_MONOTONIC, {146, 303708829}) = 0
19:18:48.019452,1023,recvfrom(37, 0xbee6c9a8, 24, 64, 0, 0) = -1 EAGAIN (Try again)
19:18:48.020138,1023,ioctl(9, 0xc0186201, 0xbee6d178) = 0
19:18:48.021288,1023,getpid() = 1023
19:18:48.022025,1023,getuid32() = 10050
19:18:48.022720,1023,epoll_wait(0x1e, 0xbee6d1f8, 0x10, 0) = 0
19:18:48.023313,1023,clock_gettime(CLOCK_MONOTONIC, {146, 308241241}) = 0
19:18:48.023998,1023,epoll_wait(0x1e, 0xbee6d1f8, 0x10, 0xffffffff) = 1
19:18:48.027709,1023,recvfrom(37, "nysv\0\0\0\0RH¦\20\"\0\0\0Ä\4\0\0\224Â'¸", 24, MSG_DONTWAIT, NULL, NULL) = 24
19:18:48.028521,1023,recvfrom(37, 0xbee6c828, 24, 64, 0, 0) = -1 EAGAIN (Try again)
19:18:48.029139,1023,clock_gettime(CLOCK_MONOTONIC, {146, 314069980}) = 0
19:18:48.029831,1023,write(29, "W", 1) = 1
19:18:48.030627,1023,clock_gettime(CLOCK_MONOTONIC, {146, 315605018}) = 0
19:18:48.031298,1023,clock_gettime(CLOCK_MONOTONIC, {146, 316230706}) = 0
19:18:48.032042,1023,clock_gettime(CLOCK_MONOTONIC, {146, 316974813}) = 0
19:18:48.032787,1023,clock_gettime(CLOCK_MONOTONIC, {146, 317773500}) = 0
19:18:48.033757,1023,clock_gettime(CLOCK_MONOTONIC, {146, 318711884}) = 0
19:18:48.034546,1023,clock_gettime(CLOCK_MONOTONIC, {146, 319489718}) = 0
19:18:48.035289,1023,recvfrom(37, 0xbee6c9a8, 24, 64, 0, 0) = -1 EAGAIN (Try again)
19:18:48.035880,1023,ioctl(9, 0xc0186201, 0xbee6d178) = 0
19:18:48.036719,1023,clock_gettime(CLOCK_MONOTONIC, {146, 321706659}) = 0
19:18:48.037417,1023,clock_gettime(CLOCK_MONOTONIC, {146, 322352864}) = 0
19:18:48.038138,1023,clock_gettime(CLOCK_MONOTONIC, {146, 323070487}) = 0
19:18:48.078357,1023,clock_gettime(CLOCK_MONOTONIC, {146, 363339576}) = 0
19:18:48.079127,1023,clock_gettime(CLOCK_MONOTONIC, {146, 364064947}) = 0
19:18:48.079819,1023,write(29, "W", 1) = 1
19:18:48.080746,1023,ioctl(9, 0xc0186201, 0xbee6cf10) = 0
19:18:48.083561,1023,clock_gettime(CLOCK_MONOTONIC, {146, 368548941}) = 0
19:18:48.119241,1023,clock_gettime(CLOCK_MONOTONIC, {146, 424373863}) = 0
19:18:48.140469,1023,ioctl(9, 0xc0186201, 0xbee6d0c8) = 0
19:18:48.141448,1023,ioctl(9, 0xc0186201, 0xbee6d0c8) = 0
19:18:48.142247,1023,getpid() = 1023
19:18:48.142800,1023,getuid32() = 10050
19:18:48.143415,1023,epoll_wait(0x1e, 0xbee6d1f8, 0x10, 0) = 2
19:18:48.144032,1023,read(23, "WW", 16) = 2
19:18:48.144632,1023,recvfrom(37, "nysv\0\0\0\0\230p@\22\"\0\0\0Å\4\0\0\224Â'¸", 24, MSG_DONTWAIT, NULL, NULL) = 24
19:18:48.145368,1023,recvfrom(37, 0xbee6c828, 24, 64, 0, 0) = -1 EAGAIN (Try again)
19:18:48.146048,1023,clock_gettime(CLOCK_MONOTONIC, {146, 430976942}) = 0
19:18:48.146723,1023,clock_gettime(CLOCK_MONOTONIC, {146, 431651769}) = 0
19:18:48.147325,1023,clock_gettime(CLOCK_MONOTONIC, {146, 432252717}) = 0
19:18:48.147923,1023,clock_gettime(CLOCK_MONOTONIC, {146, 432850186}) = 0
19:18:48.148535,1023,recvfrom(38, 0xb88738b0, 1240, 64, 0, 0) = -1 EAGAIN (Try again)
19:18:48.149144,1023,clock_gettime(CLOCK_MONOTONIC, {146, 434076824}) = 0
19:18:48.149759,1023,clock_gettime(CLOCK_MONOTONIC, {146, 434690969}) = 0
19:18:48.150367,1023,getpid() = 1023
19:18:48.150891,1023,getuid32() = 10050
19:18:48.151441,1023,epoll_wait(0x1e, 0xbee6d1f8, 0x10, 0) = 0
19:18:48.151985,1023,clock_gettime(CLOCK_MONOTONIC, {146, 436911390}) = 0
19:18:48.152581,1023,ioctl(9, 0xc0186201, 0xbee6d328) = 0
19:18:48.153134,1023,epoll_wait(0x1e, 0xbee6d1f8, 0x10, 0x10) = 0
19:18:48.179087,1023,clock_gettime(CLOCK_MONOTONIC, {146, 464036235}) = 0
19:18:48.179765,1023,clock_gettime(CLOCK_MONOTONIC, {146, 464696168}) = 0
19:18:48.180389,1023,recvfrom(37, 0xbee6c9a8, 24, 64, 0, 0) = -1 EAGAIN (Try again)
19:18:48.181064,1023,ioctl(9, 0xc0186201, 0xbee6d178) = 0
19:18:48.182143,1023,getpid() = 1023
19:18:48.183054,1023,getuid32() = 10050
19:18:48.183767,1023,epoll_wait(0x1e, 0xbee6d1f8, 0x10, 0) = 0
19:18:48.184373,1023,clock_gettime(CLOCK_MONOTONIC, {146, 469301452}) = 0
19:18:48.185076,1023,epoll_wait(0x1e, 0xbee6d1f8, 0x10, 0xffffffff) = 1
19:18:48.204055,1023,recvfrom(37, "nysv\0\0\0\0\36\232-\33\"\0\0\0Ç\4\0\0\224Â'¸", 24, MSG_DONTWAIT, NULL, NULL) = 24
19:18:48.204824,1023,recvfrom(37, 0xbee6c828, 24, 64, 0, 0) = -1 EAGAIN (Try again)
19:18:48.205475,1023,clock_gettime(CLOCK_MONOTONIC, {146, 490429399}) = 0
19:18:48.206209,1023,write(29, "W", 1) = 1
19:18:48.244980,1023,clock_gettime(CLOCK_MONOTONIC, {146, 529937799}) = 0
19:18:48.245632,1023,clock_gettime(CLOCK_MONOTONIC, {146, 530619760}) = 0
19:18:48.246351,1023,clock_gettime(CLOCK_MONOTONIC, {146, 531278759}) = 0
19:18:48.247076,1023,clock_gettime(CLOCK_MONOTONIC, {146, 532003785}) = 0
19:18:48.248043,1023,clock_gettime(CLOCK_MONOTONIC, {146, 532972005}) = 0
19:18:48.248701,1023,clock_gettime(CLOCK_MONOTONIC, {146, 533655634}) = 0
19:18:48.269894,1023,recvfrom(37, 0xbee6c9a8, 24, 64, 0, 0) = -1 EAGAIN (Try again)
19:18:48.270519,1023,ioctl(9, 0xc0186201, 0xbee6d178) = 0
19:18:48.271417,1023,clock_gettime(CLOCK_MONOTONIC, {146, 556447063}) = 0
19:18:48.272255,1023,clock_gettime(CLOCK_MONOTONIC, {146, 557193539}) = 0
19:18:48.272924,1023,clock_gettime(CLOCK_MONOTONIC, {146, 557860936}) = 0
19:18:48.273549,1023,clock_gettime(CLOCK_MONOTONIC, {146, 558522431}) = 0
19:18:48.274601,1023,clock_gettime(CLOCK_MONOTONIC, {146, 559663332}) = 0
19:18:48.286900,1023,write(29, "W", 1) = 1
19:18:48.287864,1023,ioctl(9, 0xc0186201, 0xbee6cf10) = 0
19:18:48.288822,1023,ioctl(9, 0xc0186201, 0xbee6cf10) = 0
19:18:48.290192,1023,clock_gettime(CLOCK_MONOTONIC, {146, 575127854}) = 0
19:18:48.294528,1023,clock_gettime(CLOCK_MONOTONIC, {146, 579533316}) = 0
19:18:48.295586,1023,ioctl(9, 0xc0186201, 0xbee6d0c8) = 0
19:18:48.296405,1023,ioctl(9, 0xc0186201, 0xbee6d0c8) = 0
19:18:48.297452,1023,getpid() = 1023
19:18:48.298065,1023,getuid32() = 10050
19:18:48.305431,1023,epoll_wait(0x1e, 0xbee6d1f8, 0x10, 0) = 2
19:18:48.317063,1023,read(23, "WW", 16) = 2
19:18:48.317747,1023,recvfrom(37, "nysv\0\0\0\0Üâ\206\37\"\0\0\0È\4\0\0\224Â'¸", 24, MSG_DONTWAIT, NULL, NULL) = 24
19:18:48.318624,1023,recvfrom(37, 0xbee6c828, 24, 64, 0, 0) = -1 EAGAIN (Try again)
19:18:48.319416,1023,clock_gettime(CLOCK_MONOTONIC, {146, 604544690}) = 0
19:18:48.320380,1023,clock_gettime(CLOCK_MONOTONIC, {146, 605320836}) = 0
19:18:48.321090,1023,clock_gettime(CLOCK_MONOTONIC, {146, 606029043}) = 0
19:18:48.321784,1023,clock_gettime(CLOCK_MONOTONIC, {146, 606721113}) = 0
19:18:48.322485,1023,recvfrom(38, 0xb88738b0, 1240, 64, 0, 0) = -1 EAGAIN (Try again)
19:18:48.323301,1023,clock_gettime(CLOCK_MONOTONIC, {146, 608380283}) = 0
19:18:48.324180,1023,clock_gettime(CLOCK_MONOTONIC, {146, 609118887}) = 0
19:18:48.324857,1023,getpid() = 1023
19:18:48.338573,1023,getuid32() = 10050
19:18:48.346095,1023,epoll_wait(0x1e, 0xbee6d1f8, 0x10, 0) = 0
19:18:48.346731,1023,clock_gettime(CLOCK_MONOTONIC, {146, 631670899}) = 0
19:18:48.347449,1023,ioctl(9, 0xc0186201, 0xbee6d328) = 0
19:18:48.348213,1023,epoll_wait(0x1e, 0xbee6d1f8, 0x10, 0x11) = 0
19:18:48.377347,1023,clock_gettime(CLOCK_MONOTONIC, {146, 662294541}) = 0
19:18:48.378013,1023,clock_gettime(CLOCK_MONOTONIC, {146, 662950128}) = 0
19:18:48.378667,1023,recvfrom(37, 0xbee6c9a8, 24, 64, 0, 0) = -1 EAGAIN (Try again)
19:18:48.379270,1023,ioctl(9, 0xc0186201, 0xbee6d178) = 0
19:18:48.380131,1023,getpid() = 1023
19:18:48.380674,1023,getuid32() = 10050
19:18:48.381271,1023,epoll_wait(0x1e, 0xbee6d1f8, 0x10, 0) = 0
19:18:48.381850,1023,clock_gettime(CLOCK_MONOTONIC, {146, 666801559}) = 0
19:18:48.382502,1023,epoll_wait(0x1e, 0xbee6d1f8, 0x10, 0xffffffff) = 1
19:18:48.388605,1023,recvfrom(37, "nysv\0\0\0\0þ\33*&\"\0\0\0Ê\4\0\0\224Â'¸", 24, MSG_DONTWAIT, NULL, NULL) = 24
19:18:48.389346,1023,recvfrom(37, 0xbee6c828, 24, 64, 0, 0) = -1 EAGAIN (Try again)
19:18:48.389973,1023,clock_gettime(CLOCK_MONOTONIC, {146, 675072281}) = 0
19:18:48.390983,1023,write(29, "W", 1) = 1
19:18:48.391799,1023,clock_gettime(CLOCK_MONOTONIC, {146, 676729747}) = 0
19:18:48.392441,1023,clock_gettime(CLOCK_MONOTONIC, {146, 677369081}) = 0
19:18:48.393174,1023,clock_gettime(CLOCK_MONOTONIC, {146, 678111061}) = 0
19:18:48.393834,1023,clock_gettime(CLOCK_MONOTONIC, {146, 678827597}) = 0
19:18:48.394806,1023,clock_gettime(CLOCK_MONOTONIC, {146, 679741890}) = 0
19:18:48.395444,1023,clock_gettime(CLOCK_MONOTONIC, {146, 680378582}) = 0
19:18:48.396184,1023,recvfrom(37, 0xbee6c9a8, 24, 64, 0, 0) = -1 EAGAIN (Try again)
19:18:48.396772,1023,ioctl(9, 0xc0186201, 0xbee6d178) = 0
19:18:48.397588,1023,clock_gettime(CLOCK_MONOTONIC, {146, 682531895}) = 0
19:18:48.398242,1023,clock_gettime(CLOCK_MONOTONIC, {146, 683178769}) = 0
19:18:48.398873,1023,clock_gettime(CLOCK_MONOTONIC, {146, 683824426}) = 0
19:18:48.399524,1023,clock_gettime(CLOCK_MONOTONIC, {146, 684502045}) = 0
19:18:48.400232,1023,clock_gettime(CLOCK_MONOTONIC, {146, 685166245}) = 0
19:18:48.400911,1023,write(29, "W", 1) = 1
19:18:48.401737,1023,ioctl(9, 0xc0186201, 0xbee6cf10) = 0
19:18:48.402525,1023,ioctl(9, 0xc0186201, 0xbee6cf10) = 0
19:18:48.403915,1023,clock_gettime(CLOCK_MONOTONIC, {146, 688858732}) = 0
19:18:48.476552,1023,clock_gettime(CLOCK_MONOTONIC, {146, 761566014}) = 0
19:18:48.477294,1023,ioctl(9, 0xc0186201, 0xbee6d0c8) = 0
19:18:48.478424,1023,getpid() = 1023
19:18:48.478980,1023,getuid32() = 10050
19:18:48.479532,1023,epoll_wait(0x1e, 0xbee6d1f8, 0x10, 0) = 2
19:18:48.480105,1023,read(23, "WW", 16) = 2
19:18:48.480710,1023,recvfrom(37, "nysv\0\0\0\0\22L\237&\"\0\0\0Ë\4\0\0\224Â'¸", 24, MSG_DONTWAIT, NULL, NULL) = 24
19:18:48.481392,1023,recvfrom(37, 0xbee6c828, 24, 64, 0, 0) = -1 EAGAIN (Try again)
19:18:48.482005,1023,clock_gettime(CLOCK_MONOTONIC, {146, 766932948}) = 0
19:18:48.482682,1023,clock_gettime(CLOCK_MONOTONIC, {146, 767624466}) = 0
19:18:48.483298,1023,clock_gettime(CLOCK_MONOTONIC, {146, 768225996}) = 0
19:18:48.483930,1023,clock_gettime(CLOCK_MONOTONIC, {146, 768856441}) = 0
19:18:48.484541,1023,recvfrom(38, 0xb88738b0, 1240, 64, 0, 0) = -1 EAGAIN (Try again)
19:18:48.485159,1023,clock_gettime(CLOCK_MONOTONIC, {146, 811177908}) = 0
19:18:48.527243,1023,clock_gettime(CLOCK_MONOTONIC, {146, 812187386}) = 0
19:18:48.527973,1023,clock_gettime(CLOCK_MONOTONIC, {146, 812916738}) = 0
19:18:48.528609,1023,recvfrom(37, 0xbee6c9a8, 24, 64, 0, 0) = -1 EAGAIN (Try again)
19:18:48.529212,1023,ioctl(9, 0xc0186201, 0xbee6d178) = 0
19:18:48.530220,1023,clock_gettime(CLOCK_MONOTONIC, {146, 815150992}) = 0
19:18:48.530880,1023,clock_gettime(CLOCK_MONOTONIC, {146, 815809207}) = 0
19:18:48.531479,1023,clock_gettime(CLOCK_MONOTONIC, {146, 816432023}) = 0
19:18:48.532115,1023,clock_gettime(CLOCK_MONOTONIC, {146, 817041604}) = 0
19:18:48.532771,1023,clock_gettime(CLOCK_MONOTONIC, {146, 817699313}) = 0
19:18:48.533556,1023,ioctl(9, 0xc0186201, 0xbee6cf10) = 0
19:18:48.535191,1023,clock_gettime(CLOCK_MONOTONIC, {146, 820124069}) = 0
19:18:48.538344,1023,clock_gettime(CLOCK_MONOTONIC, {146, 851777856}) = 0
19:18:48.567537,1023,ioctl(9, 0xc0186201, 0xbee6d0c8) = 0
19:18:48.568474,1023,ioctl(9, 0xc0186201, 0xbee6d0c8) = 0
19:18:48.569258,1023,getpid() = 1023
19:18:48.569811,1023,getuid32() = 10050
19:18:48.570411,1023,epoll_wait(0x1e, 0xbee6d1f8, 0x10, 0) = 1
19:18:48.571364,1023,recvfrom(37, "nysv\0\0\0\0z­Ü.\"\0\0\0Í\4\0\0\224Â'¸", 24, MSG_DONTWAIT, NULL, NULL) = 24
19:18:48.572176,1023,recvfrom(37, 0xbee6c828, 24, 64, 0, 0) = -1 EAGAIN (Try again)
19:18:48.572982,1023,clock_gettime(CLOCK_MONOTONIC, {146, 858011308}) = 0
19:18:48.574061,1023,clock_gettime(CLOCK_MONOTONIC, {146, 870634314}) = 0
19:18:48.587062,1023,getpid() = 1023
19:18:48.587661,1023,getuid32() = 10050
19:18:48.588283,1023,epoll_wait(0x1e, 0xbee6d1f8, 0x10, 0) = 0
19:18:48.588839,1023,clock_gettime(CLOCK_MONOTONIC, {146, 873767802}) = 0
19:18:48.589440,1023,clock_gettime(CLOCK_MONOTONIC, {146, 874367596}) = 0
19:18:48.590070,1023,clock_gettime(CLOCK_MONOTONIC, {146, 874997700}) = 0
19:18:48.590856,1023,recvfrom(38, 0xb88738b0, 1240, 64, 0, 0) = -1 EAGAIN (Try again)
19:18:48.591543,1023,clock_gettime(CLOCK_MONOTONIC, {146, 876514189}) = 0
19:18:48.592202,1023,clock_gettime(CLOCK_MONOTONIC, {146, 877130072}) = 0
19:18:48.592834,1023,getpid() = 1023
19:18:48.593419,1023,getuid32() = 10050
19:18:48.594056,1023,epoll_wait(0x1e, 0xbee6d1f8, 0x10, 0) = 0
19:18:48.594589,1023,clock_gettime(CLOCK_MONOTONIC, {146, 879554974}) = 0
19:18:48.595290,1023,ioctl(9, 0xc0186201, 0xbee6d328) = 0
19:18:48.607168,1023,epoll_wait(0x1e, 0xbee6d1f8, 0x10, 0x1b) = 0
19:18:48.668975,1023,clock_gettime(CLOCK_MONOTONIC, {146, 953935913}) = 0
19:18:48.669625,1023,clock_gettime(CLOCK_MONOTONIC, {146, 954594109}) = 0
19:18:48.670347,1023,recvfrom(37, 0xbee6c9a8, 24, 64, 0, 0) = -1 EAGAIN (Try again)
19:18:48.670951,1023,ioctl(9, 0xc0186201, 0xbee6d178) = 0
19:18:48.671784,1023,getpid() = 1023
19:18:48.672586,1023,getuid32() = 10050
19:18:48.673201,1023,epoll_wait(0x1e, 0xbee6d1f8, 0x10, 0) = 0
19:18:48.673838,1023,clock_gettime(CLOCK_MONOTONIC, {146, 958901627}) = 0
19:18:48.674756,1023,epoll_wait(0x1e, 0xbee6d1f8, 0x10, 0xffffffff) = 1
19:18:48.675293,1023,recvfrom(37, "nysv\0\0\0\0ì¦T7\"\0\0\0Ï\4\0\0\224Â'¸", 24, MSG_DONTWAIT, NULL, NULL) = 24
19:18:48.676012,1023,recvfrom(37, 0xbee6c828, 24, 64, 0, 0) = -1 EAGAIN (Try again)
19:18:48.676590,1023,clock_gettime(CLOCK_MONOTONIC, {146, 961523704}) = 0
19:18:48.677210,1023,write(29, "W", 1) = 1
19:18:48.677860,1023,clock_gettime(CLOCK_MONOTONIC, {146, 962802004}) = 0
19:18:48.678486,1023,clock_gettime(CLOCK_MONOTONIC, {146, 963424287}) = 0
19:18:48.679108,1023,clock_gettime(CLOCK_MONOTONIC, {146, 964035550}) = 0
19:18:48.679704,1023,clock_gettime(CLOCK_MONOTONIC, {146, 964632044}) = 0
19:18:48.680565,1023,clock_gettime(CLOCK_MONOTONIC, {146, 965504637}) = 0
19:18:48.681198,1023,clock_gettime(CLOCK_MONOTONIC, {146, 966130126}) = 0
19:18:48.681832,1023,recvfrom(37, 0xbee6c9a8, 24, 64, 0, 0) = -1 EAGAIN (Try again)
19:18:48.682397,1023,ioctl(9, 0xc0186201, 0xbee6d178) = 0
19:18:48.683193,1023,clock_gettime(CLOCK_MONOTONIC, {146, 968177373}) = 0
19:18:48.683886,1023,clock_gettime(CLOCK_MONOTONIC, {146, 968820444}) = 0
19:18:48.684502,1023,clock_gettime(CLOCK_MONOTONIC, {146, 969440594}) = 0
19:18:48.685120,1023,clock_gettime(CLOCK_MONOTONIC, {146, 970050975}) = 0
19:18:48.685789,1023,clock_gettime(CLOCK_MONOTONIC, {146, 970721760}) = 0
19:18:48.686418,1023,write(29, "W", 1) = 1
19:18:48.687230,1023,ioctl(9, 0xc0186201, 0xbee6cf10) = 0
19:18:48.749585,1023,ioctl(9, 0xc0186201, 0xbee6cf10) = 0
19:18:48.751082,1023,clock_gettime(CLOCK_MONOTONIC, {147, 36018450}) = 0
19:18:48.754370,1023,clock_gettime(CLOCK_MONOTONIC, {147, 39311078}) = 0
19:18:48.755040,1023,ioctl(9, 0xc0186201, 0xbee6d0c8) = 0
19:18:48.756114,1023,getpid() = 1023
19:18:48.756647,1023,getuid32() = 10050
19:18:48.757207,1023,epoll_wait(0x1e, 0xbee6d1f8, 0x10, 0) = 2
19:18:48.757760,1023,read(23, "WW", 16) = 2
19:18:48.758387,1023,recvfrom(37, "nysv\0\0\0\0ö>\2177\"\0\0\0Ð\4\0\0\224Â'¸", 24, MSG_DONTWAIT, NULL, NULL) = 24
19:18:48.759157,1023,recvfrom(37, 0xbee6c828, 24, 64, 0, 0) = -1 EAGAIN (Try again)
19:18:48.759734,1023,clock_gettime(CLOCK_MONOTONIC, {147, 44662191}) = 0
19:18:48.760385,1023,clock_gettime(CLOCK_MONOTONIC, {147, 45313326}) = 0
19:18:48.760988,1023,clock_gettime(CLOCK_MONOTONIC, {147, 45917194}) = 0
19:18:48.761577,1023,clock_gettime(CLOCK_MONOTONIC, {147, 46510381}) = 0
19:18:48.762211,1023,recvfrom(38, 0xb88738b0, 1240, 64, 0, 0) = -1 EAGAIN (Try again)
19:18:48.762839,1023,clock_gettime(CLOCK_MONOTONIC, {147, 47772417}) = 0
19:18:48.763449,1023,clock_gettime(CLOCK_MONOTONIC, {147, 48380707}) = 0
19:18:48.764062,1023,getpid() = 1023
19:18:48.839337,1023,getuid32() = 10050
19:18:48.839987,1023,epoll_wait(0x1e, 0xbee6d1f8, 0x10, 0) = 0
19:18:48.840541,1023,clock_gettime(CLOCK_MONOTONIC, {147, 125533650}) = 0
19:18:48.841288,1023,clock_gettime(CLOCK_MONOTONIC, {147, 126236025}) = 0
19:18:48.842843,1023,recvfrom(37, 0xbee6c9a8, 24, 64, 0, 0) = -1 EAGAIN (Try again)
19:18:48.843476,1023,ioctl(9, 0xc0186201, 0xbee6d178) = 0
19:18:48.844642,1023,getpid() = 1023
19:18:48.845242,1023,getuid32() = 10050
19:18:48.848251,1023,epoll_wait(0x1e, 0xbee6d1f8, 0x10, 0) = 1
19:18:48.848862,1023,recvfrom(37, "nysv\0\0\0\0®`¡A\"\0\0\0Ò\4\0\0\224Â'¸", 24, MSG_DONTWAIT, NULL, NULL) = 24
19:18:48.867723,1023,recvfrom(37, 0xbee6c828, 24, 64, 0, 0) = -1 EAGAIN (Try again)
19:18:48.868353,1023,clock_gettime(CLOCK_MONOTONIC, {147, 153291079}) = 0
19:18:48.869107,1023,clock_gettime(CLOCK_MONOTONIC, {147, 154044332}) = 0
19:18:48.869782,1023,clock_gettime(CLOCK_MONOTONIC, {147, 154776254}) = 0
19:18:48.870465,1023,clock_gettime(CLOCK_MONOTONIC, {147, 155422924}) = 0
19:18:48.871500,1023,clock_gettime(CLOCK_MONOTONIC, {147, 156475646}) = 0
19:18:48.872429,1023,clock_gettime(CLOCK_MONOTONIC, {147, 157359736}) = 0
19:18:48.873162,1023,clock_gettime(CLOCK_MONOTONIC, {147, 158091608}) = 0
19:18:48.873821,1023,recvfrom(37, 0xbee6c9a8, 24, 64, 0, 0) = -1 EAGAIN (Try again)
19:18:48.874486,1023,ioctl(9, 0xc0186201, 0xbee6d178) = 0
19:18:48.875478,1023,clock_gettime(CLOCK_MONOTONIC, {147, 160435049}) = 0
19:18:48.876157,1023,clock_gettime(CLOCK_MONOTONIC, {147, 161092162}) = 0
19:18:48.876780,1023,clock_gettime(CLOCK_MONOTONIC, {147, 161725439}) = 0
19:18:48.877394,1023,clock_gettime(CLOCK_MONOTONIC, {147, 162321593}) = 0
19:18:48.878018,1023,clock_gettime(CLOCK_MONOTONIC, {147, 162945705}) = 0
19:18:48.878639,1023,write(29, "W", 1) = 1
19:18:48.879408,1023,ioctl(9, 0xc0186201, 0xbee6cf10) = 0
19:18:48.881179,1023,clock_gettime(CLOCK_MONOTONIC, {147, 166130119}) = 0
19:18:48.884794,1023,clock_gettime(CLOCK_MONOTONIC, {147, 169744102}) = 0
19:18:48.885460,1023,ioctl(9, 0xc0186201, 0xbee6d0c8) = 0
19:18:48.886532,1023,getpid() = 1023
19:18:48.887098,1023,getuid32() = 10050
19:18:48.887696,1023,epoll_wait(0x1e, 0xbee6d1f8, 0x10, 0) = 1
19:18:48.888264,1023,read(23, "W", 16) = 1
19:18:48.888902,1023,clock_gettime(CLOCK_MONOTONIC, {147, 173845072}) = 0
19:18:48.929265,1023,ioctl(9, 0xc0186201, 0xbee6d328) = 0
19:18:48.967180,1023,epoll_wait(0x1e, 0xbee6d1f8, 0x10, 0x4f) = 1
19:18:48.967849,1023,recvfrom(37, "nysv\0\0\0\0þ vC\"\0\0\0Ó\4\0\0\224Â'¸", 24, MSG_DONTWAIT, NULL, NULL) = 24
19:18:48.968621,1023,recvfrom(37, 0xbee6c828, 24, 64, 0, 0) = -1 EAGAIN (Try again)
19:18:48.969350,1023,clock_gettime(CLOCK_MONOTONIC, {147, 254294970}) = 0
19:18:48.970059,1023,write(29, "W", 1) = 1
19:18:48.970808,1023,clock_gettime(CLOCK_MONOTONIC, {147, 255761420}) = 0
19:18:48.971498,1023,clock_gettime(CLOCK_MONOTONIC, {147, 256458411}) = 0
19:18:48.972185,1023,clock_gettime(CLOCK_MONOTONIC, {147, 257135933}) = 0
19:18:48.972893,1023,recvfrom(38, 0xb88738b0, 1240, 64, 0, 0) = -1 EAGAIN (Try again)
19:18:48.973537,1023,clock_gettime(CLOCK_MONOTONIC, {147, 258493665}) = 0
19:18:48.974489,1023,clock_gettime(CLOCK_MONOTONIC, {147, 259447277}) = 0
19:18:48.975196,1023,clock_gettime(CLOCK_MONOTONIC, {147, 260146780}) = 0
19:18:48.975902,1023,recvfrom(37, 0xbee6c9a8, 24, 64, 0, 0) = -1 EAGAIN (Try again)
19:18:48.976563,1023,ioctl(9, 0xc0186201, 0xbee6d178) = 0
19:18:48.977655,1023,clock_gettime(CLOCK_MONOTONIC, {147, 262609040}) = 0
19:18:48.978363,1023,clock_gettime(CLOCK_MONOTONIC, {147, 263315629}) = 0
19:18:48.979053,1023,clock_gettime(CLOCK_MONOTONIC, {147, 264004874}) = 0
19:18:48.979739,1023,clock_gettime(CLOCK_MONOTONIC, {147, 264690063}) = 0
19:18:48.980446,1023,clock_gettime(CLOCK_MONOTONIC, {147, 265401872}) = 0
19:18:48.981340,1023,ioctl(9, 0xc0186201, 0xbee6cf10) = 0
19:18:48.983066,1023,clock_gettime(CLOCK_MONOTONIC, {147, 268024172}) = 0
19:18:49.060077,1023,clock_gettime(CLOCK_MONOTONIC, {147, 345076682}) = 0
19:18:49.060851,1023,ioctl(9, 0xc0186201, 0xbee6d0c8) = 0
19:18:49.062095,1023,getpid() = 1023
19:18:49.062753,1023,getuid32() = 10050
19:18:49.063357,1023,epoll_wait(0x1e, 0xbee6d1f8, 0x10, 0) = 2
19:18:49.063943,1023,read(23, "W", 16) = 1
19:18:49.064848,1023,recvfrom(37, "nysv\0\0\0\0\f*¤I\"\0\0\0Ô\4\0\0\224Â'¸", 24, MSG_DONTWAIT, NULL, NULL) = 24
19:18:49.065592,1023,recvfrom(37, 0xbee6c828, 24, 64, 0, 0) = -1 EAGAIN (Try again)
19:18:49.066222,1023,clock_gettime(CLOCK_MONOTONIC, {147, 351162341}) = 0
19:18:49.066942,1023,clock_gettime(CLOCK_MONOTONIC, {147, 351884339}) = 0
19:18:49.067601,1023,getpid() = 1023
19:18:49.077969,1023,getuid32() = 10050
19:18:49.109568,1023,epoll_wait(0x1e, 0xbee6d1f8, 0x10, 0) = 0
19:18:49.110193,1023,clock_gettime(CLOCK_MONOTONIC, {147, 395137990}) = 0
19:18:49.110864,1023,clock_gettime(CLOCK_MONOTONIC, {147, 395805181}) = 0
19:18:49.111647,1023,writev(3, [{"\4", 1}, {"Choreographer\0", 14}, {"Skipped 34 frames! The applicat"..., 83}], 3) = 98
19:18:49.112871,1023,clock_gettime(CLOCK_MONOTONIC, {147, 397815871}) = 0
19:18:49.113545,1023,recvfrom(38, 0xb88738b0, 1240, 64, 0, 0) = -1 EAGAIN (Try again)
19:18:49.114172,1023,clock_gettime(CLOCK_MONOTONIC, {147, 399113978}) = 0
19:18:49.128504,1023,clock_gettime(CLOCK_MONOTONIC, {147, 413477246}) = 0
19:18:49.129228,1023,clock_gettime(CLOCK_MONOTONIC, {147, 414173531}) = 0
19:18:49.129914,1023,recvfrom(37, 0xbee6c9a8, 24, 64, 0, 0) = -1 EAGAIN (Try again)
19:18:49.130585,1023,ioctl(9, 0xc0186201, 0xbee6d178) = 0
19:18:49.131542,1023,clock_gettime(CLOCK_MONOTONIC, {147, 416561369}) = 0
19:18:49.132356,1023,clock_gettime(CLOCK_MONOTONIC, {147, 417300570}) = 0
19:18:49.133017,1023,clock_gettime(CLOCK_MONOTONIC, {147, 417959802}) = 0
19:18:49.133672,1023,clock_gettime(CLOCK_MONOTONIC, {147, 418614612}) = 0
19:18:49.134347,1023,clock_gettime(CLOCK_MONOTONIC, {147, 419288443}) = 0
19:18:49.135211,1023,ioctl(9, 0xc0186201, 0xbee6cf10) = 0
19:18:49.136034,1023,ioctl(9, 0xc0186201, 0xbee6cf10) = 0
19:18:49.137381,1023,clock_gettime(CLOCK_MONOTONIC, {147, 422328972}) = 0
19:18:49.140864,1023,clock_gettime(CLOCK_MONOTONIC, {147, 425812988}) = 0
19:18:49.141529,1023,ioctl(9, 0xc0186201, 0xbee6d0c8) = 0
19:18:49.142426,1023,ioctl(9, 0xc0186201, 0xbee6d0c8) = 0
19:18:49.143135,1023,getpid() = 1023
19:18:49.143697,1023,getuid32() = 10050
19:18:49.144287,1023,epoll_wait(0x1e, 0xbee6d1f8, 0x10, 0) = 0
19:18:49.144874,1023,clock_gettime(CLOCK_MONOTONIC, {147, 429815508}) = 0
19:18:49.145528,1023,getpid() = 1023
19:18:49.146083,1023,getuid32() = 10050
19:18:49.229766,1023,epoll_wait(0x1e, 0xbee6d1f8, 0x10, 0) = 1
19:18:49.230428,1023,recvfrom(37, "nysv\0\0\0\0\234ëËR\"\0\0\0Ö\4\0\0\224Â'¸", 24, MSG_DONTWAIT, NULL, NULL) = 24
19:18:49.231187,1023,recvfrom(37, 0xbee6c828, 24, 64, 0, 0) = -1 EAGAIN (Try again)
19:18:49.231826,1023,clock_gettime(CLOCK_MONOTONIC, {147, 516770051}) = 0
19:18:49.232559,1023,clock_gettime(CLOCK_MONOTONIC, {147, 517508269}) = 0
19:18:49.233223,1023,clock_gettime(CLOCK_MONOTONIC, {147, 518166881}) = 0
19:18:49.233877,1023,clock_gettime(CLOCK_MONOTONIC, {147, 518818691}) = 0
19:18:49.234541,1023,recvfrom(38, 0xb88738b0, 1240, 64, 0, 0) = -1 EAGAIN (Try again)
19:18:49.235160,1023,clock_gettime(CLOCK_MONOTONIC, {147, 520102372}) = 0
19:18:49.236096,1023,clock_gettime(CLOCK_MONOTONIC, {147, 521040094}) = 0
19:18:49.236770,1023,clock_gettime(CLOCK_MONOTONIC, {147, 521711999}) = 0
19:18:49.237436,1023,recvfrom(37, 0xbee6c9a8, 24, 64, 0, 0) = -1 EAGAIN (Try again)
19:18:49.238045,1023,ioctl(9, 0xc0186201, 0xbee6d178) = 0
19:18:49.239087,1023,clock_gettime(CLOCK_MONOTONIC, {147, 524032892}) = 0
19:18:49.256128,1023,clock_gettime(CLOCK_MONOTONIC, {147, 541100699}) = 0
19:18:49.256829,1023,clock_gettime(CLOCK_MONOTONIC, {147, 541774140}) = 0
19:18:49.257738,1023,clock_gettime(CLOCK_MONOTONIC, {147, 542683596}) = 0
19:18:49.258423,1023,clock_gettime(CLOCK_MONOTONIC, {147, 543366620}) = 0
19:18:49.259297,1023,ioctl(9, 0xc0186201, 0xbee6cf10) = 0
19:18:49.260996,1023,clock_gettime(CLOCK_MONOTONIC, {147, 545944885}) = 0
19:18:49.264500,1023,clock_gettime(CLOCK_MONOTONIC, {147, 549456770}) = 0
19:18:49.265176,1023,ioctl(9, 0xc0186201, 0xbee6d0c8) = 0
19:18:49.266290,1023,getpid() = 1023
19:18:49.266857,1023,getuid32() = 10050
19:18:49.267448,1023,epoll_wait(0x1e, 0xbee6d1f8, 0x10, 0) = 1
19:18:49.268035,1023,recvfrom(37, "nysv\0\0\0\0´\2144Y\"\0\0\0×\4\0\0\224Â'¸", 24, MSG_DONTWAIT, NULL, NULL) = 24
19:18:49.268780,1023,recvfrom(37, 0xbee6c828, 24, 64, 0, 0) = -1 EAGAIN (Try again)
19:18:49.269396,1023,clock_gettime(CLOCK_MONOTONIC, {147, 554337495}) = 0
19:18:49.270110,1023,clock_gettime(CLOCK_MONOTONIC, {147, 555052535}) = 0
19:18:49.270775,1023,getpid() = 1023
19:18:49.271325,1023,getuid32() = 10050
19:18:49.271916,1023,epoll_wait(0x1e, 0xbee6d1f8, 0x10, 0) = 0
19:18:49.272498,1023,clock_gettime(CLOCK_MONOTONIC, {147, 557446234}) = 0
19:18:49.315464,1023,clock_gettime(CLOCK_MONOTONIC, {147, 600508690}) = 0
19:18:49.316262,1023,clock_gettime(CLOCK_MONOTONIC, {147, 601215530}) = 0
19:18:49.317017,1023,recvfrom(38, 0xb88738b0, 1240, 64, 0, 0) = -1 EAGAIN (Try again)
19:18:49.317680,1023,clock_gettime(CLOCK_MONOTONIC, {147, 602631620}) = 0
19:18:49.337274,1023,clock_gettime(CLOCK_MONOTONIC, {147, 622265896}) = 0
19:18:49.338039,1023,getpid() = 1023
19:18:49.338596,1023,getuid32() = 10050
19:18:49.339203,1023,epoll_wait(0x1e, 0xbee6d1f8, 0x10, 0) = 0
19:18:49.339794,1023,clock_gettime(CLOCK_MONOTONIC, {147, 624735810}) = 0
19:18:49.340448,1023,ioctl(9, 0xc0186201, 0xbee6d328) = 0
19:18:49.341065,1023,epoll_wait(0x1e, 0xbee6d1f8, 0x10, 0x8) = 0
19:18:49.356444,1023,clock_gettime(CLOCK_MONOTONIC, {147, 641418837}) = 0
19:18:49.357170,1023,clock_gettime(CLOCK_MONOTONIC, {147, 642122874}) = 0
19:18:49.357883,1023,recvfrom(37, 0xbee6c9a8, 24, 64, 0, 0) = -1 EAGAIN (Try again)
19:18:49.358523,1023,ioctl(9, 0xc0186201, 0xbee6d178) = 0
19:18:49.359481,1023,getpid() = 1023
19:18:49.360173,1023,getuid32() = 10050
19:18:49.361176,1023,epoll_wait(0x1e, 0xbee6d1f8, 0x10, 0) = 0
19:18:49.361811,1023,clock_gettime(CLOCK_MONOTONIC, {147, 646753452}) = 0
19:18:49.362479,1023,epoll_wait(0x1e, 0xbee6d1f8, 0x10, 0xffffffff) = 1
19:18:49.377962,1023,recvfrom(37, "nysv\0\0\0\0ô\215\207`\"\0\0\0Ù\4\0\0\224Â'¸", 24, MSG_DONTWAIT, NULL, NULL) = 24
19:18:49.378781,1023,recvfrom(37, 0xbee6c828, 24, 64, 0, 0) = -1 EAGAIN (Try again)
19:18:49.379432,1023,clock_gettime(CLOCK_MONOTONIC, {147, 664376232}) = 0
19:18:49.380123,1023,write(29, "W", 1) = 1
19:18:49.380834,1023,clock_gettime(CLOCK_MONOTONIC, {147, 665778750}) = 0
19:18:49.381720,1023,clock_gettime(CLOCK_MONOTONIC, {147, 666719713}) = 0
19:18:49.382537,1023,clock_gettime(CLOCK_MONOTONIC, {147, 667488762}) = 0
19:18:49.383195,1023,clock_gettime(CLOCK_MONOTONIC, {147, 668201513}) = 0
19:18:49.384281,1023,clock_gettime(CLOCK_MONOTONIC, {147, 669297333}) = 0
19:18:49.385062,1023,clock_gettime(CLOCK_MONOTONIC, {147, 670005797}) = 0
19:18:49.385738,1023,recvfrom(37, 0xbee6c9a8, 24, 64, 0, 0) = -1 EAGAIN (Try again)
19:18:49.386342,1023,ioctl(9, 0xc0186201, 0xbee6d178) = 0
19:18:49.387245,1023,clock_gettime(CLOCK_MONOTONIC, {147, 672249822}) = 0
19:18:49.388039,1023,clock_gettime(CLOCK_MONOTONIC, {147, 672982948}) = 0
19:18:49.388728,1023,clock_gettime(CLOCK_MONOTONIC, {147, 673671276}) = 0
19:18:49.389377,1023,clock_gettime(CLOCK_MONOTONIC, {147, 674319105}) = 0
19:18:49.390057,1023,clock_gettime(CLOCK_MONOTONIC, {147, 674998946}) = 0
19:18:49.390731,1023,write(29, "W", 1) = 1
19:18:49.391552,1023,ioctl(9, 0xc0186201, 0xbee6cf10) = 0
19:18:49.392382,1023,ioctl(9, 0xc0186201, 0xbee6cf10) = 0
19:18:49.393731,1023,clock_gettime(CLOCK_MONOTONIC, {147, 678680089}) = 0
19:18:49.397073,1023,clock_gettime(CLOCK_MONOTONIC, {147, 682020494}) = 0
19:18:49.397743,1023,ioctl(9, 0xc0186201, 0xbee6d0c8) = 0
19:18:49.398618,1023,ioctl(9, 0xc0186201, 0xbee6d0c8) = 0
19:18:49.399325,1023,getpid() = 1023
19:18:49.486016,1023,getuid32() = 10050
19:18:49.486716,1023,epoll_wait(0x1e, 0xbee6d1f8, 0x10, 0) = 2
19:18:49.487304,1023,read(23, "WW", 16) = 2
19:18:49.487929,1023,recvfrom(37, "nysv\0\0\0\0:¶!b\"\0\0\0Ú\4\0\0\224Â'¸", 24, MSG_DONTWAIT, NULL, NULL) = 24
19:18:49.488671,1023,recvfrom(37, 0xbee6c828, 24, 64, 0, 0) = -1 EAGAIN (Try again)
19:18:49.489306,1023,clock_gettime(CLOCK_MONOTONIC, {147, 774248940}) = 0
19:18:49.490045,1023,clock_gettime(CLOCK_MONOTONIC, {147, 774987641}) = 0
19:18:49.490706,1023,clock_gettime(CLOCK_MONOTONIC, {147, 775648569}) = 0
19:18:49.491350,1023,clock_gettime(CLOCK_MONOTONIC, {147, 776292001}) = 0
19:18:49.492022,1023,recvfrom(38, 0xb88738b0, 1240, 64, 0, 0) = -1 EAGAIN (Try again)
19:18:49.492641,1023,clock_gettime(CLOCK_MONOTONIC, {147, 777583777}) = 0
19:18:49.493545,1023,clock_gettime(CLOCK_MONOTONIC, {147, 778493205}) = 0
19:18:49.494216,1023,clock_gettime(CLOCK_MONOTONIC, {147, 779159155}) = 0
19:18:49.494893,1023,recvfrom(37, 0xbee6c9a8, 24, 64, 0, 0) = -1 EAGAIN (Try again)
19:18:49.495496,1023,ioctl(9, 0xc0186201, 0xbee6d178) = 0
19:18:49.496543,1023,clock_gettime(CLOCK_MONOTONIC, {147, 781494777}) = 0
19:18:49.497226,1023,clock_gettime(CLOCK_MONOTONIC, {147, 782168014}) = 0
19:18:49.497881,1023,clock_gettime(CLOCK_MONOTONIC, {147, 782822670}) = 0
19:18:49.498527,1023,clock_gettime(CLOCK_MONOTONIC, {147, 783474496}) = 0
19:18:49.499204,1023,clock_gettime(CLOCK_MONOTONIC, {147, 784145500}) = 0
19:18:49.523653,1023,ioctl(9, 0xc0186201, 0xbee6cf10) = 0
19:18:49.524555,1023,ioctl(9, 0xc0186201, 0xbee6cf10) = 0
19:18:49.572237,1023,clock_gettime(CLOCK_MONOTONIC, {147, 873570704}) = 0
19:18:49.592476,1023,clock_gettime(CLOCK_MONOTONIC, {147, 877456098}) = 0
19:18:49.593210,1023,ioctl(9, 0xc0186201, 0xbee6d0c8) = 0
19:18:49.594187,1023,ioctl(9, 0xc0186201, 0xbee6d0c8) = 0
19:18:49.595110,1023,getpid() = 1023
19:18:49.595697,1023,getuid32() = 10050
19:18:49.596295,1023,epoll_wait(0x1e, 0xbee6d1f8, 0x10, 0) = 1
19:18:49.596888,1023,recvfrom(37, "nysv\0\0\0\0RW\212h\"\0\0\0Û\4\0\0\224Â'¸", 24, MSG_DONTWAIT, NULL, NULL) = 24
19:18:49.606308,1023,recvfrom(37, 0xbee6c828, 24, 64, 0, 0) = -1 EAGAIN (Try again)
19:18:49.607113,1023,clock_gettime(CLOCK_MONOTONIC, {147, 892059159}) = 0
19:18:49.607864,1023,clock_gettime(CLOCK_MONOTONIC, {147, 892808494}) = 0
19:18:49.608532,1023,getpid() = 1023
19:18:49.609091,1023,getuid32() = 10050
19:18:49.609783,1023,epoll_wait(0x1e, 0xbee6d1f8, 0x10, 0) = 0
19:18:49.610499,1023,clock_gettime(CLOCK_MONOTONIC, {147, 895541275}) = 0
19:18:49.611267,1023,clock_gettime(CLOCK_MONOTONIC, {147, 896215090}) = 0
19:18:49.611954,1023,clock_gettime(CLOCK_MONOTONIC, {147, 896896550}) = 0
19:18:49.612642,1023,recvfrom(38, 0xb88738b0, 1240, 64, 0, 0) = -1 EAGAIN (Try again)
19:18:49.613302,1023,clock_gettime(CLOCK_MONOTONIC, {147, 898255278}) = 0
19:18:49.614253,1023,clock_gettime(CLOCK_MONOTONIC, {147, 899196999}) = 0
19:18:49.614928,1023,clock_gettime(CLOCK_MONOTONIC, {147, 899927878}) = 0
19:18:49.638901,1023,recvfrom(37, 0xbee6c9a8, 24, 64, 0, 0) = -1 EAGAIN (Try again)
19:18:49.639618,1023,ioctl(9, 0xc0186201, 0xbee6d178) = 0
19:18:49.640557,1023,clock_gettime(CLOCK_MONOTONIC, {147, 925575467}) = 0
19:18:49.641385,1023,clock_gettime(CLOCK_MONOTONIC, {147, 926330601}) = 0
19:18:49.642047,1023,clock_gettime(CLOCK_MONOTONIC, {147, 927015122}) = 0
19:18:49.642729,1023,clock_gettime(CLOCK_MONOTONIC, {147, 927671643}) = 0
19:18:49.643409,1023,clock_gettime(CLOCK_MONOTONIC, {147, 928350696}) = 0
19:18:49.644275,1023,ioctl(9, 0xc0186201, 0xbee6cf10) = 0
19:18:49.645110,1023,ioctl(9, 0xc0186201, 0xbee6cf10) = 0
19:18:49.646466,1023,clock_gettime(CLOCK_MONOTONIC, {147, 931419881}) = 0
19:18:49.649930,1023,clock_gettime(CLOCK_MONOTONIC, {147, 934879931}) = 0
19:18:49.650596,1023,ioctl(9, 0xc0186201, 0xbee6d0c8) = 0
19:18:49.651484,1023,ioctl(9, 0xc0186201, 0xbee6d0c8) = 0
19:18:49.652191,1023,getpid() = 1023
19:18:49.652753,1023,getuid32() = 10050
19:18:49.653343,1023,epoll_wait(0x1e, 0xbee6d1f8, 0x10, 0) = 0
19:18:49.653931,1023,clock_gettime(CLOCK_MONOTONIC, {147, 938872623}) = 0
19:18:49.654585,1023,getpid() = 1023
19:18:49.655144,1023,getuid32() = 10050
19:18:49.697852,1023,epoll_wait(0x1e, 0xbee6d1f8, 0x10, 0) = 1
19:18:49.698481,1023,recvfrom(37, "nysv\0\0\0\0Îè<q\"\0\0\0Ý\4\0\0\224Â'¸", 24, MSG_DONTWAIT, NULL, NULL) = 24
19:18:49.699270,1023,recvfrom(37, 0xbee6c828, 24, 64, 0, 0) = -1 EAGAIN (Try again)
19:18:49.699938,1023,clock_gettime(CLOCK_MONOTONIC, {147, 984892115}) = 0
19:18:49.700711,1023,clock_gettime(CLOCK_MONOTONIC, {147, 985665078}) = 0
19:18:49.701401,1023,clock_gettime(CLOCK_MONOTONIC, {147, 986353334}) = 0
19:18:49.702082,1023,clock_gettime(CLOCK_MONOTONIC, {147, 987034292}) = 0
19:18:49.702786,1023,recvfrom(38, 0xb88738b0, 1240, 64, 0, 0) = -1 EAGAIN (Try again)
19:18:49.703429,1023,clock_gettime(CLOCK_MONOTONIC, {147, 988385876}) = 0
19:18:49.704112,1023,clock_gettime(CLOCK_MONOTONIC, {147, 989062178}) = 0
19:18:49.704795,1023,getpid() = 1023
19:18:49.705370,1023,getuid32() = 10050
19:18:49.705990,1023,epoll_wait(0x1e, 0xbee6d1f8, 0x10, 0) = 0
19:18:49.746418,1023,clock_gettime(CLOCK_MONOTONIC, {148, 31416166}) = 0
19:18:49.747152,1023,clock_gettime(CLOCK_MONOTONIC, {148, 32099060}) = 0
19:18:49.747837,1023,recvfrom(37, 0xbee6c9a8, 24, 64, 0, 0) = -1 EAGAIN (Try again)
19:18:49.748452,1023,ioctl(9, 0xc0186201, 0xbee6d178) = 0
19:18:49.749347,1023,getpid() = 1023
19:18:49.749979,1023,getuid32() = 10050
19:18:49.750575,1023,epoll_wait(0x1e, 0xbee6d1f8, 0x10, 0) = 0
19:18:49.751162,1023,clock_gettime(CLOCK_MONOTONIC, {148, 36103048}) = 0
19:18:49.751826,1023,epoll_wait(0x1e, 0xbee6d1f8, 0x10, 0xffffffff) = 1
19:18:49.775960,1023,recvfrom(37, "nysv\0\0\0\0ð!àw\"\0\0\0Þ\4\0\0\224Â'¸", 24, MSG_DONTWAIT, NULL, NULL) = 24
19:18:49.776731,1023,recvfrom(37, 0xbee6c828, 24, 64, 0, 0) = -1 EAGAIN (Try again)
19:18:49.777367,1023,clock_gettime(CLOCK_MONOTONIC, {148, 62311459}) = 0
19:18:49.778057,1023,write(29, "W", 1) = 1
19:18:49.778764,1023,clock_gettime(CLOCK_MONOTONIC, {148, 63707004}) = 0
19:18:49.779417,1023,clock_gettime(CLOCK_MONOTONIC, {148, 64359962}) = 0
19:18:49.780066,1023,clock_gettime(CLOCK_MONOTONIC, {148, 65007092}) = 0
19:18:49.780713,1023,clock_gettime(CLOCK_MONOTONIC, {148, 81225560}) = 0
19:18:49.797265,1023,clock_gettime(CLOCK_MONOTONIC, {148, 82220080}) = 0
19:18:49.797959,1023,clock_gettime(CLOCK_MONOTONIC, {148, 82905232}) = 0
19:18:49.798642,1023,recvfrom(37, 0xbee6c9a8, 24, 64, 0, 0) = -1 EAGAIN (Try again)
19:18:49.799769,1023,ioctl(9, 0xc0186201, 0xbee6d178) = 0
19:18:49.800677,1023,clock_gettime(CLOCK_MONOTONIC, {148, 85689178}) = 0
19:18:49.801483,1023,clock_gettime(CLOCK_MONOTONIC, {148, 86434532}) = 0
19:18:49.802307,1023,clock_gettime(CLOCK_MONOTONIC, {148, 87367076}) = 0
19:18:49.803083,1023,clock_gettime(CLOCK_MONOTONIC, {148, 88026668}) = 0
19:18:49.803815,1023,clock_gettime(CLOCK_MONOTONIC, {148, 88759929}) = 0
19:18:49.804489,1023,write(29, "W", 1) = 1
19:18:49.805372,1023,ioctl(9, 0xc0186201, 0xbee6cf10) = 0
19:18:49.818945,1023,ioctl(9, 0xc0186201, 0xbee6cf10) = 0
19:18:49.820544,1023,clock_gettime(CLOCK_MONOTONIC, {148, 105501180}) = 0
19:18:49.823454,1023,clock_gettime(CLOCK_MONOTONIC, {148, 108532460}) = 0
19:18:49.824385,1023,ioctl(9, 0xc0186201, 0xbee6d0c8) = 0
19:18:49.849840,1023,ioctl(9, 0xc0186201, 0xbee6d0c8) = 0
19:18:49.850812,1023,getpid() = 1023
19:18:49.851400,1023,getuid32() = 10050
19:18:49.852036,1023,epoll_wait(0x1e, 0xbee6d1f8, 0x10, 0) = 2
19:18:49.853122,1023,read(23, "WW", 16) = 2
19:18:49.853879,1023,recvfrom(37, "nysv\0\0\0\0hB\237z\"\0\0\0ß\4\0\0\224Â'¸", 24, MSG_DONTWAIT, NULL, NULL) = 24
19:18:49.854661,1023,recvfrom(37, 0xbee6c828, 24, 64, 0, 0) = -1 EAGAIN (Try again)
19:18:49.855322,1023,clock_gettime(CLOCK_MONOTONIC, {148, 140274410}) = 0
19:18:49.856087,1023,clock_gettime(CLOCK_MONOTONIC, {148, 141129804}) = 0
19:18:49.883009,1023,clock_gettime(CLOCK_MONOTONIC, {148, 167965442}) = 0
19:18:49.883710,1023,clock_gettime(CLOCK_MONOTONIC, {148, 168649317}) = 0
19:18:49.884366,1023,recvfrom(38, 0xb88738b0, 1240, 64, 0, 0) = -1 EAGAIN (Try again)
19:18:49.885015,1023,clock_gettime(CLOCK_MONOTONIC, {148, 169953100}) = 0
19:18:49.885671,1023,clock_gettime(CLOCK_MONOTONIC, {148, 170621146}) = 0
19:18:49.886313,1023,getpid() = 1023
19:18:49.886894,1023,getuid32() = 10050
19:18:49.887468,1023,epoll_wait(0x1e, 0xbee6d1f8, 0x10, 0) = 0
19:18:49.888081,1023,clock_gettime(CLOCK_MONOTONIC, {148, 173017698}) = 0
19:18:49.888755,1023,ioctl(9, 0xc0186201, 0xbee6d328) = 0
19:18:49.928256,1023,epoll_wait(0x1e, 0xbee6d1f8, 0x10, 0x4) = 0
19:18:49.954900,1023,clock_gettime(CLOCK_MONOTONIC, {148, 239927808}) = 0
19:18:49.955667,1023,clock_gettime(CLOCK_MONOTONIC, {148, 240618737}) = 0
19:18:49.956393,1023,recvfrom(37, 0xbee6c9a8, 24, 64, 0, 0) = -1 EAGAIN (Try again)
19:18:49.957046,1023,ioctl(9, 0xc0186201, 0xbee6d178) = 0
19:18:49.958093,1023,getpid() = 1023
19:18:49.958634,1023,getuid32() = 10050
19:18:49.959265,1023,epoll_wait(0x1e, 0xbee6d1f8, 0x10, 0) = 0
19:18:49.959828,1023,clock_gettime(CLOCK_MONOTONIC, {148, 244763172}) = 0
19:18:49.960462,1023,epoll_wait(0x1e, 0xbee6d1f8, 0x10, 0xffffffff) = 1
19:18:49.979730,1023,recvfrom(37, "nysv\0\0\0\0\2\234\1\204\"\0\0\0á\4\0\0\224Â'¸", 24, MSG_DONTWAIT, NULL, NULL) = 24
19:18:49.980504,1023,recvfrom(37, 0xbee6c828, 24, 64, 0, 0) = -1 EAGAIN (Try again)
19:18:49.981177,1023,clock_gettime(CLOCK_MONOTONIC, {148, 266108323}) = 0
19:18:49.981853,1023,write(29, "W", 1) = 1
19:18:49.982512,1023,clock_gettime(CLOCK_MONOTONIC, {148, 267480049}) = 0
19:18:49.983217,1023,clock_gettime(CLOCK_MONOTONIC, {148, 268145533}) = 0
19:18:49.983818,1023,clock_gettime(CLOCK_MONOTONIC, {148, 268745882}) = 0
19:18:49.984412,1023,clock_gettime(CLOCK_MONOTONIC, {148, 269339846}) = 0
19:18:49.985253,1023,clock_gettime(CLOCK_MONOTONIC, {148, 270182527}) = 0
19:18:49.985906,1023,clock_gettime(CLOCK_MONOTONIC, {148, 270834762}) = 0
19:18:49.986523,1023,recvfrom(37, 0xbee6c9a8, 24, 64, 0, 0) = -1 EAGAIN (Try again)
19:18:49.987118,1023,ioctl(9, 0xc0186201, 0xbee6d178) = 0
19:18:49.987943,1023,clock_gettime(CLOCK_MONOTONIC, {148, 272924137}) = 0
19:18:49.988617,1023,clock_gettime(CLOCK_MONOTONIC, {148, 273585427}) = 0
19:18:49.989258,1023,clock_gettime(CLOCK_MONOTONIC, {148, 274186926}) = 0
19:18:49.989894,1023,clock_gettime(CLOCK_MONOTONIC, {148, 274836876}) = 0
19:18:49.990539,1023,clock_gettime(CLOCK_MONOTONIC, {148, 275509690}) = 0
19:18:50.006944,1023,write(29, "W", 1) = 1
19:18:50.007886,1023,ioctl(9, 0xc0186201, 0xbee6cf10) = 0
19:18:50.009138,1023,ioctl(9, 0xc0186201, 0xbee6cf10) = 0
19:18:50.010442,1023,clock_gettime(CLOCK_MONOTONIC, {148, 295373097}) = 0
19:18:50.014179,1023,clock_gettime(CLOCK_MONOTONIC, {148, 299127113}) = 0
19:18:50.014970,1023,ioctl(9, 0xc0186201, 0xbee6d0c8) = 0
19:18:50.015757,1023,ioctl(9, 0xc0186201, 0xbee6d0c8) = 0
19:18:50.074753,1023,getpid() = 1023
19:18:50.075327,1023,getuid32() = 10050
19:18:50.075993,1023,epoll_wait(0x1e, 0xbee6d1f8, 0x10, 0) = 2
19:18:50.076529,1023,read(23, "WW", 16) = 2
19:18:50.077182,1023,recvfrom(37, "nysv\0\0\0\0>,a\205\"\0\0\0â\4\0\0\224Â'¸", 24, MSG_DONTWAIT, NULL, NULL) = 24
19:18:50.077903,1023,recvfrom(37, 0xbee6c828, 24, 64, 0, 0) = -1 EAGAIN (Try again)
19:18:50.078506,1023,clock_gettime(CLOCK_MONOTONIC, {148, 363472068}) = 0
19:18:50.079214,1023,clock_gettime(CLOCK_MONOTONIC, {148, 364140933}) = 0
19:18:50.079853,1023,clock_gettime(CLOCK_MONOTONIC, {148, 364779198}) = 0
19:18:50.080444,1023,clock_gettime(CLOCK_MONOTONIC, {148, 365369610}) = 0
19:18:50.081093,1023,recvfrom(38, 0xb88738b0, 1240, 64, 0, 0) = -1 EAGAIN (Try again)
19:18:50.081681,1023,clock_gettime(CLOCK_MONOTONIC, {148, 366879793}) = 0
19:18:50.122000,1023,clock_gettime(CLOCK_MONOTONIC, {148, 407237970}) = 0
19:18:50.123080,1023,clock_gettime(CLOCK_MONOTONIC, {148, 408053528}) = 0
19:18:50.123831,1023,recvfrom(37, 0xbee6c9a8, 24, 64, 0, 0) = -1 EAGAIN (Try again)
19:18:50.124430,1023,ioctl(9, 0xc0186201, 0xbee6d178) = 0
19:18:50.125332,1023,clock_gettime(CLOCK_MONOTONIC, {148, 410323627}) = 0
19:18:50.126109,1023,clock_gettime(CLOCK_MONOTONIC, {148, 454558708}) = 0
19:18:50.170407,1023,clock_gettime(CLOCK_MONOTONIC, {148, 455353398}) = 0
19:18:50.171105,1023,clock_gettime(CLOCK_MONOTONIC, {148, 456034055}) = 0
19:18:50.171807,1023,clock_gettime(CLOCK_MONOTONIC, {148, 456734892}) = 0
19:18:50.172603,1023,ioctl(9, 0xc0186201, 0xbee6cf10) = 0
19:18:50.174409,1023,clock_gettime(CLOCK_MONOTONIC, {148, 459342686}) = 0
19:18:50.187475,1023,clock_gettime(CLOCK_MONOTONIC, {148, 472521630}) = 0
19:18:50.188328,1023,ioctl(9, 0xc0186201, 0xbee6d0c8) = 0
19:18:50.239803,1023,getpid() = 1023
19:18:50.240510,1023,getuid32() = 10050
19:18:50.241134,1023,epoll_wait(0x1e, 0xbee6d1f8, 0x10, 0) = 1
19:18:50.241849,1023,recvfrom(37, "nysv\0\0\0\0º½\23\216\"\0\0\0ä\4\0\0\224Â'¸", 24, MSG_DONTWAIT, NULL, NULL) = 24
19:18:50.242585,1023,recvfrom(37, 0xbee6c828, 24, 64, 0, 0) = -1 EAGAIN (Try again)
19:18:50.243361,1023,clock_gettime(CLOCK_MONOTONIC, {148, 528297771}) = 0
19:18:50.244163,1023,clock_gettime(CLOCK_MONOTONIC, {148, 529098489}) = 0
19:18:50.244836,1023,getpid() = 1023
19:18:50.245367,1023,getuid32() = 10050
19:18:50.245965,1023,epoll_wait(0x1e, 0xbee6d1f8, 0x10, 0) = 0
19:18:50.246768,1023,clock_gettime(CLOCK_MONOTONIC, {148, 531738475}) = 0
19:18:50.247456,1023,clock_gettime(CLOCK_MONOTONIC, {148, 532414712}) = 0
19:18:50.248298,1023,writev(3, [{"\4", 1}, {"Choreographer\0", 14}, {"Skipped 31 frames! The applicat"..., 83}], 3) = 98
19:18:50.249667,1023,clock_gettime(CLOCK_MONOTONIC, {148, 534610332}) = 0
19:18:50.250305,1023,recvfrom(38, 0xb88738b0, 1240, 64, 0, 0) = -1 EAGAIN (Try again)
19:18:50.250935,1023,clock_gettime(CLOCK_MONOTONIC, {148, 536099596}) = 0
19:18:50.251828,1023,clock_gettime(CLOCK_MONOTONIC, {148, 536789577}) = 0
19:18:50.252457,1023,getpid() = 1023
19:18:50.253148,1023,getuid32() = 10050
19:18:50.253762,1023,epoll_wait(0x1e, 0xbee6d1f8, 0x10, 0) = 0
19:18:50.254327,1023,clock_gettime(CLOCK_MONOTONIC, {148, 541512052}) = 0
19:18:50.258151,1023,ioctl(9, 0xc0186201, 0xbee6d328) = 0
19:18:50.258783,1023,epoll_wait(0x1e, 0xbee6d1f8, 0x10, 0x4) = 0
19:18:50.277407,1023,clock_gettime(CLOCK_MONOTONIC, {148, 562364685}) = 0
19:18:50.278082,1023,clock_gettime(CLOCK_MONOTONIC, {148, 563018827}) = 0
19:18:50.278736,1023,recvfrom(37, 0xbee6c9a8, 24, 64, 0, 0) = -1 EAGAIN (Try again)
19:18:50.279324,1023,ioctl(9, 0xc0186201, 0xbee6d178) = 0
19:18:50.280366,1023,getpid() = 1023
19:18:50.280920,1023,getuid32() = 10050
19:18:50.281506,1023,epoll_wait(0x1e, 0xbee6d1f8, 0x10, 0) = 0
19:18:50.282083,1023,clock_gettime(CLOCK_MONOTONIC, {148, 567020910}) = 0
19:18:50.282739,1023,epoll_wait(0x1e, 0xbee6d1f8, 0x10, 0xffffffff) = 1
19:18:50.283606,1023,recvfrom(37, "nysv\0\0\0\0J\177;\227\"\0\0\0æ\4\0\0\224Â'¸", 24, MSG_DONTWAIT, NULL, NULL) = 24
19:18:50.284394,1023,recvfrom(37, 0xbee6c828, 24, 64, 0, 0) = -1 EAGAIN (Try again)
19:18:50.285011,1023,clock_gettime(CLOCK_MONOTONIC, {148, 569938483}) = 0
19:18:50.285650,1023,write(29, "W", 1) = 1
19:18:50.286367,1023,clock_gettime(CLOCK_MONOTONIC, {148, 571294470}) = 0
19:18:50.296351,1023,clock_gettime(CLOCK_MONOTONIC, {148, 581321919}) = 0
19:18:50.297118,1023,clock_gettime(CLOCK_MONOTONIC, {148, 582057278}) = 0
19:18:50.297802,1023,clock_gettime(CLOCK_MONOTONIC, {148, 582738291}) = 0
19:18:50.299062,1023,clock_gettime(CLOCK_MONOTONIC, {148, 584000148}) = 0
19:18:50.299942,1023,clock_gettime(CLOCK_MONOTONIC, {148, 584873499}) = 0
19:18:50.300604,1023,recvfrom(37, 0xbee6c9a8, 24, 64, 0, 0) = -1 EAGAIN (Try again)
19:18:50.301245,1023,ioctl(9, 0xc0186201, 0xbee6d178) = 0
19:18:50.302358,1023,clock_gettime(CLOCK_MONOTONIC, {148, 587290134}) = 0
19:18:50.303208,1023,clock_gettime(CLOCK_MONOTONIC, {148, 588137755}) = 0
19:18:50.303907,1023,clock_gettime(CLOCK_MONOTONIC, {148, 588834111}) = 0
19:18:50.304503,1023,clock_gettime(CLOCK_MONOTONIC, {148, 589519949}) = 0
19:18:50.305212,1023,clock_gettime(CLOCK_MONOTONIC, {148, 590139308}) = 0
19:18:50.316574,1023,write(29, "W", 1) = 1
19:18:50.317567,1023,ioctl(9, 0xc0186201, 0xbee6cf10) = 0
19:18:50.322761,1023,clock_gettime(CLOCK_MONOTONIC, {148, 607785840}) = 0
19:18:50.326398,1023,clock_gettime(CLOCK_MONOTONIC, {148, 611515056}) = 0
19:18:50.364476,1023,ioctl(9, 0xc0186201, 0xbee6d0c8) = 0
19:18:50.365468,1023,ioctl(9, 0xc0186201, 0xbee6d0c8) = 0
19:18:50.366293,1023,getpid() = 1023
19:18:50.366892,1023,getuid32() = 10050
19:18:50.367495,1023,epoll_wait(0x1e, 0xbee6d1f8, 0x10, 0) = 2
19:18:50.368116,1023,read(23, "WW", 16) = 2
19:18:50.368851,1023,recvfrom(37, "nysv\0\0\0\0\206\17\233\230\"\0\0\0ç\4\0\0\224Â'¸", 24, MSG_DONTWAIT, NULL, NULL) = 24
19:18:50.369569,1023,recvfrom(37, 0xbee6c828, 24, 64, 0, 0) = -1 EAGAIN (Try again)
19:18:50.370252,1023,clock_gettime(CLOCK_MONOTONIC, {148, 655188557}) = 0
19:18:50.371012,1023,clock_gettime(CLOCK_MONOTONIC, {148, 655949525}) = 0
19:18:50.383992,1023,clock_gettime(CLOCK_MONOTONIC, {148, 669108306}) = 0
19:18:50.384897,1023,clock_gettime(CLOCK_MONOTONIC, {148, 669862562}) = 0
19:18:50.385558,1023,recvfrom(38, 0xb88738b0, 1240, 64, 0, 0) = -1 EAGAIN (Try again)
19:18:50.411043,1023,clock_gettime(CLOCK_MONOTONIC, {148, 710675797}) = 0
19:18:50.426923,1023,clock_gettime(CLOCK_MONOTONIC, {148, 712028566}) = 0
19:18:50.438226,1023,clock_gettime(CLOCK_MONOTONIC, {148, 723161356}) = 0
19:18:50.438897,1023,recvfrom(37, 0xbee6c9a8, 24, 64, 0, 0) = -1 EAGAIN (Try again)
19:18:50.439462,1023,ioctl(9, 0xc0186201, 0xbee6d178) = 0
19:18:50.440379,1023,clock_gettime(CLOCK_MONOTONIC, {148, 725368783}) = 0
19:18:50.441213,1023,clock_gettime(CLOCK_MONOTONIC, {148, 726142298}) = 0
19:18:50.441850,1023,clock_gettime(CLOCK_MONOTONIC, {148, 726778258}) = 0
19:18:50.442446,1023,clock_gettime(CLOCK_MONOTONIC, {148, 727396917}) = 0
19:18:50.443105,1023,clock_gettime(CLOCK_MONOTONIC, {148, 728032189}) = 0
19:18:50.443967,1023,ioctl(9, 0xc0186201, 0xbee6cf10) = 0
19:18:50.444780,1023,ioctl(9, 0xc0186201, 0xbee6cf10) = 0
19:18:50.446183,1023,clock_gettime(CLOCK_MONOTONIC, {148, 731114819}) = 0
19:18:50.449522,1023,clock_gettime(CLOCK_MONOTONIC, {148, 734494755}) = 0
19:18:50.450172,1023,ioctl(9, 0xc0186201, 0xbee6d0c8) = 0
19:18:50.451016,1023,ioctl(9, 0xc0186201, 0xbee6d0c8) = 0
19:18:50.451699,1023,getpid() = 1023
19:18:50.452208,1023,getuid32() = 10050
19:18:50.452788,1023,epoll_wait(0x1e, 0xbee6d1f8, 0x10, 0) = 0
19:18:50.453328,1023,clock_gettime(CLOCK_MONOTONIC, {148, 738255038}) = 0
19:18:50.453966,1023,getpid() = 1023
19:18:50.474078,1023,getuid32() = 10050
19:18:50.474760,1023,epoll_wait(0x1e, 0xbee6d1f8, 0x10, 0) = 1
19:18:50.475530,1023,recvfrom(37, "nysv\0\0\0\0îpØ \"\0\0\0é\4\0\0\224Â'¸", 24, MSG_DONTWAIT, NULL, NULL) = 24
19:18:50.506866,1023,recvfrom(37, 0xbee6c828, 24, 64, 0, 0) = -1 EAGAIN (Try again)
19:18:50.507560,1023,clock_gettime(CLOCK_MONOTONIC, {148, 792536100}) = 0
19:18:50.508375,1023,clock_gettime(CLOCK_MONOTONIC, {148, 793310431}) = 0
19:18:50.509358,1023,clock_gettime(CLOCK_MONOTONIC, {148, 794292713}) = 0
19:18:50.510035,1023,clock_gettime(CLOCK_MONOTONIC, {148, 794969280}) = 0
19:18:50.511085,1023,recvfrom(38, 0xb88738b0, 1240, 64, 0, 0) = -1 EAGAIN (Try again)
19:18:50.511737,1023,clock_gettime(CLOCK_MONOTONIC, {148, 796665035}) = 0
19:18:50.512371,1023,clock_gettime(CLOCK_MONOTONIC, {148, 797298398}) = 0
19:18:50.513081,1023,getpid() = 1023
19:18:50.513587,1023,getuid32() = 10050
19:18:50.514184,1023,epoll_wait(0x1e, 0xbee6d1f8, 0x10, 0) = 0
19:18:50.514764,1023,clock_gettime(CLOCK_MONOTONIC, {148, 799691726}) = 0
19:18:50.515382,1023,ioctl(9, 0xc0186201, 0xbee6d328) = 0
19:18:50.515992,1023,epoll_wait(0x1e, 0xbee6d1f8, 0x10, 0x12) = 0
19:18:50.558104,1023,clock_gettime(CLOCK_MONOTONIC, {148, 843058559}) = 0
19:18:50.558805,1023,clock_gettime(CLOCK_MONOTONIC, {148, 843744812}) = 0
19:18:50.559457,1023,recvfrom(37, 0xbee6c9a8, 24, 64, 0, 0) = -1 EAGAIN (Try again)
19:18:50.560144,1023,ioctl(9, 0xc0186201, 0xbee6d178) = 0
19:18:50.561297,1023,getpid() = 1023
19:18:50.561963,1023,getuid32() = 10050
19:18:50.562575,1023,epoll_wait(0x1e, 0xbee6d1f8, 0x10, 0) = 0
19:18:50.563149,1023,clock_gettime(CLOCK_MONOTONIC, {148, 848076953}) = 0
19:18:50.563799,1023,epoll_wait(0x1e, 0xbee6d1f8, 0x10, 0xffffffff) = 1
19:18:50.599863,1023,recvfrom(37, "nysv\0\0\0\0.r+¨\"\0\0\0ê\4\0\0\224Â'¸", 24, MSG_DONTWAIT, NULL, NULL) = 24
19:18:50.600652,1023,recvfrom(37, 0xbee6c828, 24, 64, 0, 0) = -1 EAGAIN (Try again)
19:18:50.601325,1023,clock_gettime(CLOCK_MONOTONIC, {148, 886253849}) = 0
19:18:50.602072,1023,write(29, "W", 1) = 1
19:18:50.602780,1023,clock_gettime(CLOCK_MONOTONIC, {148, 887709042}) = 0
19:18:50.603493,1023,clock_gettime(CLOCK_MONOTONIC, {148, 888567734}) = 0
19:18:50.604349,1023,clock_gettime(CLOCK_MONOTONIC, {148, 889279710}) = 0
19:18:50.604986,1023,clock_gettime(CLOCK_MONOTONIC, {148, 889914416}) = 0
19:18:50.605865,1023,clock_gettime(CLOCK_MONOTONIC, {148, 890793948}) = 0
19:18:50.606494,1023,clock_gettime(CLOCK_MONOTONIC, {148, 891468251}) = 0
19:18:50.607177,1023,recvfrom(37, 0xbee6c9a8, 24, 64, 0, 0) = -1 EAGAIN (Try again)
19:18:50.607795,1023,ioctl(9, 0xc0186201, 0xbee6d178) = 0
19:18:50.627765,1023,clock_gettime(CLOCK_MONOTONIC, {148, 912840172}) = 0
19:18:50.628774,1023,clock_gettime(CLOCK_MONOTONIC, {148, 913708191}) = 0
19:18:50.629385,1023,clock_gettime(CLOCK_MONOTONIC, {148, 914313443}) = 0
19:18:50.630094,1023,clock_gettime(CLOCK_MONOTONIC, {148, 915022154}) = 0
19:18:50.631277,1023,clock_gettime(CLOCK_MONOTONIC, {148, 916302360}) = 0
19:18:50.632173,1023,write(29, "W", 1) = 1
19:18:50.633023,1023,ioctl(9, 0xc0186201, 0xbee6cf10) = 0
19:18:50.633857,1023,ioctl(9, 0xc0186201, 0xbee6cf10) = 0
19:18:50.635340,1023,clock_gettime(CLOCK_MONOTONIC, {148, 920274752}) = 0
19:18:50.688500,1023,clock_gettime(CLOCK_MONOTONIC, {148, 977068877}) = 0
19:18:50.692838,1023,ioctl(9, 0xc0186201, 0xbee6d0c8) = 0
19:18:50.697999,1023,getpid() = 1023
19:18:50.698549,1023,getuid32() = 10050
19:18:50.699242,1023,epoll_wait(0x1e, 0xbee6d1f8, 0x10, 0) = 2
19:18:50.699840,1023,read(23, "WW", 16) = 2
19:18:50.700434,1023,recvfrom(37, "nysv\0\0\0\0Ø\212\17¬\"\0\0\0ë\4\0\0\224Â'¸", 24, MSG_DONTWAIT, NULL, NULL) = 24
19:18:50.701189,1023,recvfrom(37, 0xbee6c828, 24, 64, 0, 0) = -1 EAGAIN (Try again)
19:18:50.701828,1023,clock_gettime(CLOCK_MONOTONIC, {148, 986781355}) = 0
19:18:50.702550,1023,clock_gettime(CLOCK_MONOTONIC, {148, 987527246}) = 0
19:18:50.703241,1023,clock_gettime(CLOCK_MONOTONIC, {148, 988175913}) = 0
19:18:50.703915,1023,clock_gettime(CLOCK_MONOTONIC, {148, 988850793}) = 0
19:18:50.704556,1023,recvfrom(38, 0xb88738b0, 1240, 64, 0, 0) = -1 EAGAIN (Try again)
19:18:50.705202,1023,clock_gettime(CLOCK_MONOTONIC, {148, 990138512}) = 0
19:18:50.705863,1023,clock_gettime(CLOCK_MONOTONIC, {148, 990798837}) = 0
19:18:50.706482,1023,getpid() = 1023
19:18:50.707048,1023,getuid32() = 10050
19:18:50.707615,1023,epoll_wait(0x1e, 0xbee6d1f8, 0x10, 0) = 0
19:18:50.746791,1023,clock_gettime(CLOCK_MONOTONIC, {149, 31750790}) = 0
19:18:50.747463,1023,clock_gettime(CLOCK_MONOTONIC, {149, 32438767}) = 0
19:18:50.748150,1023,recvfrom(37, 0xbee6c9a8, 24, 64, 0, 0) = -1 EAGAIN (Try again)
19:18:50.748805,1023,ioctl(9, 0xc0186201, 0xbee6d178) = 0
19:18:50.749823,1023,getpid() = 1023
19:18:50.750382,1023,getuid32() = 10050
19:18:50.751009,1023,epoll_wait(0x1e, 0xbee6d1f8, 0x10, 0) = 0
19:18:50.751583,1023,clock_gettime(CLOCK_MONOTONIC, {149, 36557342}) = 0
19:18:50.752332,1023,epoll_wait(0x1e, 0xbee6d1f8, 0x10, 0xffffffff) = 1
19:18:50.757943,1023,recvfrom(37, "nysv\0\0\0\0\16ô'³\"\0\0\0í\4\0\0\224Â'¸", 24, MSG_DONTWAIT, NULL, NULL) = 24
19:18:50.758714,1023,recvfrom(37, 0xbee6c828, 24, 64, 0, 0) = -1 EAGAIN (Try again)
19:18:50.759558,1023,clock_gettime(CLOCK_MONOTONIC, {149, 44527246}) = 0
19:18:50.760229,1023,write(29, "W", 1) = 1
19:18:50.760908,1023,clock_gettime(CLOCK_MONOTONIC, {149, 45837118}) = 0
19:18:50.761510,1023,clock_gettime(CLOCK_MONOTONIC, {149, 46476460}) = 0
19:18:50.762138,1023,clock_gettime(CLOCK_MONOTONIC, {149, 47291141}) = 0
19:18:50.763018,1023,clock_gettime(CLOCK_MONOTONIC, {149, 47955067}) = 0
19:18:50.763924,1023,clock_gettime(CLOCK_MONOTONIC, {149, 48859914}) = 0
19:18:50.764560,1023,clock_gettime(CLOCK_MONOTONIC, {149, 49533171}) = 0
19:18:50.765238,1023,recvfrom(37, 0xbee6c9a8, 24, 64, 0, 0) = -1 EAGAIN (Try again)
19:18:50.765856,1023,ioctl(9, 0xc0186201, 0xbee6d178) = 0
19:18:50.766884,1023,clock_gettime(CLOCK_MONOTONIC, {149, 51821429}) = 0
19:18:50.767529,1023,clock_gettime(CLOCK_MONOTONIC, {149, 52502253}) = 0
19:18:50.768345,1023,clock_gettime(CLOCK_MONOTONIC, {149, 53282799}) = 0
19:18:50.768991,1023,clock_gettime(CLOCK_MONOTONIC, {149, 53930832}) = 0
19:18:50.769657,1023,clock_gettime(CLOCK_MONOTONIC, {149, 54597620}) = 0
19:18:50.770319,1023,write(29, "W", 1) = 1
19:18:50.771117,1023,ioctl(9, 0xc0186201, 0xbee6cf10) = 0
19:18:50.772705,1023,clock_gettime(CLOCK_MONOTONIC, {149, 57647801}) = 0
19:18:50.794692,1023,clock_gettime(CLOCK_MONOTONIC, {149, 79670507}) = 0
19:18:50.795369,1023,ioctl(9, 0xc0186201, 0xbee6d0c8) = 0
19:18:50.796444,1023,getpid() = 1023
19:18:50.797031,1023,getuid32() = 10050
19:18:50.833350,1023,epoll_wait(0x1e, 0xbee6d1f8, 0x10, 0) = 2
19:18:50.834090,1023,read(23, "WW", 16) = 2
19:18:50.834772,1023,recvfrom(37, "nysv\0\0\0\0@ìL´\"\0\0\0î\4\0\0\224Â'¸", 24, MSG_DONTWAIT, NULL, NULL) = 24
19:18:50.835458,1023,recvfrom(37, 0xbee6c828, 24, 64, 0, 0) = -1 EAGAIN (Try again)
19:18:50.857768,1023,clock_gettime(CLOCK_MONOTONIC, {149, 142824811}) = 0
19:18:50.858728,1023,clock_gettime(CLOCK_MONOTONIC, {149, 143709978}) = 0
19:18:50.859473,1023,clock_gettime(CLOCK_MONOTONIC, {149, 144445177}) = 0
19:18:50.860173,1023,clock_gettime(CLOCK_MONOTONIC, {149, 145100734}) = 0
19:18:50.860827,1023,recvfrom(38, 0xb88738b0, 1240, 64, 0, 0) = -1 EAGAIN (Try again)
19:18:50.861462,1023,clock_gettime(CLOCK_MONOTONIC, {149, 146416533}) = 0
19:18:50.862394,1023,clock_gettime(CLOCK_MONOTONIC, {149, 147323335}) = 0
19:18:50.863105,1023,clock_gettime(CLOCK_MONOTONIC, {149, 148033186}) = 0
19:18:50.863760,1023,recvfrom(37, 0xbee6c9a8, 24, 64, 0, 0) = -1 EAGAIN (Try again)
19:18:50.864318,1023,ioctl(9, 0xc0186201, 0xbee6d178) = 0
19:18:50.865210,1023,clock_gettime(CLOCK_MONOTONIC, {149, 150202920}) = 0
19:18:50.865985,1023,clock_gettime(CLOCK_MONOTONIC, {149, 150915219}) = 0
19:18:50.866586,1023,clock_gettime(CLOCK_MONOTONIC, {149, 151553032}) = 0
19:18:50.867221,1023,clock_gettime(CLOCK_MONOTONIC, {149, 152147623}) = 0
19:18:50.867878,1023,clock_gettime(CLOCK_MONOTONIC, {149, 182248169}) = 0
19:18:50.898762,1023,ioctl(9, 0xc0186201, 0xbee6cf10) = 0
19:18:50.900221,1023,ioctl(9, 0xc0186201, 0xbee6cf10) = 0
19:18:50.901822,1023,clock_gettime(CLOCK_MONOTONIC, {149, 186784129}) = 0
19:18:50.905507,1023,clock_gettime(CLOCK_MONOTONIC, {149, 190475738}) = 0
19:18:50.906222,1023,ioctl(9, 0xc0186201, 0xbee6d0c8) = 0
19:18:50.907049,1023,ioctl(9, 0xc0186201, 0xbee6d0c8) = 0
19:18:50.908169,1023,getpid() = 1023
19:18:50.908759,1023,getuid32() = 10050
19:18:50.909382,1023,epoll_wait(0x1e, 0xbee6d1f8, 0x10, 0) = 1
19:18:50.910000,1023,recvfrom(37, "nysv\0\0\0\0D]@º\"\0\0\0ð\4\0\0\224Â'¸", 24, MSG_DONTWAIT, NULL, NULL) = 24
19:18:50.910807,1023,recvfrom(37, 0xbee6c828, 24, 64, 0, 0) = -1 EAGAIN (Try again)
19:18:50.911457,1023,clock_gettime(CLOCK_MONOTONIC, {149, 196412929}) = 0
19:18:50.912204,1023,clock_gettime(CLOCK_MONOTONIC, {149, 197155813}) = 0
19:18:50.912898,1023,getpid() = 1023
19:18:50.913476,1023,getuid32() = 10050
19:18:50.914093,1023,epoll_wait(0x1e, 0xbee6d1f8, 0x10, 0) = 0
19:18:50.914708,1023,clock_gettime(CLOCK_MONOTONIC, {149, 199657975}) = 0
19:18:50.915381,1023,clock_gettime(CLOCK_MONOTONIC, {149, 200331378}) = 0
19:18:50.916055,1023,clock_gettime(CLOCK_MONOTONIC, {149, 201004699}) = 0
19:18:50.916752,1023,recvfrom(38, 0xb88738b0, 1240, 64, 0, 0) = -1 EAGAIN (Try again)
19:18:50.917390,1023,clock_gettime(CLOCK_MONOTONIC, {149, 202340234}) = 0
19:18:50.918069,1023,clock_gettime(CLOCK_MONOTONIC, <unfinished ...>
19:18:50.968143,1041,<... read resumed> "401\0\0\0\0\4\7\0\0\0", 4096) = 12
19:18:50.968641,1023,<... clock_gettime resumed> {149, 253269526}) = 0
19:18:50.969113,1041,close(36 <unfinished ...>
19:18:50.969502,1023,getpid() = 1023
19:18:50.970326,1041,<... close resumed> ) = 0
19:18:50.970671,1023,getuid32( <unfinished ...>
19:18:50.971063,1041,open("/system/etc/hosts", O_RDONLY <unfinished ...>
19:18:50.971485,1023,<... getuid32 resumed> ) = 10050
19:18:50.971902,1041,<... open resumed> ) = 36
19:18:50.972292,1023,epoll_wait(0x1e, 0xbee6d1f8, 0x10, 0 <unfinished ...>
19:18:50.972719,1041,fstat64(36, <unfinished ...>
19:18:50.973028,1023,<... epoll_wait resumed> ) = 0
19:18:50.973326,1041,<... fstat64 resumed> {st_mode=S_IFREG|0644, st_size=25, ...}) = 0
19:18:50.974231,1023,clock_gettime(CLOCK_MONOTONIC, <unfinished ...>
19:18:50.974554,1041,mprotect(0xb6584000, 4096, PROT_READ|PROT_WRITE <unfinished ...>
19:18:50.974877,1023,<... clock_gettime resumed> {149, 259515061}) = 0
19:18:50.975252,1041,<... mprotect resumed> ) = 0
19:18:50.975625,1023,clock_gettime(CLOCK_MONOTONIC, <unfinished ...>
19:18:50.975967,1041,mprotect(0xb6584000, 4096, PROT_READ <unfinished ...>
19:18:50.976280,1023,<... clock_gettime resumed> {149, 260918833}) = 0
19:18:50.976656,1041,<... mprotect resumed> ) = 0
19:18:50.977042,1023,recvfrom(37, <unfinished ...>
19:18:50.977358,1041,read(36, <unfinished ...>
19:18:50.977677,1023,<... recvfrom resumed> 0xbee6c9a8, 24, 64, 0, 0) = -1 EAGAIN (Try again)
19:18:50.977997,1041,<... read resumed> "127.0.0.1\t\t localhost\n", 4096) = 25
19:18:50.978525,1023,ioctl(9, 0xc0186201 <unfinished ...>
19:18:50.978862,1041,read(36, <unfinished ...>
19:18:50.979220,1023,<... ioctl resumed> , 0xbee6d178) = 0
19:18:50.979522,1041,<... read resumed> "", 4096) = 0
19:18:50.980107,1023,getpid( <unfinished ...>
19:18:50.981169,1041,close(36 <unfinished ...>
19:18:50.981559,1023,<... getpid resumed> ) = 1023
19:18:50.981924,1043,<... read resumed> "401\0\0\0\0\4\7\0\0\0", 4096) = 12
19:18:50.982326,1041,<... close resumed> ) = 0
19:18:50.982741,1023,getuid32( <unfinished ...>
19:18:50.983061,1043,close(39 <unfinished ...>
19:18:50.983860,1041,mmap2(NULL, 69632, PROT_READ|PROT_WRITE, MAP_PRIVATE|MAP_ANONYMOUS, -1, 0 <unfinished ...>
19:18:50.984216,1023,<... getuid32 resumed> ) = 10050
19:18:50.984805,1041,<... mmap2 resumed> ) = 0xac857000
19:18:50.985157,1023,futex(0xb6f62698, FUTEX_WAIT_PRIVATE, 2, NULL <unfinished ...>
19:18:50.985479,1043,<... close resumed> ) = 0
19:18:50.985802,1041,madvise(0xac857000, 69632, 0xc /* MADV_??? */ <unfinished ...>
19:18:50.986149,1043,futex(0xb6f62698, FUTEX_WAIT_PRIVATE, 2, NULL <unfinished ...>
19:18:50.986440,1041,<... madvise resumed> ) = -1 EINVAL (Invalid argument)
19:18:50.986865,1041,futex(0xb6f62698, FUTEX_WAKE_PRIVATE, 1) = 1
19:18:50.987386,1023,<... futex resumed> ) = 0
19:18:51.018952,1041,getpid( <unfinished ...>
19:18:51.019241,1023,futex(0xb6f62698, FUTEX_WAKE_PRIVATE, 1 <unfinished ...>
19:18:51.019549,1041,<... getpid resumed> ) = 1023
19:18:51.019883,1023,<... futex resumed> ) = 1
19:18:51.020303,1041,socket(PF_INET6, SOCK_DGRAM, IPPROTO_UDP <unfinished ...>
19:18:51.020639,1043,<... futex resumed> ) = 0
19:18:51.021035,1023,epoll_wait(0x1e, 0xbee6d1f8, 0x10, 0 <unfinished ...>
19:18:51.021494,1041,<... socket resumed> ) = 36
19:18:51.021828,1043,futex(0xb6f62698, FUTEX_WAKE_PRIVATE, 1 <unfinished ...>
19:18:51.022144,1023,<... epoll_wait resumed> ) = 1
19:18:51.022475,1041,connect(36, {sa_family=AF_INET6, sin6_port=htons(0), inet_pton(AF_INET6, "2000::", &sin6_addr), sin6_flowinfo=0, sin6_scope_id=0}, 28 <unfinished ...>
19:18:51.023247,1043,<... futex resumed> ) = 0
19:18:51.023606,1023,recvfrom(37, <unfinished ...>
19:18:51.024809,1041,<... connect resumed> ) = -1 ENETUNREACH (Network is unreachable)
19:18:51.025702,1023,<... recvfrom resumed> "nysv\0\0\0\0p.\36Á\"\0\0\0ò\4\0\0\224Â'¸", 24, MSG_DONTWAIT, NULL, NULL) = 24
19:18:51.026305,1041,close(36 <unfinished ...>
19:18:51.026706,1023,recvfrom(37, <unfinished ...>
19:18:51.027096,1041,<... close resumed> ) = 0
19:18:51.027422,1023,<... recvfrom resumed> 0xbee6c828, 24, 64, 0, 0) = -1 EAGAIN (Try again)
19:18:51.027823,1041,socket(PF_INET, SOCK_DGRAM, IPPROTO_UDP <unfinished ...>
19:18:51.028235,1023,clock_gettime(CLOCK_MONOTONIC, <unfinished ...>
19:18:51.028598,1041,<... socket resumed> ) = 36
19:18:51.028926,1023,<... clock_gettime resumed> {149, 313559893}) = 0
19:18:51.029336,1041,connect(36, {sa_family=AF_INET, sin_port=htons(0), sin_addr=inet_addr("8.8.8.8")}, 16 <unfinished ...>
19:18:51.029982,1023,clock_gettime(CLOCK_MONOTONIC, <unfinished ...>
19:18:51.030425,1041,<... connect resumed> ) = 0
19:18:51.030755,1023,<... clock_gettime resumed> {149, 315389344}) = 0
19:18:51.031164,1041,close(36 <unfinished ...>
19:18:51.031544,1023,clock_gettime(CLOCK_MONOTONIC, <unfinished ...>
19:18:51.031882,1041,<... close resumed> ) = 0
19:18:51.032201,1023,<... clock_gettime resumed> {149, 316836215}) = 0
19:18:51.032697,1041,futex(0xb6f69f34, FUTEX_WAKE_PRIVATE, 2147483647 <unfinished ...>
19:18:51.033091,1023,clock_gettime(CLOCK_MONOTONIC, <unfinished ...>
19:18:51.033391,1041,<... futex resumed> ) = 0
19:18:51.033715,1023,<... clock_gettime resumed> {149, 318344272}) = 0
19:18:51.034353,1041,getpid( <unfinished ...>
19:18:51.034731,1023,clock_gettime(CLOCK_MONOTONIC, <unfinished ...>
19:18:51.035028,1041,<... getpid resumed> ) = 1023
19:18:51.035351,1023,<... clock_gettime resumed> {149, 319985923}) = 0
19:18:51.057331,1041,open("/dev/urandom", O_RDONLY <unfinished ...>
19:18:51.058139,1023,clock_gettime(CLOCK_MONOTONIC, <unfinished ...>
19:18:51.058620,1041,<... open resumed> ) = 36
19:18:51.058935,1023,<... clock_gettime resumed> {149, 343572900}) = 0
19:18:51.059328,1041,read(36, <unfinished ...>
19:18:51.059718,1023,clock_gettime(CLOCK_MONOTONIC, <unfinished ...>
19:18:51.060053,1041,<... read resumed> "<·61", 4) = 4
19:18:51.060395,1023,<... clock_gettime resumed> {149, 345035318}) = 0
19:18:51.060788,1041,close(36 <unfinished ...>
19:18:51.061170,1023,recvfrom(37, <unfinished ...>
19:18:51.061467,1041,<... close resumed> ) = 0
19:18:51.061788,1023,<... recvfrom resumed> 0xbee6c9a8, 24, 64, 0, 0) = -1 EAGAIN (Try again)
19:18:51.062348,1041,uname( <unfinished ...>
19:18:51.062764,1023,ioctl(9, 0xc0186201 <unfinished ...>
19:18:51.063064,1041,<... uname resumed> {sys="Linux", node="localhost", ...}) = 0
19:18:51.065409,1023,<... ioctl resumed> , 0xbee6d178) = 0
19:18:51.066109,1041,open("/dev/urandom", O_RDONLY <unfinished ...>
19:18:51.066813,1023,clock_gettime(CLOCK_MONOTONIC, <unfinished ...>
19:18:51.067147,1041,<... open resumed> ) = 36
19:18:51.067521,1023,<... clock_gettime resumed> {149, 352160924}) = 0
19:18:51.067920,1041,read(36, <unfinished ...>
19:18:51.068360,1023,clock_gettime(CLOCK_MONOTONIC, <unfinished ...>
19:18:51.068673,1041,<... read resumed> "ú\0/v", 4) = 4
19:18:51.069019,1023,<... clock_gettime resumed> {149, 353659284}) = 0
19:18:51.069406,1041,close(36 <unfinished ...>
19:18:51.069773,1023,clock_gettime(CLOCK_MONOTONIC, <unfinished ...>
19:18:51.070068,1041,<... close resumed> ) = 0
19:18:51.070398,1023,<... clock_gettime resumed> {149, 355038583}) = 0
19:18:51.071516,1041,futex(0xb6f69f78, FUTEX_WAKE_PRIVATE, 2147483647 <unfinished ...>
19:18:51.071910,1023,clock_gettime(CLOCK_MONOTONIC, <unfinished ...>
19:18:51.072200,1041,<... futex resumed> ) = 0
19:18:51.072503,1023,<... clock_gettime resumed> {149, 357144260}) = 0
19:18:51.107496,1041,socket(PF_INET, SOCK_DGRAM, IPPROTO_IP <unfinished ...>
19:18:51.107771,1043,open("/system/etc/hosts", O_RDONLY <unfinished ...>
19:18:51.108184,1023,clock_gettime(CLOCK_MONOTONIC, <unfinished ...>
19:18:51.108645,1041,<... socket resumed> ) = 36
19:18:51.108998,1043,<... open resumed> ) = 39
19:18:51.109308,1023,<... clock_gettime resumed> {149, 393947143}) = 0
19:18:51.109764,1041,open("/dev/urandom", O_RDONLY <unfinished ...>
19:18:51.110231,1043,fstat64(39, <unfinished ...>
19:18:51.111052,1023,write(29, "W", 1 <unfinished ...>
19:18:51.111423,1041,<... open resumed> ) = 42
19:18:51.111734,1043,<... fstat64 resumed> {st_mode=S_IFREG|0644, st_size=25, ...}) = 0
19:18:51.112796,1023,<... write resumed> ) = 1
19:18:51.113127,1041,read(42, <unfinished ...>
19:18:51.113466,1043,mprotect(0xb6584000, 4096, PROT_READ|PROT_WRITE <unfinished ...>
19:18:51.114143,1023,ioctl(9, 0xc0186201 <unfinished ...>
19:18:51.114486,1041,<... read resumed> "çm¼o", 4) = 4
19:18:51.114846,1043,<... mprotect resumed> ) = 0
19:18:51.115253,1023,<... ioctl resumed> , 0xbee6cf10) = 0
19:18:51.115590,1041,close(42 <unfinished ...>
19:18:51.115953,1043,mprotect(0xb6584000, 4096, PROT_READ <unfinished ...>
19:18:51.116576,1023,ioctl(9, 0xc0186201 <unfinished ...>
19:18:51.116905,1041,<... close resumed> ) = 0
19:18:51.117215,1043,<... mprotect resumed> ) = 0
19:18:51.117549,1023,<... ioctl resumed> , 0xbee6cf10) = 0
19:18:51.117890,1041,bind(36, {sa_family=AF_INET, sin_port=htons(29160), sin_addr=inet_addr("0.0.0.0")}, 16 <unfinished ...>
19:18:51.118347,1043,read(39, <unfinished ...>
19:18:51.119530,1023,clock_gettime(CLOCK_MONOTONIC, <unfinished ...>
19:18:51.119881,1041,<... bind resumed> ) = 0
19:18:51.120205,1043,<... read resumed> "127.0.0.1\t\t localhost\n", 4096) = 25
19:18:51.120707,1023,<... clock_gettime resumed> {149, 405335376}) = 0
19:18:51.121116,1041,connect(36, {sa_family=AF_INET, sin_port=htons(53), sin_addr=inet_addr("10.0.2.3")}, 16 <unfinished ...>
19:18:51.121574,1043,read(39, <unfinished ...>
19:18:51.124958,1023,clock_gettime(CLOCK_MONOTONIC, <unfinished ...>
19:18:51.125357,1041,<... connect resumed> ) = 0
19:18:51.125680,1043,<... read resumed> "", 4096) = 0
19:18:51.126014,1023,<... clock_gettime resumed> {149, 410648541}) = 0
19:18:51.126426,1041,sendto(36, "\0ú\1\0\0\1\0\0\0\0\0\0\6client\nmustmobile\3c"..., 39, 0, NULL, 0 <unfinished ...>
19:18:51.126983,1043,close(39 <unfinished ...>
19:18:51.127415,1023,ioctl(9, 0xc0186201 <unfinished ...>
19:18:51.128143,1041,<... sendto resumed> ) = 39
19:18:51.146623,1043,<... close resumed> ) = 0
19:18:51.146926,1023,<... ioctl resumed> , 0xbee6d0c8) = 0
19:18:51.147393,1041,clock_gettime(CLOCK_REALTIME, <unfinished ...>
19:18:51.147741,1043,mmap2(NULL, 69632, PROT_READ|PROT_WRITE, MAP_PRIVATE|MAP_ANONYMOUS, -1, 0 <unfinished ...>
19:18:51.148104,1023,ioctl(9, 0xc0186201 <unfinished ...>
19:18:51.148498,1041,<... clock_gettime resumed> {1738783131, 148392291}) = 0
19:18:51.148936,1043,<... mmap2 resumed> ) = 0xac846000
19:18:51.149266,1023,<... ioctl resumed> , 0xbee6d0c8) = 0
19:18:51.149705,1041,clock_gettime(CLOCK_REALTIME, <unfinished ...>
19:18:51.150041,1043,madvise(0xac846000, 69632, 0xc /* MADV_??? */ <unfinished ...>
19:18:51.150529,1023,futex(0xb6f62698, FUTEX_WAIT_PRIVATE, 2, NULL <unfinished ...>
19:18:51.150911,1041,<... clock_gettime resumed> {1738783131, 150735952}) = 0
19:18:51.151333,1043,<... madvise resumed> ) = -1 EINVAL (Invalid argument)
19:18:51.151753,1041,select(37, [36], NULL, NULL, {4, 997657} <unfinished ...>
19:18:51.152420,1043,futex(0xb6f62698, FUTEX_WAKE_PRIVATE, 1) = 1
19:18:51.153032,1023,<... futex resumed> ) = 0
19:18:51.153399,1043,mmap2(NULL, 69632, PROT_READ|PROT_WRITE, MAP_PRIVATE|MAP_ANONYMOUS, -1, 0 <unfinished ...>
19:18:51.153771,1023,futex(0xb6f62698, FUTEX_WAIT_PRIVATE, 2, NULL <unfinished ...>
19:18:51.154089,1043,<... mmap2 resumed> ) = 0xac835000
19:18:51.154439,1043,madvise(0xac835000, 69632, 0xc /* MADV_??? */) = -1 EINVAL (Invalid argument)
19:18:51.155072,1043,futex(0xb6f62698, FUTEX_WAKE_PRIVATE, 1) = 1
19:18:51.155617,1023,<... futex resumed> ) = 0
19:18:51.155945,1043,getpid( <unfinished ...>
19:18:51.156285,1023,futex(0xb6f62698, FUTEX_WAKE_PRIVATE, 1 <unfinished ...>
19:18:51.156581,1043,<... getpid resumed> ) = 1023
19:18:51.156907,1023,<... futex resumed> ) = 0
19:18:51.157335,1043,socket(PF_INET6, SOCK_DGRAM, IPPROTO_UDP <unfinished ...>
19:18:51.157787,1023,getpid( <unfinished ...>
19:18:51.158144,1043,<... socket resumed> ) = 39
19:18:51.158462,1023,<... getpid resumed> ) = 1023
19:18:51.158796,1043,connect(39, {sa_family=AF_INET6, sin6_port=htons(0), inet_pton(AF_INET6, "2000::", &sin6_addr), sin6_flowinfo=0, sin6_scope_id=0}, 28 <unfinished ...>
19:18:51.159324,1023,getuid32( <unfinished ...>
19:18:51.159677,1043,<... connect resumed> ) = -1 ENETUNREACH (Network is unreachable)
19:18:51.159998,1023,<... getuid32 resumed> ) = 10050
19:18:51.160330,1043,close(39 <unfinished ...>
19:18:51.160729,1023,epoll_wait(0x1e, 0xbee6d1f8, 0x10, 0 <unfinished ...>
19:18:51.161084,1043,<... close resumed> ) = 0
19:18:51.161412,1023,<... epoll_wait resumed> ) = 2
19:18:51.161745,1043,socket(PF_INET, SOCK_DGRAM, IPPROTO_UDP <unfinished ...>
19:18:51.162104,1023,read(23, <unfinished ...>
19:18:51.162443,1043,<... socket resumed> ) = 39
19:18:51.162790,1023,<... read resumed> "W", 16) = 1
19:18:51.163158,1043,connect(39, {sa_family=AF_INET, sin_port=htons(0), sin_addr=inet_addr("8.8.8.8")}, 16 <unfinished ...>
19:18:51.163629,1023,recvfrom(37, <unfinished ...>
19:18:51.163962,1043,<... connect resumed> ) = 0
19:18:51.164302,1023,<... recvfrom resumed> "nysv\0\0\0\0L?'Æ\"\0\0\0ó\4\0\0\224Â'¸", 24, MSG_DONTWAIT, NULL, NULL) = 24
19:18:51.164813,1043,close(39 <unfinished ...>
19:18:51.165154,1023,recvfrom(37, <unfinished ...>
19:18:51.165482,1043,<... close resumed> ) = 0
19:18:51.165811,1023,<... recvfrom resumed> 0xbee6c828, 24, 64, 0, 0) = -1 EAGAIN (Try again)
19:18:51.166314,1043,getpid( <unfinished ...>
19:18:51.166722,1023,clock_gettime(CLOCK_MONOTONIC, <unfinished ...>
19:18:51.167020,1043,<... getpid resumed> ) = 1023
19:18:51.167343,1023,<... clock_gettime resumed> {149, 451978424}) = 0
19:18:51.167758,1043,open("/dev/urandom", O_RDONLY <unfinished ...>
19:18:51.168310,1023,clock_gettime(CLOCK_MONOTONIC, <unfinished ...>
19:18:51.168670,1043,<... open resumed> ) = 39
19:18:51.168994,1023,<... clock_gettime resumed> {149, 453628338}) = 0
19:18:51.169398,1043,read(39, <unfinished ...>
19:18:51.169782,1023,clock_gettime(CLOCK_MONOTONIC, <unfinished ...>
19:18:51.170108,1043,<... read resumed> "!4A6", 4) = 4
19:18:51.170465,1023,<... clock_gettime resumed> {149, 455100224}) = 0
19:18:51.170873,1043,close(39 <unfinished ...>
19:18:51.171241,1023,clock_gettime(CLOCK_MONOTONIC, <unfinished ...>
19:18:51.171547,1043,<... close resumed> ) = 0
19:18:51.171871,1023,<... clock_gettime resumed> {149, 456506416}) = 0
19:18:51.172449,1043,uname( <unfinished ...>
19:18:51.172851,1023,recvfrom(38, <unfinished ...>
19:18:51.173153,1043,<... uname resumed> {sys="Linux", node="localhost", ...}) = 0
19:18:51.175520,1023,<... recvfrom resumed> 0xb88738b0, 1240, 64, 0, 0) = -1 EAGAIN (Try again)
19:18:51.175933,1043,open("/dev/urandom", O_RDONLY <unfinished ...>
19:18:51.176418,1023,clock_gettime(CLOCK_MONOTONIC, <unfinished ...>
19:18:51.176765,1043,<... open resumed> ) = 39
19:18:51.177087,1023,<... clock_gettime resumed> {149, 461721563}) = 0
19:18:51.177492,1043,read(39, <unfinished ...>
19:18:51.178139,1023,clock_gettime(CLOCK_MONOTONIC, <unfinished ...>
19:18:51.178463,1043,<... read resumed> "vßß-", 4) = 4
19:18:51.178826,1023,<... clock_gettime resumed> {149, 463460246}) = 0
19:18:51.179255,1043,close(39 <unfinished ...>
19:18:51.179649,1023,clock_gettime(CLOCK_MONOTONIC, <unfinished ...>
19:18:51.179958,1043,<... close resumed> ) = 0
19:18:51.180277,1023,<... clock_gettime resumed> {149, 464911583}) = 0
19:18:51.180793,1043,socket(PF_INET, SOCK_DGRAM, IPPROTO_IP <unfinished ...>
19:18:51.181196,1023,recvfrom(37, <unfinished ...>
19:18:51.181535,1043,<... socket resumed> ) = 39
19:18:51.181867,1023,<... recvfrom resumed> 0xbee6c9a8, 24, 64, 0, 0) = -1 EAGAIN (Try again)
19:18:51.182208,1043,open("/dev/urandom", O_RDONLY <unfinished ...>
19:18:51.182687,1023,ioctl(9, 0xc0186201 <unfinished ...>
19:18:51.183030,1043,<... open resumed> ) = 42
19:18:51.183407,1023,<... ioctl resumed> , 0xbee6d178) = 0
19:18:51.183745,1043,read(42, <unfinished ...>
19:18:51.184353,1023,clock_gettime(CLOCK_MONOTONIC, <unfinished ...>
19:18:51.184686,1043,<... read resumed> "ZZô\233", 4) = 4
19:18:51.185112,1023,<... clock_gettime resumed> {149, 469747491}) = 0
19:18:51.185519,1043,close(42 <unfinished ...>
19:18:51.185980,1023,clock_gettime(CLOCK_MONOTONIC, <unfinished ...>
19:18:51.186289,1043,<... close resumed> ) = 0
19:18:51.186613,1023,<... clock_gettime resumed> {149, 471243018}) = 0
19:18:51.187019,1043,bind(39, {sa_family=AF_INET, sin_port=htons(24155), sin_addr=inet_addr("0.0.0.0")}, 16 <unfinished ...>
19:18:51.187517,1023,clock_gettime(CLOCK_MONOTONIC, <unfinished ...>
19:18:51.187873,1043,<... bind resumed> ) = 0
19:18:51.188194,1023,<... clock_gettime resumed> {149, 472829324}) = 0
19:18:51.188599,1043,connect(39, {sa_family=AF_INET, sin_port=htons(53), sin_addr=inet_addr("10.0.2.3")}, 16 <unfinished ...>
19:18:51.189097,1023,clock_gettime(CLOCK_MONOTONIC, <unfinished ...>
19:18:51.189421,1043,<... connect resumed> ) = 0
19:18:51.189745,1023,<... clock_gettime resumed> {149, 474380397}) = 0
19:18:51.190151,1043,sendto(39, "ßv\1\0\0\1\0\0\0\0\0\0\6client\nmustmobile\3c"..., 39, 0, NULL, 0 <unfinished ...>
19:18:51.190772,1023,clock_gettime(CLOCK_MONOTONIC, <unfinished ...>
19:18:51.191342,1043,<... sendto resumed> ) = 39
19:18:51.191675,1023,<... clock_gettime resumed> {149, 476304111}) = 0
19:18:51.192086,1043,clock_gettime(CLOCK_REALTIME, <unfinished ...>
19:18:51.192690,1023,ioctl(9, 0xc0186201 <unfinished ...>
19:18:51.193004,1043,<... clock_gettime resumed> {1738783131, 192891590}) = 0
19:18:51.193480,1023,<... ioctl resumed> , 0xbee6cf10) = 0
19:18:51.193824,1043,clock_gettime(CLOCK_REALTIME, <unfinished ...>
19:18:51.194415,1023,ioctl(9, 0xc0186201 <unfinished ...>
19:18:51.194729,1043,<... clock_gettime resumed> {1738783131, 194621513}) = 0
19:18:51.195155,1023,<... ioctl resumed> , 0xbee6cf10) = 0
19:18:51.195492,1043,select(40, [39], NULL, NULL, {4, 998271} <unfinished ...>
19:18:51.196781,1023,clock_gettime(CLOCK_MONOTONIC, {149, 481785319}) = 0
19:18:51.200318,1023,clock_gettime(CLOCK_MONOTONIC, {149, 485276736}) = 0
19:18:51.201019,1023,ioctl(9, 0xc0186201, 0xbee6d0c8) = 0
19:18:51.201962,1023,ioctl(9, 0xc0186201, 0xbee6d0c8) = 0
19:18:51.202704,1023,getpid() = 1023
19:18:51.203284,1023,getuid32() = 10050
19:18:51.203908,1023,epoll_wait(0x1e, 0xbee6d1f8, 0x10, 0) = 0
19:18:51.204524,1023,clock_gettime(CLOCK_MONOTONIC, {149, 489478950}) = 0
19:18:51.205213,1023,getpid() = 1023
19:18:51.205794,1023,getuid32() = 10050
19:18:51.206402,1023,epoll_wait(0x1e, 0xbee6d1f8, 0x10, 0) = 0
19:18:51.207010,1023,clock_gettime(CLOCK_MONOTONIC, {149, 491959207}) = 0
19:18:51.207695,1023,ioctl(9, 0xc0186201, 0xbee6d328) = 0
19:18:51.208317,1023,epoll_wait(0x1e, 0xbee6d1f8, 0x10, 0x48) = 0
19:18:51.545345,1023,clock_gettime(CLOCK_MONOTONIC, {149, 830320998}) = 0
19:18:51.555915,1023,getpid() = 1023
19:18:51.556507,1023,getuid32() = 10050
19:18:51.557216,1023,epoll_wait(0x1e, 0xbee6d1f8, 0x10, 0) = 1
19:18:51.557918,1023,recvfrom(37, "nysv\0\0\0\0\202¨?Í\"\0\0\0õ\4\0\0\224Â'¸", 24, MSG_DONTWAIT, NULL, NULL) = 24
19:18:51.558842,1023,recvfrom(37, 0xbee6c828, 24, 64, 0, 0) = -1 EAGAIN (Try again)
19:18:51.559521,1023,clock_gettime(CLOCK_MONOTONIC, {149, 844519453}) = 0
19:18:51.560347,1023,clock_gettime(CLOCK_MONOTONIC, {149, 845299798}) = 0
19:18:51.561044,1023,clock_gettime(CLOCK_MONOTONIC, {149, 845996344}) = 0
19:18:51.561884,1023,writev(3, [{"\4", 1}, {"Choreographer\0", 14}, {"Skipped 97 frames! The applicat"..., 83}], 3) = 98
19:18:51.563541,1023,clock_gettime(CLOCK_MONOTONIC, {149, 848495250}) = 0
19:18:51.564254,1023,recvfrom(38, 0xb88738b0, 1240, 64, 0, 0) = -1 EAGAIN (Try again)
19:18:51.564975,1023,clock_gettime(CLOCK_MONOTONIC, {149, 849919016}) = 0
19:18:51.574117,1023,clock_gettime(CLOCK_MONOTONIC, {149, 859104334}) = 0
19:18:51.574859,1023,clock_gettime(CLOCK_MONOTONIC, {149, 859804282}) = 0
19:18:51.575535,1023,recvfrom(37, 0xbee6c9a8, 24, 64, 0, 0) = -1 EAGAIN (Try again)
19:18:51.576154,1023,ioctl(9, 0xc0186201, 0xbee6d178) = 0
19:18:51.577194,1023,clock_gettime(CLOCK_MONOTONIC, {149, 862139551}) = 0
19:18:51.577877,1023,clock_gettime(CLOCK_MONOTONIC, {149, 862820381}) = 0
19:18:51.578528,1023,clock_gettime(CLOCK_MONOTONIC, {149, 863475681}) = 0
19:18:51.579181,1023,clock_gettime(CLOCK_MONOTONIC, {149, 864122605}) = 0
19:18:51.579858,1023,clock_gettime(CLOCK_MONOTONIC, {149, 864799998}) = 0
19:18:51.580526,1023,write(29, "W", 1) = 1
19:18:51.581362,1023,ioctl(9, 0xc0186201, 0xbee6cf10) = 0
19:18:51.604284,1023,ioctl(9, 0xc0186201, 0xbee6cf10) = 0
19:18:51.605820,1023,clock_gettime(CLOCK_MONOTONIC, {149, 890769337}) = 0
19:18:51.607949,1023,brk(0xb8970000) = 0xb8970000
19:18:51.610057,1023,clock_gettime(CLOCK_MONOTONIC, {149, 895004745}) = 0
19:18:51.610730,1023,ioctl(9, 0xc0186201, 0xbee6d0c8) = 0
19:18:51.611885,1023,getpid() = 1023
19:18:51.612442,1023,getuid32() = 10050
19:18:51.613041,1023,epoll_wait(0x1e, 0xbee6d1f8, 0x10, 0) = 2
19:18:51.622673,1023,read(23, "W", 16) = 1
19:18:51.623481,1023,recvfrom(37, "nysv\0\0\0\0~<\230ä\"\0\0\0ö\4\0\0\224Â'¸", 24, MSG_DONTWAIT, NULL, NULL) = 24
19:18:51.624230,1023,recvfrom(37, 0xbee6c828, 24, 64, 0, 0) = -1 EAGAIN (Try again)
19:18:51.624867,1023,clock_gettime(CLOCK_MONOTONIC, {149, 909811090}) = 0
19:18:51.625608,1023,clock_gettime(CLOCK_MONOTONIC, {149, 910551166}) = 0
19:18:51.626265,1023,clock_gettime(CLOCK_MONOTONIC, {149, 911207939}) = 0
19:18:51.642585,1023,clock_gettime(CLOCK_MONOTONIC, {149, 927718788}) = 0
19:18:51.643485,1023,recvfrom(38, 0xb88738b0, 1240, 64, 0, 0) = -1 EAGAIN (Try again)
19:18:51.644121,1023,clock_gettime(CLOCK_MONOTONIC, {149, 929064368}) = 0
19:18:51.644775,1023,clock_gettime(CLOCK_MONOTONIC, {149, 929717672}) = 0
19:18:51.645424,1023,getpid() = 1023
19:18:51.645981,1023,getuid32() = 10050
19:18:51.646572,1023,epoll_wait(0x1e, 0xbee6d1f8, 0x10, 0) = 0
19:18:51.647166,1023,clock_gettime(CLOCK_MONOTONIC, {149, 932107165}) = 0
19:18:51.647824,1023,ioctl(9, 0xc0186201, 0xbee6d328) = 0
19:18:51.648422,1023,epoll_wait(0x1e, 0xbee6d1f8, 0x10, 0x15) = 0
19:18:51.679928,1023,clock_gettime(CLOCK_MONOTONIC, {149, 964877703}) = 0
19:18:51.680596,1023,clock_gettime(CLOCK_MONOTONIC, {149, 965546464}) = 0
19:18:51.681275,1023,recvfrom(37, 0xbee6c9a8, 24, 64, 0, 0) = -1 EAGAIN (Try again)
19:18:51.681889,1023,ioctl(9, 0xc0186201, 0xbee6d178) = 0
19:18:51.682750,1023,getpid() = 1023
19:18:51.683423,1023,getuid32() = 10050
19:18:51.684024,1023,epoll_wait(0x1e, 0xbee6d1f8, 0x10, 0) = 0
19:18:51.684608,1023,clock_gettime(CLOCK_MONOTONIC, {149, 969550373}) = 0
19:18:51.685269,1023,epoll_wait(0x1e, 0xbee6d1f8, 0x10, 0xffffffff) = 1
19:18:51.688799,1023,recvfrom(37, "nysv\0\0\0\0\226Ý\0ë\"\0\0\0ø\4\0\0\224Â'¸", 24, MSG_DONTWAIT, NULL, NULL) = 24
19:18:51.689543,1023,recvfrom(37, 0xbee6c828, 24, 64, 0, 0) = -1 EAGAIN (Try again)
19:18:51.690174,1023,clock_gettime(CLOCK_MONOTONIC, {149, 975116089}) = 0
19:18:51.690895,1023,write(29, "W", 1) = 1
19:18:51.691589,1023,clock_gettime(CLOCK_MONOTONIC, {149, 976539491}) = 0
19:18:51.692250,1023,clock_gettime(CLOCK_MONOTONIC, {149, 977192489}) = 0
19:18:51.692899,1023,clock_gettime(CLOCK_MONOTONIC, {149, 977868018}) = 0
19:18:51.693657,1023,clock_gettime(CLOCK_MONOTONIC, {149, 978691844}) = 0
19:18:51.694717,1023,clock_gettime(CLOCK_MONOTONIC, {149, 979662783}) = 0
19:18:51.695384,1023,clock_gettime(CLOCK_MONOTONIC, {149, 980327601}) = 0
19:18:51.696059,1023,recvfrom(37, 0xbee6c9a8, 24, 64, 0, 0) = -1 EAGAIN (Try again)
19:18:51.696663,1023,ioctl(9, 0xc0186201, 0xbee6d178) = 0
19:18:51.697489,1023,clock_gettime(CLOCK_MONOTONIC, {149, 982490986}) = 0
19:18:51.698222,1023,clock_gettime(CLOCK_MONOTONIC, {149, 983165257}) = 0
19:18:51.698879,1023,clock_gettime(CLOCK_MONOTONIC, {149, 983821556}) = 0
19:18:51.699526,1023,clock_gettime(CLOCK_MONOTONIC, {149, 984473837}) = 0
19:18:51.700203,1023,clock_gettime(CLOCK_MONOTONIC, {149, 985145721}) = 0
19:18:51.700878,1023,write(29, "W", 1) = 1
19:18:51.701700,1023,ioctl(9, 0xc0186201, 0xbee6cf10) = 0
19:18:51.702523,1023,ioctl(9, 0xc0186201, 0xbee6cf10) = 0
19:18:51.703861,1023,clock_gettime(CLOCK_MONOTONIC, {149, 988808891}) = 0
19:18:51.707317,1023,clock_gettime(CLOCK_MONOTONIC, {149, 992265145}) = 0
19:18:51.707988,1023,ioctl(9, 0xc0186201, 0xbee6d0c8) = 0
19:18:51.708866,1023,ioctl(9, 0xc0186201, 0xbee6d0c8) = 0
19:18:51.740629,1023,getpid() = 1023
19:18:51.744270,1023,getuid32() = 10050
19:18:51.744940,1023,epoll_wait(0x1e, 0xbee6d1f8, 0x10, 0) = 2
19:18:51.745555,1023,read(23, "WW", 16) = 2
19:18:51.746205,1023,recvfrom(37, "nysv\0\0\0\0ª\rvë\"\0\0\0ù\4\0\0\224Â'¸", 24, MSG_DONTWAIT, NULL, NULL) = 24
19:18:51.746984,1023,recvfrom(37, 0xbee6c828, 24, 64, 0, 0) = -1 EAGAIN (Try again)
19:18:51.747647,1023,clock_gettime(CLOCK_MONOTONIC, {150, 32598826}) = 0
19:18:51.748403,1023,clock_gettime(CLOCK_MONOTONIC, {150, 33354489}) = 0
19:18:51.749091,1023,clock_gettime(CLOCK_MONOTONIC, {150, 34042191}) = 0
19:18:51.749768,1023,clock_gettime(CLOCK_MONOTONIC, {150, 34720419}) = 0
19:18:51.750463,1023,recvfrom(38, 0xb88738b0, 1240, 64, 0, 0) = -1 EAGAIN (Try again)
19:18:51.751111,1023,clock_gettime(CLOCK_MONOTONIC, {150, 36062281}) = 0
19:18:51.751788,1023,clock_gettime(CLOCK_MONOTONIC, {150, 36737555}) = 0
19:18:51.752459,1023,getpid() = 1023
19:18:51.753039,1023,getuid32() = 10050
19:18:51.753656,1023,epoll_wait(0x1e, 0xbee6d1f8, 0x10, 0) = 0
19:18:51.754265,1023,clock_gettime(CLOCK_MONOTONIC, {150, 39214265}) = 0
19:18:51.754950,1023,ioctl(9, 0xc0186201, 0xbee6d328) = 0
19:18:51.755578,1023,epoll_wait(0x1e, 0xbee6d1f8, 0x10, 0x23) = 0
19:18:51.795086,1023,clock_gettime(CLOCK_MONOTONIC, {150, 80051933}) = 0
19:18:51.795804,1023,clock_gettime(CLOCK_MONOTONIC, {150, 80756652}) = 0
19:18:51.796505,1023,recvfrom(37, 0xbee6c9a8, 24, 64, 0, 0) = -1 EAGAIN (Try again)
19:18:51.797146,1023,ioctl(9, 0xc0186201, 0xbee6d178) = 0
19:18:51.798070,1023,getpid() = 1023
19:18:51.807092,1023,getuid32() = 10050
19:18:51.807722,1023,epoll_wait(0x1e, 0xbee6d1f8, 0x10, 0) = 1
19:18:51.808307,1023,recvfrom(37, "nysv\0\0\0\0Â®Þñ\"\0\0\0ú\4\0\0\224Â'¸", 24, MSG_DONTWAIT, NULL, NULL) = 24
19:18:51.809055,1023,recvfrom(37, 0xbee6c828, 24, 64, 0, 0) = -1 EAGAIN (Try again)
19:18:51.809745,1023,clock_gettime(CLOCK_MONOTONIC, {150, 94720168}) = 0
19:18:51.810697,1023,clock_gettime(CLOCK_MONOTONIC, {150, 95709983}) = 0
19:18:51.811493,1023,clock_gettime(CLOCK_MONOTONIC, {150, 96486409}) = 0
19:18:51.812208,1023,clock_gettime(CLOCK_MONOTONIC, {150, 97158729}) = 0
19:18:51.812887,1023,clock_gettime(CLOCK_MONOTONIC, {150, 97837271}) = 0
19:18:51.813836,1023,clock_gettime(CLOCK_MONOTONIC, {150, 98787386}) = 0
19:18:51.814577,1023,clock_gettime(CLOCK_MONOTONIC, {150, 99528325}) = 0
19:18:51.815253,1023,recvfrom(37, 0xbee6c9a8, 24, 64, 0, 0) = -1 EAGAIN (Try again)
19:18:51.815861,1023,ioctl(9, 0xc0186201, 0xbee6d178) = 0
19:18:51.834902,1023,clock_gettime(CLOCK_MONOTONIC, {150, 119925914}) = 0
19:18:51.835703,1023,clock_gettime(CLOCK_MONOTONIC, {150, 120648552}) = 0
19:18:51.836358,1023,clock_gettime(CLOCK_MONOTONIC, {150, 121301541}) = 0
19:18:51.837016,1023,clock_gettime(CLOCK_MONOTONIC, {150, 121987685}) = 0
19:18:51.837729,1023,clock_gettime(CLOCK_MONOTONIC, {150, 122672078}) = 0
19:18:51.838399,1023,write(29, "W", 1) = 1
19:18:51.839252,1023,ioctl(9, 0xc0186201, 0xbee6cf10) = 0
19:18:51.840121,1023,ioctl(9, 0xc0186201, 0xbee6cf10) = 0
19:18:51.841472,1023,clock_gettime(CLOCK_MONOTONIC, {150, 126464733}) = 0
19:18:51.844055,1023,clock_gettime(CLOCK_MONOTONIC, {150, 129003455}) = 0
19:18:51.844724,1023,ioctl(9, 0xc0186201, 0xbee6d0c8) = 0
19:18:51.845482,1023,ioctl(9, 0xc0186201, 0xbee6d0c8) = 0
19:18:51.846461,1023,getpid() = 1023
19:18:51.879870,1023,getuid32() = 10050
19:18:51.886923,1023,epoll_wait(0x1e, 0xbee6d1f8, 0x10, 0) = 2
19:18:51.887478,1023,read(23, "W", 16) = 1
19:18:51.888088,1023,recvfrom(37, "nysv\0\0\0\0ê\16Éò\"\0\0\0û\4\0\0\224Â'¸", 24, MSG_DONTWAIT, NULL, NULL) = 24
19:18:51.888811,1023,recvfrom(37, 0xbee6c828, 24, 64, 0, 0) = -1 EAGAIN (Try again)
19:18:51.889393,1023,clock_gettime(CLOCK_MONOTONIC, {150, 174322039}) = 0
19:18:51.890106,1023,clock_gettime(CLOCK_MONOTONIC, {150, 175035823}) = 0
19:18:51.890749,1023,clock_gettime(CLOCK_MONOTONIC, {150, 175677461}) = 0
19:18:51.891342,1023,clock_gettime(CLOCK_MONOTONIC, {150, 176269317}) = 0
19:18:51.891994,1023,recvfrom(38, 0xb88738b0, 1240, 64, 0, 0) = -1 EAGAIN (Try again)
19:18:51.892559,1023,clock_gettime(CLOCK_MONOTONIC, {150, 177519175}) = 0
19:18:51.893201,1023,clock_gettime(CLOCK_MONOTONIC, {150, 178128393}) = 0
19:18:51.893800,1023,getpid() = 1023
19:18:51.894306,1023,getuid32() = 10050
19:18:51.894849,1023,epoll_wait(0x1e, 0xbee6d1f8, 0x10, 0) = 0
19:18:51.895386,1023,clock_gettime(CLOCK_MONOTONIC, {150, 180312571}) = 0
19:18:51.896023,1023,ioctl(9, 0xc0186201, 0xbee6d328) = 0
19:18:51.896580,1023,epoll_wait(0x1e, 0xbee6d1f8, 0x10, 0x1e) = 0
19:18:51.931465,1023,clock_gettime(CLOCK_MONOTONIC, {150, 216451047}) = 0
19:18:51.932145,1023,clock_gettime(CLOCK_MONOTONIC, {150, 217075440}) = 0
19:18:51.932808,1023,recvfrom(37, 0xbee6c9a8, 24, 64, 0, 0) = -1 EAGAIN (Try again)
19:18:51.933375,1023,ioctl(9, 0xc0186201, 0xbee6d178) = 0
19:18:51.934672,1023,getpid() = 1023
19:18:51.935320,1023,getuid32() = 10050
19:18:51.935914,1023,epoll_wait(0x1e, 0xbee6d1f8, 0x10, 0) = 0
19:18:51.936450,1023,clock_gettime(CLOCK_MONOTONIC, {150, 221402981}) = 0
19:18:51.999005,1023,epoll_wait(0x1e, 0xbee6d1f8, 0x10, 0xffffffff) = 1
19:18:51.999587,1023,recvfrom(37, "nysv\0\0\0\0 xáù\"\0\0\0ý\4\0\0\224Â'¸", 24, MSG_DONTWAIT, NULL, NULL) = 24
19:18:52.000336,1023,recvfrom(37, 0xbee6c828, 24, 64, 0, 0) = -1 EAGAIN (Try again)
19:18:52.000972,1023,clock_gettime(CLOCK_MONOTONIC, {150, 285904786}) = 0
19:18:52.001647,1023,write(29, "W", 1) = 1
19:18:52.002366,1023,clock_gettime(CLOCK_MONOTONIC, {150, 287300673}) = 0
19:18:52.003031,1023,clock_gettime(CLOCK_MONOTONIC, {150, 288048148}) = 0
19:18:52.003755,1023,clock_gettime(CLOCK_MONOTONIC, {150, 288680692}) = 0
19:18:52.004346,1023,clock_gettime(CLOCK_MONOTONIC, {150, 289270173}) = 0
19:18:52.005213,1023,clock_gettime(CLOCK_MONOTONIC, {150, 290138098}) = 0
19:18:52.005858,1023,clock_gettime(CLOCK_MONOTONIC, {150, 290843427}) = 0
19:18:52.067510,1023,recvfrom(37, 0xbee6c9a8, 24, 64, 0, 0) = -1 EAGAIN (Try again)
19:18:52.069342,1023,ioctl(9, 0xc0186201, 0xbee6d178) = 0
19:18:52.072281,1023,clock_gettime(CLOCK_MONOTONIC, {150, 357311933}) = 0
19:18:52.073172,1023,clock_gettime(CLOCK_MONOTONIC, {150, 358112877}) = 0
19:18:52.073859,1023,clock_gettime(CLOCK_MONOTONIC, {150, 358796851}) = 0
19:18:52.074558,1023,clock_gettime(CLOCK_MONOTONIC, {150, 359537608}) = 0
19:18:52.075279,1023,clock_gettime(CLOCK_MONOTONIC, {150, 360223940}) = 0
19:18:52.110056,1023,write(29, "W", 1) = 1
19:18:52.111044,1023,ioctl(9, 0xc0186201, 0xbee6cf10) = 0
19:18:52.111929,1023,ioctl(9, 0xc0186201, 0xbee6cf10) = 0
19:18:52.113362,1023,clock_gettime(CLOCK_MONOTONIC, {150, 398302478}) = 0
19:18:52.151857,1023,clock_gettime(CLOCK_MONOTONIC, {150, 436850206}) = 0
19:18:52.152583,1023,ioctl(9, 0xc0186201, 0xbee6d0c8) = 0
19:18:52.153967,1023,getpid() = 1023
19:18:52.154536,1023,getuid32() = 10050
19:18:52.155229,1023,epoll_wait(0x1e, 0xbee6d1f8, 0x10, 0) = 2
19:18:52.155814,1023,read(23, "WW", 16) = 2
19:18:52.183979,1023,recvfrom(37, "nysv\0\0\0\0\210Ù\36\2#\0\0\0þ\4\0\0\224Â'¸", 24, MSG_DONTWAIT, NULL, NULL) = 24
19:18:52.184752,1023,recvfrom(37, 0xbee6c828, 24, 64, 0, 0) = -1 EAGAIN (Try again)
19:18:52.185429,1023,clock_gettime(CLOCK_MONOTONIC, {150, 470388989}) = 0
19:18:52.186189,1023,clock_gettime(CLOCK_MONOTONIC, {150, 471124968}) = 0
19:18:52.186861,1023,clock_gettime(CLOCK_MONOTONIC, {150, 471796753}) = 0
19:18:52.187482,1023,clock_gettime(CLOCK_MONOTONIC, {150, 472444451}) = 0
19:18:52.207839,1023,recvfrom(38, 0xb88738b0, 1240, 64, 0, 0) = -1 EAGAIN (Try again)
19:18:52.215907,1023,clock_gettime(CLOCK_MONOTONIC, {150, 500908101}) = 0
19:18:52.216940,1023,clock_gettime(CLOCK_MONOTONIC, {150, 501872808}) = 0
19:18:52.217569,1023,clock_gettime(CLOCK_MONOTONIC, {150, 502537498}) = 0
19:18:52.218231,1023,recvfrom(37, 0xbee6c9a8, 24, 64, 0, 0) = -1 EAGAIN (Try again)
19:18:52.218834,1023,ioctl(9, 0xc0186201, 0xbee6d178) = 0
19:18:52.219755,1023,clock_gettime(CLOCK_MONOTONIC, {150, 504807612}) = 0
19:18:52.220561,1023,clock_gettime(CLOCK_MONOTONIC, {150, 505529656}) = 0
19:18:52.221264,1023,clock_gettime(CLOCK_MONOTONIC, {150, 506192077}) = 0
19:18:52.222389,1023,clock_gettime(CLOCK_MONOTONIC, {150, 507524175}) = 0
19:18:52.223440,1023,clock_gettime(CLOCK_MONOTONIC, {150, 508397011}) = 0
19:18:52.224288,1023,ioctl(9, 0xc0186201, 0xbee6cf10) = 0
19:18:52.225196,1023,ioctl(9, 0xc0186201, 0xbee6cf10) = 0
19:18:52.226733,1023,clock_gettime(CLOCK_MONOTONIC, {150, 511674275}) = 0
19:18:52.230191,1023,clock_gettime(CLOCK_MONOTONIC, {150, 515134423}) = 0
19:18:52.230874,1023,ioctl(9, 0xc0186201, 0xbee6d0c8) = 0
19:18:52.231767,1023,ioctl(9, 0xc0186201, 0xbee6d0c8) = 0
19:18:52.264621,1023,getpid() = 1023
19:18:52.265156,1023,getuid32() = 10050
19:18:52.265753,1023,epoll_wait(0x1e, 0xbee6d1f8, 0x10, 0) = 1
19:18:52.279267,1023,recvfrom(37, "nysv\0\0\0\0\4kÑ\n#\0\0\0\0\5\0\0\224Â'¸", 24, MSG_DONTWAIT, NULL, NULL) = 24
19:18:52.280143,1023,recvfrom(37, 0xbee6c828, 24, 64, 0, 0) = -1 EAGAIN (Try again)
19:18:52.280794,1023,clock_gettime(CLOCK_MONOTONIC, {150, 565724763}) = 0
19:18:52.281536,1023,clock_gettime(CLOCK_MONOTONIC, {150, 566524310}) = 0
19:18:52.282225,1023,getpid() = 1023
19:18:52.282966,1023,getuid32() = 10050
19:18:52.283637,1023,epoll_wait(0x1e, 0xbee6d1f8, 0x10, 0) = 0
19:18:52.284243,1023,clock_gettime(CLOCK_MONOTONIC, {150, 569171069}) = 0
19:18:52.284880,1023,clock_gettime(CLOCK_MONOTONIC, {150, 569807510}) = 0
19:18:52.285471,1023,clock_gettime(CLOCK_MONOTONIC, {150, 570436393}) = 0
19:18:52.306284,1023,recvfrom(38, 0xb88738b0, 1240, 64, 0, 0) = -1 EAGAIN (Try again)
19:18:52.307329,1023,clock_gettime(CLOCK_MONOTONIC, {150, 592279300}) = 0
19:18:52.308072,1023,clock_gettime(CLOCK_MONOTONIC, {150, 593012275}) = 0
19:18:52.308772,1023,getpid() = 1023
19:18:52.309309,1023,getuid32() = 10050
19:18:52.309935,1023,epoll_wait(0x1e, 0xbee6d1f8, 0x10, 0) = 0
19:18:52.310636,1023,clock_gettime(CLOCK_MONOTONIC, {150, 595594759}) = 0
19:18:52.311316,1023,ioctl(9, 0xc0186201, 0xbee6d328) = 0
19:18:52.312447,1023,epoll_wait(0x1e, 0xbee6d1f8, 0x10, 0x1) = 0
19:18:52.314520,1023,clock_gettime(CLOCK_MONOTONIC, {150, 599502397}) = 0
19:18:52.315236,1023,clock_gettime(CLOCK_MONOTONIC, {150, 600211964}) = 0
19:18:52.315997,1023,recvfrom(37, 0xbee6c9a8, 24, 64, 0, 0) = -1 EAGAIN (Try again)
19:18:52.336041,1023,ioctl(9, 0xc0186201, 0xbee6d178) = 0
19:18:52.337042,1023,getpid() = 1023
19:18:52.337757,1023,getuid32() = 10050
19:18:52.338388,1023,epoll_wait(0x1e, 0xbee6d1f8, 0x10, 0) = 0
19:18:52.339117,1023,clock_gettime(CLOCK_MONOTONIC, {150, 624066054}) = 0
19:18:52.339842,1023,epoll_wait(0x1e, 0xbee6d1f8, 0x10, 0xffffffff) = 1
19:18:52.342919,1023,recvfrom(37, "nysv\0\0\0\0:Ôé\21#\0\0\0\2\5\0\0\224Â'¸", 24, MSG_DONTWAIT, NULL, NULL) = 24
19:18:52.343700,1023,recvfrom(37, 0xbee6c828, 24, 64, 0, 0) = -1 EAGAIN (Try again)
19:18:52.344357,1023,clock_gettime(CLOCK_MONOTONIC, {150, 629302915}) = 0
19:18:52.345080,1023,write(29, "W", 1) = 1
19:18:52.345839,1023,clock_gettime(CLOCK_MONOTONIC, {150, 630786098}) = 0
19:18:52.346504,1023,clock_gettime(CLOCK_MONOTONIC, {150, 651132247}) = 0
19:18:52.367043,1023,clock_gettime(CLOCK_MONOTONIC, {150, 651994647}) = 0
19:18:52.367885,1023,clock_gettime(CLOCK_MONOTONIC, {150, 652816729}) = 0
19:18:52.368845,1023,clock_gettime(CLOCK_MONOTONIC, {150, 653775820}) = 0
19:18:52.369463,1023,clock_gettime(CLOCK_MONOTONIC, {150, 654418208}) = 0
19:18:52.370123,1023,recvfrom(37, 0xbee6c9a8, 24, 64, 0, 0) = -1 EAGAIN (Try again)
19:18:52.370724,1023,ioctl(9, 0xc0186201, 0xbee6d178) = 0
19:18:52.371680,1023,clock_gettime(CLOCK_MONOTONIC, {150, 656670978}) = 0
19:18:52.372421,1023,clock_gettime(CLOCK_MONOTONIC, {150, 657349660}) = 0
19:18:52.373089,1023,clock_gettime(CLOCK_MONOTONIC, {150, 658017540}) = 0
19:18:52.373692,1023,clock_gettime(CLOCK_MONOTONIC, {150, 658619321}) = 0
19:18:52.374310,1023,clock_gettime(CLOCK_MONOTONIC, {150, 659237297}) = 0
19:18:52.374933,1023,write(29, "W", 1) = 1
19:18:52.375742,1023,ioctl(9, 0xc0186201, 0xbee6cf10) = 0
19:18:52.376496,1023,ioctl(9, 0xc0186201, 0xbee6cf10) = 0
19:18:52.377743,1023,clock_gettime(CLOCK_MONOTONIC, {150, 662675237}) = 0
19:18:52.380854,1023,clock_gettime(CLOCK_MONOTONIC, {150, 665792603}) = 0
19:18:52.381481,1023,ioctl(9, 0xc0186201, 0xbee6d0c8) = 0
19:18:52.382320,1023,ioctl(9, 0xc0186201, 0xbee6d0c8) = 0
19:18:52.382987,1023,getpid() = 1023
19:18:52.383514,1023,getuid32() = 10050
19:18:52.404055,1023,epoll_wait(0x1e, 0xbee6d1f8, 0x10, 0) = 2
19:18:52.404712,1023,read(23, "WW", 16) = 2
19:18:52.405346,1023,recvfrom(37, "nysv\0\0\0\0\224,ù\23#\0\0\0\3\5\0\0\224Â'¸", 24, MSG_DONTWAIT, NULL, NULL) = 24
19:18:52.406071,1023,recvfrom(37, 0xbee6c828, 24, 64, 0, 0) = -1 EAGAIN (Try again)
19:18:52.406660,1023,clock_gettime(CLOCK_MONOTONIC, {150, 691588471}) = 0
19:18:52.407334,1023,clock_gettime(CLOCK_MONOTONIC, {150, 692262852}) = 0
19:18:52.407944,1023,clock_gettime(CLOCK_MONOTONIC, {150, 692872486}) = 0
19:18:52.408537,1023,clock_gettime(CLOCK_MONOTONIC, {150, 693469838}) = 0
19:18:52.409174,1023,recvfrom(38, 0xb88738b0, 1240, 64, 0, 0) = -1 EAGAIN (Try again)
19:18:52.409758,1023,clock_gettime(CLOCK_MONOTONIC, {150, 694690676}) = 0
19:18:52.410371,1023,clock_gettime(CLOCK_MONOTONIC, {150, 695298085}) = 0
19:18:52.410973,1023,getpid() = 1023
19:18:52.411478,1023,getuid32() = 10050
19:18:52.412033,1023,epoll_wait(0x1e, 0xbee6d1f8, 0x10, 0) = 0
19:18:52.412584,1023,clock_gettime(CLOCK_MONOTONIC, {150, 697521138}) = 0
19:18:52.413205,1023,ioctl(9, 0xc0186201, 0xbee6d328) = 0
19:18:52.413779,1023,epoll_wait(0x1e, 0xbee6d1f8, 0x10, 0x32) = 0
19:18:52.481088,1023,clock_gettime(CLOCK_MONOTONIC, {150, 766034927}) = 0
19:18:52.481768,1023,clock_gettime(CLOCK_MONOTONIC, {150, 766698255}) = 0
19:18:52.482393,1023,recvfrom(37, 0xbee6c9a8, 24, 64, 0, 0) = -1 EAGAIN (Try again)
19:18:52.483055,1023,ioctl(9, 0xc0186201, 0xbee6d178) = 0
19:18:52.483889,1023,getpid() = 1023
19:18:52.484544,1023,getuid32() = 10050
19:18:52.485195,1023,epoll_wait(0x1e, 0xbee6d1f8, 0x10, 0) = 0
19:18:52.485769,1023,clock_gettime(CLOCK_MONOTONIC, {150, 770696606}) = 0
19:18:52.486379,1023,epoll_wait(0x1e, 0xbee6d1f8, 0x10, 0xffffffff) = 1
19:18:52.494479,1023,recvfrom(37, "nysv\0\0\0\0¶e\234\32#\0\0\0\4\5\0\0\224Â'¸", 24, MSG_DONTWAIT, NULL, NULL) = 24
19:18:52.495307,1023,recvfrom(37, 0xbee6c828, 24, 64, 0, 0) = -1 EAGAIN (Try again)
19:18:52.495929,1023,clock_gettime(CLOCK_MONOTONIC, {150, 780857666}) = 0
19:18:52.496556,1023,write(29, "W", 1) = 1
19:18:52.497235,1023,clock_gettime(CLOCK_MONOTONIC, {150, 782163497}) = 0
19:18:52.506553,1023,clock_gettime(CLOCK_MONOTONIC, {150, 791573948}) = 0
19:18:52.507375,1023,clock_gettime(CLOCK_MONOTONIC, {150, 792310404}) = 0
19:18:52.508149,1023,clock_gettime(CLOCK_MONOTONIC, {150, 793107435}) = 0
19:18:52.509096,1023,clock_gettime(CLOCK_MONOTONIC, {150, 794034153}) = 0
19:18:52.509779,1023,clock_gettime(CLOCK_MONOTONIC, {150, 794713863}) = 0
19:18:52.510425,1023,recvfrom(37, 0xbee6c9a8, 24, 64, 0, 0) = -1 EAGAIN (Try again)
19:18:52.511049,1023,ioctl(9, 0xc0186201, 0xbee6d178) = 0
19:18:52.511929,1023,clock_gettime(CLOCK_MONOTONIC, {150, 796928549}) = 0
19:18:52.512730,1023,clock_gettime(CLOCK_MONOTONIC, {150, 797667611}) = 0
19:18:52.513358,1023,clock_gettime(CLOCK_MONOTONIC, {150, 798293680}) = 0
19:18:52.514708,1023,clock_gettime(CLOCK_MONOTONIC, {150, 799995159}) = 0
19:18:52.516207,1023,clock_gettime(CLOCK_MONOTONIC, {150, 801148584}) = 0
19:18:52.516902,1023,write(29, "W", 1) = 1
19:18:52.517737,1023,ioctl(9, 0xc0186201, 0xbee6cf10) = 0
19:18:52.518578,1023,ioctl(9, 0xc0186201, 0xbee6cf10) = 0
19:18:52.543559,1023,clock_gettime(CLOCK_MONOTONIC, {150, 828552013}) = 0
19:18:52.547333,1023,clock_gettime(CLOCK_MONOTONIC, {150, 832287763}) = 0
19:18:52.548037,1023,ioctl(9, 0xc0186201, 0xbee6d0c8) = 0
19:18:52.548858,1023,ioctl(9, 0xc0186201, 0xbee6d0c8) = 0
19:18:52.549911,1023,getpid() = 1023
19:18:52.550449,1023,getuid32() = 10050
19:18:52.551058,1023,epoll_wait(0x1e, 0xbee6d1f8, 0x10, 0) = 2
19:18:52.551639,1023,read(23, "WW", 16) = 2
19:18:52.552241,1023,recvfrom(37, "nysv\0\0\0\0\6&q\34#\0\0\0\5\5\0\0\224Â'¸", 24, MSG_DONTWAIT, NULL, NULL) = 24
19:18:52.567017,1023,recvfrom(37, 0xbee6c828, 24, 64, 0, 0) = -1 EAGAIN (Try again)
19:18:52.567696,1023,clock_gettime(CLOCK_MONOTONIC, {150, 852627260}) = 0
19:18:52.568511,1023,clock_gettime(CLOCK_MONOTONIC, {150, 853496902}) = 0
19:18:52.569177,1023,clock_gettime(CLOCK_MONOTONIC, {150, 854105459}) = 0
19:18:52.569811,1023,clock_gettime(CLOCK_MONOTONIC, {150, 854739632}) = 0
19:18:52.570485,1023,recvfrom(38, 0xb88738b0, 1240, 64, 0, 0) = -1 EAGAIN (Try again)
19:18:52.571091,1023,clock_gettime(CLOCK_MONOTONIC, {150, 856019229}) = 0
19:18:52.571724,1023,clock_gettime(CLOCK_MONOTONIC, {150, 856651810}) = 0
19:18:52.572399,1023,getpid() = 1023
19:18:52.572981,1023,getuid32() = 10050
19:18:52.573552,1023,epoll_wait(0x1e, 0xbee6d1f8, 0x10, 0) = 0
19:18:52.574301,1023,clock_gettime(CLOCK_MONOTONIC, {150, 859482051}) = 0
19:18:52.575245,1023,ioctl(9, 0xc0186201, 0xbee6d328) = 0
19:18:52.599106,1023,epoll_wait(0x1e, 0xbee6d1f8, 0x10, 0x1d) = 0
19:18:52.638036,1023,clock_gettime(CLOCK_MONOTONIC, {150, 922985302}) = 0
19:18:52.638768,1023,clock_gettime(CLOCK_MONOTONIC, {150, 923701390}) = 0
19:18:52.639400,1023,recvfrom(37, 0xbee6c9a8, 24, 64, 0, 0) = -1 EAGAIN (Try again)
19:18:52.640008,1023,ioctl(9, 0xc0186201, 0xbee6d178) = 0
19:18:52.640857,1023,getpid() = 1023
19:18:52.641425,1023,getuid32() = 10050
19:18:52.642382,1023,epoll_wait(0x1e, 0xbee6d1f8, 0x10, 0) = 0
19:18:52.642991,1023,clock_gettime(CLOCK_MONOTONIC, {150, 928084904}) = 0
19:18:52.643879,1023,epoll_wait(0x1e, 0xbee6d1f8, 0x10, 0xffffffff) = 1
19:18:52.669387,1023,recvfrom(37, "nysv\0\0\0\0ZW9$#\0\0\0\7\5\0\0\224Â'¸", 24, MSG_DONTWAIT, NULL, NULL) = 24
19:18:52.670247,1023,recvfrom(37, 0xbee6c828, 24, 64, 0, 0) = -1 EAGAIN (Try again)
19:18:52.671063,1023,clock_gettime(CLOCK_MONOTONIC, {150, 956001043}) = 0
19:18:52.671796,1023,write(29, "W", 1) = 1
19:18:52.672542,1023,clock_gettime(CLOCK_MONOTONIC, {150, 957602841}) = 0
19:18:52.673342,1023,clock_gettime(CLOCK_MONOTONIC, {150, 958271903}) = 0
19:18:52.674155,1023,clock_gettime(CLOCK_MONOTONIC, {150, 959144394}) = 0
19:18:52.674993,1023,clock_gettime(CLOCK_MONOTONIC, {150, 959995979}) = 0
19:18:52.675982,1023,clock_gettime(CLOCK_MONOTONIC, {150, 960910263}) = 0
19:18:52.676617,1023,clock_gettime(CLOCK_MONOTONIC, {150, 961561091}) = 0
19:18:52.677251,1023,recvfrom(37, 0xbee6c9a8, 24, 64, 0, 0) = -1 EAGAIN (Try again)
19:18:52.677847,1023,ioctl(9, 0xc0186201, 0xbee6d178) = 0
19:18:52.716123,1023,clock_gettime(CLOCK_MONOTONIC, {151, 1092292}) = 0
19:18:52.716899,1023,clock_gettime(CLOCK_MONOTONIC, {151, 1861680}) = 0
19:18:52.717549,1023,clock_gettime(CLOCK_MONOTONIC, {151, 2555660}) = 0
19:18:52.718239,1023,clock_gettime(CLOCK_MONOTONIC, {151, 3173681}) = 0
19:18:52.718956,1023,clock_gettime(CLOCK_MONOTONIC, {151, 3918899}) = 0
19:18:52.719663,1023,write(29, "W", 1) = 1
19:18:52.720478,1023,ioctl(9, 0xc0186201, 0xbee6cf10) = 0
19:18:52.721342,1023,ioctl(9, 0xc0186201, 0xbee6cf10) = 0
19:18:52.722731,1023,clock_gettime(CLOCK_MONOTONIC, {151, 7671817}) = 0
19:18:52.726321,1023,clock_gettime(CLOCK_MONOTONIC, {151, 11264852}) = 0
19:18:52.727046,1023,ioctl(9, 0xc0186201, 0xbee6d0c8) = 0
19:18:52.826267,1023,getpid() = 1023
19:18:52.827238,1023,getuid32() = 10050
19:18:52.827934,1023,epoll_wait(0x1e, 0xbee6d1f8, 0x10, 0) = 2
19:18:52.828480,1023,read(23, "WW", 16) = 2
19:18:52.829146,1023,recvfrom(37, "nysv\0\0\0\0´¯H&#\0\0\0\10\5\0\0\224Â'¸", 24, MSG_DONTWAIT, NULL, NULL) = 24
19:18:52.829918,1023,recvfrom(37, 0xbee6c828, 24, 64, 0, 0) = -1 EAGAIN (Try again)
19:18:52.830532,1023,clock_gettime(CLOCK_MONOTONIC, {151, 115581243}) = 0
19:18:52.831333,1023,clock_gettime(CLOCK_MONOTONIC, {151, 116261493}) = 0
19:18:52.832236,1023,clock_gettime(CLOCK_MONOTONIC, {151, 117197495}) = 0
19:18:52.833106,1023,writev(3, [{"\4", 1}, {"Choreographer\0", 14}, {"Skipped 39 frames! The applicat"..., 83}], 3) = 98
19:18:52.834373,1023,clock_gettime(CLOCK_MONOTONIC, {151, 119449262}) = 0
19:18:52.835183,1023,recvfrom(38, 0xb88738b0, 1240, 64, 0, 0) = -1 EAGAIN (Try again)
19:18:52.846985,1023,clock_gettime(CLOCK_MONOTONIC, {151, 131968332}) = 0
19:18:52.848008,1023,clock_gettime(CLOCK_MONOTONIC, {151, 132949195}) = 0
19:18:52.848714,1023,clock_gettime(CLOCK_MONOTONIC, {151, 133653578}) = 0
19:18:52.849429,1023,recvfrom(37, 0xbee6c9a8, 24, 64, 0, 0) = -1 EAGAIN (Try again)
19:18:52.850382,1023,ioctl(9, 0xc0186201, 0xbee6d178) = 0
19:18:52.851634,1023,clock_gettime(CLOCK_MONOTONIC, {151, 136608685}) = 0
19:18:52.852344,1023,clock_gettime(CLOCK_MONOTONIC, {151, 137290837}) = 0
19:18:52.853054,1023,clock_gettime(CLOCK_MONOTONIC, {151, 137999082}) = 0
19:18:52.853773,1023,clock_gettime(CLOCK_MONOTONIC, {151, 138718133}) = 0
19:18:52.854459,1023,clock_gettime(CLOCK_MONOTONIC, {151, 139443842}) = 0
19:18:52.855376,1023,ioctl(9, 0xc0186201, 0xbee6cf10) = 0
19:18:52.857166,1023,clock_gettime(CLOCK_MONOTONIC, {151, 142117727}) = 0
19:18:52.874971,1023,clock_gettime(CLOCK_MONOTONIC, {151, 159941599}) = 0
19:18:52.875696,1023,ioctl(9, 0xc0186201, 0xbee6d0c8) = 0
19:18:52.876765,1023,getpid() = 1023
19:18:52.877302,1023,getuid32() = 10050
19:18:52.877882,1023,epoll_wait(0x1e, 0xbee6d1f8, 0x10, 0) = 1
19:18:52.878503,1023,recvfrom(37, "nysv\0\0\0\0vi\2250#\0\0\0\n\5\0\0\224Â'¸", 24, MSG_DONTWAIT, NULL, NULL) = 24
19:18:52.879280,1023,recvfrom(37, 0xbee6c828, 24, 64, 0, 0) = -1 EAGAIN (Try again)
19:18:52.879883,1023,clock_gettime(CLOCK_MONOTONIC, {151, 164817569}) = 0
19:18:52.880568,1023,clock_gettime(CLOCK_MONOTONIC, {151, 165509145}) = 0
19:18:52.881266,1023,getpid() = 1023
19:18:52.881801,1023,getuid32() = 10050
19:18:52.882364,1023,epoll_wait(0x1e, 0xbee6d1f8, 0x10, 0) = 0
19:18:52.882929,1023,clock_gettime(CLOCK_MONOTONIC, {151, 167863025}) = 0
19:18:52.883548,1023,clock_gettime(CLOCK_MONOTONIC, {151, 168489047}) = 0
19:18:52.884169,1023,clock_gettime(CLOCK_MONOTONIC, {151, 169102748}) = 0
19:18:52.884811,1023,recvfrom(38, 0xb88738b0, 1240, 64, 0, 0) = -1 EAGAIN (Try again)
19:18:52.885651,1023,clock_gettime(CLOCK_MONOTONIC, {151, 170643116}) = 0
19:18:52.937163,1023,clock_gettime(CLOCK_MONOTONIC, {151, 222149672}) = 0
19:18:52.937901,1023,getpid() = 1023
19:18:52.938458,1023,getuid32() = 10050
19:18:52.939067,1023,epoll_wait(0x1e, 0xbee6d1f8, 0x10, 0) = 0
19:18:52.939656,1023,clock_gettime(CLOCK_MONOTONIC, {151, 224598386}) = 0
19:18:52.940311,1023,ioctl(9, 0xc0186201, 0xbee6d328) = 0
19:18:52.940922,1023,epoll_wait(0x1e, 0xbee6d1f8, 0x10, 0x4) = 0
19:18:52.948075,1023,clock_gettime(CLOCK_MONOTONIC, {151, 233037538}) = 0
19:18:52.948815,1023,clock_gettime(CLOCK_MONOTONIC, {151, 233768932}) = 0
19:18:52.949520,1023,recvfrom(37, 0xbee6c9a8, 24, 64, 0, 0) = -1 EAGAIN (Try again)
19:18:52.950166,1023,ioctl(9, 0xc0186201, 0xbee6d178) = 0
19:18:52.951057,1023,getpid() = 1023
19:18:52.951700,1023,getuid32() = 10050
19:18:52.952446,1023,epoll_wait(0x1e, 0xbee6d1f8, 0x10, 0) = 0
19:18:52.953583,1023,clock_gettime(CLOCK_MONOTONIC, {151, 238556486}) = 0
19:18:52.954397,1023,epoll_wait(0x1e, 0xbee6d1f8, 0x10, 0xffffffff) = 1
19:18:52.955211,1023,recvfrom(37, "nysv\0\0\0\0pBN6#\0\0\0\f\5\0\0\224Â'¸", 24, MSG_DONTWAIT, NULL, NULL) = 24
19:18:52.955964,1023,recvfrom(37, 0xbee6c828, 24, 64, 0, 0) = -1 EAGAIN (Try again)
19:18:52.956623,1023,clock_gettime(CLOCK_MONOTONIC, {151, 241573934}) = 0
19:18:52.957329,1023,write(29, "W", 1) = 1
19:18:52.958075,1023,clock_gettime(CLOCK_MONOTONIC, {151, 243025519}) = 0
19:18:52.978397,1023,clock_gettime(CLOCK_MONOTONIC, {151, 263396698}) = 0
19:18:52.979159,1023,clock_gettime(CLOCK_MONOTONIC, {151, 264114572}) = 0
19:18:52.979851,1023,clock_gettime(CLOCK_MONOTONIC, {151, 264802508}) = 0
19:18:52.980862,1023,clock_gettime(CLOCK_MONOTONIC, {151, 265817025}) = 0
19:18:52.981543,1023,clock_gettime(CLOCK_MONOTONIC, {151, 266493243}) = 0
19:18:52.982261,1023,recvfrom(37, 0xbee6c9a8, 24, 64, 0, 0) = -1 EAGAIN (Try again)
19:18:52.982879,1023,ioctl(9, 0xc0186201, 0xbee6d178) = 0
19:18:52.983747,1023,clock_gettime(CLOCK_MONOTONIC, {151, 268758446}) = 0
19:18:52.984548,1023,clock_gettime(CLOCK_MONOTONIC, {151, 269499992}) = 0
19:18:52.985210,1023,clock_gettime(CLOCK_MONOTONIC, {151, 270152470}) = 0
19:18:52.985864,1023,clock_gettime(CLOCK_MONOTONIC, {151, 270806389}) = 0
19:18:52.986536,1023,clock_gettime(CLOCK_MONOTONIC, {151, 271488903}) = 0
19:18:52.987216,1023,write(29, "W", 1) = 1
19:18:52.988056,1023,ioctl(9, 0xc0186201, 0xbee6cf10) = 0
19:18:52.988896,1023,ioctl(9, 0xc0186201, 0xbee6cf10) = 0
19:18:52.990236,1023,clock_gettime(CLOCK_MONOTONIC, {151, 275183251}) = 0
19:18:53.021532,1023,clock_gettime(CLOCK_MONOTONIC, {151, 306635687}) = 0
19:18:53.022434,1023,ioctl(9, 0xc0186201, 0xbee6d0c8) = 0
19:18:53.023349,1023,ioctl(9, 0xc0186201, 0xbee6d0c8) = 0
19:18:53.024074,1023,getpid() = 1023
19:18:53.024633,1023,getuid32() = 10050
19:18:53.025228,1023,epoll_wait(0x1e, 0xbee6d1f8, 0x10, 0) = 2
19:18:53.025813,1023,read(23, "WW", 16) = 2
19:18:53.026425,1023,recvfrom(37, "nysv\0\0\0\0Ê\232]8#\0\0\0\r\5\0\0\224Â'¸", 24, MSG_DONTWAIT, NULL, NULL) = 24
19:18:53.027168,1023,recvfrom(37, 0xbee6c828, 24, 64, 0, 0) = -1 EAGAIN (Try again)
19:18:53.027799,1023,clock_gettime(CLOCK_MONOTONIC, {151, 312739453}) = 0
19:18:53.028514,1023,clock_gettime(CLOCK_MONOTONIC, {151, 313461986}) = 0
19:18:53.029173,1023,clock_gettime(CLOCK_MONOTONIC, {151, 314113948}) = 0
19:18:53.029821,1023,clock_gettime(CLOCK_MONOTONIC, {151, 314761217}) = 0
19:18:53.030483,1023,recvfrom(38, 0xb88738b0, 1240, 64, 0, 0) = -1 EAGAIN (Try again)
19:18:53.031098,1023,clock_gettime(CLOCK_MONOTONIC, {151, 316038852}) = 0
19:18:53.041107,1023,clock_gettime(CLOCK_MONOTONIC, {151, 326117647}) = 0
19:18:53.041837,1023,getpid() = 1023
19:18:53.042436,1023,getuid32() = 10050
19:18:53.043109,1023,epoll_wait(0x1e, 0xbee6d1f8, 0x10, 0) = 0
19:18:53.043896,1023,clock_gettime(CLOCK_MONOTONIC, {151, 328874048}) = 0
19:18:53.044616,1023,ioctl(9, 0xc0186201, 0xbee6d328) = 0
19:18:53.045248,1023,epoll_wait(0x1e, 0xbee6d1f8, 0x10, 0x1f <unfinished ...>
19:18:53.076734,1046,<... read resumed> "401\0\0\0\0\4\7\0\0\0", 4096) = 12
19:18:53.077694,1023,<... epoll_wait resumed> ) = 0
19:18:53.078046,1046,close(43 <unfinished ...>
19:18:53.078967,1023,clock_gettime(CLOCK_MONOTONIC, {151, 364552325}) = 0
19:18:53.080292,1046,<... close resumed> ) = 0
19:18:53.082258,1023,clock_gettime(CLOCK_MONOTONIC, <unfinished ...>
19:18:53.082708,1046,open("/system/etc/hosts", O_RDONLY <unfinished ...>
19:18:53.083143,1023,<... clock_gettime resumed> {151, 367772374}) = 0
19:18:53.083570,1046,<... open resumed> ) = 42
19:18:53.084051,1023,recvfrom(37, <unfinished ...>
19:18:53.084438,1046,fstat64(42, <unfinished ...>
19:18:53.084821,1023,<... recvfrom resumed> 0xbee6c9a8, 24, 64, 0, 0) = -1 EAGAIN (Try again)
19:18:53.085146,1046,<... fstat64 resumed> {st_mode=S_IFREG|0644, st_size=25, ...}) = 0
19:18:53.114842,1023,ioctl(9, 0xc0186201 <unfinished ...>
19:18:53.115209,1046,mprotect(0xb6584000, 4096, PROT_READ|PROT_WRITE <unfinished ...>
19:18:53.115583,1023,<... ioctl resumed> , 0xbee6d178) = 0
19:18:53.115896,1046,<... mprotect resumed> ) = 0
19:18:53.116508,1023,getpid( <unfinished ...>
19:18:53.116865,1046,mprotect(0xb6584000, 4096, PROT_READ <unfinished ...>
19:18:53.117239,1023,<... getpid resumed> ) = 1023
19:18:53.117539,1046,<... mprotect resumed> ) = 0
19:18:53.117933,1023,getuid32( <unfinished ...>
19:18:53.118242,1046,read(42, <unfinished ...>
19:18:53.118541,1023,<... getuid32 resumed> ) = 10050
19:18:53.118856,1046,<... read resumed> "127.0.0.1\t\t localhost\n", 4096) = 25
19:18:53.119402,1023,epoll_wait(0x1e, 0xbee6d1f8, 0x10, 0 <unfinished ...>
19:18:53.119737,1046,read(42, <unfinished ...>
19:18:53.120041,1023,<... epoll_wait resumed> ) = 0
19:18:53.120334,1046,<... read resumed> "", 4096) = 0
19:18:53.120704,1023,clock_gettime(CLOCK_MONOTONIC, <unfinished ...>
19:18:53.121017,1046,close(42 <unfinished ...>
19:18:53.121318,1023,<... clock_gettime resumed> {151, 405956082}) = 0
19:18:53.121699,1046,<... close resumed> ) = 0
19:18:53.147935,1046,mmap2(NULL, 69632, PROT_READ|PROT_WRITE, MAP_PRIVATE|MAP_ANONYMOUS, -1, 0) = 0xac824000
19:18:53.148803,1046,madvise(0xac824000, 69632, 0xc /* MADV_??? */) = -1 EINVAL (Invalid argument)
19:18:53.149429,1046,mmap2(NULL, 69632, PROT_READ|PROT_WRITE, MAP_PRIVATE|MAP_ANONYMOUS, -1, 0) = 0xac813000
19:18:53.149989,1046,madvise(0xac813000, 69632, 0xc /* MADV_??? */) = -1 EINVAL (Invalid argument)
19:18:53.150592,1046,getpid() = 1023
19:18:53.151214,1046,socket(PF_INET6, SOCK_DGRAM, IPPROTO_UDP) = 42
19:18:53.151808,1046,connect(42, {sa_family=AF_INET6, sin6_port=htons(0), inet_pton(AF_INET6, "2000::", &sin6_addr), sin6_flowinfo=0, sin6_scope_id=0}, 28) = -1 ENETUNREACH (Network is unreachable)
19:18:53.152597,1046,close(42) = 0
19:18:53.153167,1046,socket(PF_INET, SOCK_DGRAM, IPPROTO_UDP) = 42
19:18:53.153734,1046,connect(42, {sa_family=AF_INET, sin_port=htons(0), sin_addr=inet_addr("8.8.8.8")}, 16) = 0
19:18:53.154391,1046,close(42) = 0
19:18:53.155260,1046,getpid() = 1023
19:18:53.155843,1046,open("/dev/urandom", O_RDONLY) = 42
19:18:53.156509,1046,read(42, "2È\f0", 4) = 4
19:18:53.157103,1046,close(42) = 0
19:18:53.157813,1046,uname({sys="Linux", node="localhost", ...}) = 0
19:18:53.160455,1046,open("/dev/urandom", O_RDONLY) = 42
19:18:53.161151,1046,read(42, "d\\\20¹", 4) = 4
19:18:53.161755,1046,close(42) = 0
19:18:53.162380,1046,socket(PF_INET, SOCK_DGRAM, IPPROTO_IP) = 42
19:18:53.162975,1046,open("/dev/urandom", O_RDONLY) = 43
19:18:53.163658,1046,read(43, "ò\217sF", 4) = 4
19:18:53.164252,1046,close(43) = 0
19:18:53.164807,1046,bind(42, {sa_family=AF_INET, sin_port=htons(37875), sin_addr=inet_addr("0.0.0.0")}, 16) = 0
19:18:53.165491,1046,connect(42, {sa_family=AF_INET, sin_port=htons(53), sin_addr=inet_addr("10.0.2.3")}, 16) = 0
19:18:53.166176,1046,sendto(42, "\\d\1\0\0\1\0\0\0\0\0\0\6client\nmustmobile\3c"..., 39, 0, NULL, 0 <unfinished ...>
19:18:53.171847,1023,epoll_wait(0x1e, 0xbee6d1f8, 0x10, 0xffffffff) = 1
19:18:53.172458,1023,recvfrom(37, "nysv\0\0\0\0(d`@#\0\0\0\17\5\0\0\224Â'¸", 24, MSG_DONTWAIT, NULL, NULL) = 24
19:18:53.173211,1023,recvfrom(37, 0xbee6c828, 24, 64, 0, 0) = -1 EAGAIN (Try again)
19:18:53.173853,1023,clock_gettime(CLOCK_MONOTONIC, {151, 458795941}) = 0
19:18:53.174534,1023,write(29, "W", 1) = 1
19:18:53.175241,1023,clock_gettime(CLOCK_MONOTONIC, {151, 460182934}) = 0
19:18:53.175901,1023,clock_gettime(CLOCK_MONOTONIC, {151, 460843039}) = 0
19:18:53.176542,1023,clock_gettime(CLOCK_MONOTONIC, {151, 461516921}) = 0
19:18:53.177219,1023,clock_gettime(CLOCK_MONOTONIC, {151, 462160542}) = 0
19:18:53.178129,1023,clock_gettime(CLOCK_MONOTONIC, {151, 463071722}) = 0
19:18:53.178843,1023,clock_gettime(CLOCK_MONOTONIC, {151, 463786210}) = 0
19:18:53.179510,1023,recvfrom(37, 0xbee6c9a8, 24, 64, 0, 0) = -1 EAGAIN (Try again)
19:18:53.180118,1023,ioctl(9, 0xc0186201, 0xbee6d178) = 0
19:18:53.181146,1023,clock_gettime(CLOCK_MONOTONIC, {151, 466089822}) = 0
19:18:53.181824,1023,clock_gettime(CLOCK_MONOTONIC, {151, 466765431}) = 0
19:18:53.182471,1023,clock_gettime(CLOCK_MONOTONIC, {151, 467418220}) = 0
19:18:53.219838,1046,<... sendto resumed> ) = 39
19:18:53.226159,1023,clock_gettime(CLOCK_MONOTONIC, <unfinished ...>
19:18:53.226515,1046,clock_gettime(CLOCK_REALTIME, <unfinished ...>
19:18:53.226890,1023,<... clock_gettime resumed> {151, 511526182}) = 0
19:18:53.227262,1046,<... clock_gettime resumed> {1738783133, 227161089}) = 0
19:18:53.227760,1023,clock_gettime(CLOCK_MONOTONIC, <unfinished ...>
19:18:53.228075,1046,clock_gettime(CLOCK_REALTIME, <unfinished ...>
19:18:53.228379,1023,<... clock_gettime resumed> {151, 513017000}) = 0
19:18:53.228746,1046,<... clock_gettime resumed> {1738783133, 228646511}) = 0
19:18:53.229222,1023,write(29, "W", 1 <unfinished ...>
19:18:53.229577,1046,select(43, [42], NULL, NULL, {4, 998515} <unfinished ...>
19:18:53.230053,1023,<... write resumed> ) = 1
19:18:53.230672,1023,ioctl(9, 0xc0186201, 0xbee6cf10) = 0
19:18:53.231547,1023,ioctl(9, 0xc0186201, 0xbee6cf10) = 0
19:18:53.232929,1023,clock_gettime(CLOCK_MONOTONIC, {151, 517875905}) = 0
19:18:53.235044,1023,brk(0xb8974000) = 0xb8974000
19:18:53.237143,1023,clock_gettime(CLOCK_MONOTONIC, {151, 522089703}) = 0
19:18:53.237812,1023,ioctl(9, 0xc0186201, 0xbee6d0c8) = 0
19:18:53.238698,1023,ioctl(9, 0xc0186201, 0xbee6d0c8) = 0
19:18:53.239399,1023,getpid() = 1023
19:18:53.239959,1023,getuid32() = 10050
19:18:53.240548,1023,epoll_wait(0x1e, 0xbee6d1f8, 0x10, 0) = 2
19:18:53.241132,1023,read(23, "WW", 16) = 2
19:18:53.257786,1023,recvfrom(37, "nysv\0\0\0\0Ò|DD#\0\0\0\20\5\0\0\224Â'¸", 24, MSG_DONTWAIT, NULL, NULL) = 24
19:18:53.258613,1023,recvfrom(37, 0xbee6c828, 24, 64, 0, 0) = -1 EAGAIN (Try again)
19:18:53.259249,1023,clock_gettime(CLOCK_MONOTONIC, {151, 544191916}) = 0
19:18:53.259992,1023,clock_gettime(CLOCK_MONOTONIC, {151, 544934822}) = 0
19:18:53.260655,1023,clock_gettime(CLOCK_MONOTONIC, {151, 545597634}) = 0
19:18:53.261299,1023,clock_gettime(CLOCK_MONOTONIC, {151, 546240330}) = 0
19:18:53.261969,1023,recvfrom(38, 0xb88738b0, 1240, 64, 0, 0) = -1 EAGAIN (Try again)
19:18:53.262582,1023,clock_gettime(CLOCK_MONOTONIC, {151, 547530564}) = 0
19:18:53.263753,1023,clock_gettime(CLOCK_MONOTONIC, {151, 548757433}) = 0
19:18:53.264495,1023,getpid() = 1023
19:18:53.265147,1023,getuid32() = 10050
19:18:53.265756,1023,epoll_wait(0x1e, 0xbee6d1f8, 0x10, 0) = 0
19:18:53.266345,1023,clock_gettime(CLOCK_MONOTONIC, {151, 551285669}) = 0
19:18:53.267002,1023,ioctl(9, 0xc0186201, 0xbee6d328) = 0
19:18:53.267614,1023,epoll_wait(0x1e, 0xbee6d1f8, 0x10, 0x31) = 0
19:18:53.326929,1023,clock_gettime(CLOCK_MONOTONIC, {151, 611898064}) = 0
19:18:53.327635,1023,clock_gettime(CLOCK_MONOTONIC, {151, 612579845}) = 0
19:18:53.328311,1023,recvfrom(37, 0xbee6c9a8, 24, 64, 0, 0) = -1 EAGAIN (Try again)
19:18:53.328931,1023,ioctl(9, 0xc0186201, 0xbee6d178) = 0
19:18:53.330142,1023,getpid() = 1023
19:18:53.330967,1023,getuid32() = 10050
19:18:53.331577,1023,epoll_wait(0x1e, 0xbee6d1f8, 0x10, 0) = 0
19:18:53.332225,1023,clock_gettime(CLOCK_MONOTONIC, {151, 617175448}) = 0
19:18:53.332927,1023,epoll_wait(0x1e, 0xbee6d1f8, 0x10, 0xffffffff) = 1
19:18:53.335771,1023,recvfrom(37, "nysv\0\0\0\0X¦1M#\0\0\0\22\5\0\0\224Â'¸", 24, MSG_DONTWAIT, NULL, NULL) = 24
19:18:53.363560,1023,recvfrom(37, 0xbee6c828, 24, 64, 0, 0) = -1 EAGAIN (Try again)
19:18:53.364234,1023,clock_gettime(CLOCK_MONOTONIC, {151, 649180144}) = 0
19:18:53.364935,1023,write(29, "W", 1) = 1
19:18:53.401977,1023,clock_gettime(CLOCK_MONOTONIC, {151, 705670893}) = 0
19:18:53.421502,1023,clock_gettime(CLOCK_MONOTONIC, {151, 706471215}) = 0
19:18:53.422206,1023,clock_gettime(CLOCK_MONOTONIC, {151, 707160679}) = 0
19:18:53.422891,1023,clock_gettime(CLOCK_MONOTONIC, {151, 707842729}) = 0
19:18:53.423860,1023,clock_gettime(CLOCK_MONOTONIC, {151, 708810793}) = 0
19:18:53.424615,1023,clock_gettime(CLOCK_MONOTONIC, {151, 709567395}) = 0
19:18:53.425322,1023,recvfrom(37, 0xbee6c9a8, 24, 64, 0, 0) = -1 EAGAIN (Try again)
19:18:53.425968,1023,ioctl(9, 0xc0186201, 0xbee6d178) = 0
19:18:53.426881,1023,clock_gettime(CLOCK_MONOTONIC, {151, 711904071}) = 0
19:18:53.427720,1023,clock_gettime(CLOCK_MONOTONIC, {151, 712673154}) = 0
19:18:53.428405,1023,clock_gettime(CLOCK_MONOTONIC, {151, 713361020}) = 0
19:18:53.429088,1023,clock_gettime(CLOCK_MONOTONIC, {151, 714037867}) = 0
19:18:53.429796,1023,clock_gettime(CLOCK_MONOTONIC, {151, 714747325}) = 0
19:18:53.430497,1023,write(29, "W", 1) = 1
19:18:53.431374,1023,ioctl(9, 0xc0186201, 0xbee6cf10) = 0
19:18:53.432251,1023,ioctl(9, 0xc0186201, 0xbee6cf10) = 0
19:18:53.433657,1023,clock_gettime(CLOCK_MONOTONIC, {151, 718612228}) = 0
19:18:53.447414,1023,clock_gettime(CLOCK_MONOTONIC, {151, 732402346}) = 0
19:18:53.448134,1023,ioctl(9, 0xc0186201, 0xbee6d0c8) = 0
19:18:53.449230,1023,getpid() = 1023
19:18:53.449792,1023,getuid32() = 10050
19:18:53.450385,1023,epoll_wait(0x1e, 0xbee6d1f8, 0x10, 0) = 2
19:18:53.486496,1023,read(23, "WW", 16) = 2
19:18:53.487169,1023,recvfrom(37, "nysv\0\0\0\0R\177êR#\0\0\0\23\5\0\0\224Â'¸", 24, MSG_DONTWAIT, NULL, NULL) = 24
19:18:53.487953,1023,recvfrom(37, 0xbee6c828, 24, 64, 0, 0) = -1 EAGAIN (Try again)
19:18:53.488625,1023,clock_gettime(CLOCK_MONOTONIC, {151, 773576467}) = 0
19:18:53.489395,1023,clock_gettime(CLOCK_MONOTONIC, {151, 774353021}) = 0
19:18:53.490088,1023,clock_gettime(CLOCK_MONOTONIC, {151, 775038371}) = 0
19:18:53.490766,1023,clock_gettime(CLOCK_MONOTONIC, {151, 775717291}) = 0
19:18:53.491463,1023,recvfrom(38, 0xb88738b0, 1240, 64, 0, 0) = -1 EAGAIN (Try again)
19:18:53.492108,1023,clock_gettime(CLOCK_MONOTONIC, {151, 777058417}) = 0
19:18:53.492789,1023,clock_gettime(CLOCK_MONOTONIC, {151, 777738953}) = 0
19:18:53.493462,1023,getpid() = 1023
19:18:53.494043,1023,getuid32() = 10050
19:18:53.494662,1023,epoll_wait(0x1e, 0xbee6d1f8, 0x10, 0) = 0
19:18:53.528078,1023,clock_gettime(CLOCK_MONOTONIC, {151, 813035736}) = 0
19:18:53.528772,1023,clock_gettime(CLOCK_MONOTONIC, {151, 813719901}) = 0
19:18:53.529821,1023,recvfrom(37, 0xbee6c9a8, 24, 64, 0, 0) = -1 EAGAIN (Try again)
19:18:53.530564,1023,ioctl(9, 0xc0186201, 0xbee6d178) = 0
19:18:53.531495,1023,getpid() = 1023
19:18:53.532221,1023,getuid32() = 10050
19:18:53.532857,1023,epoll_wait(0x1e, 0xbee6d1f8, 0x10, 0) = 0
19:18:53.533468,1023,clock_gettime(CLOCK_MONOTONIC, {151, 818424283}) = 0
19:18:53.534169,1023,epoll_wait(0x1e, 0xbee6d1f8, 0x10, 0xffffffff) = 1
19:18:53.557476,1023,recvfrom(37, "nysv\0\0\0\0`\210\30Y#\0\0\0\25\5\0\0\224Â'¸", 24, MSG_DONTWAIT, NULL, NULL) = 24
19:18:53.558278,1023,recvfrom(37, 0xbee6c828, 24, 64, 0, 0) = -1 EAGAIN (Try again)
19:18:53.558917,1023,clock_gettime(CLOCK_MONOTONIC, {151, 843861046}) = 0
19:18:53.559605,1023,write(29, "W", 1) = 1
19:18:53.560307,1023,clock_gettime(CLOCK_MONOTONIC, {151, 845250164}) = 0
19:18:53.560968,1023,clock_gettime(CLOCK_MONOTONIC, {151, 845911214}) = 0
19:18:53.561617,1023,clock_gettime(CLOCK_MONOTONIC, {151, 846559957}) = 0
19:18:53.562260,1023,clock_gettime(CLOCK_MONOTONIC, {151, 847389077}) = 0
19:18:53.563456,1023,clock_gettime(CLOCK_MONOTONIC, {151, 848463863}) = 0
19:18:53.564187,1023,clock_gettime(CLOCK_MONOTONIC, {151, 849131028}) = 0
19:18:53.564863,1023,recvfrom(37, 0xbee6c9a8, 24, 64, 0, 0) = -1 EAGAIN (Try again)
19:18:53.565468,1023,ioctl(9, 0xc0186201, 0xbee6d178) = 0
19:18:53.566395,1023,clock_gettime(CLOCK_MONOTONIC, {151, 851397500}) = 0
19:18:53.567127,1023,clock_gettime(CLOCK_MONOTONIC, {151, 852070706}) = 0
19:18:53.567810,1023,clock_gettime(CLOCK_MONOTONIC, {151, 852753002}) = 0
19:18:53.568458,1023,clock_gettime(CLOCK_MONOTONIC, {151, 853406751}) = 0
19:18:53.569136,1023,clock_gettime(CLOCK_MONOTONIC, {151, 854078863}) = 0
19:18:53.569810,1023,write(29, "W", 1) = 1
19:18:53.570637,1023,ioctl(9, 0xc0186201, 0xbee6cf10) = 0
19:18:53.571463,1023,ioctl(9, 0xc0186201, 0xbee6cf10) = 0
19:18:53.583865,1023,clock_gettime(CLOCK_MONOTONIC, {151, 868830338}) = 0
19:18:53.606780,1023,clock_gettime(CLOCK_MONOTONIC, {151, 891773001}) = 0
19:18:53.607557,1023,ioctl(9, 0xc0186201, 0xbee6d0c8) = 0
19:18:53.608534,1023,ioctl(9, 0xc0186201, 0xbee6d0c8) = 0
19:18:53.618694,1023,getpid() = 1023
19:18:53.671290,1023,getuid32() = 10050
19:18:53.671936,1023,epoll_wait(0x1e, 0xbee6d1f8, 0x10, 0) = 2
19:18:53.672521,1023,read(23, "WW", 16) = 2
19:18:53.678349,1023,recvfrom(37, "nysv\0\0\0\0°HíZ#\0\0\0\26\5\0\0\224Â'¸", 24, MSG_DONTWAIT, NULL, NULL) = 24
19:18:53.682603,1023,recvfrom(37, 0xbee6c828, 24, 64, 0, 0) = -1 EAGAIN (Try again)
19:18:53.684189,1023,clock_gettime(CLOCK_MONOTONIC, {151, 969149984}) = 0
19:18:53.697743,1023,clock_gettime(CLOCK_MONOTONIC, {151, 982715984}) = 0
19:18:53.698455,1023,clock_gettime(CLOCK_MONOTONIC, {151, 983408502}) = 0
19:18:53.699297,1023,writev(3, [{"\4", 1}, {"Choreographer\0", 14}, {"Skipped 34 frames! The applicat"..., 83}], 3) = 98
19:18:53.700529,1023,clock_gettime(CLOCK_MONOTONIC, {151, 985481147}) = 0
19:18:53.701255,1023,recvfrom(38, 0xb88738b0, 1240, 64, 0, 0) = -1 EAGAIN (Try again)
19:18:53.701883,1023,clock_gettime(CLOCK_MONOTONIC, {151, 986825224}) = 0
19:18:53.702796,1023,clock_gettime(CLOCK_MONOTONIC, {151, 987740567}) = 0
19:18:53.703463,1023,clock_gettime(CLOCK_MONOTONIC, {151, 988412827}) = 0
19:18:53.704138,1023,recvfrom(37, 0xbee6c9a8, 24, 64, 0, 0) = -1 EAGAIN (Try again)
19:18:53.704747,1023,ioctl(9, 0xc0186201, 0xbee6d178) = 0
19:18:53.705636,1023,clock_gettime(CLOCK_MONOTONIC, {151, 990647653}) = 0
19:18:53.706431,1023,clock_gettime(CLOCK_MONOTONIC, {151, 991381221}) = 0
19:18:53.707090,1023,clock_gettime(CLOCK_MONOTONIC, {151, 992032367}) = 0
19:18:53.707743,1023,clock_gettime(CLOCK_MONOTONIC, {151, 992685060}) = 0
19:18:53.708417,1023,clock_gettime(CLOCK_MONOTONIC, {151, 993366217}) = 0
19:18:53.709271,1023,ioctl(9, 0xc0186201, 0xbee6cf10) = 0
19:18:53.710096,1023,ioctl(9, 0xc0186201, 0xbee6cf10) = 0
19:18:53.711438,1023,clock_gettime(CLOCK_MONOTONIC, {151, 996392108}) = 0
19:18:53.714918,1023,clock_gettime(CLOCK_MONOTONIC, {151, 999867417}) = 0
19:18:53.715590,1023,ioctl(9, 0xc0186201, 0xbee6d0c8) = 0
19:18:53.716480,1023,ioctl(9, 0xc0186201, 0xbee6d0c8) = 0
19:18:53.858915,1023,getpid() = 1023
19:18:53.859438,1023,getuid32() = 10050
19:18:53.859980,1023,epoll_wait(0x1e, 0xbee6d1f8, 0x10, 0) = 1
19:18:53.860502,1023,recvfrom(37, "nysv\0\0\0\0\"Bec#\0\0\0\30\5\0\0\224Â'¸", 24, MSG_DONTWAIT, NULL, NULL) = 24
19:18:53.861195,1023,recvfrom(37, 0xbee6c828, 24, 64, 0, 0) = -1 EAGAIN (Try again)
19:18:53.861762,1023,clock_gettime(CLOCK_MONOTONIC, {152, 146659170}) = 0
19:18:53.862423,1023,clock_gettime(CLOCK_MONOTONIC, {152, 147320911}) = 0
19:18:53.863024,1023,getpid() = 1023
19:18:53.863509,1023,getuid32() = 10050
19:18:53.864030,1023,epoll_wait(0x1e, 0xbee6d1f8, 0x10, 0) = 0
19:18:53.864546,1023,clock_gettime(CLOCK_MONOTONIC, {152, 149446802}) = 0
19:18:53.865131,1023,clock_gettime(CLOCK_MONOTONIC, {152, 150028102}) = 0
19:18:53.865846,1023,writev(3, [{"\4", 1}, {"Choreographer\0", 14}, {"Skipped 41 frames! The applicat"..., 83}], 3) = 98
19:18:53.866888,1023,clock_gettime(CLOCK_MONOTONIC, {152, 151787160}) = 0
19:18:53.867493,1023,recvfrom(38, 0xb88738b0, 1240, 64, 0, 0) = -1 EAGAIN (Try again)
19:18:53.868045,1023,clock_gettime(CLOCK_MONOTONIC, {152, 152942524}) = 0
19:18:53.868899,1023,clock_gettime(CLOCK_MONOTONIC, {152, 153797856}) = 0
19:18:53.869500,1023,clock_gettime(CLOCK_MONOTONIC, {152, 154402608}) = 0
19:18:53.870109,1023,recvfrom(37, 0xbee6c9a8, 24, 64, 0, 0) = -1 EAGAIN (Try again)
19:18:53.870671,1023,ioctl(9, 0xc0186201, 0xbee6d178) = 0
19:18:53.871595,1023,clock_gettime(CLOCK_MONOTONIC, {152, 156495704}) = 0
19:18:53.872209,1023,clock_gettime(CLOCK_MONOTONIC, {152, 157105836}) = 0
19:18:53.872800,1023,clock_gettime(CLOCK_MONOTONIC, {152, 157698298}) = 0
19:18:53.873383,1023,clock_gettime(CLOCK_MONOTONIC, {152, 158279629}) = 0
19:18:53.874000,1023,clock_gettime(CLOCK_MONOTONIC, {152, 158896304}) = 0
19:18:53.874793,1023,ioctl(9, 0xc0186201, 0xbee6cf10) = 0
19:18:53.875566,1023,ioctl(9, 0xc0186201, 0xbee6cf10) = 0
19:18:53.876861,1023,clock_gettime(CLOCK_MONOTONIC, {152, 161763448}) = 0
19:18:53.949298,1023,clock_gettime(CLOCK_MONOTONIC, {152, 243849875}) = 0
19:18:53.959717,1023,ioctl(9, 0xc0186201, 0xbee6d0c8) = 0
19:18:53.960629,1023,ioctl(9, 0xc0186201, 0xbee6d0c8) = 0
19:18:53.961634,1023,getpid() = 1023
19:18:53.962177,1023,getuid32() = 10050
19:18:53.962831,1023,epoll_wait(0x1e, 0xbee6d1f8, 0x10, 0) = 1
19:18:53.963492,1023,recvfrom(37, "nysv\0\0\0\0ÐË<m#\0\0\0\31\5\0\0\224Â'¸", 24, MSG_DONTWAIT, NULL, NULL) = 24
19:18:53.964258,1023,recvfrom(37, 0xbee6c828, 24, 64, 0, 0) = -1 EAGAIN (Try again)
19:18:53.964897,1023,clock_gettime(CLOCK_MONOTONIC, {152, 249826511}) = 0
19:18:53.965566,1023,clock_gettime(CLOCK_MONOTONIC, {152, 250554682}) = 0
19:18:53.966294,1023,getpid() = 1023
19:18:53.966859,1023,getuid32() = 10050
19:18:53.967455,1023,epoll_wait(0x1e, 0xbee6d1f8, 0x10, 0) = 0
19:18:53.968048,1023,clock_gettime(CLOCK_MONOTONIC, {152, 252975763}) = 0
19:18:53.968699,1023,clock_gettime(CLOCK_MONOTONIC, {152, 253627185}) = 0
19:18:53.969289,1023,clock_gettime(CLOCK_MONOTONIC, {152, 254217411}) = 0
19:18:54.060346,1023,recvfrom(38, 0xb88738b0, 1240, 64, 0, 0) = -1 EAGAIN (Try again)
19:18:54.062008,1023,clock_gettime(CLOCK_MONOTONIC, {152, 347020920}) = 0
19:18:54.063604,1023,clock_gettime(CLOCK_MONOTONIC, {152, 348566476}) = 0
19:18:54.064272,1023,clock_gettime(CLOCK_MONOTONIC, {152, 349207470}) = 0
19:18:54.064978,1023,recvfrom(37, 0xbee6c9a8, 24, 64, 0, 0) = -1 EAGAIN (Try again)
19:18:54.065565,1023,ioctl(9, 0xc0186201, 0xbee6d178) = 0
19:18:54.084139,1023,clock_gettime(CLOCK_MONOTONIC, {152, 372949404}) = 0
19:18:54.089472,1023,clock_gettime(CLOCK_MONOTONIC, {152, 374915488}) = 0
19:18:54.092027,1023,clock_gettime(CLOCK_MONOTONIC, {152, 376978687}) = 0
19:18:54.092721,1023,clock_gettime(CLOCK_MONOTONIC, {152, 377660179}) = 0
19:18:54.093383,1023,clock_gettime(CLOCK_MONOTONIC, {152, 378436517}) = 0
19:18:54.094380,1023,ioctl(9, 0xc0186201, 0xbee6cf10) = 0
19:18:54.108272,1023,ioctl(9, 0xc0186201, 0xbee6cf10) = 0
19:18:54.129888,1023,clock_gettime(CLOCK_MONOTONIC, {152, 414834730}) = 0
19:18:54.133553,1023,clock_gettime(CLOCK_MONOTONIC, {152, 418549122}) = 0
19:18:54.134238,1023,ioctl(9, 0xc0186201, 0xbee6d0c8) = 0
19:18:54.135307,1023,ioctl(9, 0xc0186201, 0xbee6d0c8) = 0
19:18:54.136089,1023,getpid() = 1023
19:18:54.136656,1023,getuid32() = 10050
19:18:54.137247,1023,epoll_wait(0x1e, 0xbee6d1f8, 0x10, 0) = 1
19:18:54.171354,1023,recvfrom(37, "nysv\0\0\0\0Î\25éx#\0\0\0\33\5\0\0\224Â'¸", 24, MSG_DONTWAIT, NULL, NULL) = 24
19:18:54.189038,1023,recvfrom(37, 0xbee6c828, 24, 64, 0, 0) = -1 EAGAIN (Try again)
19:18:54.189649,1023,clock_gettime(CLOCK_MONOTONIC, {152, 474579647}) = 0
19:18:54.190401,1023,clock_gettime(CLOCK_MONOTONIC, {152, 475329471}) = 0
19:18:54.191025,1023,getpid() = 1023
19:18:54.191535,1023,getuid32() = 10050
19:18:54.192669,1023,epoll_wait(0x1e, 0xbee6d1f8, 0x10, 0) = 0
19:18:54.193304,1023,clock_gettime(CLOCK_MONOTONIC, {152, 478232502}) = 0
19:18:54.193949,1023,clock_gettime(CLOCK_MONOTONIC, {152, 478876337}) = 0
19:18:54.194704,1023,writev(3, [{"\4", 1}, {"Choreographer\0", 14}, {"Skipped 32 frames! The applicat"..., 83}], 3) = 98
19:18:54.195876,1023,clock_gettime(CLOCK_MONOTONIC, {152, 480806822}) = 0
19:18:54.196495,1023,recvfrom(38, 0xb88738b0, 1240, 64, 0, 0) = -1 EAGAIN (Try again)
19:18:54.197100,1023,clock_gettime(CLOCK_MONOTONIC, {152, 482051828}) = 0
19:18:54.198047,1023,clock_gettime(CLOCK_MONOTONIC, {152, 482995842}) = 0
19:18:54.198686,1023,clock_gettime(CLOCK_MONOTONIC, {152, 483615096}) = 0
19:18:54.227162,1023,recvfrom(37, 0xbee6c9a8, 24, 64, 0, 0) = -1 EAGAIN (Try again)
19:18:54.227845,1023,ioctl(9, 0xc0186201, 0xbee6d178) = 0
19:18:54.228713,1023,clock_gettime(CLOCK_MONOTONIC, {152, 513706383}) = 0
19:18:54.229509,1023,clock_gettime(CLOCK_MONOTONIC, {152, 514506974}) = 0
19:18:54.230238,1023,clock_gettime(CLOCK_MONOTONIC, {152, 515167232}) = 0
19:18:54.231008,1023,clock_gettime(CLOCK_MONOTONIC, {152, 515936446}) = 0
19:18:54.231690,1023,clock_gettime(CLOCK_MONOTONIC, {152, 516617383}) = 0
19:18:54.232517,1023,ioctl(9, 0xc0186201, 0xbee6cf10) = 0
19:18:54.233387,1023,ioctl(9, 0xc0186201, 0xbee6cf10) = 0
19:18:54.234732,1023,clock_gettime(CLOCK_MONOTONIC, {152, 519697153}) = 0
19:18:54.238108,1023,clock_gettime(CLOCK_MONOTONIC, {152, 523042204}) = 0
19:18:54.238764,1023,ioctl(9, 0xc0186201, 0xbee6d0c8) = 0
19:18:54.239648,1023,ioctl(9, 0xc0186201, 0xbee6d0c8) = 0
19:18:54.240317,1023,getpid() = 1023
19:18:54.240865,1023,getuid32() = 10050
19:18:54.241408,1023,epoll_wait(0x1e, 0xbee6d1f8, 0x10, 0) = 0
19:18:54.241981,1023,clock_gettime(CLOCK_MONOTONIC, {152, 526908957}) = 0
19:18:54.242611,1023,getpid() = 1023
19:18:54.243144,1023,getuid32() = 10050
19:18:54.243718,1023,epoll_wait(0x1e, 0xbee6d1f8, 0x10, 0) = 0
19:18:54.244267,1023,clock_gettime(CLOCK_MONOTONIC, {152, 529196772}) = 0
19:18:54.244917,1023,ioctl(9, 0xc0186201, 0xbee6d328) = 0
19:18:54.245477,1023,epoll_wait(0x1e, 0xbee6d1f8, 0x10, 0x4b) = 1
19:18:54.318541,1023,recvfrom(37, "nysv\0\0\0\0|\237À\202#\0\0\0\35\5\0\0\224Â'¸", 24, MSG_DONTWAIT, NULL, NULL) = 24
19:18:54.319482,1023,recvfrom(37, 0xbee6c828, 24, 64, 0, 0) = -1 EAGAIN (Try again)
19:18:54.320229,1023,clock_gettime(CLOCK_MONOTONIC, {152, 605213706}) = 0
19:18:54.321033,1023,write(29, "W", 1) = 1
19:18:54.321852,1023,clock_gettime(CLOCK_MONOTONIC, {152, 606791348}) = 0
19:18:54.322654,1023,clock_gettime(CLOCK_MONOTONIC, {152, 607641797}) = 0
19:18:54.323355,1023,clock_gettime(CLOCK_MONOTONIC, {152, 608300554}) = 0
19:18:54.324100,1023,recvfrom(38, 0xb88738b0, 1240, 64, 0, 0) = -1 EAGAIN (Try again)
19:18:54.324767,1023,clock_gettime(CLOCK_MONOTONIC, {152, 609712136}) = 0
19:18:54.432309,1023,clock_gettime(CLOCK_MONOTONIC, {152, 717288208}) = 0
19:18:54.433067,1023,clock_gettime(CLOCK_MONOTONIC, {152, 717997936}) = 0
19:18:54.433765,1023,recvfrom(37, 0xbee6c9a8, 24, 64, 0, 0) = -1 EAGAIN (Try again)
19:18:54.434377,1023,ioctl(9, 0xc0186201, 0xbee6d178) = 0
19:18:54.435461,1023,clock_gettime(CLOCK_MONOTONIC, {152, 720429594}) = 0
19:18:54.436123,1023,clock_gettime(CLOCK_MONOTONIC, {152, 721051584}) = 0
19:18:54.436727,1023,clock_gettime(CLOCK_MONOTONIC, {152, 721655288}) = 0
19:18:54.437344,1023,clock_gettime(CLOCK_MONOTONIC, {152, 722275009}) = 0
19:18:54.438000,1023,clock_gettime(CLOCK_MONOTONIC, {152, 722927337}) = 0
19:18:54.438792,1023,ioctl(9, 0xc0186201, 0xbee6cf10) = 0
19:18:54.458401,1023,clock_gettime(CLOCK_MONOTONIC, {152, 743412463}) = 0
19:18:54.462096,1023,clock_gettime(CLOCK_MONOTONIC, {152, 747048177}) = 0
19:18:54.462803,1023,ioctl(9, 0xc0186201, 0xbee6d0c8) = 0
19:18:54.463939,1023,getpid() = 1023
19:18:54.464490,1023,getuid32() = 10050
19:18:54.465116,1023,epoll_wait(0x1e, 0xbee6d1f8, 0x10, 0) = 2
19:18:54.465726,1023,read(23, "W", 16) = 1
19:18:54.466381,1023,recvfrom(37, "nysv\0\0\0\0\216\31â\216#\0\0\0\36\5\0\0\224Â'¸", 24, MSG_DONTWAIT, NULL, NULL) = 24
19:18:54.467102,1023,recvfrom(37, 0xbee6c828, 24, 64, 0, 0) = -1 EAGAIN (Try again)
19:18:54.467703,1023,clock_gettime(CLOCK_MONOTONIC, {152, 752637379}) = 0
19:18:54.468446,1023,clock_gettime(CLOCK_MONOTONIC, {152, 753386091}) = 0
19:18:54.469082,1023,getpid() = 1023
19:18:54.469617,1023,getuid32() = 10050
19:18:54.470177,1023,epoll_wait(0x1e, 0xbee6d1f8, 0x10, 0) = 0
19:18:54.492350,1023,clock_gettime(CLOCK_MONOTONIC, {152, 777324254}) = 0
19:18:54.493120,1023,clock_gettime(CLOCK_MONOTONIC, {152, 778049588}) = 0
19:18:54.493789,1023,clock_gettime(CLOCK_MONOTONIC, {152, 778717212}) = 0
19:18:54.494405,1023,recvfrom(38, 0xb88738b0, 1240, 64, 0, 0) = -1 EAGAIN (Try again)
19:18:54.495077,1023,clock_gettime(CLOCK_MONOTONIC, {152, 780010252}) = 0
19:18:54.495725,1023,clock_gettime(CLOCK_MONOTONIC, {152, 780656545}) = 0
19:18:54.496397,1023,getpid() = 1023
19:18:54.496936,1023,getuid32() = 10050
19:18:54.537493,1023,epoll_wait(0x1e, 0xbee6d1f8, 0x10, 0) = 0
19:18:54.538258,1023,clock_gettime(CLOCK_MONOTONIC, {152, 823191296}) = 0
19:18:54.538946,1023,clock_gettime(CLOCK_MONOTONIC, {152, 823874891}) = 0
19:18:54.539639,1023,recvfrom(37, 0xbee6c9a8, 24, 64, 0, 0) = -1 EAGAIN (Try again)
19:18:54.540248,1023,ioctl(9, 0xc0186201, 0xbee6d178) = 0
19:18:54.541092,1023,getpid() = 1023
19:18:54.541760,1023,getuid32() = 10050
19:18:54.542307,1023,epoll_wait(0x1e, 0xbee6d1f8, 0x10, 0) = 0
19:18:54.542878,1023,clock_gettime(CLOCK_MONOTONIC, {152, 827804150}) = 0
19:18:54.543486,1023,epoll_wait(0x1e, 0xbee6d1f8, 0x10, 0xffffffff) = 1
19:18:54.560312,1023,recvfrom(37, "nysv\0\0\0\0¦ºJ\225#\0\0\0 \5\0\0\224Â'¸", 24, MSG_DONTWAIT, NULL, NULL) = 24
19:18:54.561076,1023,recvfrom(37, 0xbee6c828, 24, 64, 0, 0) = -1 EAGAIN (Try again)
19:18:54.562750,1023,clock_gettime(CLOCK_MONOTONIC, {152, 847686688}) = 0
19:18:54.563401,1023,write(29, "W", 1) = 1
19:18:54.564121,1023,clock_gettime(CLOCK_MONOTONIC, {152, 849050209}) = 0
19:18:54.564813,1023,clock_gettime(CLOCK_MONOTONIC, {152, 849743020}) = 0
19:18:54.565412,1023,clock_gettime(CLOCK_MONOTONIC, {152, 850367067}) = 0
19:18:54.566062,1023,clock_gettime(CLOCK_MONOTONIC, {152, 850989388}) = 0
19:18:54.619102,1023,clock_gettime(CLOCK_MONOTONIC, {152, 904080452}) = 0
19:18:54.619859,1023,clock_gettime(CLOCK_MONOTONIC, {152, 904799784}) = 0
19:18:54.620520,1023,recvfrom(37, 0xbee6c9a8, 24, 64, 0, 0) = -1 EAGAIN (Try again)
19:18:54.621160,1023,ioctl(9, 0xc0186201, 0xbee6d178) = 0
19:18:54.622397,1023,clock_gettime(CLOCK_MONOTONIC, {152, 907367351}) = 0
19:18:54.623108,1023,clock_gettime(CLOCK_MONOTONIC, {152, 908054874}) = 0
19:18:54.623813,1023,clock_gettime(CLOCK_MONOTONIC, {152, 908757371}) = 0
19:18:54.624471,1023,clock_gettime(CLOCK_MONOTONIC, {152, 909455521}) = 0
19:18:54.625196,1023,clock_gettime(CLOCK_MONOTONIC, {152, 910141414}) = 0
19:18:54.625916,1023,write(29, "W", 1) = 1
19:18:54.626826,1023,ioctl(9, 0xc0186201, 0xbee6cf10) = 0
19:18:54.628497,1023,clock_gettime(CLOCK_MONOTONIC, {152, 913480920}) = 0
19:18:54.653492,1023,clock_gettime(CLOCK_MONOTONIC, {152, 938523649}) = 0
19:18:54.654275,1023,ioctl(9, 0xc0186201, 0xbee6d0c8) = 0
19:18:54.655504,1023,getpid() = 1023
19:18:54.656078,1023,getuid32() = 10050
19:18:54.656692,1023,epoll_wait(0x1e, 0xbee6d1f8, 0x10, 0) = 2
19:18:54.657250,1023,read(23, "WW", 16) = 2
19:18:54.657878,1023,recvfrom(37, "nysv\0\0\0\0n\233Þ\231#\0\0\0!\5\0\0\224Â'¸", 24, MSG_DONTWAIT, NULL, NULL) = 24
19:18:54.658617,1023,recvfrom(37, 0xbee6c828, 24, 64, 0, 0) = -1 EAGAIN (Try again)
19:18:54.659230,1023,clock_gettime(CLOCK_MONOTONIC, {152, 944165197}) = 0
19:18:54.659951,1023,clock_gettime(CLOCK_MONOTONIC, {152, 944887181}) = 0
19:18:54.660602,1023,clock_gettime(CLOCK_MONOTONIC, {152, 945551165}) = 0
19:18:54.661280,1023,clock_gettime(CLOCK_MONOTONIC, {152, 946214428}) = 0
19:18:54.661957,1023,recvfrom(38, 0xb88738b0, 1240, 64, 0, 0) = -1 EAGAIN (Try again)
19:18:54.662545,1023,clock_gettime(CLOCK_MONOTONIC, {152, 947517520}) = 0
19:18:54.663202,1023,clock_gettime(CLOCK_MONOTONIC, {152, 948135273}) = 0
19:18:54.663855,1023,getpid() = 1023
19:18:54.664384,1023,getuid32() = 10050
19:18:54.664981,1023,epoll_wait(0x1e, 0xbee6d1f8, 0x10, 0) = 0
19:18:54.665541,1023,clock_gettime(CLOCK_MONOTONIC, {152, 950513538}) = 0
19:18:54.666204,1023,ioctl(9, 0xc0186201, 0xbee6d328) = 0
19:18:54.666812,1023,epoll_wait(0x1e, 0xbee6d1f8, 0x10, 0x31) = 0
19:18:54.720946,1023,clock_gettime(CLOCK_MONOTONIC, {153, 5928858}) = 0
19:18:54.721656,1023,clock_gettime(CLOCK_MONOTONIC, {153, 6598786}) = 0
19:18:54.722320,1023,recvfrom(37, 0xbee6c9a8, 24, 64, 0, 0) = -1 EAGAIN (Try again)
19:18:54.722930,1023,ioctl(9, 0xc0186201, 0xbee6d178) = 0
19:18:54.723896,1023,getpid() = 1023
19:18:54.724445,1023,getuid32() = 10050
19:18:54.725109,1023,epoll_wait(0x1e, 0xbee6d1f8, 0x10, 0) = 0
19:18:54.725706,1023,clock_gettime(CLOCK_MONOTONIC, {153, 10640591}) = 0
19:18:54.726397,1023,epoll_wait(0x1e, 0xbee6d1f8, 0x10, 0xffffffff) = 1
19:18:54.738738,1023,recvfrom(37, "nysv\0\0\0\0r\fÒ\237#\0\0\0#\5\0\0\224Â'¸", 24, MSG_DONTWAIT, NULL, NULL) = 24
19:18:54.739600,1023,recvfrom(37, 0xbee6c828, 24, 64, 0, 0) = -1 EAGAIN (Try again)
19:18:54.740260,1023,clock_gettime(CLOCK_MONOTONIC, {153, 25189276}) = 0
19:18:54.740959,1023,write(29, "W", 1) = 1
19:18:54.741676,1023,clock_gettime(CLOCK_MONOTONIC, {153, 26897128}) = 0
19:18:54.742600,1023,clock_gettime(CLOCK_MONOTONIC, {153, 27544143}) = 0
19:18:54.743207,1023,clock_gettime(CLOCK_MONOTONIC, {153, 28133901}) = 0
19:18:54.743835,1023,clock_gettime(CLOCK_MONOTONIC, {153, 28821564}) = 0
19:18:54.744765,1023,clock_gettime(CLOCK_MONOTONIC, {153, 29693520}) = 0
19:18:54.745373,1023,clock_gettime(CLOCK_MONOTONIC, {153, 30301499}) = 0
19:18:54.746086,1023,recvfrom(37, 0xbee6c9a8, 24, 64, 0, 0) = -1 EAGAIN (Try again)
19:18:54.746711,1023,ioctl(9, 0xc0186201, 0xbee6d178) = 0
19:18:54.766290,1023,clock_gettime(CLOCK_MONOTONIC, {153, 51397103}) = 0
19:18:54.767194,1023,clock_gettime(CLOCK_MONOTONIC, {153, 52135854}) = 0
19:18:54.767866,1023,clock_gettime(CLOCK_MONOTONIC, {153, 52801928}) = 0
19:18:54.768488,1023,clock_gettime(CLOCK_MONOTONIC, {153, 53460601}) = 0
19:18:54.769234,1023,clock_gettime(CLOCK_MONOTONIC, {153, 54169961}) = 0
19:18:54.769977,1023,write(29, "W", 1) = 1
19:18:54.770868,1023,ioctl(9, 0xc0186201, 0xbee6cf10) = 0
19:18:54.771747,1023,ioctl(9, 0xc0186201, 0xbee6cf10) = 0
19:18:54.773538,1023,clock_gettime(CLOCK_MONOTONIC, {153, 58530289}) = 0
19:18:54.777289,1023,clock_gettime(CLOCK_MONOTONIC, {153, 62233016}) = 0
19:18:54.777934,1023,ioctl(9, 0xc0186201, 0xbee6d0c8) = 0
19:18:54.778830,1023,ioctl(9, 0xc0186201, 0xbee6d0c8) = 0
19:18:54.779612,1023,getpid() = 1023
19:18:54.780185,1023,getuid32() = 10050
19:18:54.780737,1023,epoll_wait(0x1e, 0xbee6d1f8, 0x10, 0) = 2
19:18:54.781292,1023,read(23, "WW", 16) = 2
19:18:54.781875,1023,recvfrom(37, "nysv\0\0\0\0¸4l¡#\0\0\0$\5\0\0\224Â'¸", 24, MSG_DONTWAIT, NULL, NULL) = 24
19:18:54.782576,1023,recvfrom(37, 0xbee6c828, 24, 64, 0, 0) = -1 EAGAIN (Try again)
19:18:54.783147,1023,clock_gettime(CLOCK_MONOTONIC, {153, 68074450}) = 0
19:18:54.783800,1023,clock_gettime(CLOCK_MONOTONIC, {153, 68747357}) = 0
19:18:54.784432,1023,clock_gettime(CLOCK_MONOTONIC, {153, 69399163}) = 0
19:18:54.785147,1023,clock_gettime(CLOCK_MONOTONIC, {153, 70086846}) = 0
19:18:54.785831,1023,recvfrom(38, 0xb88738b0, 1240, 64, 0, 0) = -1 EAGAIN (Try again)
19:18:54.826770,1023,clock_gettime(CLOCK_MONOTONIC, {153, 111846673}) = 0
19:18:54.827561,1023,clock_gettime(CLOCK_MONOTONIC, {153, 112497711}) = 0
19:18:54.828235,1023,getpid() = 1023
19:18:54.828837,1023,getuid32() = 10050
19:18:54.829477,1023,epoll_wait(0x1e, 0xbee6d1f8, 0x10, 0) = 0
19:18:54.830085,1023,clock_gettime(CLOCK_MONOTONIC, {153, 115019401}) = 0
19:18:54.830752,1023,ioctl(9, 0xc0186201, 0xbee6d328) = 0
19:18:54.831410,1023,epoll_wait(0x1e, 0xbee6d1f8, 0x10, 0x1c) = 0
19:18:54.867121,1023,clock_gettime(CLOCK_MONOTONIC, {153, 152148159}) = 0
19:18:54.867902,1023,clock_gettime(CLOCK_MONOTONIC, {153, 152832499}) = 0
19:18:54.868635,1023,recvfrom(37, 0xbee6c9a8, 24, 64, 0, 0) = -1 EAGAIN (Try again)
19:18:54.869225,1023,ioctl(9, 0xc0186201, 0xbee6d178) = 0
19:18:54.870122,1023,getpid() = 1023
19:18:54.870836,1023,getuid32() = 10050
19:18:54.871414,1023,epoll_wait(0x1e, 0xbee6d1f8, 0x10, 0) = 0
19:18:54.872028,1023,clock_gettime(CLOCK_MONOTONIC, {153, 156961735}) = 0
19:18:54.872744,1023,epoll_wait(0x1e, 0xbee6d1f8, 0x10, 0xffffffff) = 1
19:18:54.875609,1023,recvfrom(37, "nysv\0\0\0\0\2Îù¨#\0\0\0&\5\0\0\224Â'¸", 24, MSG_DONTWAIT, NULL, NULL) = 24
19:18:54.959790,1023,recvfrom(37, 0xbee6c828, 24, 64, 0, 0) = -1 EAGAIN (Try again)
19:18:54.960448,1023,clock_gettime(CLOCK_MONOTONIC, {153, 245400438}) = 0
19:18:54.961132,1023,write(29, "W", 1) = 1
19:18:54.961875,1023,clock_gettime(CLOCK_MONOTONIC, {153, 246819245}) = 0
19:18:54.962530,1023,clock_gettime(CLOCK_MONOTONIC, {153, 247479831}) = 0
19:18:54.963179,1023,clock_gettime(CLOCK_MONOTONIC, {153, 248121827}) = 0
19:18:54.963829,1023,clock_gettime(CLOCK_MONOTONIC, {153, 248770777}) = 0
19:18:54.964729,1023,clock_gettime(CLOCK_MONOTONIC, {153, 249671818}) = 0
19:18:54.965390,1023,clock_gettime(CLOCK_MONOTONIC, {153, 250339373}) = 0
19:18:54.966063,1023,recvfrom(37, 0xbee6c9a8, 24, 64, 0, 0) = -1 EAGAIN (Try again)
19:18:54.966673,1023,ioctl(9, 0xc0186201, 0xbee6d178) = 0
19:18:54.967715,1023,clock_gettime(CLOCK_MONOTONIC, {153, 252660557}) = 0
19:18:54.968388,1023,clock_gettime(CLOCK_MONOTONIC, {153, 253337649}) = 0
19:18:54.969044,1023,clock_gettime(CLOCK_MONOTONIC, {153, 253985541}) = 0
19:18:54.969696,1023,clock_gettime(CLOCK_MONOTONIC, {153, 254638630}) = 0
19:18:54.970366,1023,clock_gettime(CLOCK_MONOTONIC, {153, 255308444}) = 0
19:18:54.983302,1023,write(29, "W", 1) = 1
19:18:54.984187,1023,ioctl(9, 0xc0186201, 0xbee6cf10) = 0
19:18:54.985893,1023,clock_gettime(CLOCK_MONOTONIC, {153, 270842906}) = 0
19:18:54.988963,1023,clock_gettime(CLOCK_MONOTONIC, {153, 301261604}) = 0
19:18:55.017033,1023,ioctl(9, 0xc0186201, 0xbee6d0c8) = 0
19:18:55.017983,1023,ioctl(9, 0xc0186201, 0xbee6d0c8) = 0
19:18:55.018787,1023,getpid() = 1023
19:18:55.019342,1023,getuid32() = 10050
19:18:55.019944,1023,epoll_wait(0x1e, 0xbee6d1f8, 0x10, 0) = 2
19:18:55.020522,1023,read(23, "WW", 16) = 2
19:18:55.021141,1023,recvfrom(37, "nysv\0\0\0\0ü¦²®#\0\0\0'\5\0\0\224Â'¸", 24, MSG_DONTWAIT, NULL, NULL) = 24
19:18:55.021883,1023,recvfrom(37, 0xbee6c828, 24, 64, 0, 0) = -1 EAGAIN (Try again)
19:18:55.022509,1023,clock_gettime(CLOCK_MONOTONIC, {153, 307455933}) = 0
19:18:55.023235,1023,clock_gettime(CLOCK_MONOTONIC, {153, 308176048}) = 0
19:18:55.023892,1023,clock_gettime(CLOCK_MONOTONIC, {153, 308832034}) = 0
19:18:55.024531,1023,clock_gettime(CLOCK_MONOTONIC, {153, 309477627}) = 0
19:18:55.025199,1023,recvfrom(38, 0xb88738b0, 1240, 64, 0, 0) = -1 EAGAIN (Try again)
19:18:55.025815,1023,clock_gettime(CLOCK_MONOTONIC, {153, 310755445}) = 0
19:18:55.026456,1023,clock_gettime(CLOCK_MONOTONIC, {153, 311402999}) = 0
19:18:55.027105,1023,getpid() = 1023
19:18:55.027658,1023,getuid32() = 10050
19:18:55.028238,1023,epoll_wait(0x1e, 0xbee6d1f8, 0x10, 0) = 0
19:18:55.028826,1023,clock_gettime(CLOCK_MONOTONIC, {153, 313765385}) = 0
19:18:55.029472,1023,ioctl(9, 0xc0186201, 0xbee6d328) = 0
19:18:55.030069,1023,epoll_wait(0x1e, 0xbee6d1f8, 0x10, 0x1f) = 0
19:18:55.066803,1023,clock_gettime(CLOCK_MONOTONIC, {153, 351761839}) = 0
19:18:55.067490,1023,clock_gettime(CLOCK_MONOTONIC, {153, 352439086}) = 0
19:18:55.068225,1023,recvfrom(37, 0xbee6c9a8, 24, 64, 0, 0) = -1 EAGAIN (Try again)
19:18:55.068844,1023,ioctl(9, 0xc0186201, 0xbee6d178) = 0
19:18:55.069769,1023,getpid() = 1023
19:18:55.070837,1023,getuid32() = 10050
19:18:55.071438,1023,epoll_wait(0x1e, 0xbee6d1f8, 0x10, 0) = 0
19:18:55.072056,1023,clock_gettime(CLOCK_MONOTONIC, {153, 356997479}) = 0
19:18:55.072726,1023,epoll_wait(0x1e, 0xbee6d1f8, 0x10, 0xffffffff) = 1
19:18:55.074730,1023,recvfrom(37, "nysv\0\0\0\0\n°à´#\0\0\0)\5\0\0\224Â'¸", 24, MSG_DONTWAIT, NULL, NULL) = 24
19:18:55.106871,1023,recvfrom(37, 0xbee6c828, 24, 64, 0, 0) = -1 EAGAIN (Try again)
19:18:55.118478,1023,clock_gettime(CLOCK_MONOTONIC, {153, 403863007}) = 0
19:18:55.121096,1023,write(29, "W", 1) = 1
19:18:55.121875,1023,clock_gettime(CLOCK_MONOTONIC, {153, 406829280}) = 0
19:18:55.122571,1023,clock_gettime(CLOCK_MONOTONIC, {153, 407523530}) = 0
19:18:55.123273,1023,clock_gettime(CLOCK_MONOTONIC, {153, 408224456}) = 0
19:18:55.123955,1023,clock_gettime(CLOCK_MONOTONIC, {153, 408906091}) = 0
19:18:55.124910,1023,clock_gettime(CLOCK_MONOTONIC, {153, 409861998}) = 0
19:18:55.125612,1023,clock_gettime(CLOCK_MONOTONIC, {153, 410562767}) = 0
19:18:55.126313,1023,recvfrom(37, 0xbee6c9a8, 24, 64, 0, 0) = -1 EAGAIN (Try again)
19:18:55.126955,1023,ioctl(9, 0xc0186201, 0xbee6d178) = 0
19:18:55.127880,1023,clock_gettime(CLOCK_MONOTONIC, {153, 412902376}) = 0
19:18:55.128661,1023,clock_gettime(CLOCK_MONOTONIC, {153, 413614119}) = 0
19:18:55.129342,1023,clock_gettime(CLOCK_MONOTONIC, {153, 414292684}) = 0
19:18:55.130025,1023,clock_gettime(CLOCK_MONOTONIC, {153, 414974416}) = 0
19:18:55.130731,1023,clock_gettime(CLOCK_MONOTONIC, {153, 415681029}) = 0
19:18:55.131578,1023,write(29, "W", 1) = 1
19:18:55.132466,1023,ioctl(9, 0xc0186201, 0xbee6cf10) = 0
19:18:55.133342,1023,ioctl(9, 0xc0186201, 0xbee6cf10) = 0
19:18:55.165724,1023,clock_gettime(CLOCK_MONOTONIC, {153, 450714861}) = 0
19:18:55.169603,1023,clock_gettime(CLOCK_MONOTONIC, {153, 454562198}) = 0
19:18:55.170289,1023,ioctl(9, 0xc0186201, 0xbee6d0c8) = 0
19:18:55.171505,1023,getpid() = 1023
19:18:55.172070,1023,getuid32() = 10050
19:18:55.172672,1023,epoll_wait(0x1e, 0xbee6d1f8, 0x10, 0) = 2
19:18:55.173251,1023,read(23, "WW", 16) = 2
19:18:55.173871,1023,recvfrom(37, "nysv\0\0\0\0´ÈÄ¸#\0\0\0*\5\0\0\224Â'¸", 24, MSG_DONTWAIT, NULL, NULL) = 24
19:18:55.174615,1023,recvfrom(37, 0xbee6c828, 24, 64, 0, 0) = -1 EAGAIN (Try again)
19:18:55.175235,1023,clock_gettime(CLOCK_MONOTONIC, {153, 460176684}) = 0
19:18:55.175950,1023,clock_gettime(CLOCK_MONOTONIC, {153, 460892522}) = 0
19:18:55.176607,1023,clock_gettime(CLOCK_MONOTONIC, {153, 461549211}) = 0
19:18:55.177248,1023,clock_gettime(CLOCK_MONOTONIC, {153, 462189639}) = 0
19:18:55.177917,1023,recvfrom(38, 0xb88738b0, 1240, 64, 0, 0) = -1 EAGAIN (Try again)
19:18:55.178527,1023,clock_gettime(CLOCK_MONOTONIC, {153, 463474390}) = 0
19:18:55.179175,1023,clock_gettime(CLOCK_MONOTONIC, {153, 464115448}) = 0
19:18:55.179822,1023,getpid() = 1023
19:18:55.180368,1023,getuid32() = 10050
19:18:55.180954,1023,epoll_wait(0x1e, 0xbee6d1f8, 0x10, 0) = 0
19:18:55.181534,1023,clock_gettime(CLOCK_MONOTONIC, {153, 466481572}) = 0
19:18:55.182189,1023,ioctl(9, 0xc0186201, 0xbee6d328) = 0
19:18:55.182788,1023,epoll_wait(0x1e, 0xbee6d1f8, 0x10, 0x25) = 0
19:18:55.227295,1023,clock_gettime(CLOCK_MONOTONIC, {153, 512266711}) = 0
19:18:55.228024,1023,clock_gettime(CLOCK_MONOTONIC, {153, 512976594}) = 0
19:18:55.228736,1023,recvfrom(37, 0xbee6c9a8, 24, 64, 0, 0) = -1 EAGAIN (Try again)
19:18:55.229375,1023,ioctl(9, 0xc0186201, 0xbee6d178) = 0
19:18:55.230457,1023,getpid() = 1023
19:18:55.231044,1023,getuid32() = 10050
19:18:55.231672,1023,epoll_wait(0x1e, 0xbee6d1f8, 0x10, 0) = 0
19:18:55.232276,1023,clock_gettime(CLOCK_MONOTONIC, {153, 517225558}) = 0
19:18:55.233285,1023,epoll_wait(0x1e, 0xbee6d1f8, 0x10, 0xffffffff) = 1
19:18:55.233905,1023,recvfrom(37, "nysv\0\0\0\0¤\tC¾#\0\0\0,\5\0\0\224Â'¸", 24, MSG_DONTWAIT, NULL, NULL) = 24
19:18:55.234681,1023,recvfrom(37, 0xbee6c828, 24, 64, 0, 0) = -1 EAGAIN (Try again)
19:18:55.235985,1023,clock_gettime(CLOCK_MONOTONIC, {153, 520928071}) = 0
19:18:55.236661,1023,write(29, "W", 1) = 1
19:18:55.237362,1023,clock_gettime(CLOCK_MONOTONIC, {153, 522304225}) = 0
19:18:55.238018,1023,clock_gettime(CLOCK_MONOTONIC, {153, 522960273}) = 0
19:18:55.238664,1023,clock_gettime(CLOCK_MONOTONIC, {153, 523605848}) = 0
19:18:55.239306,1023,clock_gettime(CLOCK_MONOTONIC, {153, 524246600}) = 0
19:18:55.240213,1023,clock_gettime(CLOCK_MONOTONIC, {153, 525154984}) = 0
19:18:55.240879,1023,clock_gettime(CLOCK_MONOTONIC, {153, 525821146}) = 0
19:18:55.266609,1023,recvfrom(37, 0xbee6c9a8, 24, 64, 0, 0) = -1 EAGAIN (Try again)
19:18:55.267330,1023,ioctl(9, 0xc0186201, 0xbee6d178) = 0
19:18:55.268212,1023,clock_gettime(CLOCK_MONOTONIC, {153, 553224011}) = 0
19:18:55.269034,1023,clock_gettime(CLOCK_MONOTONIC, {153, 554003460}) = 0
19:18:55.269719,1023,clock_gettime(CLOCK_MONOTONIC, {153, 554660958}) = 0
19:18:55.270366,1023,clock_gettime(CLOCK_MONOTONIC, {153, 555308294}) = 0
19:18:55.271048,1023,clock_gettime(CLOCK_MONOTONIC, {153, 555990557}) = 0
19:18:55.271725,1023,write(29, "W", 1) = 1
19:18:55.272559,1023,ioctl(9, 0xc0186201, 0xbee6cf10) = 0
19:18:55.273382,1023,ioctl(9, 0xc0186201, 0xbee6cf10) = 0
19:18:55.274738,1023,clock_gettime(CLOCK_MONOTONIC, {153, 559686244}) = 0
19:18:55.278234,1023,clock_gettime(CLOCK_MONOTONIC, {153, 563184995}) = 0
19:18:55.278907,1023,ioctl(9, 0xc0186201, 0xbee6d0c8) = 0
19:18:55.279806,1023,ioctl(9, 0xc0186201, 0xbee6d0c8) = 0
19:18:55.280503,1023,getpid() = 1023
19:18:55.281062,1023,getuid32() = 10050
19:18:55.281657,1023,epoll_wait(0x1e, 0xbee6d1f8, 0x10, 0) = 1
19:18:55.305753,1023,read(23, "WW", 16) = 2
19:18:55.319593,1023,clock_gettime(CLOCK_MONOTONIC, {153, 604553018}) = 0
19:18:55.320282,1023,ioctl(9, 0xc0186201, 0xbee6d328) = 0
19:18:55.321413,1023,epoll_wait(0x1e, 0xbee6d1f8, 0x10, 0x29) = 1
19:18:55.322510,1023,recvfrom(37, "nysv\0\0\0\0\10ú\214À#\0\0\0-\5\0\0\224Â'¸", 24, MSG_DONTWAIT, NULL, NULL) = 24
19:18:55.323329,1023,recvfrom(37, 0xbee6c828, 24, 64, 0, 0) = -1 EAGAIN (Try again)
19:18:55.323984,1023,clock_gettime(CLOCK_MONOTONIC, {153, 608936102}) = 0
19:18:55.324706,1023,write(29, "W", 1) = 1
19:18:55.325441,1023,clock_gettime(CLOCK_MONOTONIC, {153, 610398694}) = 0
19:18:55.326135,1023,clock_gettime(CLOCK_MONOTONIC, {153, 611088244}) = 0
19:18:55.357513,1023,clock_gettime(CLOCK_MONOTONIC, {153, 642516677}) = 0
19:18:55.358343,1023,recvfrom(38, 0xb88738b0, 1240, 64, 0, 0) = -1 EAGAIN (Try again)
19:18:55.359095,1023,clock_gettime(CLOCK_MONOTONIC, {153, 644039465}) = 0
19:18:55.359754,1023,clock_gettime(CLOCK_MONOTONIC, {153, 644698357}) = 0
19:18:55.360409,1023,getpid() = 1023
19:18:55.360971,1023,getuid32() = 10050
19:18:55.361571,1023,epoll_wait(0x1e, 0xbee6d1f8, 0x10, 0) = 1
19:18:55.362183,1023,read(23, "W", 16) = 1
19:18:55.362827,1023,clock_gettime(CLOCK_MONOTONIC, {153, 647769764}) = 0
19:18:55.363480,1023,clock_gettime(CLOCK_MONOTONIC, {153, 648428162}) = 0
19:18:55.364154,1023,recvfrom(37, 0xbee6c9a8, 24, 64, 0, 0) = -1 EAGAIN (Try again)
19:18:55.364764,1023,ioctl(9, 0xc0186201, 0xbee6d178) = 0
19:18:55.365636,1023,getpid() = 1023
19:18:55.366312,1023,getuid32() = 10050
19:18:55.386362,1023,epoll_wait(0x1e, 0xbee6d1f8, 0x10, 0) = 1
19:18:55.387079,1023,recvfrom(37, "nysv\0\0\0\0\fk\200Æ#\0\0\0.\5\0\0\224Â'¸", 24, MSG_DONTWAIT, NULL, NULL) = 24
19:18:55.387838,1023,recvfrom(37, 0xbee6c828, 24, 64, 0, 0) = -1 EAGAIN (Try again)
19:18:55.388468,1023,clock_gettime(CLOCK_MONOTONIC, {153, 673417936}) = 0
19:18:55.389200,1023,clock_gettime(CLOCK_MONOTONIC, {153, 674143089}) = 0
19:18:55.389861,1023,clock_gettime(CLOCK_MONOTONIC, {153, 674803603}) = 0
19:18:55.390502,1023,clock_gettime(CLOCK_MONOTONIC, {153, 675451250}) = 0
19:18:55.391152,1023,clock_gettime(CLOCK_MONOTONIC, {153, 676093765}) = 0
19:18:55.392057,1023,clock_gettime(CLOCK_MONOTONIC, {153, 677000755}) = 0
19:18:55.392727,1023,clock_gettime(CLOCK_MONOTONIC, {153, 677670213}) = 0
19:18:55.393394,1023,recvfrom(37, 0xbee6c9a8, 24, 64, 0, 0) = -1 EAGAIN (Try again)
19:18:55.394001,1023,ioctl(9, 0xc0186201, 0xbee6d178) = 0
19:18:55.394865,1023,clock_gettime(CLOCK_MONOTONIC, {153, 679872128}) = 0
19:18:55.395661,1023,clock_gettime(CLOCK_MONOTONIC, {153, 680605343}) = 0
19:18:55.396313,1023,clock_gettime(CLOCK_MONOTONIC, {153, 681254589}) = 0
19:18:55.396965,1023,clock_gettime(CLOCK_MONOTONIC, {153, 681906479}) = 0
19:18:55.397640,1023,clock_gettime(CLOCK_MONOTONIC, {153, 682581645}) = 0
19:18:55.398305,1023,write(29, "W", 1) = 1
19:18:55.455236,1023,ioctl(9, 0xc0186201, 0xbee6cf10) = 0
19:18:55.456979,1023,clock_gettime(CLOCK_MONOTONIC, {153, 741931586}) = 0
19:18:55.460324,1023,clock_gettime(CLOCK_MONOTONIC, {153, 745272153}) = 0
19:18:55.460993,1023,ioctl(9, 0xc0186201, 0xbee6d0c8) = 0
19:18:55.462155,1023,getpid() = 1023
19:18:55.462722,1023,getuid32() = 10050
19:18:55.463315,1023,epoll_wait(0x1e, 0xbee6d1f8, 0x10, 0) = 2
19:18:55.463901,1023,read(23, "W", 16) = 1
19:18:55.464513,1023,recvfrom(37, "nysv\0\0\0\0R\223\32È#\0\0\0/\5\0\0\224Â'¸", 24, MSG_DONTWAIT, NULL, NULL) = 24
19:18:55.465258,1023,recvfrom(37, 0xbee6c828, 24, 64, 0, 0) = -1 EAGAIN (Try again)
19:18:55.465884,1023,clock_gettime(CLOCK_MONOTONIC, {153, 750826393}) = 0
19:18:55.466598,1023,clock_gettime(CLOCK_MONOTONIC, {153, 751540672}) = 0
19:18:55.467251,1023,clock_gettime(CLOCK_MONOTONIC, {153, 752192540}) = 0
19:18:55.467899,1023,clock_gettime(CLOCK_MONOTONIC, {153, 752841291}) = 0
19:18:55.468566,1023,recvfrom(38, 0xb88738b0, 1240, 64, 0, 0) = -1 EAGAIN (Try again)
19:18:55.469177,1023,clock_gettime(CLOCK_MONOTONIC, {153, 754117864}) = 0
19:18:55.498328,1023,clock_gettime(CLOCK_MONOTONIC, {153, 814230157}) = 0
19:18:55.530440,1023,getpid() = 1023
19:18:55.531048,1023,getuid32() = 10050
19:18:55.531737,1023,epoll_wait(0x1e, 0xbee6d1f8, 0x10, 0) = 0
19:18:55.532351,1023,clock_gettime(CLOCK_MONOTONIC, {153, 817294961}) = 0
19:18:55.533053,1023,clock_gettime(CLOCK_MONOTONIC, {153, 817997176}) = 0
19:18:55.533734,1023,recvfrom(37, 0xbee6c9a8, 24, 64, 0, 0) = -1 EAGAIN (Try again)
19:18:55.534353,1023,ioctl(9, 0xc0186201, 0xbee6d178) = 0
19:18:55.535396,1023,getpid() = 1023
19:18:55.535957,1023,getuid32() = 10050
19:18:55.566541,1023,epoll_wait(0x1e, 0xbee6d1f8, 0x10, 0) = 1
19:18:55.567174,1023,recvfrom(37, "nysv\0\0\0\0Ä\214\222Ð#\0\0\0001\5\0\0\224Â'¸", 24, MSG_DONTWAIT, NULL, NULL) = 24
19:18:55.567934,1023,recvfrom(37, 0xbee6c828, 24, 64, 0, 0) = -1 EAGAIN (Try again)
19:18:55.568567,1023,clock_gettime(CLOCK_MONOTONIC, {153, 853511885}) = 0
19:18:55.569292,1023,clock_gettime(CLOCK_MONOTONIC, {153, 854236120}) = 0
19:18:55.569954,1023,clock_gettime(CLOCK_MONOTONIC, {153, 854896475}) = 0
19:18:55.570601,1023,clock_gettime(CLOCK_MONOTONIC, {153, 855542874}) = 0
19:18:55.571244,1023,clock_gettime(CLOCK_MONOTONIC, {153, 856185031}) = 0
19:18:55.572148,1023,clock_gettime(CLOCK_MONOTONIC, {153, 857091778}) = 0
19:18:55.572817,1023,clock_gettime(CLOCK_MONOTONIC, {153, 857760147}) = 0
19:18:55.574012,1023,recvfrom(37, 0xbee6c9a8, 24, 64, 0, 0) = -1 EAGAIN (Try again)
19:18:55.574627,1023,ioctl(9, 0xc0186201, 0xbee6d178) = 0
19:18:55.575666,1023,clock_gettime(CLOCK_MONOTONIC, {153, 860610646}) = 0
19:18:55.576342,1023,clock_gettime(CLOCK_MONOTONIC, {153, 861284895}) = 0
19:18:55.576997,1023,clock_gettime(CLOCK_MONOTONIC, {153, 861939189}) = 0
19:18:55.577650,1023,clock_gettime(CLOCK_MONOTONIC, {153, 862591928}) = 0
19:18:55.578321,1023,clock_gettime(CLOCK_MONOTONIC, {153, 863262001}) = 0
19:18:55.578995,1023,write(29, "W", 1) = 1
19:18:55.579828,1023,ioctl(9, 0xc0186201, 0xbee6cf10) = 0
19:18:55.581463,1023,clock_gettime(CLOCK_MONOTONIC, {153, 866417889}) = 0
19:18:55.584965,1023,clock_gettime(CLOCK_MONOTONIC, {153, 869914332}) = 0
19:18:55.585635,1023,ioctl(9, 0xc0186201, 0xbee6d0c8) = 0
19:18:55.586707,1023,getpid() = 1023
19:18:55.587263,1023,getuid32() = 10050
19:18:55.587858,1023,epoll_wait(0x1e, 0xbee6d1f8, 0x10, 0) = 1
19:18:55.588423,1023,read(23, "W", 16) = 1
19:18:55.589058,1023,clock_gettime(CLOCK_MONOTONIC, {153, 874005007}) = 0
19:18:55.630615,1023,ioctl(9, 0xc0186201, 0xbee6d328) = 0
19:18:55.631611,1023,epoll_wait(0x1e, 0xbee6d1f8, 0x10, 0x4e) = 1
19:18:55.632419,1023,recvfrom(37, "nysv\0\0\0\0(}ÜÒ#\0\0\0002\5\0\0\224Â'¸", 24, MSG_DONTWAIT, NULL, NULL) = 24
19:18:55.633176,1023,recvfrom(37, 0xbee6c828, 24, 64, 0, 0) = -1 EAGAIN (Try again)
19:18:55.633992,1023,clock_gettime(CLOCK_MONOTONIC, {153, 918948900}) = 0
19:18:55.634795,1023,write(29, "W", 1) = 1
19:18:55.635510,1023,clock_gettime(CLOCK_MONOTONIC, {153, 920503712}) = 0
19:18:55.636217,1023,clock_gettime(CLOCK_MONOTONIC, {153, 921160510}) = 0
19:18:55.636908,1023,clock_gettime(CLOCK_MONOTONIC, {153, 921850538}) = 0
19:18:55.637581,1023,recvfrom(38, 0xb88738b0, 1240, 64, 0, 0) = -1 EAGAIN (Try again)
19:18:55.655818,1023,clock_gettime(CLOCK_MONOTONIC, {153, 940814723}) = 0
19:18:55.656532,1023,clock_gettime(CLOCK_MONOTONIC, {153, 941483195}) = 0
19:18:55.657191,1023,getpid() = 1023
19:18:55.657860,1023,getuid32() = 10050
19:18:55.658454,1023,epoll_wait(0x1e, 0xbee6d1f8, 0x10, 0) = 1
19:18:55.659068,1023,read(23, "W", 16) = 1
19:18:55.659718,1023,clock_gettime(CLOCK_MONOTONIC, {153, 944667349}) = 0
19:18:55.660414,1023,epoll_wait(0x1e, 0xbee6d1f8, 0x10, 0x8) = 0
19:18:55.708149,1023,clock_gettime(CLOCK_MONOTONIC, {153, 993116254}) = 0
19:18:55.708869,1023,clock_gettime(CLOCK_MONOTONIC, {153, 993821852}) = 0
19:18:55.709581,1023,recvfrom(37, 0xbee6c9a8, 24, 64, 0, 0) = -1 EAGAIN (Try again)
19:18:55.710220,1023,ioctl(9, 0xc0186201, 0xbee6d178) = 0
19:18:55.711136,1023,getpid() = 1023
19:18:55.711960,1023,getuid32() = 10050
19:18:55.712594,1023,epoll_wait(0x1e, 0xbee6d1f8, 0x10, 0) = 0
19:18:55.713178,1023,clock_gettime(CLOCK_MONOTONIC, {153, 998120888}) = 0
19:18:55.713848,1023,epoll_wait(0x1e, 0xbee6d1f8, 0x10, 0xffffffff) = 1
19:18:55.722004,1023,recvfrom(37, "nysv\0\0\0\0\220Þ\31Û#\0\0\0003\5\0\0\224Â'¸", 24, MSG_DONTWAIT, NULL, NULL) = 24
19:18:55.722793,1023,recvfrom(37, 0xbee6c828, 24, 64, 0, 0) = -1 EAGAIN (Try again)
19:18:55.723443,1023,clock_gettime(CLOCK_MONOTONIC, {154, 8399828}) = 0
19:18:55.724143,1023,write(29, "W", 1) = 1
19:18:55.725281,1023,clock_gettime(CLOCK_MONOTONIC, {154, 10226849}) = 0
19:18:55.746824,1023,clock_gettime(CLOCK_MONOTONIC, {154, 31787293}) = 0
19:18:55.747517,1023,clock_gettime(CLOCK_MONOTONIC, {154, 32476891}) = 0
19:18:55.748199,1023,clock_gettime(CLOCK_MONOTONIC, {154, 33149612}) = 0
19:18:55.749154,1023,clock_gettime(CLOCK_MONOTONIC, {154, 34105966}) = 0
19:18:55.749852,1023,clock_gettime(CLOCK_MONOTONIC, {154, 34804447}) = 0
19:18:55.750549,1023,recvfrom(37, 0xbee6c9a8, 24, 64, 0, 0) = -1 EAGAIN (Try again)
19:18:55.751198,1023,ioctl(9, 0xc0186201, 0xbee6d178) = 0
19:18:55.752023,1023,clock_gettime(CLOCK_MONOTONIC, {154, 36979051}) = 0
19:18:55.752730,1023,clock_gettime(CLOCK_MONOTONIC, {154, 37682909}) = 0
19:18:55.753408,1023,clock_gettime(CLOCK_MONOTONIC, {154, 38363953}) = 0
19:18:55.754085,1023,clock_gettime(CLOCK_MONOTONIC, {154, 39034638}) = 0
19:18:55.754788,1023,clock_gettime(CLOCK_MONOTONIC, {154, 39739028}) = 0
19:18:55.755483,1023,write(29, "W", 1) = 1
19:18:55.756353,1023,ioctl(9, 0xc0186201, 0xbee6cf10) = 0
19:18:55.767739,1023,ioctl(9, 0xc0186201, 0xbee6cf10) = 0
19:18:55.829218,1023,clock_gettime(CLOCK_MONOTONIC, {154, 122212765}) = 0
19:18:55.841089,1023,clock_gettime(CLOCK_MONOTONIC, {154, 126130081}) = 0
19:18:55.841904,1023,ioctl(9, 0xc0186201, 0xbee6d0c8) = 0
19:18:55.842839,1023,ioctl(9, 0xc0186201, 0xbee6d0c8) = 0
19:18:55.843626,1023,getpid() = 1023
19:18:55.844184,1023,getuid32() = 10050
19:18:55.844787,1023,epoll_wait(0x1e, 0xbee6d1f8, 0x10, 0) = 2
19:18:55.845367,1023,read(23, "WW", 16) = 2
19:18:55.845989,1023,recvfrom(37, "nysv\0\0\0\0\34/NÞ#\0\0\0004\5\0\0\224Â'¸", 24, MSG_DONTWAIT, NULL, NULL) = 24
19:18:55.846737,1023,recvfrom(37, 0xbee6c828, 24, 64, 0, 0) = -1 EAGAIN (Try again)
19:18:55.847364,1023,clock_gettime(CLOCK_MONOTONIC, {154, 132306351}) = 0
19:18:55.848080,1023,clock_gettime(CLOCK_MONOTONIC, {154, 158339904}) = 0
19:18:55.874260,1023,clock_gettime(CLOCK_MONOTONIC, {154, 159229325}) = 0
19:18:55.874972,1023,clock_gettime(CLOCK_MONOTONIC, {154, 159925305}) = 0
19:18:55.875683,1023,recvfrom(38, 0xb88738b0, 1240, 64, 0, 0) = -1 EAGAIN (Try again)
19:18:55.886527,1023,clock_gettime(CLOCK_MONOTONIC, {154, 184008346}) = 0
19:18:55.900134,1023,clock_gettime(CLOCK_MONOTONIC, {154, 185099782}) = 0
19:18:55.900865,1023,clock_gettime(CLOCK_MONOTONIC, {154, 185815002}) = 0
19:18:55.901566,1023,recvfrom(37, 0xbee6c9a8, 24, 64, 0, 0) = -1 EAGAIN (Try again)
19:18:55.902199,1023,ioctl(9, 0xc0186201, 0xbee6d178) = 0
19:18:55.903158,1023,clock_gettime(CLOCK_MONOTONIC, {154, 188176857}) = 0
19:18:55.904012,1023,clock_gettime(CLOCK_MONOTONIC, {154, 188962760}) = 0
19:18:55.904795,1023,clock_gettime(CLOCK_MONOTONIC, {154, 189838791}) = 0
19:18:55.905587,1023,clock_gettime(CLOCK_MONOTONIC, {154, 190546460}) = 0
19:18:55.906292,1023,clock_gettime(CLOCK_MONOTONIC, {154, 191248801}) = 0
19:18:55.907221,1023,ioctl(9, 0xc0186201, 0xbee6cf10) = 0
19:18:55.908070,1023,ioctl(9, 0xc0186201, 0xbee6cf10) = 0
19:18:55.909406,1023,clock_gettime(CLOCK_MONOTONIC, {154, 194384351}) = 0
19:18:55.911955,1023,clock_gettime(CLOCK_MONOTONIC, {154, 196896292}) = 0
19:18:55.912629,1023,ioctl(9, 0xc0186201, 0xbee6d0c8) = 0
19:18:55.913484,1023,ioctl(9, 0xc0186201, 0xbee6d0c8) = 0
19:18:55.914198,1023,getpid() = 1023
19:18:55.914770,1023,getuid32() = 10050
19:18:55.915339,1023,epoll_wait(0x1e, 0xbee6d1f8, 0x10, 0) = 0
19:18:55.915946,1023,clock_gettime(CLOCK_MONOTONIC, {154, 200880880}) = 0
19:18:55.916578,1023,getpid() = 1023
19:18:55.917106,1023,getuid32() = 10050
19:18:55.917670,1023,epoll_wait(0x1e, 0xbee6d1f8, 0x10, 0) = 0
19:18:55.918223,1023,clock_gettime(CLOCK_MONOTONIC, {154, 203157551}) = 0
19:18:55.918853,1023,ioctl(9, 0xc0186201, 0xbee6d328) = 0
19:18:55.919423,1023,epoll_wait(0x1e, 0xbee6d1f8, 0x10, 0x4c) = 1
19:18:55.993496,1023,recvfrom(37, "nysv\0\0\0\0\204\220\213æ#\0\0\0006\5\0\0\224Â'¸", 24, MSG_DONTWAIT, NULL, NULL) = 24
19:18:55.994381,1023,recvfrom(37, 0xbee6c828, 24, 64, 0, 0) = -1 EAGAIN (Try again)
19:18:55.995043,1023,clock_gettime(CLOCK_MONOTONIC, {154, 279978950}) = 0
19:18:56.047056,1023,write(29, "W", 1) = 1
19:18:56.047809,1023,clock_gettime(CLOCK_MONOTONIC, {154, 332739440}) = 0
19:18:56.048428,1023,clock_gettime(CLOCK_MONOTONIC, {154, 333437474}) = 0
19:18:56.049243,1023,writev(3, [{"\4", 1}, {"Choreographer\0", 14}, {"Skipped 36 frames! The applicat"..., 83}], 3) = 98
19:18:56.060643,1023,clock_gettime(CLOCK_MONOTONIC, {154, 345600887}) = 0
19:18:56.061328,1023,recvfrom(38, 0xb88738b0, 1240, 64, 0, 0) = -1 EAGAIN (Try again)
19:18:56.061972,1023,clock_gettime(CLOCK_MONOTONIC, {154, 346927158}) = 0
19:18:56.062968,1023,clock_gettime(CLOCK_MONOTONIC, {154, 347897374}) = 0
19:18:56.063626,1023,clock_gettime(CLOCK_MONOTONIC, {154, 348553922}) = 0
19:18:56.064393,1023,recvfrom(37, 0xbee6c9a8, 24, 64, 0, 0) = -1 EAGAIN (Try again)
19:18:56.065091,1023,ioctl(9, 0xc0186201, 0xbee6d178) = 0
19:18:56.095249,1023,clock_gettime(CLOCK_MONOTONIC, {154, 380210048}) = 0
19:18:56.095990,1023,clock_gettime(CLOCK_MONOTONIC, {154, 380920316}) = 0
19:18:56.096632,1023,clock_gettime(CLOCK_MONOTONIC, {154, 412735220}) = 0
19:18:56.129069,1023,clock_gettime(CLOCK_MONOTONIC, {154, 414643715}) = 0
19:18:56.130712,1023,clock_gettime(CLOCK_MONOTONIC, {154, 417728381}) = 0
19:18:56.133959,1023,ioctl(9, 0xc0186201, 0xbee6cf10) = 0
19:18:56.135029,1023,ioctl(9, 0xc0186201, 0xbee6cf10) = 0
19:18:56.136463,1023,clock_gettime(CLOCK_MONOTONIC, {154, 421463959}) = 0
19:18:56.167208,1041,<... select resumed> ) = 0 (Timeout)
19:18:56.167644,1041,socket(PF_INET, SOCK_DGRAM, IPPROTO_IP) = 43
19:18:56.168312,1041,open("/dev/urandom", O_RDONLY) = 44
19:18:56.169019,1041,read(44, "Y\35EÁ", 4) = 4
19:18:56.169607,1041,close(44) = 0
19:18:56.170126,1041,bind(43, {sa_family=AF_INET, sin_port=htons(8538), sin_addr=inet_addr("0.0.0.0")}, 16) = 0
19:18:56.170827,1041,connect(43, {sa_family=AF_INET, sin_port=htons(53), sin_addr=inet_addr("10.0.2.4")}, 16) = 0
19:18:56.171540,1041,sendto(43, "\0ú\1\0\0\1\0\0\0\0\0\0\6client\nmustmobile\3c"..., 39, 0, NULL, 0) = 39
19:18:56.172584,1041,clock_gettime(CLOCK_REALTIME, {1738783136, 172777489}) = 0
19:18:56.173169,1041,clock_gettime(CLOCK_REALTIME, {1738783136, 173339369}) = 0
19:18:56.173763,1041,select(44, [43], NULL, NULL, {4, 999439} <unfinished ...>
19:18:56.185872,1023,clock_gettime(CLOCK_MONOTONIC, {154, 474236859}) = 0
19:18:56.190129,1023,ioctl(9, 0xc0186201, 0xbee6d0c8) = 0
19:18:56.191360,1023,getpid() = 1023
19:18:56.226628,1043,<... select resumed> ) = 0 (Timeout)
19:18:56.227057,1043,socket(PF_INET, SOCK_DGRAM, IPPROTO_IP) = 44
19:18:56.227669,1043,open("/dev/urandom", O_RDONLY) = 45
19:18:56.228289,1043,read(45, "q\"\30[", 4) = 4
19:18:56.228866,1043,close(45) = 0
19:18:56.229355,1043,bind(44, {sa_family=AF_INET, sin_port=htons(9842), sin_addr=inet_addr("0.0.0.0")}, 16) = 0
19:18:56.230020,1043,connect(44, {sa_family=AF_INET, sin_port=htons(53), sin_addr=inet_addr("10.0.2.4")}, 16) = 0
19:18:56.230678,1043,sendto(44, "ßv\1\0\0\1\0\0\0\0\0\0\6client\nmustmobile\3c"..., 39, 0, NULL, 0) = 39
19:18:56.231648,1043,clock_gettime(CLOCK_REALTIME, {1738783136, 231825709}) = 0
19:18:56.232285,1043,clock_gettime(CLOCK_REALTIME, {1738783136, 232460929}) = 0
19:18:56.232929,1043,select(45, [44], NULL, NULL, {4, 999365} <unfinished ...>
19:18:56.236174,1023,getuid32() = 10050
19:18:56.236842,1023,epoll_wait(0x1e, 0xbee6d1f8, 0x10, 0) = 2
19:18:56.266188,1023,read(23, "W", 16) = 1
19:18:56.266819,1023,recvfrom(37, "nysv\0\0\0\0(\202(ð#\0\0\0007\5\0\0\224Â'¸", 24, MSG_DONTWAIT, NULL, NULL) = 24
19:18:56.267577,1023,recvfrom(37, 0xbee6c828, 24, 64, 0, 0) = -1 EAGAIN (Try again)
19:18:56.268237,1023,clock_gettime(CLOCK_MONOTONIC, {154, 553173414}) = 0
19:18:56.268960,1023,clock_gettime(CLOCK_MONOTONIC, {154, 553895751}) = 0
19:18:56.269608,1023,getpid() = 1023
19:18:56.270198,1023,getuid32() = 10050
19:18:56.270769,1023,epoll_wait(0x1e, 0xbee6d1f8, 0x10, 0) = 0
19:18:56.271333,1023,clock_gettime(CLOCK_MONOTONIC, {154, 556267386}) = 0
19:18:56.271959,1023,clock_gettime(CLOCK_MONOTONIC, {154, 556892147}) = 0
19:18:56.272712,1023,writev(3, [{"\4", 1}, {"Choreographer\0", 14}, {"Skipped 53 frames! The applicat"..., 83}], 3) = 98
19:18:56.293467,1023,clock_gettime(CLOCK_MONOTONIC, {154, 578451901}) = 0
19:18:56.294156,1023,recvfrom(38, 0xb88738b0, 1240, 64, 0, 0) = -1 EAGAIN (Try again)
19:18:56.294772,1023,clock_gettime(CLOCK_MONOTONIC, {154, 579729936}) = 0
19:18:56.295723,1023,clock_gettime(CLOCK_MONOTONIC, {154, 580653286}) = 0
19:18:56.296387,1023,clock_gettime(CLOCK_MONOTONIC, {154, 581322176}) = 0
19:18:56.297071,1023,recvfrom(37, 0xbee6c9a8, 24, 64, 0, 0) = -1 EAGAIN (Try again)
19:18:56.297634,1023,ioctl(9, 0xc0186201, 0xbee6d178) = 0
19:18:56.298444,1023,clock_gettime(CLOCK_MONOTONIC, {154, 583441532}) = 0
19:18:56.299184,1023,clock_gettime(CLOCK_MONOTONIC, {154, 584113083}) = 0
19:18:56.299792,1023,clock_gettime(CLOCK_MONOTONIC, {154, 584720114}) = 0
19:18:56.300411,1023,clock_gettime(CLOCK_MONOTONIC, {154, 585349088}) = 0
19:18:56.301066,1023,clock_gettime(CLOCK_MONOTONIC, {154, 585993031}) = 0
19:18:56.301891,1023,ioctl(9, 0xc0186201, 0xbee6cf10) = 0
19:18:56.302691,1023,ioctl(9, 0xc0186201, 0xbee6cf10) = 0
19:18:56.319187,1023,clock_gettime(CLOCK_MONOTONIC, {154, 604156770}) = 0
19:18:56.323441,1023,clock_gettime(CLOCK_MONOTONIC, {154, 608426877}) = 0
19:18:56.324123,1023,ioctl(9, 0xc0186201, 0xbee6d0c8) = 0
19:18:56.325241,1023,getpid() = 1023
19:18:56.325796,1023,getuid32() = 10050
19:18:56.358602,1023,epoll_wait(0x1e, 0xbee6d1f8, 0x10, 0) = 1
19:18:56.397861,1023,recvfrom(37, "nysv\0\0\0\0\212¼\36þ#\0\0\0009\5\0\0\224Â'¸", 24, MSG_DONTWAIT, NULL, NULL) = 24
19:18:56.398885,1023,recvfrom(37, 0xbee6c828, 24, 64, 0, 0) = -1 EAGAIN (Try again)
19:18:56.399514,1023,clock_gettime(CLOCK_MONOTONIC, {154, 684513833}) = 0
19:18:56.400336,1023,clock_gettime(CLOCK_MONOTONIC, {154, 685283773}) = 0
19:18:56.401078,1023,getpid() = 1023
19:18:56.401715,1023,getuid32() = 10050
19:18:56.402317,1023,epoll_wait(0x1e, 0xbee6d1f8, 0x10, 0) = 0
19:18:56.402998,1023,clock_gettime(CLOCK_MONOTONIC, {154, 687936454}) = 0
19:18:56.403676,1023,clock_gettime(CLOCK_MONOTONIC, {154, 688613025}) = 0
19:18:56.404300,1023,clock_gettime(CLOCK_MONOTONIC, {154, 689235899}) = 0
19:18:56.405057,1023,recvfrom(38, 0xb88738b0, 1240, 64, 0, 0) = -1 EAGAIN (Try again)
19:18:56.427681,1023,clock_gettime(CLOCK_MONOTONIC, {154, 713614652}) = 0
19:18:56.429678,1023,clock_gettime(CLOCK_MONOTONIC, {154, 714621647}) = 0
19:18:56.430339,1023,clock_gettime(CLOCK_MONOTONIC, {154, 715298057}) = 0
19:18:56.431052,1023,recvfrom(37, 0xbee6c9a8, 24, 64, 0, 0) = -1 EAGAIN (Try again)
19:18:56.431678,1023,ioctl(9, 0xc0186201, 0xbee6d178) = 0
19:18:56.432886,1023,clock_gettime(CLOCK_MONOTONIC, {154, 717879329}) = 0
19:18:56.433654,1023,clock_gettime(CLOCK_MONOTONIC, {154, 718593171}) = 0
19:18:56.434284,1023,clock_gettime(CLOCK_MONOTONIC, {154, 719219167}) = 0
19:18:56.434946,1023,clock_gettime(CLOCK_MONOTONIC, {154, 719992286}) = 0
19:18:56.452641,1023,clock_gettime(CLOCK_MONOTONIC, {154, 745799728}) = 0
19:18:56.461969,1023,ioctl(9, 0xc0186201, 0xbee6cf10) = 0
19:18:56.462901,1023,ioctl(9, 0xc0186201, 0xbee6cf10) = 0
19:18:56.464259,1023,clock_gettime(CLOCK_MONOTONIC, {154, 749193175}) = 0
19:18:56.467408,1023,clock_gettime(CLOCK_MONOTONIC, {154, 752383735}) = 0
19:18:56.481806,1023,ioctl(9, 0xc0186201, 0xbee6d0c8) = 0
19:18:56.482997,1023,getpid() = 1023
19:18:56.483514,1023,getuid32() = 10050
19:18:56.484108,1023,epoll_wait(0x1e, 0xbee6d1f8, 0x10, 0) = 1
19:18:56.484681,1023,recvfrom(37, "nysv\0\0\0\0è\205!\6$\0\0\0;\5\0\0\224Â'¸", 24, MSG_DONTWAIT, NULL, NULL) = 24
19:18:56.555465,1023,recvfrom(37, 0xbee6c828, 24, 64, 0, 0) = -1 EAGAIN (Try again)
19:18:56.556256,1023,clock_gettime(CLOCK_MONOTONIC, {154, 841187011}) = 0
19:18:56.557032,1023,clock_gettime(CLOCK_MONOTONIC, {154, 841961541}) = 0
19:18:56.557689,1023,getpid() = 1023
19:18:56.558199,1023,getuid32() = 10050
19:18:56.558780,1023,epoll_wait(0x1e, 0xbee6d1f8, 0x10, 0) = 0
19:18:56.559320,1023,clock_gettime(CLOCK_MONOTONIC, {154, 844247520}) = 0
19:18:56.559958,1023,clock_gettime(CLOCK_MONOTONIC, {154, 844885648}) = 0
19:18:56.560706,1023,writev(3, [{"\4", 1}, {"Choreographer\0", 14}, {"Skipped 32 frames! The applicat"..., 83}], 3) = 98
19:18:56.563767,1023,clock_gettime(CLOCK_MONOTONIC, {154, 848706442}) = 0
19:18:56.564447,1023,recvfrom(38, 0xb88738b0, 1240, 64, 0, 0) = -1 EAGAIN (Try again)
19:18:56.565075,1023,clock_gettime(CLOCK_MONOTONIC, {154, 850008354}) = 0
19:18:56.565981,1023,clock_gettime(CLOCK_MONOTONIC, {154, 850924522}) = 0
19:18:56.566617,1023,clock_gettime(CLOCK_MONOTONIC, {154, 851545968}) = 0
19:18:56.567235,1023,recvfrom(37, 0xbee6c9a8, 24, 64, 0, 0) = -1 EAGAIN (Try again)
19:18:56.567800,1023,ioctl(9, 0xc0186201, 0xbee6d178) = 0
19:18:56.568646,1023,clock_gettime(CLOCK_MONOTONIC, {154, 853638065}) = 0
19:18:56.569404,1023,clock_gettime(CLOCK_MONOTONIC, {154, 854345600}) = 0
19:18:56.570029,1023,clock_gettime(CLOCK_MONOTONIC, {154, 854962516}) = 0
19:18:56.570648,1023,clock_gettime(CLOCK_MONOTONIC, {154, 855580402}) = 0
19:18:56.571285,1023,clock_gettime(CLOCK_MONOTONIC, {154, 856216801}) = 0
19:18:56.572093,1023,ioctl(9, 0xc0186201, 0xbee6cf10) = 0
19:18:56.572885,1023,ioctl(9, 0xc0186201, 0xbee6cf10) = 0
19:18:56.574174,1023,clock_gettime(CLOCK_MONOTONIC, {154, 859116238}) = 0
19:18:56.577616,1023,clock_gettime(CLOCK_MONOTONIC, {154, 862551952}) = 0
19:18:56.578290,1023,ioctl(9, 0xc0186201, 0xbee6d0c8) = 0
19:18:56.579163,1023,ioctl(9, 0xc0186201, 0xbee6d0c8) = 0
19:18:56.579813,1023,getpid() = 1023
19:18:56.580325,1023,getuid32() = 10050
19:18:56.627225,1023,epoll_wait(0x1e, 0xbee6d1f8, 0x10, 0) = 1
19:18:56.627975,1023,recvfrom(37, "nysv\0\0\0\0FO$\16$\0\0\0=\5\0\0\224Â'¸", 24, MSG_DONTWAIT, NULL, NULL) = 24
19:18:56.628880,1023,recvfrom(37, 0xbee6c828, 24, 64, 0, 0) = -1 EAGAIN (Try again)
19:18:56.629684,1023,clock_gettime(CLOCK_MONOTONIC, {154, 914669323}) = 0
19:18:56.630491,1023,clock_gettime(CLOCK_MONOTONIC, {154, 915486192}) = 0
19:18:56.631333,1023,getpid() = 1023
19:18:56.631993,1023,getuid32() = 10050
19:18:56.632825,1023,epoll_wait(0x1e, 0xbee6d1f8, 0x10, 0) = 0
19:18:56.633711,1023,clock_gettime(CLOCK_MONOTONIC, {154, 918667437}) = 0
19:18:56.634397,1023,clock_gettime(CLOCK_MONOTONIC, {154, 919631397}) = 0
19:18:56.635322,1023,clock_gettime(CLOCK_MONOTONIC, {154, 920279062}) = 0
19:18:56.657501,1023,recvfrom(38, 0xb88738b0, 1240, 64, 0, 0) = -1 EAGAIN (Try again)
19:18:56.667592,1023,clock_gettime(CLOCK_MONOTONIC, {154, 952546095}) = 0
19:18:56.668535,1023,clock_gettime(CLOCK_MONOTONIC, {154, 953508719}) = 0
19:18:56.669202,1023,clock_gettime(CLOCK_MONOTONIC, {154, 954132197}) = 0
19:18:56.669865,1023,recvfrom(37, 0xbee6c9a8, 24, 64, 0, 0) = -1 EAGAIN (Try again)
19:18:56.670427,1023,ioctl(9, 0xc0186201, 0xbee6d178) = 0
19:18:56.671475,1023,clock_gettime(CLOCK_MONOTONIC, {154, 956521290}) = 0
19:18:56.672285,1023,clock_gettime(CLOCK_MONOTONIC, {154, 957215327}) = 0
19:18:56.673265,1023,clock_gettime(CLOCK_MONOTONIC, {154, 958194935}) = 0
19:18:56.673973,1023,clock_gettime(CLOCK_MONOTONIC, {154, 958921650}) = 0
19:18:56.674675,1023,clock_gettime(CLOCK_MONOTONIC, {154, 959611455}) = 0
19:18:56.675516,1023,ioctl(9, 0xc0186201, 0xbee6cf10) = 0
19:18:56.676359,1023,ioctl(9, 0xc0186201, 0xbee6cf10) = 0
19:18:56.677740,1023,clock_gettime(CLOCK_MONOTONIC, {155, 3908316}) = 0
19:18:56.722646,1023,clock_gettime(CLOCK_MONOTONIC, {155, 7601309}) = 0
19:18:56.723289,1023,ioctl(9, 0xc0186201, 0xbee6d0c8) = 0
19:18:56.724286,1023,ioctl(9, 0xc0186201, 0xbee6d0c8) = 0
19:18:56.725057,1023,getpid() = 1023
19:18:56.725597,1023,getuid32() = 10050
19:18:56.726161,1023,epoll_wait(0x1e, 0xbee6d1f8, 0x10, 0) = 1
19:18:56.726736,1023,recvfrom(37, "nysv\0\0\0\0TXR\24$\0\0\0>\5\0\0\224Â'¸", 24, MSG_DONTWAIT, NULL, NULL) = 24
19:18:56.727476,1023,recvfrom(37, 0xbee6c828, 24, 64, 0, 0) = -1 EAGAIN (Try again)
19:18:56.728090,1023,clock_gettime(CLOCK_MONOTONIC, {155, 13017241}) = 0
19:18:56.728781,1023,clock_gettime(CLOCK_MONOTONIC, {155, 13709541}) = 0
19:18:56.729385,1023,getpid() = 1023
19:18:56.729930,1023,getuid32() = 10050
19:18:56.730465,1023,epoll_wait(0x1e, 0xbee6d1f8, 0x10, 0) = 0
19:18:56.731056,1023,clock_gettime(CLOCK_MONOTONIC, {155, 15987714}) = 0
19:18:56.731702,1023,clock_gettime(CLOCK_MONOTONIC, {155, 16632983}) = 0
19:18:56.732306,1023,clock_gettime(CLOCK_MONOTONIC, {155, 17233390}) = 0
19:18:56.732954,1023,recvfrom(38, 0xb88738b0, 1240, 64, 0, 0) = -1 EAGAIN (Try again)
19:18:56.733515,1023,clock_gettime(CLOCK_MONOTONIC, {155, 18481076}) = 0
19:18:56.734143,1023,clock_gettime(CLOCK_MONOTONIC, {155, 19069372}) = 0
19:18:56.779419,1023,getpid() = 1023
19:18:56.784928,1023,getuid32() = 10050
19:18:56.785532,1023,epoll_wait(0x1e, 0xbee6d1f8, 0x10, 0) = 0
19:18:56.786137,1023,clock_gettime(CLOCK_MONOTONIC, {155, 71072941}) = 0
19:18:56.786806,1023,clock_gettime(CLOCK_MONOTONIC, {155, 71800774}) = 0
19:18:56.787872,1023,recvfrom(37, 0xbee6c9a8, 24, 64, 0, 0) = -1 EAGAIN (Try again)
19:18:56.788522,1023,ioctl(9, 0xc0186201, 0xbee6d178) = 0
19:18:56.789397,1023,getpid() = 1023
19:18:56.790123,1023,getuid32() = 10050
19:18:56.790705,1023,epoll_wait(0x1e, 0xbee6d1f8, 0x10, 0) = 0
19:18:56.791239,1023,clock_gettime(CLOCK_MONOTONIC, {155, 76166131}) = 0
19:18:56.791884,1023,epoll_wait(0x1e, 0xbee6d1f8, 0x10, 0xffffffff) = 1
19:18:56.817944,1023,recvfrom(37, "nysv\0\0\0\0\200)0\33$\0\0\0@\5\0\0\224Â'¸", 24, MSG_DONTWAIT, NULL, NULL) = 24
19:18:56.818652,1023,recvfrom(37, 0xbee6c828, 24, 64, 0, 0) = -1 EAGAIN (Try again)
19:18:56.819257,1023,clock_gettime(CLOCK_MONOTONIC, {155, 104190940}) = 0
19:18:56.819908,1023,write(29, "W", 1) = 1
19:18:56.820582,1023,clock_gettime(CLOCK_MONOTONIC, {155, 105510454}) = 0
19:18:56.821216,1023,clock_gettime(CLOCK_MONOTONIC, {155, 106143981}) = 0
19:18:56.821847,1023,clock_gettime(CLOCK_MONOTONIC, {155, 106774266}) = 0
19:18:56.822437,1023,clock_gettime(CLOCK_MONOTONIC, {155, 107402612}) = 0
19:18:56.823305,1023,clock_gettime(CLOCK_MONOTONIC, {155, 108232546}) = 0
19:18:56.823985,1023,clock_gettime(CLOCK_MONOTONIC, {155, 108912943}) = 0
19:18:56.824635,1023,recvfrom(37, 0xbee6c9a8, 24, 64, 0, 0) = -1 EAGAIN (Try again)
19:18:56.825187,1023,ioctl(9, 0xc0186201, 0xbee6d178) = 0
19:18:56.826022,1023,clock_gettime(CLOCK_MONOTONIC, {155, 111007027}) = 0
19:18:56.826746,1023,clock_gettime(CLOCK_MONOTONIC, {155, 111679444}) = 0
19:18:56.827358,1023,clock_gettime(CLOCK_MONOTONIC, {155, 112340008}) = 0
19:18:56.828031,1023,clock_gettime(CLOCK_MONOTONIC, {155, 112963650}) = 0
19:18:56.828701,1023,clock_gettime(CLOCK_MONOTONIC, {155, 113633636}) = 0
19:18:56.829331,1023,write(29, "W", 1) = 1
19:18:56.830208,1023,ioctl(9, 0xc0186201, 0xbee6cf10) = 0
19:18:56.876077,1023,ioctl(9, 0xc0186201, 0xbee6cf10) = 0
19:18:56.877486,1023,clock_gettime(CLOCK_MONOTONIC, {155, 162428743}) = 0
19:18:56.880471,1023,clock_gettime(CLOCK_MONOTONIC, {155, 165415660}) = 0
19:18:56.881106,1023,ioctl(9, 0xc0186201, 0xbee6d0c8) = 0
19:18:56.881951,1023,ioctl(9, 0xc0186201, 0xbee6d0c8) = 0
19:18:56.908196,1023,getpid() = 1023
19:18:56.908906,1023,getuid32() = 10050
19:18:56.909513,1023,epoll_wait(0x1e, 0xbee6d1f8, 0x10, 0) = 2
19:18:56.910104,1023,read(23, "WW", 16) = 2
19:18:56.910732,1023,recvfrom(37, "nysv\0\0\0\0Ðé\4\35$\0\0\0A\5\0\0\224Â'¸", 24, MSG_DONTWAIT, NULL, NULL) = 24
19:18:56.911477,1023,recvfrom(37, 0xbee6c828, 24, 64, 0, 0) = -1 EAGAIN (Try again)
19:18:56.912113,1023,clock_gettime(CLOCK_MONOTONIC, {155, 197057263}) = 0
19:18:56.912845,1023,clock_gettime(CLOCK_MONOTONIC, {155, 197788998}) = 0
19:18:56.913501,1023,clock_gettime(CLOCK_MONOTONIC, {155, 198451489}) = 0
19:18:56.914153,1023,clock_gettime(CLOCK_MONOTONIC, {155, 199096037}) = 0
19:18:56.914827,1023,recvfrom(38, 0xb88738b0, 1240, 64, 0, 0) = -1 EAGAIN (Try again)
19:18:56.915439,1023,clock_gettime(CLOCK_MONOTONIC, {155, 200387318}) = 0
19:18:56.945426,1023,clock_gettime(CLOCK_MONOTONIC, {155, 230435735}) = 0
19:18:56.946213,1023,getpid() = 1023
19:18:56.946802,1023,getuid32() = 10050
19:18:56.947430,1023,epoll_wait(0x1e, 0xbee6d1f8, 0x10, 0) = 0
19:18:56.948057,1023,clock_gettime(CLOCK_MONOTONIC, {155, 233008317}) = 0
19:18:56.948746,1023,clock_gettime(CLOCK_MONOTONIC, {155, 233696414}) = 0
19:18:56.949445,1023,recvfrom(37, 0xbee6c9a8, 24, 64, 0, 0) = -1 EAGAIN (Try again)
19:18:56.950085,1023,ioctl(9, 0xc0186201, 0xbee6d178) = 0
19:18:56.950982,1023,getpid() = 1023
19:18:56.951568,1023,getuid32() = 10050
19:18:56.952184,1023,epoll_wait(0x1e, 0xbee6d1f8, 0x10, 0) = 0
19:18:56.952796,1023,clock_gettime(CLOCK_MONOTONIC, {155, 237747214}) = 0
19:18:56.953486,1023,epoll_wait(0x1e, 0xbee6d1f8, 0x10, 0xffffffff) = 1
19:18:57.039664,1023,recvfrom(37, "nysv\0\0\0\0.³\7%$\0\0\0C\5\0\0\224Â'¸", 24, MSG_DONTWAIT, NULL, NULL) = 24
19:18:57.040427,1023,recvfrom(37, 0xbee6c828, 24, 64, 0, 0) = -1 EAGAIN (Try again)
19:18:57.041068,1023,clock_gettime(CLOCK_MONOTONIC, {155, 326010384}) = 0
19:18:57.041759,1023,write(29, "W", 1) = 1
19:18:57.042466,1023,clock_gettime(CLOCK_MONOTONIC, {155, 327414953}) = 0
19:18:57.043127,1023,clock_gettime(CLOCK_MONOTONIC, {155, 328068533}) = 0
19:18:57.043776,1023,clock_gettime(CLOCK_MONOTONIC, {155, 328716051}) = 0
19:18:57.044418,1023,clock_gettime(CLOCK_MONOTONIC, {155, 329364641}) = 0
19:18:57.045324,1023,clock_gettime(CLOCK_MONOTONIC, {155, 330267220}) = 0
19:18:57.045993,1023,clock_gettime(CLOCK_MONOTONIC, {155, 330934202}) = 0
19:18:57.046666,1023,recvfrom(37, 0xbee6c9a8, 24, 64, 0, 0) = -1 EAGAIN (Try again)
19:18:57.047265,1023,ioctl(9, 0xc0186201, 0xbee6d178) = 0
19:18:57.048124,1023,clock_gettime(CLOCK_MONOTONIC, {155, 333119997}) = 0
19:18:57.048857,1023,clock_gettime(CLOCK_MONOTONIC, {155, 333797999}) = 0
19:18:57.049505,1023,clock_gettime(CLOCK_MONOTONIC, {155, 334453457}) = 0
19:18:57.050157,1023,clock_gettime(CLOCK_MONOTONIC, {155, 335097899}) = 0
19:18:57.050834,1023,clock_gettime(CLOCK_MONOTONIC, {155, 335774559}) = 0
19:18:57.051500,1023,write(29, "W", 1) = 1
19:18:57.052359,1023,ioctl(9, 0xc0186201, 0xbee6cf10) = 0
19:18:57.053220,1023,ioctl(9, 0xc0186201, 0xbee6cf10) = 0
19:18:57.065612,1023,clock_gettime(CLOCK_MONOTONIC, {155, 350629473}) = 0
19:18:57.069439,1023,clock_gettime(CLOCK_MONOTONIC, {155, 354409805}) = 0
19:18:57.070161,1023,ioctl(9, 0xc0186201, 0xbee6d0c8) = 0
19:18:57.071362,1023,ioctl(9, 0xc0186201, 0xbee6d0c8) = 0
19:18:57.072378,1023,getpid() = 1023
19:18:57.072967,1023,getuid32() = 10050
19:18:57.073626,1023,epoll_wait(0x1e, 0xbee6d1f8, 0x10, 0) = 2
19:18:57.074268,1023,read(23, "WW", 16) = 2
19:18:57.074936,1023,recvfrom(37, "nysv\0\0\0\0\nÄ\20*$\0\0\0D\5\0\0\224Â'¸", 24, MSG_DONTWAIT, NULL, NULL) = 24
19:18:57.098043,1023,recvfrom(37, 0xbee6c828, 24, 64, 0, 0) = -1 EAGAIN (Try again)
19:18:57.098720,1023,clock_gettime(CLOCK_MONOTONIC, {155, 383822747}) = 0
19:18:57.099649,1023,clock_gettime(CLOCK_MONOTONIC, {155, 384593814}) = 0
19:18:57.100312,1023,clock_gettime(CLOCK_MONOTONIC, {155, 385255121}) = 0
19:18:57.100966,1023,clock_gettime(CLOCK_MONOTONIC, {155, 385908008}) = 0
19:18:57.101640,1023,recvfrom(38, 0xb88738b0, 1240, 64, 0, 0) = -1 EAGAIN (Try again)
19:18:57.102256,1023,clock_gettime(CLOCK_MONOTONIC, {155, 387196637}) = 0
19:18:57.102907,1023,clock_gettime(CLOCK_MONOTONIC, {155, 387848317}) = 0
19:18:57.103559,1023,getpid() = 1023
19:18:57.104109,1023,getuid32() = 10050
19:18:57.104705,1023,epoll_wait(0x1e, 0xbee6d1f8, 0x10, 0) = 0
19:18:57.105292,1023,clock_gettime(CLOCK_MONOTONIC, {155, 431626564}) = 0
19:18:57.148472,1023,clock_gettime(CLOCK_MONOTONIC, {155, 433756109}) = 0
19:18:57.151143,1023,recvfrom(37, 0xbee6c9a8, 24, 64, 0, 0) = -1 EAGAIN (Try again)
19:18:57.151790,1023,ioctl(9, 0xc0186201, 0xbee6d178) = 0
19:18:57.152665,1023,getpid() = 1023
19:18:57.153349,1023,getuid32() = 10050
19:18:57.153953,1023,epoll_wait(0x1e, 0xbee6d1f8, 0x10, 0) = 0
19:18:57.154532,1023,clock_gettime(CLOCK_MONOTONIC, {155, 439481732}) = 0
19:18:57.155313,1023,epoll_wait(0x1e, 0xbee6d1f8, 0x10, 0xffffffff) = 1
19:18:57.166786,1023,recvfrom(37, "nysv\0\0\0\0006\225î0$\0\0\0F\5\0\0\224Â'¸", 24, MSG_DONTWAIT, NULL, NULL) = 24
19:18:57.167594,1023,recvfrom(37, 0xbee6c828, 24, 64, 0, 0) = -1 EAGAIN (Try again)
19:18:57.168263,1023,clock_gettime(CLOCK_MONOTONIC, {155, 453216844}) = 0
19:18:57.168988,1023,write(29, "W", 1) = 1
19:18:57.169736,1023,clock_gettime(CLOCK_MONOTONIC, {155, 454688964}) = 0
19:18:57.170423,1023,clock_gettime(CLOCK_MONOTONIC, {155, 455380043}) = 0
19:18:57.171102,1023,clock_gettime(CLOCK_MONOTONIC, {155, 456051340}) = 0
19:18:57.171780,1023,clock_gettime(CLOCK_MONOTONIC, {155, 456732244}) = 0
19:18:57.172733,1023,clock_gettime(CLOCK_MONOTONIC, {155, 457684521}) = 0
19:18:57.173428,1023,clock_gettime(CLOCK_MONOTONIC, {155, 458385106}) = 0
19:18:57.174136,1023,recvfrom(37, 0xbee6c9a8, 24, 64, 0, 0) = -1 EAGAIN (Try again)
19:18:57.174771,1023,ioctl(9, 0xc0186201, 0xbee6d178) = 0
19:18:57.175674,1023,clock_gettime(CLOCK_MONOTONIC, {155, 460683592}) = 0
19:18:57.176435,1023,clock_gettime(CLOCK_MONOTONIC, {155, 461392897}) = 0
19:18:57.177122,1023,clock_gettime(CLOCK_MONOTONIC, {155, 462072869}) = 0
19:18:57.177806,1023,clock_gettime(CLOCK_MONOTONIC, {155, 462756044}) = 0
19:18:57.178508,1023,clock_gettime(CLOCK_MONOTONIC, {155, 463462965}) = 0
19:18:57.179211,1023,write(29, "W", 1) = 1
19:18:57.180073,1023,ioctl(9, 0xc0186201, 0xbee6cf10) = 0
19:18:57.180930,1023,ioctl(9, 0xc0186201, 0xbee6cf10) = 0
19:18:57.182330,1023,clock_gettime(CLOCK_MONOTONIC, {155, 467284621}) = 0
19:18:57.211123,1023,clock_gettime(CLOCK_MONOTONIC, {155, 496120928}) = 0
19:18:57.211891,1023,ioctl(9, 0xc0186201, 0xbee6d0c8) = 0
19:18:57.213141,1023,getpid() = 1023
19:18:57.213732,1023,getuid32() = 10050
19:18:57.214355,1023,epoll_wait(0x1e, 0xbee6d1f8, 0x10, 0) = 2
19:18:57.273775,1023,read(23, "WW", 16) = 2
19:18:57.274447,1023,recvfrom(37, "nysv\0\0\0\0\220íý2$\0\0\0G\5\0\0\224Â'¸", 24, MSG_DONTWAIT, NULL, NULL) = 24
19:18:57.275832,1023,recvfrom(37, 0xbee6c828, 24, 64, 0, 0) = -1 EAGAIN (Try again)
19:18:57.276474,1023,clock_gettime(CLOCK_MONOTONIC, {155, 592884229}) = 0
19:18:57.308794,1023,clock_gettime(CLOCK_MONOTONIC, {155, 593753397}) = 0
19:18:57.309477,1023,clock_gettime(CLOCK_MONOTONIC, {155, 594429224}) = 0
19:18:57.310261,1023,writev(3, [{"\4", 1}, {"Choreographer\0", 14}, {"Skipped 31 frames! The applicat"..., 83}], 3) = 98
19:18:57.311888,1023,clock_gettime(CLOCK_MONOTONIC, {155, 596860261}) = 0
19:18:57.312608,1023,recvfrom(38, 0xb88738b0, 1240, 64, 0, 0) = -1 EAGAIN (Try again)
19:18:57.313261,1023,clock_gettime(CLOCK_MONOTONIC, {155, 598212512}) = 0
19:18:57.314217,1023,clock_gettime(CLOCK_MONOTONIC, {155, 599169525}) = 0
19:18:57.314922,1023,clock_gettime(CLOCK_MONOTONIC, {155, 599873095}) = 0
19:18:57.315626,1023,recvfrom(37, 0xbee6c9a8, 24, 64, 0, 0) = -1 EAGAIN (Try again)
19:18:57.316257,1023,ioctl(9, 0xc0186201, 0xbee6d178) = 0
19:18:57.320245,1023,clock_gettime(CLOCK_MONOTONIC, {155, 605289538}) = 0
19:18:57.321658,1023,clock_gettime(CLOCK_MONOTONIC, {155, 607043028}) = 0
19:18:57.323648,1023,clock_gettime(CLOCK_MONOTONIC, {155, 608678508}) = 0
19:18:57.324421,1023,clock_gettime(CLOCK_MONOTONIC, {155, 609418933}) = 0
19:18:57.325165,1023,clock_gettime(CLOCK_MONOTONIC, {155, 610107629}) = 0
19:18:57.326047,1023,ioctl(9, 0xc0186201, 0xbee6cf10) = 0
19:18:57.377427,1023,clock_gettime(CLOCK_MONOTONIC, {155, 662428073}) = 0
19:18:57.380864,1023,clock_gettime(CLOCK_MONOTONIC, {155, 665813957}) = 0
19:18:57.381536,1023,ioctl(9, 0xc0186201, 0xbee6d0c8) = 0
19:18:57.382722,1023,getpid() = 1023
19:18:57.383281,1023,getuid32() = 10050
19:18:57.384001,1023,epoll_wait(0x1e, 0xbee6d1f8, 0x10, 0) = 1
19:18:57.384619,1023,recvfrom(37, "nysv\0\0\0\0î¶\0;$\0\0\0I\5\0\0\224Â'¸", 24, MSG_DONTWAIT, NULL, NULL) = 24
19:18:57.385399,1023,recvfrom(37, 0xbee6c828, 24, 64, 0, 0) = -1 EAGAIN (Try again)
19:18:57.386057,1023,clock_gettime(CLOCK_MONOTONIC, {155, 671008570}) = 0
19:18:57.386808,1023,clock_gettime(CLOCK_MONOTONIC, {155, 671759945}) = 0
19:18:57.387500,1023,getpid() = 1023
19:18:57.388081,1023,getuid32() = 10050
19:18:57.388698,1023,epoll_wait(0x1e, 0xbee6d1f8, 0x10, 0) = 0
19:18:57.389308,1023,clock_gettime(CLOCK_MONOTONIC, {155, 674257553}) = 0
19:18:57.389990,1023,clock_gettime(CLOCK_MONOTONIC, {155, 674940824}) = 0
19:18:57.465071,1023,clock_gettime(CLOCK_MONOTONIC, {155, 750060830}) = 0
19:18:57.465826,1023,recvfrom(38, 0xb88738b0, 1240, 64, 0, 0) = -1 EAGAIN (Try again)
19:18:57.466456,1023,clock_gettime(CLOCK_MONOTONIC, {155, 751405355}) = 0
19:18:57.467385,1023,clock_gettime(CLOCK_MONOTONIC, {155, 752336926}) = 0
19:18:57.468065,1023,clock_gettime(CLOCK_MONOTONIC, {155, 753008735}) = 0
19:18:57.468743,1023,recvfrom(37, 0xbee6c9a8, 24, 64, 0, 0) = -1 EAGAIN (Try again)
19:18:57.469345,1023,ioctl(9, 0xc0186201, 0xbee6d178) = 0
19:18:57.470402,1023,clock_gettime(CLOCK_MONOTONIC, {155, 755353445}) = 0
19:18:57.471082,1023,clock_gettime(CLOCK_MONOTONIC, {155, 756024887}) = 0
19:18:57.471739,1023,clock_gettime(CLOCK_MONOTONIC, {155, 756681022}) = 0
19:18:57.472385,1023,clock_gettime(CLOCK_MONOTONIC, {155, 757333653}) = 0
19:18:57.473065,1023,clock_gettime(CLOCK_MONOTONIC, {155, 758007667}) = 0
19:18:57.473926,1023,ioctl(9, 0xc0186201, 0xbee6cf10) = 0
19:18:57.475565,1023,clock_gettime(CLOCK_MONOTONIC, {155, 760513810}) = 0
19:18:57.479067,1023,clock_gettime(CLOCK_MONOTONIC, {155, 764016608}) = 0
19:18:57.479739,1023,ioctl(9, 0xc0186201, 0xbee6d0c8) = 0
19:18:57.505948,1023,getpid() = 1023
19:18:57.506518,1023,getuid32() = 10050
19:18:57.507126,1023,epoll_wait(0x1e, 0xbee6d1f8, 0x10, 0) = 1
19:18:57.507716,1023,recvfrom(37, "nysv\0\0\0\0tàíC$\0\0\0K\5\0\0\224Â'¸", 24, MSG_DONTWAIT, NULL, NULL) = 24
19:18:57.508457,1023,recvfrom(37, 0xbee6c828, 24, 64, 0, 0) = -1 EAGAIN (Try again)
19:18:57.509092,1023,clock_gettime(CLOCK_MONOTONIC, {155, 794035774}) = 0
19:18:57.509823,1023,clock_gettime(CLOCK_MONOTONIC, {155, 794766144}) = 0
19:18:57.510484,1023,getpid() = 1023
19:18:57.542690,1023,getuid32() = 10050
19:18:57.566088,1023,epoll_wait(0x1e, 0xbee6d1f8, 0x10, 0) = 0
19:18:57.566814,1023,clock_gettime(CLOCK_MONOTONIC, {155, 851762654}) = 0
19:18:57.567484,1023,clock_gettime(CLOCK_MONOTONIC, {155, 852434730}) = 0
19:18:57.568158,1023,clock_gettime(CLOCK_MONOTONIC, {155, 853109861}) = 0
19:18:57.568920,1023,recvfrom(38, 0xb88738b0, 1240, 64, 0, 0) = -1 EAGAIN (Try again)
19:18:57.569574,1023,clock_gettime(CLOCK_MONOTONIC, {155, 854525872}) = 0
19:18:57.570544,1023,clock_gettime(CLOCK_MONOTONIC, {155, 855497394}) = 0
19:18:57.571245,1023,clock_gettime(CLOCK_MONOTONIC, {155, 856197021}) = 0
19:18:57.571954,1023,recvfrom(37, 0xbee6c9a8, 24, 64, 0, 0) = -1 EAGAIN (Try again)
19:18:57.572592,1023,ioctl(9, 0xc0186201, 0xbee6d178) = 0
19:18:57.573685,1023,clock_gettime(CLOCK_MONOTONIC, {155, 858638753}) = 0
19:18:57.574393,1023,clock_gettime(CLOCK_MONOTONIC, {155, 859350234}) = 0
19:18:57.575081,1023,clock_gettime(CLOCK_MONOTONIC, {155, 860031699}) = 0
19:18:57.575763,1023,clock_gettime(CLOCK_MONOTONIC, {155, 860713491}) = 0
19:18:57.576467,1023,clock_gettime(CLOCK_MONOTONIC, {155, 861422677}) = 0
19:18:57.577364,1023,ioctl(9, 0xc0186201, 0xbee6cf10) = 0
19:18:57.579096,1023,clock_gettime(CLOCK_MONOTONIC, {155, 864054581}) = 0
19:18:57.582727,1023,clock_gettime(CLOCK_MONOTONIC, {155, 867687092}) = 0
19:18:57.583426,1023,ioctl(9, 0xc0186201, 0xbee6d0c8) = 0
19:18:57.592884,1023,ioctl(9, 0xc0186201, 0xbee6d0c8) = 0
19:18:57.595489,1023,getpid() = 1023
19:18:57.596061,1023,getuid32() = 10050
19:18:57.596668,1023,epoll_wait(0x1e, 0xbee6d1f8, 0x10, 0) = 1
19:18:57.597250,1023,recvfrom(37, "nysv\0\0\0\0xQáI$\0\0\0M\5\0\0\224Â'¸", 24, MSG_DONTWAIT, NULL, NULL) = 24
19:18:57.597998,1023,recvfrom(37, 0xbee6c828, 24, 64, 0, 0) = -1 EAGAIN (Try again)
19:18:57.598631,1023,clock_gettime(CLOCK_MONOTONIC, {155, 883574803}) = 0
19:18:57.599357,1023,clock_gettime(CLOCK_MONOTONIC, {155, 884307167}) = 0
19:18:57.600025,1023,getpid() = 1023
19:18:57.600581,1023,getuid32() = 10050
19:18:57.601167,1023,epoll_wait(0x1e, 0xbee6d1f8, 0x10, 0) = 0
19:18:57.601758,1023,clock_gettime(CLOCK_MONOTONIC, {155, 886699510}) = 0
19:18:57.602404,1023,clock_gettime(CLOCK_MONOTONIC, {155, 887352233}) = 0
19:18:57.603052,1023,clock_gettime(CLOCK_MONOTONIC, {155, 887993510}) = 0
19:18:57.603723,1023,recvfrom(38, 0xb88738b0, 1240, 64, 0, 0) = -1 EAGAIN (Try again)
19:18:57.681621,1023,clock_gettime(CLOCK_MONOTONIC, {155, 966788023}) = 0
19:18:57.682863,1023,clock_gettime(CLOCK_MONOTONIC, {155, 967819891}) = 0
19:18:57.683586,1023,clock_gettime(CLOCK_MONOTONIC, {155, 968539620}) = 0
19:18:57.684295,1023,recvfrom(37, 0xbee6c9a8, 24, 64, 0, 0) = -1 EAGAIN (Try again)
19:18:57.684941,1023,ioctl(9, 0xc0186201, 0xbee6d178) = 0
19:18:57.685854,1023,clock_gettime(CLOCK_MONOTONIC, {155, 970877226}) = 0
19:18:57.686693,1023,clock_gettime(CLOCK_MONOTONIC, {155, 971645909}) = 0
19:18:57.687377,1023,clock_gettime(CLOCK_MONOTONIC, {155, 972333696}) = 0
19:18:57.726065,1023,clock_gettime(CLOCK_MONOTONIC, {156, 11035773}) = 0
19:18:57.726815,1023,clock_gettime(CLOCK_MONOTONIC, {156, 11770451}) = 0
19:18:57.727740,1023,ioctl(9, 0xc0186201, 0xbee6cf10) = 0
19:18:57.728651,1023,ioctl(9, 0xc0186201, 0xbee6cf10) = 0
19:18:57.730069,1023,clock_gettime(CLOCK_MONOTONIC, {156, 15027969}) = 0
19:18:57.732737,1023,clock_gettime(CLOCK_MONOTONIC, {156, 17692947}) = 0
19:18:57.733429,1023,ioctl(9, 0xc0186201, 0xbee6d0c8) = 0
19:18:57.734237,1023,ioctl(9, 0xc0186201, 0xbee6d0c8) = 0
19:18:57.735274,1023,getpid() = 1023
19:18:57.735862,1023,getuid32() = 10050
19:18:57.736481,1023,epoll_wait(0x1e, 0xbee6d1f8, 0x10, 0) = 1
19:18:57.737092,1023,recvfrom(37, "nysv\0\0\0\0¤\"¿P$\0\0\0N\5\0\0\224Â'¸", 24, MSG_DONTWAIT, NULL, NULL) = 24
19:18:57.737874,1023,recvfrom(37, 0xbee6c828, 24, 64, 0, 0) = -1 EAGAIN (Try again)
19:18:57.738522,1023,clock_gettime(CLOCK_MONOTONIC, {156, 23478168}) = 0
19:18:57.739264,1023,clock_gettime(CLOCK_MONOTONIC, {156, 24217417}) = 0
19:18:57.739957,1023,getpid() = 1023
19:18:57.740533,1023,getuid32() = 10050
19:18:57.741152,1023,epoll_wait(0x1e, 0xbee6d1f8, 0x10, 0) = 0
19:18:57.749086,1023,clock_gettime(CLOCK_MONOTONIC, {156, 34058832}) = 0
19:18:57.749807,1023,clock_gettime(CLOCK_MONOTONIC, {156, 34760821}) = 0
19:18:57.750481,1023,clock_gettime(CLOCK_MONOTONIC, {156, 35438094}) = 0
19:18:57.751183,1023,recvfrom(38, 0xb88738b0, 1240, 64, 0, 0) = -1 EAGAIN (Try again)
19:18:57.751864,1023,clock_gettime(CLOCK_MONOTONIC, {156, 36814525}) = 0
19:18:57.752536,1023,clock_gettime(CLOCK_MONOTONIC, {156, 37491884}) = 0
19:18:57.753215,1023,getpid() = 1023
19:18:57.753795,1023,getuid32() = 10050
19:18:57.754407,1023,epoll_wait(0x1e, 0xbee6d1f8, 0x10, 0) = 0
19:18:57.755015,1023,clock_gettime(CLOCK_MONOTONIC, {156, 39963916}) = 0
19:18:57.755697,1023,ioctl(9, 0xc0186201, 0xbee6d328) = 0
19:18:57.756328,1023,epoll_wait(0x1e, 0xbee6d1f8, 0x10, 0x3d) = 0
19:18:57.836429,1023,clock_gettime(CLOCK_MONOTONIC, {156, 121403641}) = 0
19:18:57.837136,1023,clock_gettime(CLOCK_MONOTONIC, {156, 122085919}) = 0
19:18:57.837846,1023,recvfrom(37, 0xbee6c9a8, 24, 64, 0, 0) = -1 EAGAIN (Try again)
19:18:57.838489,1023,ioctl(9, 0xc0186201, 0xbee6d178) = 0
19:18:57.839396,1023,getpid() = 1023
19:18:57.840115,1023,getuid32() = 10050
19:18:57.840748,1023,epoll_wait(0x1e, 0xbee6d1f8, 0x10, 0) = 0
19:18:57.841356,1023,clock_gettime(CLOCK_MONOTONIC, {156, 126311122}) = 0
19:18:57.842055,1023,epoll_wait(0x1e, 0xbee6d1f8, 0x10, 0xffffffff) = 1
19:18:57.856556,1023,recvfrom(37, "nysv\0\0\0\0004äæY$\0\0\0P\5\0\0\224Â'¸", 24, MSG_DONTWAIT, NULL, NULL) = 24
19:18:57.857341,1023,recvfrom(37, 0xbee6c828, 24, 64, 0, 0) = -1 EAGAIN (Try again)
19:18:57.857988,1023,clock_gettime(CLOCK_MONOTONIC, {156, 142933413}) = 0
19:18:57.858679,1023,write(29, "W", 1) = 1
19:18:57.859392,1023,clock_gettime(CLOCK_MONOTONIC, {156, 144342432}) = 0
19:18:57.860056,1023,clock_gettime(CLOCK_MONOTONIC, {156, 144999403}) = 0
19:18:57.860706,1023,clock_gettime(CLOCK_MONOTONIC, {156, 145647760}) = 0
19:18:57.861736,1023,clock_gettime(CLOCK_MONOTONIC, {156, 146685719}) = 0
19:18:57.862679,1023,clock_gettime(CLOCK_MONOTONIC, {156, 147675432}) = 0
19:18:57.863400,1023,clock_gettime(CLOCK_MONOTONIC, {156, 148352406}) = 0
19:18:57.864177,1023,recvfrom(37, 0xbee6c9a8, 24, 64, 0, 0) = -1 EAGAIN (Try again)
19:18:57.864791,1023,ioctl(9, 0xc0186201, 0xbee6d178) = 0
19:18:57.865659,1023,clock_gettime(CLOCK_MONOTONIC, {156, 150658006}) = 0
19:18:57.866391,1023,clock_gettime(CLOCK_MONOTONIC, {156, 151342819}) = 0
19:18:57.867050,1023,clock_gettime(CLOCK_MONOTONIC, {156, 151992875}) = 0
19:18:57.867703,1023,clock_gettime(CLOCK_MONOTONIC, {156, 152645178}) = 0
19:18:57.868374,1023,clock_gettime(CLOCK_MONOTONIC, {156, 153322090}) = 0
19:18:57.869048,1023,write(29, "W", 1) = 1
19:18:57.869880,1023,ioctl(9, 0xc0186201, 0xbee6cf10) = 0
19:18:57.910566,1023,ioctl(9, 0xc0186201, 0xbee6cf10) = 0
19:18:57.912340,1023,clock_gettime(CLOCK_MONOTONIC, {156, 197276480}) = 0
19:18:57.927596,1023,clock_gettime(CLOCK_MONOTONIC, {156, 212569754}) = 0
19:18:57.928287,1023,ioctl(9, 0xc0186201, 0xbee6d0c8) = 0
19:18:57.929486,1023,getpid() = 1023
19:18:57.930034,1023,getuid32() = 10050
19:18:57.930616,1023,epoll_wait(0x1e, 0xbee6d1f8, 0x10, 0) = 2
19:18:57.931175,1023,read(23, "WW", 16) = 2
19:18:57.931772,1023,recvfrom(37, "nysv\0\0\0\0\204¤»[$\0\0\0Q\5\0\0\224Â'¸", 24, MSG_DONTWAIT, NULL, NULL) = 24
19:18:57.932484,1023,recvfrom(37, 0xbee6c828, 24, 64, 0, 0) = -1 EAGAIN (Try again)
19:18:57.933100,1023,clock_gettime(CLOCK_MONOTONIC, {156, 218033810}) = 0
19:18:57.934160,1023,clock_gettime(CLOCK_MONOTONIC, <unfinished ...>
19:18:57.969781,1050,<... futex resumed> ) = -1 ETIMEDOUT (Connection timed out)
19:18:57.970263,1050,clock_gettime(CLOCK_MONOTONIC, {156, 255206808}) = 0
19:18:57.970907,1050,clock_gettime(CLOCK_MONOTONIC, {156, 255844542}) = 0
19:18:57.971465,1050,futex(0xb8882488, FUTEX_WAIT_PRIVATE, 0, {14, 999362266} <unfinished ...>
19:18:57.976618,1023,<... clock_gettime resumed> {156, 261209107}) = 0
19:18:57.977083,1023,clock_gettime(CLOCK_MONOTONIC, {156, 262021696}) = 0
19:18:57.977758,1023,clock_gettime(CLOCK_MONOTONIC, {156, 262693625}) = 0
19:18:57.978405,1023,recvfrom(38, 0xb88738b0, 1240, 64, 0, 0) = -1 EAGAIN (Try again)
19:18:57.993529,1023,clock_gettime(CLOCK_MONOTONIC, {156, 278510429}) = 0
19:18:57.994472,1023,clock_gettime(CLOCK_MONOTONIC, {156, 279442145}) = 0
19:18:57.995132,1023,clock_gettime(CLOCK_MONOTONIC, {156, 280061495}) = 0
19:18:57.995791,1023,recvfrom(37, 0xbee6c9a8, 24, 64, 0, 0) = -1 EAGAIN (Try again)
19:18:57.996408,1023,ioctl(9, 0xc0186201, 0xbee6d178) = 0
19:18:57.997458,1023,clock_gettime(CLOCK_MONOTONIC, {156, 282427299}) = 0
19:18:57.998118,1023,clock_gettime(CLOCK_MONOTONIC, {156, 283046079}) = 0
19:18:57.998755,1023,clock_gettime(CLOCK_MONOTONIC, {156, 283682666}) = 0
19:18:58.010798,1023,clock_gettime(CLOCK_MONOTONIC, {156, 303261902}) = 0
19:18:58.019110,1023,clock_gettime(CLOCK_MONOTONIC, {156, 304055633}) = 0
19:18:58.019982,1023,ioctl(9, 0xc0186201, 0xbee6cf10) = 0
19:18:58.024512,1023,clock_gettime(CLOCK_MONOTONIC, {156, 309500725}) = 0
19:18:58.055948,1023,clock_gettime(CLOCK_MONOTONIC, {156, 340952517}) = 0
19:18:58.056720,1023,ioctl(9, 0xc0186201, 0xbee6d0c8) = 0
19:18:58.057896,1023,getpid() = 1023
19:18:58.058431,1023,getuid32() = 10050
19:18:58.059044,1023,epoll_wait(0x1e, 0xbee6d1f8, 0x10, 0) = 1
19:18:58.059643,1023,recvfrom(37, "nysv\0\0\0\0Î=Ic$\0\0\0S\5\0\0\224Â'¸", 24, MSG_DONTWAIT, NULL, NULL) = 24
19:18:58.060355,1023,recvfrom(37, 0xbee6c828, 24, 64, 0, 0) = -1 EAGAIN (Try again)
19:18:58.060990,1023,clock_gettime(CLOCK_MONOTONIC, {156, 345952525}) = 0
19:18:58.061709,1023,clock_gettime(CLOCK_MONOTONIC, {156, 346642663}) = 0
19:18:58.062401,1023,getpid() = 1023
19:18:58.062935,1023,getuid32() = 10050
19:18:58.063558,1023,epoll_wait(0x1e, 0xbee6d1f8, 0x10, 0) = 0
19:18:58.064116,1023,clock_gettime(CLOCK_MONOTONIC, {156, 349049706}) = 0
19:18:58.064740,1023,clock_gettime(CLOCK_MONOTONIC, {156, 349672616}) = 0
19:18:58.065375,1023,clock_gettime(CLOCK_MONOTONIC, {156, 350336222}) = 0
19:18:58.066078,1023,recvfrom(38, 0xb88738b0, 1240, 64, 0, 0) = -1 EAGAIN (Try again)
19:18:58.066668,1023,clock_gettime(CLOCK_MONOTONIC, {156, 351600487}) = 0
19:18:58.067285,1023,clock_gettime(CLOCK_MONOTONIC, {156, 352219077}) = 0
19:18:58.067985,1023,getpid() = 1023
19:18:58.068510,1023,getuid32() = 10050
19:18:58.069106,1023,epoll_wait(0x1e, 0xbee6d1f8, 0x10, 0) = 0
19:18:58.069730,1023,clock_gettime(CLOCK_MONOTONIC, {156, 354661049}) = 0
19:18:58.070409,1023,ioctl(9, 0xc0186201, 0xbee6d328) = 0
19:18:58.071017,1023,epoll_wait(0x1e, 0xbee6d1f8, 0x10, 0x27) = 0
19:18:58.122867,1023,clock_gettime(CLOCK_MONOTONIC, {156, 408275258}) = 0
19:18:58.124575,1023,clock_gettime(CLOCK_MONOTONIC, {156, 409526495}) = 0
19:18:58.125239,1023,recvfrom(37, 0xbee6c9a8, 24, 64, 0, 0) = -1 EAGAIN (Try again)
19:18:58.125865,1023,ioctl(9, 0xc0186201, 0xbee6d178) = 0
19:18:58.126713,1023,getpid() = 1023
19:18:58.127365,1023,getuid32() = 10050
19:18:58.127942,1023,epoll_wait(0x1e, 0xbee6d1f8, 0x10, 0) = 0
19:18:58.128500,1023,clock_gettime(CLOCK_MONOTONIC, {156, 413439442}) = 0
19:18:58.129138,1023,epoll_wait(0x1e, 0xbee6d1f8, 0x10, 0xffffffff) = 1
19:18:58.139572,1023,recvfrom(37, "nysv\0\0\0\0\"o\21k$\0\0\0U\5\0\0\224Â'¸", 24, MSG_DONTWAIT, NULL, NULL) = 24
19:18:58.140291,1023,recvfrom(37, 0xbee6c828, 24, 64, 0, 0) = -1 EAGAIN (Try again)
19:18:58.140935,1023,clock_gettime(CLOCK_MONOTONIC, {156, 425864128}) = 0
19:18:58.141606,1023,write(29, "W", 1) = 1
19:18:58.142256,1023,clock_gettime(CLOCK_MONOTONIC, {156, 427184804}) = 0
19:18:58.142898,1023,clock_gettime(CLOCK_MONOTONIC, {156, 427826360}) = 0
19:18:58.143490,1023,clock_gettime(CLOCK_MONOTONIC, {156, 428456810}) = 0
19:18:58.144121,1023,clock_gettime(CLOCK_MONOTONIC, {156, 429048791}) = 0
19:18:58.145053,1023,clock_gettime(CLOCK_MONOTONIC, {156, 429981342}) = 0
19:18:58.145703,1023,clock_gettime(CLOCK_MONOTONIC, {156, 430630376}) = 0
19:18:58.146377,1023,recvfrom(37, 0xbee6c9a8, 24, 64, 0, 0) = -1 EAGAIN (Try again)
19:18:58.147030,1023,ioctl(9, 0xc0186201, 0xbee6d178) = 0
19:18:58.147852,1023,clock_gettime(CLOCK_MONOTONIC, {156, 432891282}) = 0
19:18:58.148621,1023,clock_gettime(CLOCK_MONOTONIC, {156, 433550236}) = 0
19:18:58.171856,1023,clock_gettime(CLOCK_MONOTONIC, {156, 457528191}) = 0
19:18:58.173719,1023,clock_gettime(CLOCK_MONOTONIC, {156, 460145636}) = 0
19:18:58.225041,1023,clock_gettime(CLOCK_MONOTONIC, {156, 510181155}) = 0
19:18:58.225968,1023,write(29, "W", 1) = 1
19:18:58.226769,1023,ioctl(9, 0xc0186201, 0xbee6cf10) = 0
19:18:58.227656,1023,ioctl(9, 0xc0186201, 0xbee6cf10) = 0
19:18:58.228923,1023,clock_gettime(CLOCK_MONOTONIC, {156, 513854562}) = 0
19:18:58.232010,1023,clock_gettime(CLOCK_MONOTONIC, {156, 516943982}) = 0
19:18:58.233136,1046,<... select resumed> ) = 0 (Timeout)
19:18:58.233484,1023,ioctl(9, 0xc0186201 <unfinished ...>
19:18:58.233821,1046,socket(PF_INET, SOCK_DGRAM, IPPROTO_IP <unfinished ...>
19:18:58.234150,1023,<... ioctl resumed> , 0xbee6d0c8) = 0
19:18:58.234472,1046,<... socket resumed> ) = 45
19:18:58.235074,1023,ioctl(9, 0xc0186201 <unfinished ...>
19:18:58.235378,1046,open("/dev/urandom", O_RDONLY <unfinished ...>
19:18:58.235870,1023,<... ioctl resumed> , 0xbee6d0c8) = 0
19:18:58.236263,1046,<... open resumed> ) = 47
19:18:58.265427,1023,getpid( <unfinished ...>
19:18:58.268954,1046,read(47, <unfinished ...>
19:18:58.269334,1023,<... getpid resumed> ) = 1023
19:18:58.269678,1046,<... read resumed> "í¸ÿ5", 4) = 4
19:18:58.270158,1023,getuid32( <unfinished ...>
19:18:58.270478,1046,close(47 <unfinished ...>
19:18:58.281415,1023,<... getuid32 resumed> ) = 10050
19:18:58.281778,1046,<... close resumed> ) = 0
19:18:58.282264,1023,epoll_wait(0x1e, 0xbee6d1f8, 0x10, 0 <unfinished ...>
19:18:58.282608,1046,bind(45, {sa_family=AF_INET, sin_port=htons(48366), sin_addr=inet_addr("0.0.0.0")}, 16 <unfinished ...>
19:18:58.283128,1023,<... epoll_wait resumed> ) = 2
19:18:58.283419,1046,<... bind resumed> ) = 0
19:18:58.283778,1023,read(23, <unfinished ...>
19:18:58.284064,1046,connect(45, {sa_family=AF_INET, sin_port=htons(53), sin_addr=inet_addr("10.0.2.4")}, 16 <unfinished ...>
19:18:58.284463,1023,<... read resumed> "WW", 16) = 2
19:18:58.284826,1046,<... connect resumed> ) = 0
19:18:58.285196,1023,recvfrom(37, <unfinished ...>
19:18:58.285481,1046,sendto(45, "\\d\1\0\0\1\0\0\0\0\0\0\6client\nmustmobile\3c"..., 39, 0, NULL, 0 <unfinished ...>
19:18:58.286064,1023,<... recvfrom resumed> "nysv\0\0\0\0@7Ák$\0\0\0V\5\0\0\224Â'¸", 24, MSG_DONTWAIT, NULL, NULL) = 24
19:18:58.286811,1023,recvfrom(37, 0xbee6c828, 24, 64, 0, 0) = -1 EAGAIN (Try again)
19:18:58.287569,1023,clock_gettime(CLOCK_MONOTONIC, {156, 572608075}) = 0
19:18:58.288430,1023,clock_gettime(CLOCK_MONOTONIC, {156, 573431067}) = 0
19:18:58.289106,1023,clock_gettime(CLOCK_MONOTONIC, {156, 574033847}) = 0
19:18:58.289876,1023,writev(3, [{"\4", 1}, {"Choreographer\0", 14}, {"Skipped 38 frames! The applicat"..., 83}], 3) = 98
19:18:58.291159,1023,clock_gettime(CLOCK_MONOTONIC, {156, 576088488}) = 0
19:18:58.291814,1023,recvfrom(38, 0xb88738b0, 1240, 64, 0, 0) = -1 EAGAIN (Try again)
19:18:58.292380,1023,clock_gettime(CLOCK_MONOTONIC, {156, 577332675}) = 0
19:18:58.293261,1023,clock_gettime(CLOCK_MONOTONIC, {156, 578189548}) = 0
19:18:58.293912,1023,clock_gettime(CLOCK_MONOTONIC, {156, 578839212}) = 0
19:18:58.294522,1023,recvfrom(37, 0xbee6c9a8, 24, 64, 0, 0) = -1 EAGAIN (Try again)
19:18:58.295112,1023,ioctl(9, 0xc0186201, 0xbee6d178) = 0
19:18:58.296001,1023,clock_gettime(CLOCK_MONOTONIC, {156, 581002432}) = 0
19:18:58.321263,1023,clock_gettime(CLOCK_MONOTONIC, {156, 622144573}) = 0
19:18:58.338116,1023,clock_gettime(CLOCK_MONOTONIC, {156, 623104401}) = 0
19:18:58.338928,1023,clock_gettime(CLOCK_MONOTONIC, {156, 623955799}) = 0
19:18:58.339770,1023,clock_gettime(CLOCK_MONOTONIC, {156, 624720717}) = 0
19:18:58.340737,1023,ioctl(9, 0xc0186201, 0xbee6cf10) = 0
19:18:58.341685,1023,ioctl(9, 0xc0186201, 0xbee6cf10) = 0
19:18:58.343160,1023,clock_gettime(CLOCK_MONOTONIC, {156, 628104892}) = 0
19:18:58.376164,1046,<... sendto resumed> ) = 39
19:18:58.376570,1046,clock_gettime(CLOCK_REALTIME, {1738783138, 376779176}) = 0
19:18:58.377212,1046,clock_gettime(CLOCK_REALTIME, {1738783138, 377400069}) = 0
19:18:58.377900,1046,select(46, [45], NULL, NULL, {4, 999380} <unfinished ...>
19:18:58.380804,1023,clock_gettime(CLOCK_MONOTONIC, {156, 665755087}) = 0
19:18:58.381478,1023,ioctl(9, 0xc0186201, 0xbee6d0c8) = 0
19:18:58.382831,1023,getpid() = 1023
19:18:58.383381,1023,getuid32() = 10050
19:18:58.384008,1023,epoll_wait(0x1e, 0xbee6d1f8, 0x10, 0) = 1
19:18:58.384619,1023,recvfrom(37, "nysv\0\0\0\0Ú\220#u$\0\0\0X\5\0\0\224Â'¸", 24, MSG_DONTWAIT, NULL, NULL) = 24
19:18:58.444878,1023,recvfrom(37, 0xbee6c828, 24, 64, 0, 0) = -1 EAGAIN (Try again)
19:18:58.445505,1023,clock_gettime(CLOCK_MONOTONIC, {156, 730474068}) = 0
19:18:58.446301,1023,clock_gettime(CLOCK_MONOTONIC, {156, 731231245}) = 0
19:18:58.446931,1023,getpid() = 1023
19:18:58.447442,1023,getuid32() = 10050
19:18:58.448055,1023,epoll_wait(0x1e, 0xbee6d1f8, 0x10, 0) = 0
19:18:58.448606,1023,clock_gettime(CLOCK_MONOTONIC, {156, 733533852}) = 0
19:18:58.449204,1023,clock_gettime(CLOCK_MONOTONIC, {156, 734131736}) = 0
19:18:58.449957,1023,writev(3, [{"\4", 1}, {"Choreographer\0", 14}, {"Skipped 39 frames! The applicat"..., 83}], 3) = 98
19:18:58.454911,1023,clock_gettime(CLOCK_MONOTONIC, {156, 739850850}) = 0
19:18:58.455575,1023,recvfrom(38, 0xb88738b0, 1240, 64, 0, 0) = -1 EAGAIN (Try again)
19:18:58.456162,1023,clock_gettime(CLOCK_MONOTONIC, {156, 741091368}) = 0
19:18:58.457014,1023,clock_gettime(CLOCK_MONOTONIC, {156, 741943577}) = 0
19:18:58.457637,1023,clock_gettime(CLOCK_MONOTONIC, {156, 742565842}) = 0
19:18:58.458301,1023,recvfrom(37, 0xbee6c9a8, 24, 64, 0, 0) = -1 EAGAIN (Try again)
19:18:58.458864,1023,ioctl(9, 0xc0186201, 0xbee6d178) = 0
19:18:58.459822,1023,clock_gettime(CLOCK_MONOTONIC, {156, 744752440}) = 0
19:18:58.460443,1023,clock_gettime(CLOCK_MONOTONIC, {156, 745377842}) = 0
19:18:58.461048,1023,clock_gettime(CLOCK_MONOTONIC, {156, 745976580}) = 0
19:18:58.461651,1023,clock_gettime(CLOCK_MONOTONIC, {156, 746578101}) = 0
19:18:58.462270,1023,clock_gettime(CLOCK_MONOTONIC, {156, 747197109}) = 0
19:18:58.463061,1023,ioctl(9, 0xc0186201, 0xbee6cf10) = 0
19:18:58.490192,1023,ioctl(9, 0xc0186201, 0xbee6cf10) = 0
19:18:58.491539,1023,clock_gettime(CLOCK_MONOTONIC, {156, 776474494}) = 0
19:18:58.494861,1023,clock_gettime(CLOCK_MONOTONIC, {156, 779797407}) = 0
19:18:58.495479,1023,ioctl(9, 0xc0186201, 0xbee6d0c8) = 0
19:18:58.496334,1023,ioctl(9, 0xc0186201, 0xbee6d0c8) = 0
19:18:58.497011,1023,getpid() = 1023
19:18:58.497540,1023,getuid32() = 10050
19:18:58.498109,1023,epoll_wait(0x1e, 0xbee6d1f8, 0x10, 0) = 1
19:18:58.498647,1023,recvfrom(37, "nysv\0\0\0\0~\202À~$\0\0\0Z\5\0\0\224Â'¸", 24, MSG_DONTWAIT, NULL, NULL) = 24
19:18:58.499349,1023,recvfrom(37, 0xbee6c828, 24, 64, 0, 0) = -1 EAGAIN (Try again)
19:18:58.499940,1023,clock_gettime(CLOCK_MONOTONIC, {156, 784871886}) = 0
19:18:58.500615,1023,clock_gettime(CLOCK_MONOTONIC, {156, 785547172}) = 0
19:18:58.501243,1023,getpid() = 1023
19:18:58.502468,1023,getuid32() = 10050
19:18:58.539095,1023,epoll_wait(0x1e, 0xbee6d1f8, 0x10, 0) = 0
19:18:58.539854,1023,clock_gettime(CLOCK_MONOTONIC, {156, 824786661}) = 0
19:18:58.540469,1023,clock_gettime(CLOCK_MONOTONIC, {156, 825404339}) = 0
19:18:58.541070,1023,clock_gettime(CLOCK_MONOTONIC, {156, 825998403}) = 0
19:18:58.541693,1023,recvfrom(38, 0xb88738b0, 1240, 64, 0, 0) = -1 EAGAIN (Try again)
19:18:58.542284,1023,clock_gettime(CLOCK_MONOTONIC, {156, 827216459}) = 0
19:18:58.542901,1023,clock_gettime(CLOCK_MONOTONIC, {156, 827845568}) = 0
19:18:58.543513,1023,getpid() = 1023
19:18:58.544025,1023,getuid32() = 10050
19:18:58.544569,1023,epoll_wait(0x1e, 0xbee6d1f8, 0x10, 0) = 0
19:18:58.545115,1023,clock_gettime(CLOCK_MONOTONIC, {156, 830045529}) = 0
19:18:58.545769,1023,ioctl(9, 0xc0186201, 0xbee6d328) = 0
19:18:58.546343,1023,epoll_wait(0x1e, 0xbee6d1f8, 0x10, 0x6) = 0
19:18:58.571137,1023,clock_gettime(CLOCK_MONOTONIC, {156, 856080408}) = 0
19:18:58.571842,1023,clock_gettime(CLOCK_MONOTONIC, {156, 856771113}) = 0
19:18:58.572463,1023,recvfrom(37, 0xbee6c9a8, 24, 64, 0, 0) = -1 EAGAIN (Try again)
19:18:58.573148,1023,ioctl(9, 0xc0186201, 0xbee6d178) = 0
19:18:58.574047,1023,getpid() = 1023
19:18:58.574658,1023,getuid32() = 10050
19:18:58.575208,1023,epoll_wait(0x1e, 0xbee6d1f8, 0x10, 0) = 0
19:18:58.575780,1023,clock_gettime(CLOCK_MONOTONIC, {156, 860754671}) = 0
19:18:58.606783,1023,epoll_wait(0x1e, 0xbee6d1f8, 0x10, 0xffffffff) = 1
19:18:58.607479,1023,recvfrom(37, "nysv\0\0\0\0´ëØ\205$\0\0\0\\\5\0\0\224Â'¸", 24, MSG_DONTWAIT, NULL, NULL) = 24
19:18:58.608238,1023,recvfrom(37, 0xbee6c828, 24, 64, 0, 0) = -1 EAGAIN (Try again)
19:18:58.608850,1023,clock_gettime(CLOCK_MONOTONIC, {156, 893785834}) = 0
19:18:58.609500,1023,write(29, "W", 1) = 1
19:18:58.610203,1023,clock_gettime(CLOCK_MONOTONIC, {156, 895143099}) = 0
19:18:58.610855,1023,clock_gettime(CLOCK_MONOTONIC, {156, 895806524}) = 0
19:18:58.611489,1023,clock_gettime(CLOCK_MONOTONIC, {156, 896462930}) = 0
19:18:58.612148,1023,clock_gettime(CLOCK_MONOTONIC, {156, 897083471}) = 0
19:18:58.613024,1023,clock_gettime(CLOCK_MONOTONIC, {156, 897960546}) = 0
19:18:58.613667,1023,clock_gettime(CLOCK_MONOTONIC, {156, 898603246}) = 0
19:18:58.614309,1023,recvfrom(37, 0xbee6c9a8, 24, 64, 0, 0) = -1 EAGAIN (Try again)
19:18:58.614892,1023,ioctl(9, 0xc0186201, 0xbee6d178) = 0
19:18:58.615784,1023,clock_gettime(CLOCK_MONOTONIC, {156, 900804432}) = 0
19:18:58.616572,1023,clock_gettime(CLOCK_MONOTONIC, {156, 901509173}) = 0
19:18:58.617200,1023,clock_gettime(CLOCK_MONOTONIC, {156, 916827822}) = 0
19:18:58.632615,1023,clock_gettime(CLOCK_MONOTONIC, {156, 917561654}) = 0
19:18:58.633260,1023,clock_gettime(CLOCK_MONOTONIC, {156, 918189198}) = 0
19:18:58.633967,1023,write(29, "W", 1) = 1
19:18:58.634998,1023,ioctl(9, 0xc0186201, 0xbee6cf10) = 0
19:18:58.635891,1023,ioctl(9, 0xc0186201, 0xbee6cf10) = 0
19:18:58.672743,1023,clock_gettime(CLOCK_MONOTONIC, {156, 957791157}) = 0
19:18:58.676185,1023,clock_gettime(CLOCK_MONOTONIC, {156, 961136695}) = 0
19:18:58.676906,1023,ioctl(9, 0xc0186201, 0xbee6d0c8) = 0
19:18:58.678057,1023,getpid() = 1023
19:18:58.695814,1023,getuid32() = 10050
19:18:58.726836,1023,epoll_wait(0x1e, 0xbee6d1f8, 0x10, 0) = 2
19:18:58.727439,1023,read(23, "WW", 16) = 2
19:18:58.728087,1023,recvfrom(37, "nysv\0\0\0\0\30Ü\"\210$\0\0\0]\5\0\0\224Â'¸", 24, MSG_DONTWAIT, NULL, NULL) = 24
19:18:58.728827,1023,recvfrom(37, 0xbee6c828, 24, 64, 0, 0) = -1 EAGAIN (Try again)
19:18:58.729412,1023,clock_gettime(CLOCK_MONOTONIC, {157, 14411241}) = 0
19:18:58.730593,1023,clock_gettime(CLOCK_MONOTONIC, {157, 15545304}) = 0
19:18:58.731398,1023,clock_gettime(CLOCK_MONOTONIC, {157, 16497526}) = 0
19:18:58.732201,1023,clock_gettime(CLOCK_MONOTONIC, {157, 17164060}) = 0
19:18:58.732911,1023,recvfrom(38, 0xb88738b0, 1240, 64, 0, 0) = -1 EAGAIN (Try again)
19:18:58.733607,1023,clock_gettime(CLOCK_MONOTONIC, {157, 18569564}) = 0
19:18:58.734586,1023,clock_gettime(CLOCK_MONOTONIC, {157, 19550242}) = 0
19:18:58.735255,1023,clock_gettime(CLOCK_MONOTONIC, {157, 20190351}) = 0
19:18:58.735952,1023,recvfrom(37, 0xbee6c9a8, 24, 64, 0, 0) = -1 EAGAIN (Try again)
19:18:58.736558,1023,ioctl(9, 0xc0186201, 0xbee6d178) = 0
19:18:58.737420,1023,clock_gettime(CLOCK_MONOTONIC, {157, 22458133}) = 0
19:18:58.738222,1023,clock_gettime(CLOCK_MONOTONIC, {157, 23157664}) = 0
19:18:58.738883,1023,clock_gettime(CLOCK_MONOTONIC, {157, 23818560}) = 0
19:18:58.739503,1023,clock_gettime(CLOCK_MONOTONIC, {157, 24476577}) = 0
19:18:58.740185,1023,clock_gettime(CLOCK_MONOTONIC, {157, 25120404}) = 0
19:18:58.741042,1023,ioctl(9, 0xc0186201, 0xbee6cf10) = 0
19:18:58.741866,1023,ioctl(9, 0xc0186201, 0xbee6cf10) = 0
19:18:58.743303,1023,clock_gettime(CLOCK_MONOTONIC, {157, 28243712}) = 0
19:18:58.825948,1023,clock_gettime(CLOCK_MONOTONIC, {157, 111000316}) = 0
19:18:58.826908,1023,ioctl(9, 0xc0186201, 0xbee6d0c8) = 0
19:18:58.828158,1023,getpid() = 1023
19:18:58.828754,1023,getuid32() = 10050
19:18:58.829330,1023,epoll_wait(0x1e, 0xbee6d1f8, 0x10, 0) = 1
19:18:58.829974,1023,recvfrom(37, "nysv\0\0\0\0XÝu\217$\0\0\0_\5\0\0\224Â'¸", 24, MSG_DONTWAIT, NULL, NULL) = 24
19:18:58.877740,1023,recvfrom(37, 0xbee6c828, 24, 64, 0, 0) = -1 EAGAIN (Try again)
19:18:58.878398,1023,clock_gettime(CLOCK_MONOTONIC, {157, 163373754}) = 0
19:18:58.879226,1023,clock_gettime(CLOCK_MONOTONIC, {157, 164163212}) = 0
19:18:58.879909,1023,getpid() = 1023
19:18:58.880500,1023,getuid32() = 10050
19:18:58.881107,1023,epoll_wait(0x1e, 0xbee6d1f8, 0x10, 0) = 0
19:18:58.881711,1023,clock_gettime(CLOCK_MONOTONIC, {157, 166646274}) = 0
19:18:58.882392,1023,clock_gettime(CLOCK_MONOTONIC, {157, 167364589}) = 0
19:18:58.883237,1023,writev(3, [{"\4", 1}, {"Choreographer\0", 14}, {"Skipped 36 frames! The applicat"..., 83}], 3) = 98
19:18:58.884498,1023,clock_gettime(CLOCK_MONOTONIC, {157, 169473088}) = 0
19:18:58.885182,1023,recvfrom(38, 0xb88738b0, 1240, 64, 0, 0) = -1 EAGAIN (Try again)
19:18:58.885809,1023,clock_gettime(CLOCK_MONOTONIC, {157, 170745313}) = 0
19:18:58.886718,1023,clock_gettime(CLOCK_MONOTONIC, {157, 171655481}) = 0
19:18:58.887359,1023,clock_gettime(CLOCK_MONOTONIC, {157, 172318567}) = 0
19:18:58.888039,1023,recvfrom(37, 0xbee6c9a8, 24, 64, 0, 0) = -1 EAGAIN (Try again)
19:18:58.888655,1023,ioctl(9, 0xc0186201, 0xbee6d178) = 0
19:18:58.889748,1023,clock_gettime(CLOCK_MONOTONIC, {157, 174715441}) = 0
19:18:58.890455,1023,clock_gettime(CLOCK_MONOTONIC, {157, 231481930}) = 0
19:18:58.947355,1023,clock_gettime(CLOCK_MONOTONIC, {157, 232371063}) = 0
19:18:58.948102,1023,clock_gettime(CLOCK_MONOTONIC, {157, 233055212}) = 0
19:18:58.948873,1023,clock_gettime(CLOCK_MONOTONIC, {157, 233826381}) = 0
19:18:58.949843,1023,ioctl(9, 0xc0186201, 0xbee6cf10) = 0
19:18:58.950948,1023,ioctl(9, 0xc0186201, 0xbee6cf10) = 0
19:18:58.952422,1023,clock_gettime(CLOCK_MONOTONIC, {157, 237385451}) = 0
19:18:58.956140,1023,clock_gettime(CLOCK_MONOTONIC, {157, 241099451}) = 0
19:18:58.956848,1023,ioctl(9, 0xc0186201, 0xbee6d0c8) = 0
19:18:58.957795,1023,ioctl(9, 0xc0186201, 0xbee6d0c8) = 0
19:18:58.958616,1023,getpid() = 1023
19:18:58.959199,1023,getuid32() = 10050
19:18:58.959826,1023,epoll_wait(0x1e, 0xbee6d1f8, 0x10, 0) = 1
19:18:58.960434,1023,recvfrom(37, "nysv\0\0\0\0Þ\6c\230$\0\0\0a\5\0\0\224Â'¸", 24, MSG_DONTWAIT, NULL, NULL) = 24
19:18:58.989644,1023,recvfrom(37, 0xbee6c828, 24, 64, 0, 0) = -1 EAGAIN (Try again)
19:18:58.990534,1023,clock_gettime(CLOCK_MONOTONIC, {157, 275482171}) = 0
19:18:58.991286,1023,clock_gettime(CLOCK_MONOTONIC, {157, 276230287}) = 0
19:18:58.991964,1023,getpid() = 1023
19:18:58.992518,1023,getuid32() = 10050
19:18:58.993116,1023,epoll_wait(0x1e, 0xbee6d1f8, 0x10, 0) = 0
19:18:58.993710,1023,clock_gettime(CLOCK_MONOTONIC, {157, 278651294}) = 0
19:18:58.994355,1023,clock_gettime(CLOCK_MONOTONIC, {157, 279303997}) = 0
19:18:58.995002,1023,clock_gettime(CLOCK_MONOTONIC, {157, 279943366}) = 0
19:18:58.995672,1023,recvfrom(38, 0xb88738b0, 1240, 64, 0, 0) = -1 EAGAIN (Try again)
19:18:58.996285,1023,clock_gettime(CLOCK_MONOTONIC, {157, 281226791}) = 0
19:18:58.996935,1023,clock_gettime(CLOCK_MONOTONIC, {157, 281876388}) = 0
19:18:58.997583,1023,getpid() = 1023
19:18:58.998131,1023,getuid32() = 10050
19:18:58.998717,1023,epoll_wait(0x1e, 0xbee6d1f8, 0x10, 0) = 0
19:18:58.999293,1023,clock_gettime(CLOCK_MONOTONIC, {157, 284233846}) = 0
19:18:58.999950,1023,ioctl(9, 0xc0186201, 0xbee6d328) = 0
19:18:59.000559,1023,epoll_wait(0x1e, 0xbee6d1f8, 0x10, 0x26) = 0
19:18:59.075000,1023,clock_gettime(CLOCK_MONOTONIC, {157, 359962058}) = 0
19:18:59.075698,1023,clock_gettime(CLOCK_MONOTONIC, {157, 360641385}) = 0
19:18:59.076373,1023,recvfrom(37, 0xbee6c9a8, 24, 64, 0, 0) = -1 EAGAIN (Try again)
19:18:59.076990,1023,ioctl(9, 0xc0186201, 0xbee6d178) = 0
19:18:59.077853,1023,getpid() = 1023
19:18:59.078529,1023,getuid32() = 10050
19:18:59.079126,1023,epoll_wait(0x1e, 0xbee6d1f8, 0x10, 0) = 0
19:18:59.079711,1023,clock_gettime(CLOCK_MONOTONIC, {157, 364651494}) = 0
19:18:59.080396,1023,epoll_wait(0x1e, 0xbee6d1f8, 0x10, 0xffffffff) = 1
19:18:59.085097,1023,recvfrom(37, "nysv\0\0\0\0È \232£$\0\0\0c\5\0\0\224Â'¸", 24, MSG_DONTWAIT, NULL, NULL) = 24
19:18:59.085850,1023,recvfrom(37, 0xbee6c828, 24, 64, 0, 0) = -1 EAGAIN (Try again)
19:18:59.130545,1023,clock_gettime(CLOCK_MONOTONIC, {157, 415501019}) = 0
19:18:59.131256,1023,write(29, "W", 1) = 1
19:18:59.132035,1023,clock_gettime(CLOCK_MONOTONIC, {157, 416981538}) = 0
19:18:59.132702,1023,clock_gettime(CLOCK_MONOTONIC, {157, 417644539}) = 0
19:18:59.133358,1023,clock_gettime(CLOCK_MONOTONIC, {157, 418313972}) = 0
19:18:59.134039,1023,clock_gettime(CLOCK_MONOTONIC, {157, 418988988}) = 0
19:18:59.134990,1023,clock_gettime(CLOCK_MONOTONIC, {157, 419979178}) = 0
19:18:59.135890,1023,clock_gettime(CLOCK_MONOTONIC, {157, 420873382}) = 0
19:18:59.136694,1023,recvfrom(37, 0xbee6c9a8, 24, 64, 0, 0) = -1 EAGAIN (Try again)
19:18:59.137330,1023,ioctl(9, 0xc0186201, 0xbee6d178) = 0
19:18:59.138235,1023,clock_gettime(CLOCK_MONOTONIC, {157, 423257814}) = 0
19:18:59.139075,1023,clock_gettime(CLOCK_MONOTONIC, {157, 424027576}) = 0
19:18:59.139762,1023,clock_gettime(CLOCK_MONOTONIC, {157, 424711762}) = 0
19:18:59.140439,1023,clock_gettime(CLOCK_MONOTONIC, {157, 425394737}) = 0
19:18:59.141146,1023,clock_gettime(CLOCK_MONOTONIC, {157, 426096437}) = 0
19:18:59.141850,1023,write(29, "W", 1) = 1
19:18:59.142714,1023,ioctl(9, 0xc0186201, 0xbee6cf10) = 0
19:18:59.143582,1023,ioctl(9, 0xc0186201, 0xbee6cf10) = 0
19:18:59.144971,1023,clock_gettime(CLOCK_MONOTONIC, {157, 429925864}) = 0
19:18:59.148447,1023,clock_gettime(CLOCK_MONOTONIC, {157, 433408163}) = 0
19:18:59.149147,1023,ioctl(9, 0xc0186201, 0xbee6d0c8) = 0
19:18:59.150060,1023,ioctl(9, 0xc0186201, 0xbee6d0c8) = 0
19:18:59.150794,1023,getpid() = 1023
19:18:59.151372,1023,getuid32() = 10050
19:18:59.173598,1023,epoll_wait(0x1e, 0xbee6d1f8, 0x10, 0) = 2
19:18:59.174259,1023,read(23, "WW", 16) = 2
19:18:59.174945,1023,recvfrom(37, "nysv\0\0\0\0h¡C§$\0\0\0d\5\0\0\224Â'¸", 24, MSG_DONTWAIT, NULL, NULL) = 24
19:18:59.175741,1023,recvfrom(37, 0xbee6c828, 24, 64, 0, 0) = -1 EAGAIN (Try again)
19:18:59.176377,1023,clock_gettime(CLOCK_MONOTONIC, {157, 497989508}) = 0
19:18:59.213921,1023,clock_gettime(CLOCK_MONOTONIC, {157, 498885046}) = 0
19:18:59.214676,1023,clock_gettime(CLOCK_MONOTONIC, {157, 499629807}) = 0
19:18:59.215357,1023,clock_gettime(CLOCK_MONOTONIC, {157, 500336941}) = 0
19:18:59.248695,1023,recvfrom(38, 0xb88738b0, 1240, 64, 0, 0) = -1 EAGAIN (Try again)
19:18:59.249355,1023,clock_gettime(CLOCK_MONOTONIC, {157, 534307948}) = 0
19:18:59.250294,1023,clock_gettime(CLOCK_MONOTONIC, {157, 535238523}) = 0
19:18:59.250972,1023,clock_gettime(CLOCK_MONOTONIC, {157, 535915009}) = 0
19:18:59.251648,1023,recvfrom(37, 0xbee6c9a8, 24, 64, 0, 0) = -1 EAGAIN (Try again)
19:18:59.252254,1023,ioctl(9, 0xc0186201, 0xbee6d178) = 0
19:18:59.253146,1023,clock_gettime(CLOCK_MONOTONIC, {157, 538158258}) = 0
19:18:59.253950,1023,clock_gettime(CLOCK_MONOTONIC, {157, 538894958}) = 0
19:18:59.254610,1023,clock_gettime(CLOCK_MONOTONIC, {157, 539553196}) = 0
19:18:59.277770,1023,clock_gettime(CLOCK_MONOTONIC, {157, 562891748}) = 0
19:18:59.278699,1023,clock_gettime(CLOCK_MONOTONIC, {157, 563645912}) = 0
19:18:59.279594,1023,ioctl(9, 0xc0186201, 0xbee6cf10) = 0
19:18:59.280533,1023,ioctl(9, 0xc0186201, 0xbee6cf10) = 0
19:18:59.281954,1023,clock_gettime(CLOCK_MONOTONIC, {157, 566902019}) = 0
19:18:59.285479,1023,clock_gettime(CLOCK_MONOTONIC, {157, 570435023}) = 0
19:18:59.286152,1023,ioctl(9, 0xc0186201, 0xbee6d0c8) = 0
19:18:59.286928,1023,ioctl(9, 0xc0186201, 0xbee6d0c8) = 0
19:18:59.287917,1023,getpid() = 1023
19:18:59.288475,1023,getuid32() = 10050
19:18:59.289074,1023,epoll_wait(0x1e, 0xbee6d1f8, 0x10, 0) = 1
19:18:59.289662,1023,recvfrom(37, "nysv\0\0\0\0\224r!®$\0\0\0e\5\0\0\224Â'¸", 24, MSG_DONTWAIT, NULL, NULL) = 24
19:18:59.290403,1023,recvfrom(37, 0xbee6c828, 24, 64, 0, 0) = -1 EAGAIN (Try again)
19:18:59.291029,1023,clock_gettime(CLOCK_MONOTONIC, {157, 575996364}) = 0
19:18:59.291768,1023,clock_gettime(CLOCK_MONOTONIC, {157, 576711060}) = 0
19:18:59.292426,1023,getpid() = 1023
19:18:59.292984,1023,getuid32() = 10050
19:18:59.293575,1023,epoll_wait(0x1e, 0xbee6d1f8, 0x10, 0) = 0
19:18:59.294157,1023,clock_gettime(CLOCK_MONOTONIC, {157, 579098086}) = 0
19:18:59.294808,1023,clock_gettime(CLOCK_MONOTONIC, {157, 579749365}) = 0
19:18:59.295447,1023,clock_gettime(CLOCK_MONOTONIC, {157, 580394513}) = 0
19:18:59.296115,1023,recvfrom(38, 0xb88738b0, 1240, 64, 0, 0) = -1 EAGAIN (Try again)
19:18:59.296731,1023,clock_gettime(CLOCK_MONOTONIC, {157, 581673066}) = 0
19:18:59.399825,1023,clock_gettime(CLOCK_MONOTONIC, {157, 684857600}) = 0
19:18:59.400628,1023,getpid() = 1023
19:18:59.401257,1023,getuid32() = 10050
19:18:59.401917,1023,epoll_wait(0x1e, 0xbee6d1f8, 0x10, 0) = 0
19:18:59.402601,1023,clock_gettime(CLOCK_MONOTONIC, {157, 687549598}) = 0
19:18:59.403301,1023,clock_gettime(CLOCK_MONOTONIC, {157, 688243635}) = 0
19:18:59.403979,1023,recvfrom(37, 0xbee6c9a8, 24, 64, 0, 0) = -1 EAGAIN (Try again)
19:18:59.404595,1023,ioctl(9, 0xc0186201, 0xbee6d178) = 0
19:18:59.405636,1023,getpid() = 1023
19:18:59.406190,1023,getuid32() = 10050
19:18:59.406785,1023,epoll_wait(0x1e, 0xbee6d1f8, 0x10, 0) = 0
19:18:59.407363,1023,clock_gettime(CLOCK_MONOTONIC, {157, 692310978}) = 0
19:18:59.446812,1023,epoll_wait(0x1e, 0xbee6d1f8, 0x10, 0xffffffff) = 1
19:18:59.447449,1023,recvfrom(37, "nysv\0\0\0\0\32\234\16·$\0\0\0g\5\0\0\224Â'¸", 24, MSG_DONTWAIT, NULL, NULL) = 24
19:18:59.448212,1023,recvfrom(37, 0xbee6c828, 24, 64, 0, 0) = -1 EAGAIN (Try again)
19:18:59.448856,1023,clock_gettime(CLOCK_MONOTONIC, {157, 733801021}) = 0
19:18:59.449542,1023,write(29, "W", 1) = 1
19:18:59.450365,1023,clock_gettime(CLOCK_MONOTONIC, {157, 735393185}) = 0
19:18:59.451112,1023,clock_gettime(CLOCK_MONOTONIC, {157, 736057287}) = 0
19:18:59.451810,1023,clock_gettime(CLOCK_MONOTONIC, {157, 736758750}) = 0
19:18:59.452486,1023,clock_gettime(CLOCK_MONOTONIC, {157, 737441995}) = 0
19:18:59.453440,1023,clock_gettime(CLOCK_MONOTONIC, {157, 738398619}) = 0
19:18:59.454192,1023,clock_gettime(CLOCK_MONOTONIC, {157, 739137552}) = 0
19:18:59.454891,1023,recvfrom(37, 0xbee6c9a8, 24, 64, 0, 0) = -1 EAGAIN (Try again)
19:18:59.455531,1023,ioctl(9, 0xc0186201, 0xbee6d178) = 0
19:18:59.483945,1023,clock_gettime(CLOCK_MONOTONIC, {157, 771289550}) = 0
19:18:59.487379,1023,clock_gettime(CLOCK_MONOTONIC, {157, 772886196}) = 0
19:18:59.489216,1023,clock_gettime(CLOCK_MONOTONIC, {157, 774822463}) = 0
19:18:59.501077,1023,clock_gettime(CLOCK_MONOTONIC, {157, 786056477}) = 0
19:18:59.501916,1023,clock_gettime(CLOCK_MONOTONIC, {157, 786863175}) = 0
19:18:59.502608,1023,write(29, "W", 1) = 1
19:18:59.503459,1023,ioctl(9, 0xc0186201, 0xbee6cf10) = 0
19:18:59.504474,1023,ioctl(9, 0xc0186201, 0xbee6cf10) = 0
19:18:59.505914,1023,clock_gettime(CLOCK_MONOTONIC, {157, 811140595}) = 0
19:18:59.532247,1023,clock_gettime(CLOCK_MONOTONIC, {157, 817234667}) = 0
19:18:59.532983,1023,ioctl(9, 0xc0186201, 0xbee6d0c8) = 0
19:18:59.533942,1023,ioctl(9, 0xc0186201, 0xbee6d0c8) = 0
19:18:59.534737,1023,getpid() = 1023
19:18:59.535294,1023,getuid32() = 10050
19:18:59.535899,1023,epoll_wait(0x1e, 0xbee6d1f8, 0x10, 0) = 2
19:18:59.536479,1023,read(23, "WW", 16) = 2
19:18:59.537102,1023,recvfrom(37, "nysv\0\0\0\0¦ìBº$\0\0\0h\5\0\0\224Â'¸", 24, MSG_DONTWAIT, NULL, NULL) = 24
19:18:59.537847,1023,recvfrom(37, 0xbee6c828, 24, 64, 0, 0) = -1 EAGAIN (Try again)
19:18:59.538474,1023,clock_gettime(CLOCK_MONOTONIC, {157, 823423563}) = 0
19:18:59.539192,1023,clock_gettime(CLOCK_MONOTONIC, {157, 824134656}) = 0
19:18:59.539852,1023,clock_gettime(CLOCK_MONOTONIC, {157, 824794774}) = 0
19:18:59.540495,1023,clock_gettime(CLOCK_MONOTONIC, {157, 825444770}) = 0
19:18:59.541167,1023,recvfrom(38, 0xb88738b0, 1240, 64, 0, 0) = -1 EAGAIN (Try again)
19:18:59.541786,1023,clock_gettime(CLOCK_MONOTONIC, {157, 826728616}) = 0
19:18:59.542432,1023,clock_gettime(CLOCK_MONOTONIC, {157, 827406448}) = 0
19:18:59.543110,1023,getpid() = 1023
19:18:59.543665,1023,getuid32() = 10050
19:18:59.544249,1023,epoll_wait(0x1e, 0xbee6d1f8, 0x10, 0) = 0
19:18:59.544839,1023,clock_gettime(CLOCK_MONOTONIC, {157, 829781440}) = 0
19:18:59.545489,1023,ioctl(9, 0xc0186201, 0xbee6d328) = 0
19:18:59.576197,1023,epoll_wait(0x1e, 0xbee6d1f8, 0x10, 0x2d) = 0
19:18:59.639096,1023,clock_gettime(CLOCK_MONOTONIC, {157, 924064808}) = 0
19:18:59.639804,1023,clock_gettime(CLOCK_MONOTONIC, {157, 924749879}) = 0
19:18:59.640482,1023,recvfrom(37, 0xbee6c9a8, 24, 64, 0, 0) = -1 EAGAIN (Try again)
19:18:59.641104,1023,ioctl(9, 0xc0186201, 0xbee6d178) = 0
19:18:59.642351,1023,getpid() = 1023
19:18:59.643053,1023,getuid32() = 10050
19:18:59.643661,1023,epoll_wait(0x1e, 0xbee6d1f8, 0x10, 0) = 0
19:18:59.644242,1023,clock_gettime(CLOCK_MONOTONIC, {157, 929183646}) = 0
19:18:59.644911,1023,epoll_wait(0x1e, 0xbee6d1f8, 0x10, 0xffffffff) = 1
19:18:59.683140,1023,recvfrom(37, "nysv\0\0\0\0\206n?Å$\0\0\0j\5\0\0\224Â'¸", 24, MSG_DONTWAIT, NULL, NULL) = 24
19:18:59.683973,1023,recvfrom(37, 0xbee6c828, 24, 64, 0, 0) = -1 EAGAIN (Try again)
19:18:59.684620,1023,clock_gettime(CLOCK_MONOTONIC, {157, 969564320}) = 0
19:18:59.720003,1023,write(29, "W", 1) = 1
19:18:59.720830,1023,clock_gettime(CLOCK_MONOTONIC, {158, 5778559}) = 0
19:18:59.721501,1023,clock_gettime(CLOCK_MONOTONIC, {158, 6451976}) = 0
19:18:59.722155,1023,clock_gettime(CLOCK_MONOTONIC, {158, 7098012}) = 0
19:18:59.722958,1023,clock_gettime(CLOCK_MONOTONIC, {158, 7907946}) = 0
19:18:59.723922,1023,clock_gettime(CLOCK_MONOTONIC, {158, 8875784}) = 0
19:18:59.724682,1023,clock_gettime(CLOCK_MONOTONIC, {158, 9626690}) = 0
19:18:59.725357,1023,recvfrom(37, 0xbee6c9a8, 24, 64, 0, 0) = -1 EAGAIN (Try again)
19:18:59.757234,1023,ioctl(9, 0xc0186201, 0xbee6d178) = 0
19:18:59.758220,1023,clock_gettime(CLOCK_MONOTONIC, {158, 43237511}) = 0
19:18:59.759054,1023,clock_gettime(CLOCK_MONOTONIC, {158, 44000981}) = 0
19:18:59.759713,1023,clock_gettime(CLOCK_MONOTONIC, {158, 44657085}) = 0
19:18:59.760361,1023,clock_gettime(CLOCK_MONOTONIC, {158, 45311127}) = 0
19:18:59.761043,1023,clock_gettime(CLOCK_MONOTONIC, {158, 45986110}) = 0
19:18:59.761719,1023,write(29, "W", 1) = 1
19:18:59.762562,1023,ioctl(9, 0xc0186201, 0xbee6cf10) = 0
19:18:59.763383,1023,ioctl(9, 0xc0186201, 0xbee6cf10) = 0
19:18:59.764749,1023,clock_gettime(CLOCK_MONOTONIC, {158, 49697727}) = 0
19:18:59.837791,1023,clock_gettime(CLOCK_MONOTONIC, {158, 122788296}) = 0
19:18:59.838534,1023,ioctl(9, 0xc0186201, 0xbee6d0c8) = 0
19:18:59.839750,1023,getpid() = 1023
19:18:59.840308,1023,getuid32() = 10050
19:18:59.840913,1023,epoll_wait(0x1e, 0xbee6d1f8, 0x10, 0) = 2
19:18:59.841564,1023,read(23, "WW", 16) = 2
19:18:59.842188,1023,recvfrom(37, "nysv\0\0\0\0¼×WÌ$\0\0\0k\5\0\0\224Â'¸", 24, MSG_DONTWAIT, NULL, NULL) = 24
19:18:59.842968,1023,recvfrom(37, 0xbee6c828, 24, 64, 0, 0) = -1 EAGAIN (Try again)
19:18:59.843632,1023,clock_gettime(CLOCK_MONOTONIC, {158, 128583833}) = 0
19:18:59.844394,1023,clock_gettime(CLOCK_MONOTONIC, {158, 129350626}) = 0
19:18:59.845082,1023,clock_gettime(CLOCK_MONOTONIC, {158, 130033428}) = 0
19:18:59.845760,1023,clock_gettime(CLOCK_MONOTONIC, {158, 130710782}) = 0
19:18:59.846456,1023,recvfrom(38, 0xb88738b0, 1240, 64, 0, 0) = -1 EAGAIN (Try again)
19:18:59.847101,1023,clock_gettime(CLOCK_MONOTONIC, {158, 132050339}) = 0
19:18:59.847777,1023,clock_gettime(CLOCK_MONOTONIC, {158, 132729465}) = 0
19:18:59.848450,1023,getpid() = 1023
19:18:59.849028,1023,getuid32() = 10050
19:18:59.849641,1023,epoll_wait(0x1e, 0xbee6d1f8, 0x10, 0) = 0
19:18:59.850251,1023,clock_gettime(CLOCK_MONOTONIC, {158, 135199807}) = 0
19:18:59.850931,1023,clock_gettime(CLOCK_MONOTONIC, {158, 135880281}) = 0
19:18:59.851629,1023,recvfrom(37, 0xbee6c9a8, 24, 64, 0, 0) = -1 EAGAIN (Try again)
19:18:59.852252,1023,ioctl(9, 0xc0186201, 0xbee6d178) = 0
19:18:59.915865,1023,getpid() = 1023
19:18:59.916424,1023,getuid32() = 10050
19:18:59.917045,1023,epoll_wait(0x1e, 0xbee6d1f8, 0x10, 0) = 1
19:18:59.917658,1023,recvfrom(37, "nysv\0\0\0\0\216P&Ñ$\0\0\0l\5\0\0\224Â'¸", 24, MSG_DONTWAIT, NULL, NULL) = 24
19:18:59.944773,1023,recvfrom(37, 0xbee6c828, 24, 64, 0, 0) = -1 EAGAIN (Try again)
19:18:59.986664,1023,clock_gettime(CLOCK_MONOTONIC, {158, 271607998}) = 0
19:18:59.987441,1023,clock_gettime(CLOCK_MONOTONIC, {158, 272411024}) = 0
19:18:59.988137,1023,clock_gettime(CLOCK_MONOTONIC, {158, 273065855}) = 0
19:18:59.988895,1023,writev(3, [{"\4", 1}, {"Choreographer\0", 14}, {"Skipped 37 frames! The applicat"..., 83}], 3) = 98
19:18:59.990057,1023,clock_gettime(CLOCK_MONOTONIC, {158, 274987083}) = 0
19:18:59.990694,1023,clock_gettime(CLOCK_MONOTONIC, {158, 275622939}) = 0
19:18:59.991556,1023,clock_gettime(CLOCK_MONOTONIC, {158, 276499741}) = 0
19:18:59.992244,1023,clock_gettime(CLOCK_MONOTONIC, {158, 277173901}) = 0
19:18:59.992921,1023,recvfrom(37, 0xbee6c9a8, 24, 64, 0, 0) = -1 EAGAIN (Try again)
19:18:59.993570,1023,ioctl(9, 0xc0186201, 0xbee6d178) = 0
19:18:59.994552,1023,clock_gettime(CLOCK_MONOTONIC, {158, 279575205}) = 0
19:18:59.995321,1023,clock_gettime(CLOCK_MONOTONIC, {158, 280250684}) = 0
19:18:59.995980,1023,clock_gettime(CLOCK_MONOTONIC, {158, 280908376}) = 0
19:18:59.996633,1023,clock_gettime(CLOCK_MONOTONIC, {158, 281561389}) = 0
19:18:59.997255,1023,clock_gettime(CLOCK_MONOTONIC, {158, 282182335}) = 0
19:18:59.997963,1023,write(29, "W", 1) = 1
19:18:59.998798,1023,ioctl(9, 0xc0186201, 0xbee6cf10) = 0
19:18:59.999655,1023,ioctl(9, 0xc0186201, 0xbee6cf10) = 0
19:19:00.030045,1023,clock_gettime(CLOCK_MONOTONIC, {158, 322688780}) = 0
19:19:00.041816,1023,clock_gettime(CLOCK_MONOTONIC, {158, 326823544}) = 0
19:19:00.042519,1023,ioctl(9, 0xc0186201, 0xbee6d0c8) = 0
19:19:00.043430,1023,ioctl(9, 0xc0186201, 0xbee6d0c8) = 0
19:19:00.044401,1023,getpid() = 1023
19:19:00.065738,1023,getuid32() = 10050
19:19:00.066602,1023,epoll_wait(0x1e, 0xbee6d1f8, 0x10, 0) = 2
19:19:00.067153,1023,read(23, "W", 16) = 1
19:19:00.067764,1023,recvfrom(37, "nysv\0\0\0\0\36\22NÚ$\0\0\0m\5\0\0\224Â'¸", 24, MSG_DONTWAIT, NULL, NULL) = 24
19:19:00.068451,1023,recvfrom(37, 0xbee6c828, 24, 64, 0, 0) = -1 EAGAIN (Try again)
19:19:00.069080,1023,clock_gettime(CLOCK_MONOTONIC, {158, 354007895}) = 0
19:19:00.069795,1023,clock_gettime(CLOCK_MONOTONIC, {158, 354722283}) = 0
19:19:00.070398,1023,clock_gettime(CLOCK_MONOTONIC, {158, 355364650}) = 0
19:19:00.071031,1023,clock_gettime(CLOCK_MONOTONIC, {158, 355958497}) = 0
19:19:00.071686,1023,recvfrom(38, 0xb88738b0, 1240, 64, 0, 0) = -1 EAGAIN (Try again)
19:19:00.072252,1023,clock_gettime(CLOCK_MONOTONIC, {158, 357178657}) = 0
19:19:00.072887,1023,clock_gettime(CLOCK_MONOTONIC, {158, 357874206}) = 0
19:19:00.073581,1023,getpid() = 1023
19:19:00.074147,1023,getuid32() = 10050
19:19:00.074723,1023,epoll_wait(0x1e, 0xbee6d1f8, 0x10, 0) = 0
19:19:00.075261,1023,clock_gettime(CLOCK_MONOTONIC, {158, 360185883}) = 0
19:19:00.075899,1023,ioctl(9, 0xc0186201, 0xbee6d328) = 0
19:19:00.076456,1023,epoll_wait(0x1e, 0xbee6d1f8, 0x10, 0xb) = 0
19:19:00.097201,1023,clock_gettime(CLOCK_MONOTONIC, {158, 382147368}) = 0
19:19:00.097938,1023,clock_gettime(CLOCK_MONOTONIC, {158, 382958304}) = 0
19:19:00.098796,1023,recvfrom(37, 0xbee6c9a8, 24, 64, 0, 0) = -1 EAGAIN (Try again)
19:19:00.099388,1023,ioctl(9, 0xc0186201, 0xbee6d178) = 0
19:19:00.100789,1023,getpid() = 1023
19:19:00.101324,1023,getuid32() = 10050
19:19:00.102011,1023,epoll_wait(0x1e, 0xbee6d1f8, 0x10, 0) = 0
19:19:00.102601,1023,clock_gettime(CLOCK_MONOTONIC, {158, 387527858}) = 0
19:19:00.103393,1023,epoll_wait(0x1e, 0xbee6d1f8, 0x10, 0xffffffff) = 1
19:19:00.141982,1023,recvfrom(37, "nysv\0\0\0\0006³¶à$\0\0\0o\5\0\0\224Â'¸", 24, MSG_DONTWAIT, NULL, NULL) = 24
19:19:00.142760,1023,recvfrom(37, 0xbee6c828, 24, 64, 0, 0) = -1 EAGAIN (Try again)
19:19:00.143381,1023,clock_gettime(CLOCK_MONOTONIC, {158, 428357091}) = 0
19:19:00.144087,1023,write(29, "W", 1) = 1
19:19:00.144841,1023,clock_gettime(CLOCK_MONOTONIC, {158, 429778195}) = 0
19:19:00.145474,1023,clock_gettime(CLOCK_MONOTONIC, {158, 430447477}) = 0
19:19:00.146131,1023,clock_gettime(CLOCK_MONOTONIC, {158, 431063508}) = 0
19:19:00.146786,1023,clock_gettime(CLOCK_MONOTONIC, {158, 431720561}) = 0
19:19:00.147697,1023,clock_gettime(CLOCK_MONOTONIC, {158, 432633343}) = 0
19:19:00.148336,1023,clock_gettime(CLOCK_MONOTONIC, {158, 433294973}) = 0
19:19:00.149018,1023,recvfrom(37, 0xbee6c9a8, 24, 64, 0, 0) = -1 EAGAIN (Try again)
19:19:00.149635,1023,ioctl(9, 0xc0186201, 0xbee6d178) = 0
19:19:00.150468,1023,clock_gettime(CLOCK_MONOTONIC, {158, 435493906}) = 0
19:19:00.151206,1023,clock_gettime(CLOCK_MONOTONIC, {158, 436141715}) = 0
19:19:00.151868,1023,clock_gettime(CLOCK_MONOTONIC, {158, 436804496}) = 0
19:19:00.152491,1023,clock_gettime(CLOCK_MONOTONIC, {158, 437462066}) = 0
19:19:00.153172,1023,clock_gettime(CLOCK_MONOTONIC, {158, 438107134}) = 0
19:19:00.153851,1023,write(29, "W", 1) = 1
19:19:00.154679,1023,ioctl(9, 0xc0186201, 0xbee6cf10) = 0
19:19:00.155467,1023,ioctl(9, 0xc0186201, 0xbee6cf10) = 0
19:19:00.156832,1023,clock_gettime(CLOCK_MONOTONIC, {158, 441771451}) = 0
19:19:00.160376,1023,clock_gettime(CLOCK_MONOTONIC, {158, 446019687}) = 0
19:19:00.206299,1023,ioctl(9, 0xc0186201, 0xbee6d0c8) = 0
19:19:00.207450,1023,ioctl(9, 0xc0186201, 0xbee6d0c8) = 0
19:19:00.208390,1023,getpid() = 1023
19:19:00.209035,1023,getuid32() = 10050
19:19:00.209675,1023,epoll_wait(0x1e, 0xbee6d1f8, 0x10, 0) = 2
19:19:00.210309,1023,read(23, "WW", 16) = 2
19:19:00.211070,1023,recvfrom(37, "nysv\0\0\0\0Ì\233%ä$\0\0\0p\5\0\0\224Â'¸", 24, MSG_DONTWAIT, NULL, NULL) = 24
19:19:00.211810,1023,recvfrom(37, 0xbee6c828, 24, 64, 0, 0) = -1 EAGAIN (Try again)
19:19:00.212617,1023,clock_gettime(CLOCK_MONOTONIC, {158, 497726444}) = 0
19:19:00.213482,1023,clock_gettime(CLOCK_MONOTONIC, {158, 498482879}) = 0
19:19:00.214225,1023,clock_gettime(CLOCK_MONOTONIC, {158, 499153896}) = 0
19:19:00.215055,1023,clock_gettime(CLOCK_MONOTONIC, {158, 500004730}) = 0
19:19:00.215784,1023,recvfrom(38, 0xb88738b0, 1240, 64, 0, 0) = -1 EAGAIN (Try again)
19:19:00.307286,1023,clock_gettime(CLOCK_MONOTONIC, {158, 608161533}) = 0
19:19:00.324309,1023,clock_gettime(CLOCK_MONOTONIC, {158, 609255133}) = 0
19:19:00.324993,1023,clock_gettime(CLOCK_MONOTONIC, {158, 609922162}) = 0
19:19:00.325654,1023,recvfrom(37, 0xbee6c9a8, 24, 64, 0, 0) = -1 EAGAIN (Try again)
19:19:00.326222,1023,ioctl(9, 0xc0186201, 0xbee6d178) = 0
19:19:00.327051,1023,clock_gettime(CLOCK_MONOTONIC, {158, 612041032}) = 0
19:19:00.327790,1023,clock_gettime(CLOCK_MONOTONIC, {158, 612718254}) = 0
19:19:00.328390,1023,clock_gettime(CLOCK_MONOTONIC, {158, 613323063}) = 0
19:19:00.328992,1023,clock_gettime(CLOCK_MONOTONIC, {158, 613918349}) = 0
19:19:00.329616,1023,clock_gettime(CLOCK_MONOTONIC, {158, 614543811}) = 0
19:19:00.330462,1023,ioctl(9, 0xc0186201, 0xbee6cf10) = 0
19:19:00.331232,1023,ioctl(9, 0xc0186201, 0xbee6cf10) = 0
19:19:00.357202,1023,clock_gettime(CLOCK_MONOTONIC, {158, 642154596}) = 0
19:19:00.360757,1023,clock_gettime(CLOCK_MONOTONIC, {158, 645821555}) = 0
19:19:00.361539,1023,ioctl(9, 0xc0186201, 0xbee6d0c8) = 0
19:19:00.362679,1023,ioctl(9, 0xc0186201, 0xbee6d0c8) = 0
19:19:00.363746,1023,getpid() = 1023
19:19:00.364284,1023,getuid32() = 10050
19:19:00.364986,1023,epoll_wait(0x1e, 0xbee6d1f8, 0x10, 0) = 1
19:19:00.365634,1023,recvfrom(37, "nysv\0\0\0\0\204½7î$\0\0\0r\5\0\0\224Â'¸", 24, MSG_DONTWAIT, NULL, NULL) = 24
19:19:00.622923,1023,recvfrom(37, 0xbee6c828, 24, 64, 0, 0) = -1 EAGAIN (Try again)
19:19:00.631417,1023,clock_gettime(CLOCK_MONOTONIC, {158, 918879595}) = 0
19:19:00.635119,1023,clock_gettime(CLOCK_MONOTONIC, {158, 937015598}) = 0
19:19:00.652893,1023,getpid() = 1023
19:19:00.653422,1023,getuid32() = 10050
19:19:00.654046,1023,epoll_wait(0x1e, 0xbee6d1f8, 0x10, 0) = 0
19:19:00.654666,1023,clock_gettime(CLOCK_MONOTONIC, {158, 939594840}) = 0
19:19:00.655290,1023,clock_gettime(CLOCK_MONOTONIC, {158, 940217717}) = 0
19:19:00.656100,1023,writev(3, [{"\4", 1}, {"Choreographer\0", 14}, {"Skipped 84 frames! The applicat"..., 83}], 3) = 98
19:19:00.657290,1023,clock_gettime(CLOCK_MONOTONIC, {158, 942219476}) = 0
19:19:00.657967,1023,recvfrom(38, 0xb88738b0, 1240, 64, 0, 0) = -1 EAGAIN (Try again)
19:19:00.658569,1023,clock_gettime(CLOCK_MONOTONIC, {158, 943522019}) = 0
19:19:00.659433,1023,clock_gettime(CLOCK_MONOTONIC, {158, 944432440}) = 0
19:19:00.660118,1023,clock_gettime(CLOCK_MONOTONIC, {158, 945046062}) = 0
19:19:00.660810,1023,recvfrom(37, 0xbee6c9a8, 24, 64, 0, 0) = -1 EAGAIN (Try again)
19:19:00.661431,1023,ioctl(9, 0xc0186201, 0xbee6d178) = 0
19:19:00.667111,1023,clock_gettime(CLOCK_MONOTONIC, {158, 952064665}) = 0
19:19:00.667832,1023,clock_gettime(CLOCK_MONOTONIC, {158, 952767875}) = 0
19:19:00.668458,1023,clock_gettime(CLOCK_MONOTONIC, {158, 953431810}) = 0
19:19:00.669121,1023,clock_gettime(CLOCK_MONOTONIC, {158, 954055773}) = 0
19:19:00.669811,1023,clock_gettime(CLOCK_MONOTONIC, {158, 954744794}) = 0
19:19:00.670684,1023,ioctl(9, 0xc0186201, 0xbee6cf10) = 0
19:19:00.672342,1023,clock_gettime(CLOCK_MONOTONIC, {158, 957306442}) = 0
19:19:00.676100,1023,clock_gettime(CLOCK_MONOTONIC, {158, 961043627}) = 0
19:19:00.676783,1023,ioctl(9, 0xc0186201, 0xbee6d0c8) = 0
19:19:00.677904,1023,getpid() = 1023
19:19:00.678437,1023,getuid32() = 10050
19:19:00.679105,1023,epoll_wait(0x1e, 0xbee6d1f8, 0x10, 0) = 0
19:19:00.679701,1023,clock_gettime(CLOCK_MONOTONIC, {158, 964635868}) = 0
19:19:00.680388,1023,getpid() = 1023
19:19:00.680955,1023,getuid32() = 10050
19:19:00.681538,1023,epoll_wait(0x1e, 0xbee6d1f8, 0x10, 0) = 0
19:19:00.682164,1023,clock_gettime(CLOCK_MONOTONIC, {158, 967097298}) = 0
19:19:00.682825,1023,ioctl(9, 0xc0186201, 0xbee6d328) = 0
19:19:00.683453,1023,epoll_wait(0x1e, 0xbee6d1f8, 0x10, 0x4c) = 1
19:19:00.726044,1023,recvfrom(37, "nysv\0\0\0\0ô\0\\\2%\0\0\0u\5\0\0\224Â'¸", 24, MSG_DONTWAIT, NULL, NULL) = 24
19:19:00.726925,1023,recvfrom(37, 0xbee6c828, 24, 64, 0, 0) = -1 EAGAIN (Try again)
19:19:00.727729,1023,clock_gettime(CLOCK_MONOTONIC, {159, 12673336}) = 0
19:19:00.728434,1023,write(29, "W", 1) = 1
19:19:00.729261,1023,clock_gettime(CLOCK_MONOTONIC, {159, 14198067}) = 0
19:19:00.729948,1023,clock_gettime(CLOCK_MONOTONIC, {159, 14941011}) = 0
19:19:00.730668,1023,clock_gettime(CLOCK_MONOTONIC, {159, 15736323}) = 0
19:19:00.731553,1023,recvfrom(38, 0xb88738b0, 1240, 64, 0, 0) = -1 EAGAIN (Try again)
19:19:00.732168,1023,clock_gettime(CLOCK_MONOTONIC, {159, 17158562}) = 0
19:19:00.732928,1023,clock_gettime(CLOCK_MONOTONIC, {159, 17858621}) = 0
19:19:00.733658,1023,getpid() = 1023
19:19:00.734199,1023,getuid32() = 10050
19:19:00.734918,1023,epoll_wait(0x1e, 0xbee6d1f8, 0x10, 0) = 1
19:19:00.735443,1023,read(23, "W", 16) = 1
19:19:00.736116,1023,clock_gettime(CLOCK_MONOTONIC, {159, 21049779}) = 0
19:19:00.736825,1023,epoll_wait(0x1e, 0xbee6d1f8, 0x10, 0x16) = 0
19:19:00.770998,1023,clock_gettime(CLOCK_MONOTONIC, {159, 55953744}) = 0
19:19:00.771718,1023,clock_gettime(CLOCK_MONOTONIC, {159, 56655043}) = 0
19:19:00.772366,1023,recvfrom(37, 0xbee6c9a8, 24, 64, 0, 0) = -1 EAGAIN (Try again)
19:19:00.772998,1023,ioctl(9, 0xc0186201, 0xbee6d178) = 0
19:19:00.773887,1023,getpid() = 1023
19:19:00.774479,1023,getuid32() = 10050
19:19:00.775091,1023,epoll_wait(0x1e, 0xbee6d1f8, 0x10, 0) = 0
19:19:00.775688,1023,clock_gettime(CLOCK_MONOTONIC, {159, 60621365}) = 0
19:19:00.776318,1023,epoll_wait(0x1e, 0xbee6d1f8, 0x10, 0xffffffff) = 1
19:19:00.800195,1023,recvfrom(37, "nysv\0\0\0\0\26:ÿ\10%\0\0\0v\5\0\0\224Â'¸", 24, MSG_DONTWAIT, NULL, NULL) = 24
19:19:00.800947,1023,recvfrom(37, 0xbee6c828, 24, 64, 0, 0) = -1 EAGAIN (Try again)
19:19:00.801609,1023,clock_gettime(CLOCK_MONOTONIC, {159, 86538948}) = 0
19:19:00.802243,1023,write(29, "W", 1) = 1
19:19:00.802934,1023,clock_gettime(CLOCK_MONOTONIC, {159, 87862205}) = 0
19:19:00.803563,1023,clock_gettime(CLOCK_MONOTONIC, {159, 88528248}) = 0
19:19:00.804518,1023,clock_gettime(CLOCK_MONOTONIC, {159, 89514073}) = 0
19:19:00.805182,1023,clock_gettime(CLOCK_MONOTONIC, {159, 90110306}) = 0
19:19:00.806054,1023,clock_gettime(CLOCK_MONOTONIC, {159, 90982642}) = 0
19:19:00.806703,1023,clock_gettime(CLOCK_MONOTONIC, {159, 91632016}) = 0
19:19:00.807319,1023,recvfrom(37, 0xbee6c9a8, 24, 64, 0, 0) = -1 EAGAIN (Try again)
19:19:00.807912,1023,ioctl(9, 0xc0186201, 0xbee6d178) = 0
19:19:00.808744,1023,clock_gettime(CLOCK_MONOTONIC, {159, 94164987}) = 0
19:19:00.842172,1023,clock_gettime(CLOCK_MONOTONIC, {159, 127119953}) = 0
19:19:00.842859,1023,clock_gettime(CLOCK_MONOTONIC, {159, 127860672}) = 0
19:19:00.843578,1023,clock_gettime(CLOCK_MONOTONIC, {159, 128533483}) = 0
19:19:00.844306,1023,clock_gettime(CLOCK_MONOTONIC, {159, 129234377}) = 0
19:19:00.844965,1023,write(29, "W", 1) = 1
19:19:00.845794,1023,ioctl(9, 0xc0186201, 0xbee6cf10) = 0
19:19:00.879391,1023,ioctl(9, 0xc0186201, 0xbee6cf10) = 0
19:19:00.880879,1023,clock_gettime(CLOCK_MONOTONIC, {159, 190635370}) = 0
19:19:00.909435,1023,clock_gettime(CLOCK_MONOTONIC, {159, 194469549}) = 0
19:19:00.910180,1023,ioctl(9, 0xc0186201, 0xbee6d0c8) = 0
19:19:00.911407,1023,getpid() = 1023
19:19:00.912019,1023,getuid32() = 10050
19:19:00.912668,1023,epoll_wait(0x1e, 0xbee6d1f8, 0x10, 0) = 2
19:19:00.913227,1023,read(23, "WW", 16) = 2
19:19:00.914221,1023,recvfrom(37, "nysv\0\0\0\0\\b\231\n%\0\0\0w\5\0\0\224Â'¸", 24, MSG_DONTWAIT, NULL, NULL) = 24
19:19:00.914993,1023,recvfrom(37, 0xbee6c828, 24, 64, 0, 0) = -1 EAGAIN (Try again)
19:19:00.915634,1023,clock_gettime(CLOCK_MONOTONIC, {159, 200562755}) = 0
19:19:00.916299,1023,clock_gettime(CLOCK_MONOTONIC, {159, 201226008}) = 0
19:19:00.916970,1023,clock_gettime(CLOCK_MONOTONIC, {159, 201896758}) = 0
19:19:00.917633,1023,clock_gettime(CLOCK_MONOTONIC, {159, 202560595}) = 0
19:19:00.918246,1023,recvfrom(38, 0xb88738b0, 1240, 64, 0, 0) = -1 EAGAIN (Try again)
19:19:00.918907,1023,clock_gettime(CLOCK_MONOTONIC, {159, 203842860}) = 0
19:19:00.919576,1023,clock_gettime(CLOCK_MONOTONIC, {159, 204537902}) = 0
19:19:00.920251,1023,getpid() = 1023
19:19:00.920810,1023,getuid32() = 10050
19:19:00.921346,1023,epoll_wait(0x1e, 0xbee6d1f8, 0x10, 0) = 0
19:19:00.921939,1023,clock_gettime(CLOCK_MONOTONIC, {159, 206865188}) = 0
19:19:00.937228,1023,ioctl(9, 0xc0186201, 0xbee6d328) = 0
19:19:00.987326,1023,epoll_wait(0x1e, 0xbee6d1f8, 0x10, 0xc) = 0
19:19:01.044533,1023,clock_gettime(CLOCK_MONOTONIC, {159, 329506031}) = 0
19:19:01.045223,1023,clock_gettime(CLOCK_MONOTONIC, {159, 330157762}) = 0
19:19:01.045913,1023,recvfrom(37, 0xbee6c9a8, 24, 64, 0, 0) = -1 EAGAIN (Try again)
19:19:01.046517,1023,ioctl(9, 0xc0186201, 0xbee6d178) = 0
19:19:01.047221,1023,getpid() = 1023
19:19:01.047757,1023,getuid32() = 10050
19:19:01.048329,1023,epoll_wait(0x1e, 0xbee6d1f8, 0x10, 0) = 0
19:19:01.048891,1023,clock_gettime(CLOCK_MONOTONIC, {159, 333821937}) = 0
19:19:01.049528,1023,epoll_wait(0x1e, 0xbee6d1f8, 0x10, 0xffffffff) = 1
19:19:01.076089,1023,recvfrom(37, "nysv\0\0\0\0Üd?\31%\0\0\0z\5\0\0\224Â'¸", 24, MSG_DONTWAIT, NULL, NULL) = 24
19:19:01.076834,1023,recvfrom(37, 0xbee6c828, 24, 64, 0, 0) = -1 EAGAIN (Try again)
19:19:01.077418,1023,clock_gettime(CLOCK_MONOTONIC, {159, 362383596}) = 0
19:19:01.078089,1023,write(29, "W", 1) = 1
19:19:01.078780,1023,clock_gettime(CLOCK_MONOTONIC, {159, 363706136}) = 0
19:19:01.079383,1023,clock_gettime(CLOCK_MONOTONIC, {159, 364347509}) = 0
19:19:01.080059,1023,clock_gettime(CLOCK_MONOTONIC, {159, 364984369}) = 0
19:19:01.080689,1023,clock_gettime(CLOCK_MONOTONIC, {159, 365614165}) = 0
19:19:01.081545,1023,clock_gettime(CLOCK_MONOTONIC, {159, 366484504}) = 0
19:19:01.082188,1023,clock_gettime(CLOCK_MONOTONIC, {159, 367130183}) = 0
19:19:01.082855,1023,recvfrom(37, 0xbee6c9a8, 24, 64, 0, 0) = -1 EAGAIN (Try again)
19:19:01.083408,1023,ioctl(9, 0xc0186201, 0xbee6d178) = 0
19:19:01.084235,1023,clock_gettime(CLOCK_MONOTONIC, {159, 369235789}) = 0
19:19:01.084998,1023,clock_gettime(CLOCK_MONOTONIC, {159, 369951366}) = 0
19:19:01.085661,1023,clock_gettime(CLOCK_MONOTONIC, {159, 370585986}) = 0
19:19:01.086316,1023,clock_gettime(CLOCK_MONOTONIC, {159, 371240735}) = 0
19:19:01.086969,1023,clock_gettime(CLOCK_MONOTONIC, {159, 371893716}) = 0
19:19:01.087620,1023,write(29, "W", 1) = 1
19:19:01.088433,1023,ioctl(9, 0xc0186201, 0xbee6cf10) = 0
19:19:01.145938,1023,ioctl(9, 0xc0186201, 0xbee6cf10) = 0
19:19:01.147312,1023,clock_gettime(CLOCK_MONOTONIC, {159, 432247091}) = 0
19:19:01.150727,1023,clock_gettime(CLOCK_MONOTONIC, {159, 435665186}) = 0
19:19:01.151412,1023,ioctl(9, 0xc0186201, 0xbee6d0c8) = 0
19:19:01.152285,1023,ioctl(9, 0xc0186201, 0xbee6d0c8) = 0
19:19:01.153010,1023,getpid() = 1023
19:19:01.153528,1023,getuid32() = 10050
19:19:01.154075,1023,epoll_wait(0x1e, 0xbee6d1f8, 0x10, 0) = 2
19:19:01.154613,1023,read(23, "WW", 16) = 2
19:19:01.155195,1023,recvfrom(37, "nysv\0\0\0\0\30õ\236\32%\0\0\0{\5\0\0\224Â'¸", 24, MSG_DONTWAIT, NULL, NULL) = 24
19:19:01.155966,1023,recvfrom(37, 0xbee6c828, 24, 64, 0, 0) = -1 EAGAIN (Try again)
19:19:01.156586,1023,clock_gettime(CLOCK_MONOTONIC, {159, 441512832}) = 0
19:19:01.157300,1023,clock_gettime(CLOCK_MONOTONIC, {159, 442228227}) = 0
19:19:01.157907,1023,clock_gettime(CLOCK_MONOTONIC, {159, 442833457}) = 0
19:19:01.158497,1023,clock_gettime(CLOCK_MONOTONIC, {159, 443429755}) = 0
19:19:01.159128,1023,recvfrom(38, 0xb88738b0, 1240, 64, 0, 0) = -1 EAGAIN (Try again)
19:19:01.159711,1023,clock_gettime(CLOCK_MONOTONIC, {159, 444641984}) = 0
19:19:01.160323,1023,clock_gettime(CLOCK_MONOTONIC, {159, 445248571}) = 0
19:19:01.160918,1023,getpid() = 1023
19:19:01.161423,1023,getuid32() = 10050
19:19:01.161962,1023,epoll_wait(0x1e, 0xbee6d1f8, 0x10, 0) = 0
19:19:01.162528,1023,clock_gettime(CLOCK_MONOTONIC, {159, 447490995}) = 0
19:19:01.163181,1023,ioctl(9, 0xc0186201, 0xbee6d328) = 0
19:19:01.163764,1023,epoll_wait(0x1e, 0xbee6d1f8, 0x10, 0xd) = 0
19:19:01.208005,1041,<... select resumed> ) = 0 (Timeout)
19:19:01.208927,1023,clock_gettime(CLOCK_MONOTONIC, <unfinished ...>
19:19:01.209231,1041,sendto(36, "\0ú\1\0\0\1\0\0\0\0\0\0\6client\nmustmobile\3c"..., 39, 0, NULL, 0 <unfinished ...>
19:19:01.236226,1023,<... clock_gettime resumed> {159, 520823495}) = 0
19:19:01.236935,1041,<... sendto resumed> ) = 39
19:19:01.237723,1043,<... select resumed> ) = 0 (Timeout)
19:19:01.238102,1023,clock_gettime(CLOCK_MONOTONIC, <unfinished ...>
19:19:01.238410,1041,clock_gettime(CLOCK_REALTIME, <unfinished ...>
19:19:01.240411,1043,sendto(39, "ßv\1\0\0\1\0\0\0\0\0\0\6client\nmustmobile\3c"..., 39, 0, NULL, 0 <unfinished ...>
19:19:01.240963,1023,<... clock_gettime resumed> {159, 525607355}) = 0
19:19:01.241304,1041,<... clock_gettime resumed> {1738783141, 241209882}) = 0
19:19:01.241857,1043,<... sendto resumed> ) = 39
19:19:01.242224,1023,recvfrom(37, <unfinished ...>
19:19:01.242599,1041,clock_gettime(CLOCK_REALTIME, <unfinished ...>
19:19:01.243355,1043,clock_gettime(CLOCK_REALTIME, <unfinished ...>
19:19:01.243688,1023,<... recvfrom resumed> 0xbee6c9a8, 24, 64, 0, 0) = -1 EAGAIN (Try again)
19:19:01.244037,1041,<... clock_gettime resumed> {1738783141, 243944201}) = 0
19:19:01.244386,1043,<... clock_gettime resumed> {1738783141, 244294607}) = 0
19:19:01.244844,1023,ioctl(9, 0xc0186201 <unfinished ...>
19:19:01.245203,1041,select(37, [36], NULL, NULL, {4, 997266} <unfinished ...>
19:19:01.245683,1043,clock_gettime(CLOCK_REALTIME, <unfinished ...>
19:19:01.282245,1023,<... ioctl resumed> , 0xbee6d178) = 0
19:19:01.282485,1043,<... clock_gettime resumed> {1738783141, 246174373}) = 0
19:19:01.283148,1023,getpid( <unfinished ...>
19:19:01.283451,1043,select(40, [39], NULL, NULL, {4, 998121} <unfinished ...>
19:19:01.283990,1023,<... getpid resumed> ) = 1023
19:19:01.284422,1023,getuid32() = 10050
19:19:01.285081,1023,epoll_wait(0x1e, 0xbee6d1f8, 0x10, 0) = 1
19:19:01.285656,1023,recvfrom(37, "nysv\0\0\0\0Ú®ë$%\0\0\0}\5\0\0\224Â'¸", 24, MSG_DONTWAIT, NULL, NULL) = 24
19:19:01.286460,1023,recvfrom(37, 0xbee6c828, 24, 64, 0, 0) = -1 EAGAIN (Try again)
19:19:01.287047,1023,clock_gettime(CLOCK_MONOTONIC, {159, 571974731}) = 0
19:19:01.287728,1023,clock_gettime(CLOCK_MONOTONIC, {159, 572655783}) = 0
19:19:01.288329,1023,clock_gettime(CLOCK_MONOTONIC, {159, 573256616}) = 0
19:19:01.288992,1023,clock_gettime(CLOCK_MONOTONIC, {159, 573946948}) = 0
19:19:01.289618,1023,clock_gettime(CLOCK_MONOTONIC, {159, 574545059}) = 0
19:19:01.290453,1023,clock_gettime(CLOCK_MONOTONIC, {159, 575387565}) = 0
19:19:01.291071,1023,clock_gettime(CLOCK_MONOTONIC, {159, 575997348}) = 0
19:19:01.291690,1023,recvfrom(37, 0xbee6c9a8, 24, 64, 0, 0) = -1 EAGAIN (Try again)
19:19:01.292261,1023,ioctl(9, 0xc0186201, 0xbee6d178) = 0
19:19:01.323626,1023,clock_gettime(CLOCK_MONOTONIC, {159, 608779872}) = 0
19:19:01.324592,1023,clock_gettime(CLOCK_MONOTONIC, {159, 609526575}) = 0
19:19:01.325200,1023,clock_gettime(CLOCK_MONOTONIC, {159, 610128007}) = 0
19:19:01.325837,1023,clock_gettime(CLOCK_MONOTONIC, {159, 610764378}) = 0
19:19:01.347765,1023,clock_gettime(CLOCK_MONOTONIC, {159, 633023867}) = 0
19:19:01.348883,1023,write(29, "W", 1) = 1
19:19:01.350134,1023,ioctl(9, 0xc0186201, 0xbee6cf10) = 0
19:19:01.351642,1023,ioctl(9, 0xc0186201, 0xbee6cf10) = 0
19:19:01.353459,1023,clock_gettime(CLOCK_MONOTONIC, {159, 638452554}) = 0
19:19:01.378699,1023,clock_gettime(CLOCK_MONOTONIC, {159, 664320537}) = 0
19:19:01.380088,1023,ioctl(9, 0xc0186201, 0xbee6d0c8) = 0
19:19:01.381254,1023,getpid() = 1023
19:19:01.381891,1023,getuid32() = 10050
19:19:01.382505,1023,epoll_wait(0x1e, 0xbee6d1f8, 0x10, 0) = 2
19:19:01.383249,1023,read(23, "W", 16) = 1
19:19:01.444203,1023,recvfrom(37, "nysv\0\0\0\0.à³,%\0\0\0~\5\0\0\224Â'¸", 24, MSG_DONTWAIT, NULL, NULL) = 24
19:19:01.444949,1023,recvfrom(37, 0xbee6c828, 24, 64, 0, 0) = -1 EAGAIN (Try again)
19:19:01.445578,1023,clock_gettime(CLOCK_MONOTONIC, {159, 730506830}) = 0
19:19:01.446265,1023,clock_gettime(CLOCK_MONOTONIC, {159, 731192254}) = 0
19:19:01.446910,1023,clock_gettime(CLOCK_MONOTONIC, {159, 731883121}) = 0
19:19:01.447589,1023,clock_gettime(CLOCK_MONOTONIC, {159, 732516571}) = 0
19:19:01.448264,1023,recvfrom(38, 0xb88738b0, 1240, 64, 0, 0) = -1 EAGAIN (Try again)
19:19:01.448866,1023,clock_gettime(CLOCK_MONOTONIC, {159, 733851290}) = 0
19:19:01.449797,1023,clock_gettime(CLOCK_MONOTONIC, {159, 734725372}) = 0
19:19:01.450410,1023,clock_gettime(CLOCK_MONOTONIC, {159, 735375209}) = 0
19:19:01.451122,1023,recvfrom(37, 0xbee6c9a8, 24, 64, 0, 0) = -1 EAGAIN (Try again)
19:19:01.451714,1023,ioctl(9, 0xc0186201, 0xbee6d178) = 0
19:19:01.455716,1023,clock_gettime(CLOCK_MONOTONIC, {159, 740659744}) = 0
19:19:01.456367,1023,clock_gettime(CLOCK_MONOTONIC, {159, 741302108}) = 0
19:19:01.457008,1023,clock_gettime(CLOCK_MONOTONIC, {159, 741963200}) = 0
19:19:01.457638,1023,clock_gettime(CLOCK_MONOTONIC, {159, 742565785}) = 0
19:19:01.458264,1023,clock_gettime(CLOCK_MONOTONIC, {159, 743190558}) = 0
19:19:01.459073,1023,ioctl(9, 0xc0186201, 0xbee6cf10) = 0
19:19:01.470605,1023,clock_gettime(CLOCK_MONOTONIC, {159, 755628802}) = 0
19:19:01.474249,1023,clock_gettime(CLOCK_MONOTONIC, {159, 760828629}) = 0
19:19:01.476765,1023,ioctl(9, 0xc0186201, 0xbee6d0c8) = 0
19:19:01.478008,1023,getpid() = 1023
19:19:01.478557,1023,getuid32() = 10050
19:19:01.479138,1023,epoll_wait(0x1e, 0xbee6d1f8, 0x10, 0) = 1
19:19:01.479861,1023,recvfrom(37, "nysv\0\0\0\0öÀG1%\0\0\0\200\5\0\0\224Â'¸", 24, MSG_DONTWAIT, NULL, NULL) = 24
19:19:01.516079,1023,recvfrom(37, 0xbee6c828, 24, 64, 0, 0) = -1 EAGAIN (Try again)
19:19:01.516901,1023,clock_gettime(CLOCK_MONOTONIC, {159, 801890626}) = 0
19:19:01.517751,1023,clock_gettime(CLOCK_MONOTONIC, {159, 802715324}) = 0
19:19:01.518410,1023,getpid() = 1023
19:19:01.519024,1023,getuid32() = 10050
19:19:01.519625,1023,epoll_wait(0x1e, 0xbee6d1f8, 0x10, 0) = 0
19:19:01.520227,1023,clock_gettime(CLOCK_MONOTONIC, {159, 805153920}) = 0
19:19:01.520862,1023,clock_gettime(CLOCK_MONOTONIC, {159, 805812545}) = 0
19:19:01.521478,1023,clock_gettime(CLOCK_MONOTONIC, {159, 806443861}) = 0
19:19:01.522132,1023,recvfrom(38, 0xb88738b0, 1240, 64, 0, 0) = -1 EAGAIN (Try again)
19:19:01.522737,1023,clock_gettime(CLOCK_MONOTONIC, {159, 807663624}) = 0
19:19:01.523390,1023,clock_gettime(CLOCK_MONOTONIC, {159, 808354702}) = 0
19:19:01.524021,1023,getpid() = 1023
19:19:01.524598,1023,getuid32() = 10050
19:19:01.525134,1023,epoll_wait(0x1e, 0xbee6d1f8, 0x10, 0) = 0
19:19:01.525703,1023,clock_gettime(CLOCK_MONOTONIC, {159, 810628234}) = 0
19:19:01.526302,1023,ioctl(9, 0xc0186201, 0xbee6d328) = 0
19:19:01.526896,1023,epoll_wait(0x1e, 0xbee6d1f8, 0x10, 0x16) = 0
19:19:01.557764,1023,clock_gettime(CLOCK_MONOTONIC, {159, 842775697}) = 0
19:19:01.558473,1023,clock_gettime(CLOCK_MONOTONIC, {159, 843408839}) = 0
19:19:01.559162,1023,recvfrom(37, 0xbee6c9a8, 24, 64, 0, 0) = -1 EAGAIN (Try again)
19:19:01.559734,1023,ioctl(9, 0xc0186201, 0xbee6d178) = 0
19:19:01.560603,1023,getpid() = 1023
19:19:01.561258,1023,getuid32() = 10050
19:19:01.561816,1023,epoll_wait(0x1e, 0xbee6d1f8, 0x10, 0) = 0
19:19:01.562349,1023,clock_gettime(CLOCK_MONOTONIC, {159, 847281112}) = 0
19:19:01.562963,1023,epoll_wait(0x1e, 0xbee6d1f8, 0x10, 0xffffffff) = 1
19:19:01.591013,1023,recvfrom(37, "nysv\0\0\0\0\16b°7%\0\0\0\202\5\0\0\224Â'¸", 24, MSG_DONTWAIT, NULL, NULL) = 24
19:19:01.591758,1023,recvfrom(37, 0xbee6c828, 24, 64, 0, 0) = -1 EAGAIN (Try again)
19:19:01.592369,1023,clock_gettime(CLOCK_MONOTONIC, {159, 877309709}) = 0
19:19:01.593058,1023,write(29, "W", 1) = 1
19:19:01.593757,1023,clock_gettime(CLOCK_MONOTONIC, {159, 878692921}) = 0
19:19:01.594388,1023,clock_gettime(CLOCK_MONOTONIC, {159, 879329192}) = 0
19:19:01.595013,1023,clock_gettime(CLOCK_MONOTONIC, {159, 879946318}) = 0
19:19:01.595669,1023,clock_gettime(CLOCK_MONOTONIC, {159, 880603184}) = 0
19:19:01.596540,1023,clock_gettime(CLOCK_MONOTONIC, {159, 881475576}) = 0
19:19:01.597180,1023,clock_gettime(CLOCK_MONOTONIC, {159, 882115987}) = 0
19:19:01.597828,1023,recvfrom(37, 0xbee6c9a8, 24, 64, 0, 0) = -1 EAGAIN (Try again)
19:19:01.598447,1023,ioctl(9, 0xc0186201, 0xbee6d178) = 0
19:19:01.600270,1023,clock_gettime(CLOCK_MONOTONIC, {159, 885953671}) = 0
19:19:01.602300,1023,clock_gettime(CLOCK_MONOTONIC, {159, 901645769}) = 0
19:19:01.618454,1023,clock_gettime(CLOCK_MONOTONIC, {159, 904529211}) = 0
19:19:01.621195,1023,clock_gettime(CLOCK_MONOTONIC, {159, 906309450}) = 0
19:19:01.622390,1023,clock_gettime(CLOCK_MONOTONIC, {159, 907919587}) = 0
19:19:01.624232,1023,write(29, "W", 1) = 1
19:19:01.628142,1023,ioctl(9, 0xc0186201, 0xbee6cf10) = 0
19:19:01.631734,1023,clock_gettime(CLOCK_MONOTONIC, {159, 916860503}) = 0
19:19:01.635490,1023,clock_gettime(CLOCK_MONOTONIC, {159, 921062469}) = 0
19:19:01.670205,1023,ioctl(9, 0xc0186201, 0xbee6d0c8) = 0
19:19:01.671476,1023,getpid() = 1023
19:19:01.672055,1023,getuid32() = 10050
19:19:01.672670,1023,epoll_wait(0x1e, 0xbee6d1f8, 0x10, 0) = 2
19:19:01.673227,1023,read(23, "WW", 16) = 2
19:19:01.673856,1023,recvfrom(37, "nysv\0\0\0\0^\"\2059%\0\0\0\203\5\0\0\224Â'¸", 24, MSG_DONTWAIT, NULL, NULL) = 24
19:19:01.674608,1023,recvfrom(37, 0xbee6c828, 24, 64, 0, 0) = -1 EAGAIN (Try again)
19:19:01.675269,1023,clock_gettime(CLOCK_MONOTONIC, {159, 960205186}) = 0
19:19:01.676061,1023,clock_gettime(CLOCK_MONOTONIC, {159, 960996635}) = 0
19:19:01.676728,1023,clock_gettime(CLOCK_MONOTONIC, {159, 961663433}) = 0
19:19:01.677346,1023,clock_gettime(CLOCK_MONOTONIC, {159, 962303615}) = 0
19:19:01.678080,1023,recvfrom(38, 0xb88738b0, 1240, 64, 0, 0) = -1 EAGAIN (Try again)
19:19:01.678706,1023,clock_gettime(CLOCK_MONOTONIC, {159, 963639317}) = 0
19:19:01.679324,1023,clock_gettime(CLOCK_MONOTONIC, {159, 964281145}) = 0
19:19:01.679980,1023,getpid() = 1023
19:19:01.680530,1023,getuid32() = 10050
19:19:01.681103,1023,epoll_wait(0x1e, 0xbee6d1f8, 0x10, 0) = 0
19:19:01.681699,1023,clock_gettime(CLOCK_MONOTONIC, {159, 966656537}) = 0
19:19:01.682347,1023,ioctl(9, 0xc0186201, 0xbee6d328) = 0
19:19:01.682958,1023,epoll_wait(0x1e, 0xbee6d1f8, 0x10, 0x1b) = 0
19:19:01.749346,1023,clock_gettime(CLOCK_MONOTONIC, {160, 34363618}) = 0
19:19:01.750076,1023,clock_gettime(CLOCK_MONOTONIC, {160, 35014376}) = 0
19:19:01.750784,1023,recvfrom(37, 0xbee6c9a8, 24, 64, 0, 0) = -1 EAGAIN (Try again)
19:19:01.751378,1023,ioctl(9, 0xc0186201, 0xbee6d178) = 0
19:19:01.752214,1023,getpid() = 1023
19:19:01.752807,1023,getuid32() = 10050
19:19:01.753379,1023,epoll_wait(0x1e, 0xbee6d1f8, 0x10, 0) = 0
19:19:01.753976,1023,clock_gettime(CLOCK_MONOTONIC, {160, 38911720}) = 0
19:19:01.754747,1023,epoll_wait(0x1e, 0xbee6d1f8, 0x10, 0xffffffff) = 1
19:19:01.851260,1023,recvfrom(37, "nysv\0\0\0\0òT H%\0\0\0\205\5\0\0\224Â'¸", 24, MSG_DONTWAIT, NULL, NULL) = 24
19:19:01.852007,1023,recvfrom(37, 0xbee6c828, 24, 64, 0, 0) = -1 EAGAIN (Try again)
19:19:01.852671,1023,clock_gettime(CLOCK_MONOTONIC, {160, 137606550}) = 0
19:19:01.853341,1023,write(29, "W", 1) = 1
19:19:01.854074,1023,clock_gettime(CLOCK_MONOTONIC, {160, 139009329}) = 0
19:19:01.854745,1023,clock_gettime(CLOCK_MONOTONIC, {160, 139681073}) = 0
19:19:01.855365,1023,clock_gettime(CLOCK_MONOTONIC, {160, 140336652}) = 0
19:19:01.856022,1023,clock_gettime(CLOCK_MONOTONIC, {160, 140956301}) = 0
19:19:01.856898,1023,clock_gettime(CLOCK_MONOTONIC, {160, 141833464}) = 0
19:19:01.857542,1023,clock_gettime(CLOCK_MONOTONIC, {160, 142477220}) = 0
19:19:01.858205,1023,recvfrom(37, 0xbee6c9a8, 24, 64, 0, 0) = -1 EAGAIN (Try again)
19:19:01.858808,1023,ioctl(9, 0xc0186201, 0xbee6d178) = 0
19:19:01.859664,1023,clock_gettime(CLOCK_MONOTONIC, {160, 144651166}) = 0
19:19:01.860362,1023,clock_gettime(CLOCK_MONOTONIC, {160, 145301515}) = 0
19:19:01.860992,1023,clock_gettime(CLOCK_MONOTONIC, {160, 145926759}) = 0
19:19:01.861619,1023,clock_gettime(CLOCK_MONOTONIC, {160, 146553468}) = 0
19:19:01.862283,1023,clock_gettime(CLOCK_MONOTONIC, {160, 147220873}) = 0
19:19:01.862947,1023,write(29, "W", 1) = 1
19:19:01.863757,1023,ioctl(9, 0xc0186201, 0xbee6cf10) = 0
19:19:01.864565,1023,ioctl(9, 0xc0186201, 0xbee6cf10) = 0
19:19:01.865900,1023,clock_gettime(CLOCK_MONOTONIC, {160, 150856655}) = 0
19:19:01.869403,1023,clock_gettime(CLOCK_MONOTONIC, {160, 154353276}) = 0
19:19:01.870062,1023,ioctl(9, 0xc0186201, 0xbee6d0c8) = 0
19:19:01.870979,1023,ioctl(9, 0xc0186201, 0xbee6d0c8) = 0
19:19:01.871702,1023,getpid() = 1023
19:19:01.872234,1023,getuid32() = 10050
19:19:01.872808,1023,epoll_wait(0x1e, 0xbee6d1f8, 0x10, 0) = 1
19:19:01.873417,1023,read(23, "WW", 16) = 2
19:19:01.874027,1023,clock_gettime(CLOCK_MONOTONIC, {160, 158962688}) = 0
19:19:01.874660,1023,ioctl(9, 0xc0186201, 0xbee6d328) = 0
19:19:01.875231,1023,epoll_wait(0x1e, 0xbee6d1f8, 0x10, 0x4e) = 0
19:19:01.958479,1023,clock_gettime(CLOCK_MONOTONIC, {160, 243481076}) = 0
19:19:01.959208,1023,getpid() = 1023
19:19:01.959785,1023,getuid32() = 10050
19:19:01.960364,1023,epoll_wait(0x1e, 0xbee6d1f8, 0x10, 0) = 0
19:19:01.960962,1023,clock_gettime(CLOCK_MONOTONIC, {160, 246008043}) = 0
19:19:01.961754,1023,epoll_wait(0x1e, 0xbee6d1f8, 0x10, 0xffffffff) = 1
19:19:01.962823,1023,recvfrom(37, "nysv\0\0\0\0B\25uJ%\0\0\0\206\5\0\0\224Â'¸", 24, MSG_DONTWAIT, NULL, NULL) = 24
19:19:01.963538,1023,recvfrom(37, 0xbee6c828, 24, 64, 0, 0) = -1 EAGAIN (Try again)
19:19:01.964142,1023,clock_gettime(CLOCK_MONOTONIC, {160, 249070006}) = 0
19:19:01.964801,1023,write(29, "W", 1) = 1
19:19:01.965454,1023,clock_gettime(CLOCK_MONOTONIC, {160, 250421937}) = 0
19:19:01.966131,1023,clock_gettime(CLOCK_MONOTONIC, {160, 251058760}) = 0
19:19:01.966764,1023,clock_gettime(CLOCK_MONOTONIC, {160, 251739008}) = 0
19:19:01.967442,1023,recvfrom(38, 0xb88738b0, 1240, 64, 0, 0) = -1 EAGAIN (Try again)
19:19:01.968106,1023,clock_gettime(CLOCK_MONOTONIC, {160, 253033749}) = 0
19:19:01.968982,1023,clock_gettime(CLOCK_MONOTONIC, {160, 253910174}) = 0
19:19:01.969634,1023,clock_gettime(CLOCK_MONOTONIC, {160, 254562206}) = 0
19:19:01.970336,1023,recvfrom(37, 0xbee6c9a8, 24, 64, 0, 0) = -1 EAGAIN (Try again)
19:19:01.970965,1023,ioctl(9, 0xc0186201, 0xbee6d178) = 0
19:19:01.971827,1023,clock_gettime(CLOCK_MONOTONIC, {160, 256807208}) = 0
19:19:02.052219,1023,clock_gettime(CLOCK_MONOTONIC, {160, 337203323}) = 0
19:19:02.052989,1023,clock_gettime(CLOCK_MONOTONIC, {160, 337950415}) = 0
19:19:02.053682,1023,clock_gettime(CLOCK_MONOTONIC, {160, 338615785}) = 0
19:19:02.054335,1023,clock_gettime(CLOCK_MONOTONIC, {160, 339294223}) = 0
19:19:02.055022,1023,write(29, "W", 1) = 1
19:19:02.055924,1023,ioctl(9, 0xc0186201, 0xbee6cf10) = 0
19:19:02.057671,1023,clock_gettime(CLOCK_MONOTONIC, {160, 342610475}) = 0
19:19:02.061188,1023,clock_gettime(CLOCK_MONOTONIC, {160, 346130208}) = 0
19:19:02.061868,1023,ioctl(9, 0xc0186201, 0xbee6d0c8) = 0
19:19:02.090621,1023,ioctl(9, 0xc0186201, 0xbee6d0c8) = 0
19:19:02.091620,1023,getpid() = 1023
19:19:02.092156,1023,getuid32() = 10050
19:19:02.092737,1023,epoll_wait(0x1e, 0xbee6d1f8, 0x10, 0) = 2
19:19:02.093294,1023,read(23, "WW", 16) = 2
19:19:02.093960,1023,recvfrom(37, "nysv\0\0\0\0ªv²R%\0\0\0\207\5\0\0\224Â'¸", 24, MSG_DONTWAIT, NULL, NULL) = 24
19:19:02.094708,1023,recvfrom(37, 0xbee6c828, 24, 64, 0, 0) = -1 EAGAIN (Try again)
19:19:02.095317,1023,clock_gettime(CLOCK_MONOTONIC, {160, 380274951}) = 0
19:19:02.096051,1023,clock_gettime(CLOCK_MONOTONIC, {160, 380985407}) = 0
19:19:02.096717,1023,clock_gettime(CLOCK_MONOTONIC, {160, 381651885}) = 0
19:19:02.097396,1023,clock_gettime(CLOCK_MONOTONIC, {160, 382367081}) = 0
19:19:02.098127,1023,recvfrom(38, 0xb88738b0, 1240, 64, 0, 0) = -1 EAGAIN (Try again)
19:19:02.098752,1023,clock_gettime(CLOCK_MONOTONIC, {160, 383683821}) = 0
19:19:02.099367,1023,clock_gettime(CLOCK_MONOTONIC, {160, 384337508}) = 0
19:19:02.100021,1023,getpid() = 1023
19:19:02.100584,1023,getuid32() = 10050
19:19:02.101202,1023,epoll_wait(0x1e, 0xbee6d1f8, 0x10, 0) = 0
19:19:02.101799,1023,clock_gettime(CLOCK_MONOTONIC, {160, 386777327}) = 0
19:19:02.102466,1023,ioctl(9, 0xc0186201, 0xbee6d328) = 0
19:19:02.103077,1023,epoll_wait(0x1e, 0xbee6d1f8, 0x10, 0x2a) = 0
19:19:02.157344,1023,clock_gettime(CLOCK_MONOTONIC, {160, 442338917}) = 0
19:19:02.158052,1023,clock_gettime(CLOCK_MONOTONIC, {160, 442988966}) = 0
19:19:02.158740,1023,recvfrom(37, 0xbee6c9a8, 24, 64, 0, 0) = -1 EAGAIN (Try again)
19:19:02.159330,1023,ioctl(9, 0xc0186201, 0xbee6d178) = 0
19:19:02.160212,1023,getpid() = 1023
19:19:02.160906,1023,getuid32() = 10050
19:19:02.161480,1023,epoll_wait(0x1e, 0xbee6d1f8, 0x10, 0) = 0
19:19:02.162075,1023,clock_gettime(CLOCK_MONOTONIC, {160, 447007770}) = 0
19:19:02.162746,1023,epoll_wait(0x1e, 0xbee6d1f8, 0x10, 0xffffffff) = 1
19:19:02.177149,1023,recvfrom(37, "nysv\0\0\0\0&\10e[%\0\0\0\211\5\0\0\224Â'¸", 24, MSG_DONTWAIT, NULL, NULL) = 24
19:19:02.177894,1023,recvfrom(37, 0xbee6c828, 24, 64, 0, 0) = -1 EAGAIN (Try again)
19:19:02.178582,1023,clock_gettime(CLOCK_MONOTONIC, {160, 463511451}) = 0
19:19:02.179276,1023,write(29, "W", 1) = 1
19:19:02.179971,1023,clock_gettime(CLOCK_MONOTONIC, {160, 464898634}) = 0
19:19:02.180615,1023,clock_gettime(CLOCK_MONOTONIC, {160, 465542769}) = 0
19:19:02.181208,1023,clock_gettime(CLOCK_MONOTONIC, {160, 466135617}) = 0
19:19:02.181841,1023,clock_gettime(CLOCK_MONOTONIC, {160, 466767774}) = 0
19:19:02.182718,1023,clock_gettime(CLOCK_MONOTONIC, {160, 467646282}) = 0
19:19:02.183352,1023,clock_gettime(CLOCK_MONOTONIC, {160, 468322429}) = 0
19:19:02.184034,1023,recvfrom(37, 0xbee6c9a8, 24, 64, 0, 0) = -1 EAGAIN (Try again)
19:19:02.184626,1023,ioctl(9, 0xc0186201, 0xbee6d178) = 0
19:19:02.185603,1023,clock_gettime(CLOCK_MONOTONIC, {160, 470543778}) = 0
19:19:02.222638,1023,clock_gettime(CLOCK_MONOTONIC, {160, 507866424}) = 0
19:19:02.224198,1023,clock_gettime(CLOCK_MONOTONIC, {160, 509904486}) = 0
19:19:02.225674,1023,clock_gettime(CLOCK_MONOTONIC, {160, 510618031}) = 0
19:19:02.266249,1023,clock_gettime(CLOCK_MONOTONIC, {160, 551836579}) = 0
19:19:02.267927,1023,write(29, "W", 1) = 1
19:19:02.270196,1023,ioctl(9, 0xc0186201, 0xbee6cf10) = 0
19:19:02.271137,1023,ioctl(9, 0xc0186201, 0xbee6cf10) = 0
19:19:02.272595,1023,clock_gettime(CLOCK_MONOTONIC, {160, 557534525}) = 0
19:19:02.275130,1023,clock_gettime(CLOCK_MONOTONIC, {160, 560070274}) = 0
19:19:02.275806,1023,ioctl(9, 0xc0186201, 0xbee6d0c8) = 0
19:19:02.458712,1023,ioctl(9, 0xc0186201, 0xbee6d0c8) = 0
19:19:02.459388,1023,getpid() = 1023
19:19:02.459941,1023,getuid32() = 10050
19:19:02.460520,1023,epoll_wait(0x1e, 0xbee6d1f8, 0x10, 0) = 2
19:19:02.461074,1023,read(23, "WW", 16) = 2
19:19:02.461679,1023,recvfrom(37, "nysv\0\0\0\0l0ÿ\\%\0\0\0\212\5\0\0\224Â'¸", 24, MSG_DONTWAIT, NULL, NULL) = 24
19:19:02.462359,1023,recvfrom(37, 0xbee6c828, 24, 64, 0, 0) = -1 EAGAIN (Try again)
19:19:02.463045,1023,clock_gettime(CLOCK_MONOTONIC, {160, 747972274}) = 0
19:19:02.463752,1023,clock_gettime(CLOCK_MONOTONIC, {160, 748710966}) = 0
19:19:02.464412,1023,clock_gettime(CLOCK_MONOTONIC, {160, 749378787}) = 0
19:19:02.465232,1023,writev(3, [{"\4", 1}, {"Choreographer\0", 14}, {"Skipped 71 frames! The applicat"..., 83}], 3) = 98
19:19:02.466438,1023,clock_gettime(CLOCK_MONOTONIC, {160, 751405254}) = 0
19:19:02.467093,1023,recvfrom(38, 0xb88738b0, 1240, 64, 0, 0) = -1 EAGAIN (Try again)
19:19:02.467927,1023,clock_gettime(CLOCK_MONOTONIC, {160, 752898381}) = 0
19:19:02.468875,1023,clock_gettime(CLOCK_MONOTONIC, {160, 753810025}) = 0
19:19:02.469539,1023,clock_gettime(CLOCK_MONOTONIC, {160, 754486515}) = 0
19:19:02.470252,1023,recvfrom(37, 0xbee6c9a8, 24, 64, 0, 0) = -1 EAGAIN (Try again)
19:19:02.470870,1023,ioctl(9, 0xc0186201, 0xbee6d178) = 0
19:19:02.471948,1023,clock_gettime(CLOCK_MONOTONIC, {160, 756884677}) = 0
19:19:02.472633,1023,clock_gettime(CLOCK_MONOTONIC, {160, 757568980}) = 0
19:19:02.473316,1023,clock_gettime(CLOCK_MONOTONIC, {160, 758274674}) = 0
19:19:02.475898,1023,clock_gettime(CLOCK_MONOTONIC, {160, 761345573}) = 0
19:19:02.477152,1023,clock_gettime(CLOCK_MONOTONIC, {160, 762101400}) = 0
19:19:02.478288,1023,ioctl(9, 0xc0186201, 0xbee6cf10) = 0
19:19:02.480181,1023,clock_gettime(CLOCK_MONOTONIC, {160, 765126953}) = 0
19:19:02.483844,1023,clock_gettime(CLOCK_MONOTONIC, {160, 768832149}) = 0
19:19:02.484588,1023,ioctl(9, 0xc0186201, 0xbee6d0c8) = 0
19:19:02.485740,1023,getpid() = 1023
19:19:02.486336,1023,getuid32() = 10050
19:19:02.525599,1023,epoll_wait(0x1e, 0xbee6d1f8, 0x10, 0) = 1
19:19:02.526231,1023,recvfrom(37, "nysv\0\0\0\0P#ïm%\0\0\0\214\5\0\0\224Â'¸", 24, MSG_DONTWAIT, NULL, NULL) = 24
19:19:02.526995,1023,recvfrom(37, 0xbee6c828, 24, 64, 0, 0) = -1 EAGAIN (Try again)
19:19:02.527647,1023,clock_gettime(CLOCK_MONOTONIC, {160, 812584116}) = 0
19:19:02.528392,1023,clock_gettime(CLOCK_MONOTONIC, {160, 813366423}) = 0
19:19:02.529068,1023,getpid() = 1023
19:19:02.529637,1023,getuid32() = 10050
19:19:02.530218,1023,epoll_wait(0x1e, 0xbee6d1f8, 0x10, 0) = 0
19:19:02.582944,1023,clock_gettime(CLOCK_MONOTONIC, {160, 867892288}) = 0
19:19:02.583630,1023,clock_gettime(CLOCK_MONOTONIC, {160, 868559246}) = 0
19:19:02.584229,1023,clock_gettime(CLOCK_MONOTONIC, {160, 869157290}) = 0
19:19:02.584890,1023,recvfrom(38, 0xb88738b0, 1240, 64, 0, 0) = -1 EAGAIN (Try again)
19:19:02.585466,1023,clock_gettime(CLOCK_MONOTONIC, {160, 870432495}) = 0
19:19:02.636678,1023,clock_gettime(CLOCK_MONOTONIC, {160, 921653200}) = 0
19:19:02.637452,1023,clock_gettime(CLOCK_MONOTONIC, {160, 922441612}) = 0
19:19:02.638181,1023,recvfrom(37, 0xbee6c9a8, 24, 64, 0, 0) = -1 EAGAIN (Try again)
19:19:02.638985,1023,ioctl(9, 0xc0186201, 0xbee6d178) = 0
19:19:02.640171,1023,clock_gettime(CLOCK_MONOTONIC, {160, 925103251}) = 0
19:19:02.640841,1023,clock_gettime(CLOCK_MONOTONIC, {160, 925769767}) = 0
19:19:02.641441,1023,clock_gettime(CLOCK_MONOTONIC, {160, 926406721}) = 0
19:19:02.642075,1023,clock_gettime(CLOCK_MONOTONIC, {160, 927002328}) = 0
19:19:02.642735,1023,clock_gettime(CLOCK_MONOTONIC, {160, 927662988}) = 0
19:19:02.643616,1023,ioctl(9, 0xc0186201, 0xbee6cf10) = 0
19:19:02.645302,1023,clock_gettime(CLOCK_MONOTONIC, {160, 930235042}) = 0
19:19:02.648845,1023,clock_gettime(CLOCK_MONOTONIC, {160, 933840142}) = 0
19:19:02.649558,1023,ioctl(9, 0xc0186201, 0xbee6d0c8) = 0
19:19:02.650639,1023,getpid() = 1023
19:19:02.651151,1023,getuid32() = 10050
19:19:02.651734,1023,epoll_wait(0x1e, 0xbee6d1f8, 0x10, 0) = 0
19:19:02.652329,1023,clock_gettime(CLOCK_MONOTONIC, {160, 937280444}) = 0
19:19:02.652968,1023,getpid() = 1023
19:19:02.653474,1023,getuid32() = 10050
19:19:02.654049,1023,epoll_wait(0x1e, 0xbee6d1f8, 0x10, 0) = 0
19:19:02.654616,1023,clock_gettime(CLOCK_MONOTONIC, {160, 996596115}) = 0
19:19:02.712430,1023,ioctl(9, 0xc0186201, 0xbee6d328) = 0
19:19:02.713073,1023,epoll_wait(0x1e, 0xbee6d1f8, 0x10, 0x14) = 1
19:19:02.713675,1023,recvfrom(37, "nysv\0\0\0\0\10E\1x%\0\0\0\216\5\0\0\224Â'¸", 24, MSG_DONTWAIT, NULL, NULL) = 24
19:19:02.714429,1023,recvfrom(37, 0xbee6c828, 24, 64, 0, 0) = -1 EAGAIN (Try again)
19:19:02.715392,1023,clock_gettime(CLOCK_MONOTONIC, {161, 360308}) = 0
19:19:02.716053,1023,write(29, "W", 1) = 1
19:19:02.746458,1023,clock_gettime(CLOCK_MONOTONIC, {161, 31570545}) = 0
19:19:02.747379,1023,clock_gettime(CLOCK_MONOTONIC, {161, 32371456}) = 0
19:19:02.748046,1023,clock_gettime(CLOCK_MONOTONIC, {161, 33002084}) = 0
19:19:02.748797,1023,recvfrom(38, 0xb88738b0, 1240, 64, 0, 0) = -1 EAGAIN (Try again)
19:19:02.749465,1023,clock_gettime(CLOCK_MONOTONIC, {161, 34444599}) = 0
19:19:02.750402,1023,clock_gettime(CLOCK_MONOTONIC, {161, 35426263}) = 0
19:19:02.751135,1023,clock_gettime(CLOCK_MONOTONIC, {161, 36073051}) = 0
19:19:02.751836,1023,recvfrom(37, 0xbee6c9a8, 24, 64, 0, 0) = -1 EAGAIN (Try again)
19:19:02.752423,1023,ioctl(9, 0xc0186201, 0xbee6d178) = 0
19:19:02.753336,1023,clock_gettime(CLOCK_MONOTONIC, {161, 38381565}) = 0
19:19:02.754231,1023,clock_gettime(CLOCK_MONOTONIC, {161, 39167278}) = 0
19:19:02.754912,1023,clock_gettime(CLOCK_MONOTONIC, {161, 39847183}) = 0
19:19:02.755588,1023,clock_gettime(CLOCK_MONOTONIC, {161, 40523072}) = 0
19:19:02.756234,1023,clock_gettime(CLOCK_MONOTONIC, {161, 41168429}) = 0
19:19:02.791608,1023,ioctl(9, 0xc0186201, 0xbee6cf10) = 0
19:19:02.792636,1023,ioctl(9, 0xc0186201, 0xbee6cf10) = 0
19:19:02.794055,1023,clock_gettime(CLOCK_MONOTONIC, {161, 78997699}) = 0
19:19:02.868044,1023,clock_gettime(CLOCK_MONOTONIC, {161, 153024703}) = 0
19:19:02.868751,1023,ioctl(9, 0xc0186201, 0xbee6d0c8) = 0
19:19:02.931575,1023,getpid() = 1023
19:19:02.932151,1023,getuid32() = 10050
19:19:02.932762,1023,epoll_wait(0x1e, 0xbee6d1f8, 0x10, 0) = 2
19:19:02.933969,1023,read(23, "W", 16) = 1
19:19:02.934629,1023,recvfrom(37, "nysv\0\0\0\0004\26ß~%\0\0\0\217\5\0\0\224Â'¸", 24, MSG_DONTWAIT, NULL, NULL) = 24
19:19:02.935410,1023,recvfrom(37, 0xbee6c828, 24, 64, 0, 0) = -1 EAGAIN (Try again)
19:19:02.936079,1023,clock_gettime(CLOCK_MONOTONIC, {161, 221031782}) = 0
19:19:02.936850,1023,clock_gettime(CLOCK_MONOTONIC, {161, 221801601}) = 0
19:19:02.969384,1023,getpid() = 1023
19:19:02.970070,1023,getuid32() = 10050
19:19:02.970726,1023,epoll_wait(0x1e, 0xbee6d1f8, 0x10, 0) = 0
19:19:02.971355,1023,clock_gettime(CLOCK_MONOTONIC, {161, 256312523}) = 0
19:19:02.972048,1023,clock_gettime(CLOCK_MONOTONIC, {161, 256998911}) = 0
19:19:02.972891,1023,writev(3, [{"\4", 1}, {"Choreographer\0", 14}, {"Skipped 55 frames! The applicat"..., 83}], 3) = 98
19:19:02.974181,1023,clock_gettime(CLOCK_MONOTONIC, {161, 259132719}) = 0
19:19:02.974889,1023,recvfrom(38, 0xb88738b0, 1240, 64, 0, 0) = -1 EAGAIN (Try again)
19:19:03.006214,1023,clock_gettime(CLOCK_MONOTONIC, {161, 305261673}) = 0
19:19:03.021643,1023,clock_gettime(CLOCK_MONOTONIC, {161, 306986726}) = 0
19:19:03.023202,1023,clock_gettime(CLOCK_MONOTONIC, {161, 308149660}) = 0
19:19:03.023889,1023,recvfrom(37, 0xbee6c9a8, 24, 64, 0, 0) = -1 EAGAIN (Try again)
19:19:03.024504,1023,ioctl(9, 0xc0186201, 0xbee6d178) = 0
19:19:03.025381,1023,clock_gettime(CLOCK_MONOTONIC, {161, 310423379}) = 0
19:19:03.026211,1023,clock_gettime(CLOCK_MONOTONIC, {161, 311152817}) = 0
19:19:03.026869,1023,clock_gettime(CLOCK_MONOTONIC, {161, 311809542}) = 0
19:19:03.027521,1023,clock_gettime(CLOCK_MONOTONIC, {161, 312460053}) = 0
19:19:03.028191,1023,clock_gettime(CLOCK_MONOTONIC, {161, 313130011}) = 0
19:19:03.029042,1023,ioctl(9, 0xc0186201, 0xbee6cf10) = 0
19:19:03.094385,1023,ioctl(9, 0xc0186201, 0xbee6cf10) = 0
19:19:03.095955,1023,clock_gettime(CLOCK_MONOTONIC, {161, 380914035}) = 0
19:19:03.099667,1023,clock_gettime(CLOCK_MONOTONIC, {161, 384624383}) = 0
19:19:03.100366,1023,ioctl(9, 0xc0186201, 0xbee6d0c8) = 0
19:19:03.101200,1023,ioctl(9, 0xc0186201, 0xbee6d0c8) = 0
19:19:03.102241,1023,getpid() = 1023
19:19:03.102828,1023,getuid32() = 10050
19:19:03.103448,1023,epoll_wait(0x1e, 0xbee6d1f8, 0x10, 0) = 1
19:19:03.104062,1023,recvfrom(37, "nysv\0\0\0\0ð¨ä\216%\0\0\0\221\5\0\0\224Â'¸", 24, MSG_DONTWAIT, NULL, NULL) = 24
19:19:03.104845,1023,recvfrom(37, 0xbee6c828, 24, 64, 0, 0) = -1 EAGAIN (Try again)
19:19:03.105500,1023,clock_gettime(CLOCK_MONOTONIC, {161, 390448839}) = 0
19:19:03.106242,1023,clock_gettime(CLOCK_MONOTONIC, {161, 391191848}) = 0
19:19:03.106934,1023,getpid() = 1023
19:19:03.107514,1023,getuid32() = 10050
19:19:03.108123,1023,epoll_wait(0x1e, 0xbee6d1f8, 0x10, 0) = 0
19:19:03.108738,1023,clock_gettime(CLOCK_MONOTONIC, {161, 393685854}) = 0
19:19:03.109410,1023,clock_gettime(CLOCK_MONOTONIC, {161, 394363643}) = 0
19:19:03.110082,1023,clock_gettime(CLOCK_MONOTONIC, {161, 395031041}) = 0
19:19:03.110779,1023,recvfrom(38, 0xb88738b0, 1240, 64, 0, 0) = -1 EAGAIN (Try again)
19:19:03.111417,1023,clock_gettime(CLOCK_MONOTONIC, {161, 396370991}) = 0
19:19:03.112093,1023,clock_gettime(CLOCK_MONOTONIC, {161, 397040431}) = 0
19:19:03.138676,1023,getpid() = 1023
19:19:03.147438,1023,getuid32() = 10050
19:19:03.148092,1023,epoll_wait(0x1e, 0xbee6d1f8, 0x10, 0) = 0
19:19:03.148691,1023,clock_gettime(CLOCK_MONOTONIC, {161, 433635334}) = 0
19:19:03.149354,1023,clock_gettime(CLOCK_MONOTONIC, {161, 434302439}) = 0
19:19:03.150035,1023,recvfrom(37, 0xbee6c9a8, 24, 64, 0, 0) = -1 EAGAIN (Try again)
19:19:03.150649,1023,ioctl(9, 0xc0186201, 0xbee6d178) = 0
19:19:03.151534,1023,getpid() = 1023
19:19:03.152154,1023,getuid32() = 10050
19:19:03.152749,1023,epoll_wait(0x1e, 0xbee6d1f8, 0x10, 0) = 0
19:19:03.153326,1023,clock_gettime(CLOCK_MONOTONIC, {161, 438272228}) = 0
19:19:03.153992,1023,epoll_wait(0x1e, 0xbee6d1f8, 0x10, 0xffffffff) = 1
19:19:03.190733,1023,recvfrom(37, "nysv\0\0\0\0DÚ¬\226%\0\0\0\223\5\0\0\224Â'¸", 24, MSG_DONTWAIT, NULL, NULL) = 24
19:19:03.191510,1023,recvfrom(37, 0xbee6c828, 24, 64, 0, 0) = -1 EAGAIN (Try again)
19:19:03.192155,1023,clock_gettime(CLOCK_MONOTONIC, {161, 477097807}) = 0
19:19:03.192851,1023,write(29, "W", 1) = 1
19:19:03.193682,1023,clock_gettime(CLOCK_MONOTONIC, {161, 478634996}) = 0
19:19:03.194371,1023,clock_gettime(CLOCK_MONOTONIC, {161, 479327719}) = 0
19:19:03.195051,1023,clock_gettime(CLOCK_MONOTONIC, {161, 480000967}) = 0
19:19:03.195883,1023,clock_gettime(CLOCK_MONOTONIC, {161, 480781705}) = 0
19:19:03.216598,1023,clock_gettime(CLOCK_MONOTONIC, {161, 501586028}) = 0
19:19:03.217327,1023,clock_gettime(CLOCK_MONOTONIC, {161, 502309580}) = 0
19:19:03.218043,1023,recvfrom(37, 0xbee6c9a8, 24, 64, 0, 0) = -1 EAGAIN (Try again)
19:19:03.218661,1023,ioctl(9, 0xc0186201, 0xbee6d178) = 0
19:19:03.219377,1023,clock_gettime(CLOCK_MONOTONIC, {161, 504326990}) = 0
19:19:03.220056,1023,clock_gettime(CLOCK_MONOTONIC, {161, 504997693}) = 0
19:19:03.220711,1023,clock_gettime(CLOCK_MONOTONIC, {161, 505652149}) = 0
19:19:03.221356,1023,clock_gettime(CLOCK_MONOTONIC, {161, 506303295}) = 0
19:19:03.222033,1023,clock_gettime(CLOCK_MONOTONIC, {161, 506974415}) = 0
19:19:03.222706,1023,write(29, "W", 1) = 1
19:19:03.223647,1023,ioctl(9, 0xc0186201, 0xbee6cf10) = 0
19:19:03.224351,1023,ioctl(9, 0xc0186201, 0xbee6cf10) = 0
19:19:03.246130,1023,clock_gettime(CLOCK_MONOTONIC, {161, 540748418}) = 0
19:19:03.259650,1023,clock_gettime(CLOCK_MONOTONIC, {161, 544625484}) = 0
19:19:03.260378,1023,ioctl(9, 0xc0186201, 0xbee6d0c8) = 0
19:19:03.261362,1023,ioctl(9, 0xc0186201, 0xbee6d0c8) = 0
19:19:03.262197,1023,getpid() = 1023
19:19:03.262784,1023,getuid32() = 10050
19:19:03.263410,1023,epoll_wait(0x1e, 0xbee6d1f8, 0x10, 0) = 2
19:19:03.264024,1023,read(23, "WW", 16) = 2
19:19:03.264673,1023,recvfrom(37, "nysv\0\0\0\0\2#\6\233%\0\0\0\224\5\0\0\224Â'¸", 24, MSG_DONTWAIT, NULL, NULL) = 24
19:19:03.265450,1023,recvfrom(37, 0xbee6c828, 24, 64, 0, 0) = -1 EAGAIN (Try again)
19:19:03.349943,1023,clock_gettime(CLOCK_MONOTONIC, {161, 634942462}) = 0
19:19:03.350769,1023,clock_gettime(CLOCK_MONOTONIC, {161, 635714530}) = 0
19:19:03.351432,1023,clock_gettime(CLOCK_MONOTONIC, {161, 636381627}) = 0
19:19:03.352229,1023,writev(3, [{"\4", 1}, {"Choreographer\0", 14}, {"Skipped 31 frames! The applicat"..., 83}], 3) = 98
19:19:03.353544,1023,clock_gettime(CLOCK_MONOTONIC, {161, 638496076}) = 0
19:19:03.354248,1023,recvfrom(38, 0xb88738b0, 1240, 64, 0, 0) = -1 EAGAIN (Try again)
19:19:03.354899,1023,clock_gettime(CLOCK_MONOTONIC, {161, 639849133}) = 0
19:19:03.355853,1023,clock_gettime(CLOCK_MONOTONIC, {161, 640804729}) = 0
19:19:03.356556,1023,clock_gettime(CLOCK_MONOTONIC, {161, 641507473}) = 0
19:19:03.357255,1023,recvfrom(37, 0xbee6c9a8, 24, 64, 0, 0) = -1 EAGAIN (Try again)
19:19:03.357892,1023,ioctl(9, 0xc0186201, 0xbee6d178) = 0
19:19:03.358664,1023,clock_gettime(CLOCK_MONOTONIC, {161, 643617381}) = 0
19:19:03.359368,1023,clock_gettime(CLOCK_MONOTONIC, {161, 644323531}) = 0
19:19:03.360053,1023,clock_gettime(CLOCK_MONOTONIC, {161, 645002420}) = 0
19:19:03.360732,1023,clock_gettime(CLOCK_MONOTONIC, {161, 645681915}) = 0
19:19:03.361434,1023,clock_gettime(CLOCK_MONOTONIC, {161, 646390533}) = 0
19:19:03.362325,1023,ioctl(9, 0xc0186201, 0xbee6cf10) = 0
19:19:03.363018,1023,ioctl(9, 0xc0186201, 0xbee6cf10) = 0
19:19:03.369616,1023,clock_gettime(CLOCK_MONOTONIC, {161, 654611084}) = 0
19:19:03.374027,1023,clock_gettime(CLOCK_MONOTONIC, {161, 659050286}) = 0
19:19:03.374991,1023,ioctl(9, 0xc0186201, 0xbee6d0c8) = 0
19:19:03.376208,1023,getpid() = 1023
19:19:03.376842,1023,getuid32() = 10050
19:19:03.377467,1023,epoll_wait(0x1e, 0xbee6d1f8, 0x10, 0 <unfinished ...>
19:19:03.407011,1046,<... select resumed> ) = 0 (Timeout)
19:19:03.407460,1046,sendto(42, "\\d\1\0\0\1\0\0\0\0\0\0\6client\nmustmobile\3c"..., 39, 0, NULL, 0) = 39
19:19:03.408502,1046,clock_gettime(CLOCK_REALTIME, {1738783143, 408691563}) = 0
19:19:03.409156,1046,clock_gettime(CLOCK_REALTIME, {1738783143, 409348499}) = 0
19:19:03.409794,1046,select(43, [42], NULL, NULL, {4, 999344} <unfinished ...>
19:19:03.457035,1023,<... epoll_wait resumed> ) = 1
19:19:03.457467,1023,recvfrom(37, "nysv\0\0\0\0j\204C£%\0\0\0\226\5\0\0\224Â'¸", 24, MSG_DONTWAIT, NULL, NULL) = 24
19:19:03.458266,1023,recvfrom(37, 0xbee6c828, 24, 64, 0, 0) = -1 EAGAIN (Try again)
19:19:03.458940,1023,clock_gettime(CLOCK_MONOTONIC, {161, 743892616}) = 0
19:19:03.459732,1023,clock_gettime(CLOCK_MONOTONIC, {161, 744684748}) = 0
19:19:03.460436,1023,getpid() = 1023
19:19:03.461020,1023,getuid32() = 10050
19:19:03.461645,1023,epoll_wait(0x1e, 0xbee6d1f8, 0x10, 0) = 0
19:19:03.462256,1023,clock_gettime(CLOCK_MONOTONIC, {161, 747205527}) = 0
19:19:03.462937,1023,clock_gettime(CLOCK_MONOTONIC, {161, 747888564}) = 0
19:19:03.463614,1023,clock_gettime(CLOCK_MONOTONIC, {161, 748564460}) = 0
19:19:03.464309,1023,recvfrom(38, 0xb88738b0, 1240, 64, 0, 0) = -1 EAGAIN (Try again)
19:19:03.464956,1023,clock_gettime(CLOCK_MONOTONIC, {161, 749905591}) = 0
19:19:03.465904,1023,clock_gettime(CLOCK_MONOTONIC, {161, 750856255}) = 0
19:19:03.496546,1023,clock_gettime(CLOCK_MONOTONIC, {161, 781523115}) = 0
19:19:03.497322,1023,recvfrom(37, 0xbee6c9a8, 24, 64, 0, 0) = -1 EAGAIN (Try again)
19:19:03.498035,1023,ioctl(9, 0xc0186201, 0xbee6d178) = 0
19:19:03.499301,1023,clock_gettime(CLOCK_MONOTONIC, {161, 784281204}) = 0
19:19:03.500022,1023,clock_gettime(CLOCK_MONOTONIC, {161, 784965087}) = 0
19:19:03.500681,1023,clock_gettime(CLOCK_MONOTONIC, {161, 785623876}) = 0
19:19:03.501329,1023,clock_gettime(CLOCK_MONOTONIC, {161, 786277469}) = 0
19:19:03.502043,1023,clock_gettime(CLOCK_MONOTONIC, {161, 786985340}) = 0
19:19:03.503250,1023,ioctl(9, 0xc0186201, 0xbee6cf10) = 0
19:19:03.505077,1023,clock_gettime(CLOCK_MONOTONIC, {161, 790030050}) = 0
19:19:03.508579,1023,clock_gettime(CLOCK_MONOTONIC, {161, 793527999}) = 0
19:19:03.509246,1023,ioctl(9, 0xc0186201, 0xbee6d0c8) = 0
19:19:03.510317,1023,getpid() = 1023
19:19:03.510881,1023,getuid32() = 10050
19:19:03.511472,1023,epoll_wait(0x1e, 0xbee6d1f8, 0x10, 0) = 1
19:19:03.512058,1023,recvfrom(37, "nysv\0\0\0\0ÈMF«%\0\0\0\230\5\0\0\224Â'¸", 24, MSG_DONTWAIT, NULL, NULL) = 24
19:19:03.537316,1023,recvfrom(37, 0xbee6c828, 24, 64, 0, 0) = -1 EAGAIN (Try again)
19:19:03.538007,1023,clock_gettime(CLOCK_MONOTONIC, {161, 822981842}) = 0
19:19:03.538913,1023,clock_gettime(CLOCK_MONOTONIC, {161, 823858697}) = 0
19:19:03.539596,1023,getpid() = 1023
19:19:03.540188,1023,getuid32() = 10050
19:19:03.540816,1023,epoll_wait(0x1e, 0xbee6d1f8, 0x10, 0) = 0
19:19:03.541506,1023,clock_gettime(CLOCK_MONOTONIC, {161, 826497912}) = 0
19:19:03.542215,1023,clock_gettime(CLOCK_MONOTONIC, {161, 827157614}) = 0
19:19:03.542897,1023,clock_gettime(CLOCK_MONOTONIC, {161, 827839714}) = 0
19:19:03.543633,1023,recvfrom(38, 0xb88738b0, 1240, 64, 0, 0) = -1 EAGAIN (Try again)
19:19:03.544251,1023,clock_gettime(CLOCK_MONOTONIC, {161, 829193789}) = 0
19:19:03.544903,1023,clock_gettime(CLOCK_MONOTONIC, {161, 829844596}) = 0
19:19:03.545551,1023,getpid() = 1023
19:19:03.546100,1023,getuid32() = 10050
19:19:03.546690,1023,epoll_wait(0x1e, 0xbee6d1f8, 0x10, 0) = 0
19:19:03.547266,1023,clock_gettime(CLOCK_MONOTONIC, {161, 832206163}) = 0
19:19:03.547923,1023,ioctl(9, 0xc0186201, 0xbee6d328) = 0
19:19:03.548533,1023,epoll_wait(0x1e, 0xbee6d1f8, 0x10, 0x2b) = 0
19:19:03.604385,1023,clock_gettime(CLOCK_MONOTONIC, {161, 889363239}) = 0
19:19:03.605117,1023,clock_gettime(CLOCK_MONOTONIC, {161, 890070688}) = 0
19:19:03.605834,1023,recvfrom(37, 0xbee6c9a8, 24, 64, 0, 0) = -1 EAGAIN (Try again)
19:19:03.606481,1023,ioctl(9, 0xc0186201, 0xbee6d178) = 0
19:19:03.607510,1023,getpid() = 1023
19:19:03.608099,1023,getuid32() = 10050
19:19:03.608727,1023,epoll_wait(0x1e, 0xbee6d1f8, 0x10, 0) = 0
19:19:03.609335,1023,clock_gettime(CLOCK_MONOTONIC, {161, 894289784}) = 0
19:19:03.610034,1023,epoll_wait(0x1e, 0xbee6d1f8, 0x10, 0xffffffff) = 1
19:19:03.659814,1023,recvfrom(37, "nysv\0\0\0\0àî®±%\0\0\0\232\5\0\0\224Â'¸", 24, MSG_DONTWAIT, NULL, NULL) = 24
19:19:03.660675,1023,recvfrom(37, 0xbee6c828, 24, 64, 0, 0) = -1 EAGAIN (Try again)
19:19:03.661310,1023,clock_gettime(CLOCK_MONOTONIC, {161, 946259960}) = 0
19:19:03.661999,1023,write(29, "W", 1) = 1
19:19:03.662956,1023,clock_gettime(CLOCK_MONOTONIC, {161, 947956754}) = 0
19:19:03.663678,1023,clock_gettime(CLOCK_MONOTONIC, {161, 948622125}) = 0
19:19:03.664323,1023,clock_gettime(CLOCK_MONOTONIC, {161, 949272121}) = 0
19:19:03.664976,1023,clock_gettime(CLOCK_MONOTONIC, {161, 949916904}) = 0
19:19:03.665876,1023,clock_gettime(CLOCK_MONOTONIC, {161, 950819676}) = 0
19:19:03.666547,1023,clock_gettime(CLOCK_MONOTONIC, {161, 951489403}) = 0
19:19:03.667214,1023,recvfrom(37, 0xbee6c9a8, 24, 64, 0, 0) = -1 EAGAIN (Try again)
19:19:03.667823,1023,ioctl(9, 0xc0186201, 0xbee6d178) = 0
19:19:03.668548,1023,clock_gettime(CLOCK_MONOTONIC, {161, 953491897}) = 0
19:19:03.669219,1023,clock_gettime(CLOCK_MONOTONIC, {161, 954161662}) = 0
19:19:03.669874,1023,clock_gettime(CLOCK_MONOTONIC, {161, 954815594}) = 0
19:19:03.670526,1023,clock_gettime(CLOCK_MONOTONIC, {161, 955467585}) = 0
19:19:03.671195,1023,clock_gettime(CLOCK_MONOTONIC, {161, 956137041}) = 0
19:19:03.671870,1023,write(29, "W", 1) = 1
19:19:03.672692,1023,ioctl(9, 0xc0186201, 0xbee6cf10) = 0
19:19:03.708433,1023,ioctl(9, 0xc0186201, 0xbee6cf10) = 0
19:19:03.710081,1023,clock_gettime(CLOCK_MONOTONIC, {161, 995039909}) = 0
19:19:03.713781,1023,clock_gettime(CLOCK_MONOTONIC, {161, 998740469}) = 0
19:19:03.714491,1023,ioctl(9, 0xc0186201, 0xbee6d0c8) = 0
19:19:03.715444,1023,ioctl(9, 0xc0186201, 0xbee6d0c8) = 0
19:19:03.767714,1023,getpid() = 1023
19:19:03.768328,1023,getuid32() = 10050
19:19:03.768979,1023,epoll_wait(0x1e, 0xbee6d1f8, 0x10, 0) = 2
19:19:03.769601,1023,read(23, "WW", 16) = 2
19:19:03.770642,1023,recvfrom(37, "nysv\0\0\0\0\212\7\223µ%\0\0\0\233\5\0\0\224Â'¸", 24, MSG_DONTWAIT, NULL, NULL) = 24
19:19:03.771403,1023,recvfrom(37, 0xbee6c828, 24, 64, 0, 0) = -1 EAGAIN (Try again)
19:19:03.772096,1023,clock_gettime(CLOCK_MONOTONIC, {162, 57052297}) = 0
19:19:03.772890,1023,clock_gettime(CLOCK_MONOTONIC, {162, 57834758}) = 0
19:19:03.773566,1023,clock_gettime(CLOCK_MONOTONIC, {162, 58508785}) = 0
19:19:03.774253,1023,clock_gettime(CLOCK_MONOTONIC, {162, 59296296}) = 0
19:19:03.775026,1023,recvfrom(38, 0xb88738b0, 1240, 64, 0, 0) = -1 EAGAIN (Try again)
19:19:03.809239,1023,clock_gettime(CLOCK_MONOTONIC, {162, 94239843}) = 0
19:19:03.810255,1023,clock_gettime(CLOCK_MONOTONIC, {162, 95202252}) = 0
19:19:03.810937,1023,clock_gettime(CLOCK_MONOTONIC, {162, 95880558}) = 0
19:19:03.811613,1023,recvfrom(37, 0xbee6c9a8, 24, 64, 0, 0) = -1 EAGAIN (Try again)
19:19:03.812227,1023,ioctl(9, 0xc0186201, 0xbee6d178) = 0
19:19:03.813113,1023,clock_gettime(CLOCK_MONOTONIC, {162, 98123112}) = 0
19:19:03.813914,1023,clock_gettime(CLOCK_MONOTONIC, {162, 98858302}) = 0
19:19:03.814572,1023,clock_gettime(CLOCK_MONOTONIC, {162, 99517500}) = 0
19:19:03.815309,1023,clock_gettime(CLOCK_MONOTONIC, {162, 100258192}) = 0
19:19:03.815991,1023,clock_gettime(CLOCK_MONOTONIC, {162, 100932795}) = 0
19:19:03.816856,1023,ioctl(9, 0xc0186201, 0xbee6cf10) = 0
19:19:03.817684,1023,ioctl(9, 0xc0186201, 0xbee6cf10) = 0
19:19:03.879379,1023,clock_gettime(CLOCK_MONOTONIC, {162, 167281360}) = 0
19:19:03.980356,1023,clock_gettime(CLOCK_MONOTONIC, {162, 265405920}) = 0
19:19:03.981128,1023,ioctl(9, 0xc0186201, 0xbee6d0c8) = 0
19:19:03.982408,1023,getpid() = 1023
19:19:03.983018,1023,getuid32() = 10050
19:19:04.064600,1023,epoll_wait(0x1e, 0xbee6d1f8, 0x10, 0) = 1
19:19:04.065190,1023,recvfrom(37, "nysv\0\0\0\0ü\0\v¾%\0\0\0\235\5\0\0\224Â'¸", 24, MSG_DONTWAIT, NULL, NULL) = 24
19:19:04.065956,1023,recvfrom(37, 0xbee6c828, 24, 64, 0, 0) = -1 EAGAIN (Try again)
19:19:04.066607,1023,clock_gettime(CLOCK_MONOTONIC, {162, 351543791}) = 0
19:19:04.115842,1023,clock_gettime(CLOCK_MONOTONIC, {162, 400926178}) = 0
19:19:04.135929,1023,getpid() = 1023
19:19:04.137639,1023,getuid32() = 10050
19:19:04.138226,1023,epoll_wait(0x1e, 0xbee6d1f8, 0x10, 0) = 0
19:19:04.138855,1023,clock_gettime(CLOCK_MONOTONIC, {162, 423790674}) = 0
19:19:04.139515,1023,clock_gettime(CLOCK_MONOTONIC, {162, 424479537}) = 0
19:19:04.140418,1023,writev(3, [{"\4", 1}, {"Choreographer\0", 14}, {"Skipped 83 frames! The applicat"..., 83}], 3) = 98
19:19:04.142036,1023,clock_gettime(CLOCK_MONOTONIC, {162, 426975830}) = 0
19:19:04.142742,1023,recvfrom(38, 0xb88738b0, 1240, 64, 0, 0) = -1 EAGAIN (Try again)
19:19:04.143341,1023,clock_gettime(CLOCK_MONOTONIC, {162, 428315988}) = 0
19:19:04.144738,1023,clock_gettime(CLOCK_MONOTONIC, {162, 429668794}) = 0
19:19:04.145358,1023,clock_gettime(CLOCK_MONOTONIC, {162, 430342583}) = 0
19:19:04.146032,1023,recvfrom(37, 0xbee6c9a8, 24, 64, 0, 0) = -1 EAGAIN (Try again)
19:19:04.146665,1023,ioctl(9, 0xc0186201, 0xbee6d178) = 0
19:19:04.179562,1023,clock_gettime(CLOCK_MONOTONIC, {162, 471043941}) = 0
19:19:04.186952,1023,clock_gettime(CLOCK_MONOTONIC, {162, 471887564}) = 0
19:19:04.187623,1023,clock_gettime(CLOCK_MONOTONIC, {162, 472550975}) = 0
19:19:04.188222,1023,clock_gettime(CLOCK_MONOTONIC, {162, 473148941}) = 0
19:19:04.188905,1023,clock_gettime(CLOCK_MONOTONIC, {162, 473832506}) = 0
19:19:04.189764,1023,ioctl(9, 0xc0186201, 0xbee6cf10) = 0
19:19:04.190632,1023,ioctl(9, 0xc0186201, 0xbee6cf10) = 0
19:19:04.192645,1023,clock_gettime(CLOCK_MONOTONIC, {162, 477648565}) = 0
19:19:04.245051,1023,clock_gettime(CLOCK_MONOTONIC, {162, 543332308}) = 0
19:19:04.259095,1023,ioctl(9, 0xc0186201, 0xbee6d0c8) = 0
19:19:04.260208,1023,getpid() = 1023
19:19:04.260729,1023,getuid32() = 10050
19:19:04.261283,1023,epoll_wait(0x1e, 0xbee6d1f8, 0x10, 0) = 1
19:19:04.261826,1023,recvfrom(37, "nysv\0\0\0\0b¬ôÑ%\0\0\0\237\5\0\0\224Â'¸", 24, MSG_DONTWAIT, NULL, NULL) = 24
19:19:04.262516,1023,recvfrom(37, 0xbee6c828, 24, 64, 0, 0) = -1 EAGAIN (Try again)
19:19:04.263101,1023,clock_gettime(CLOCK_MONOTONIC, {162, 548027579}) = 0
19:19:04.263774,1023,clock_gettime(CLOCK_MONOTONIC, {162, 548701493}) = 0
19:19:04.264379,1023,getpid() = 1023
19:19:04.264891,1023,getuid32() = 10050
19:19:04.265514,1023,epoll_wait(0x1e, 0xbee6d1f8, 0x10, 0) = 0
19:19:04.266062,1023,clock_gettime(CLOCK_MONOTONIC, {162, 550987268}) = 0
19:19:04.266660,1023,clock_gettime(CLOCK_MONOTONIC, {162, 551587162}) = 0
19:19:04.267367,1023,writev(3, [{"\4", 1}, {"Choreographer\0", 14}, {"Skipped 30 frames! The applicat"..., 83}], 3) = 98
19:19:04.268486,1023,clock_gettime(CLOCK_MONOTONIC, {162, 553414806}) = 0
19:19:04.269101,1023,recvfrom(38, 0xb88738b0, 1240, 64, 0, 0) = -1 EAGAIN (Try again)
19:19:04.269672,1023,clock_gettime(CLOCK_MONOTONIC, {162, 554598882}) = 0
19:19:04.270285,1023,clock_gettime(CLOCK_MONOTONIC, {162, 555215588}) = 0
19:19:04.310511,1023,getpid() = 1023
19:19:04.311124,1023,getuid32() = 10050
19:19:04.311744,1023,epoll_wait(0x1e, 0xbee6d1f8, 0x10, 0) = 0
19:19:04.312305,1023,clock_gettime(CLOCK_MONOTONIC, {162, 597265143}) = 0
19:19:04.312972,1023,clock_gettime(CLOCK_MONOTONIC, {162, 597907038}) = 0
19:19:04.313653,1023,recvfrom(37, 0xbee6c9a8, 24, 64, 0, 0) = -1 EAGAIN (Try again)
19:19:04.314239,1023,ioctl(9, 0xc0186201, 0xbee6d178) = 0
19:19:04.315309,1023,getpid() = 1023
19:19:04.315897,1023,getuid32() = 10050
19:19:04.348133,1023,epoll_wait(0x1e, 0xbee6d1f8, 0x10, 0) = 1
19:19:04.348731,1023,recvfrom(37, "nysv\0\0\0\0\0206ÌÛ%\0\0\0¡\5\0\0\224Â'¸", 24, MSG_DONTWAIT, NULL, NULL) = 24
19:19:04.349419,1023,recvfrom(37, 0xbee6c828, 24, 64, 0, 0) = -1 EAGAIN (Try again)
19:19:04.350035,1023,clock_gettime(CLOCK_MONOTONIC, {162, 634962357}) = 0
19:19:04.350725,1023,clock_gettime(CLOCK_MONOTONIC, {162, 635652347}) = 0
19:19:04.351324,1023,clock_gettime(CLOCK_MONOTONIC, {162, 636277044}) = 0
19:19:04.351953,1023,clock_gettime(CLOCK_MONOTONIC, {162, 636878812}) = 0
19:19:04.352582,1023,clock_gettime(CLOCK_MONOTONIC, {162, 637508691}) = 0
19:19:04.353404,1023,clock_gettime(CLOCK_MONOTONIC, {162, 638370423}) = 0
19:19:04.354085,1023,clock_gettime(CLOCK_MONOTONIC, {162, 639011929}) = 0
19:19:04.354745,1023,recvfrom(37, 0xbee6c9a8, 24, 64, 0, 0) = -1 EAGAIN (Try again)
19:19:04.355357,1023,ioctl(9, 0xc0186201, 0xbee6d178) = 0
19:19:04.356261,1023,clock_gettime(CLOCK_MONOTONIC, {162, 641353794}) = 0
19:19:04.357095,1023,clock_gettime(CLOCK_MONOTONIC, {162, 642023557}) = 0
19:19:04.357732,1023,clock_gettime(CLOCK_MONOTONIC, {162, 642658562}) = 0
19:19:04.358385,1023,clock_gettime(CLOCK_MONOTONIC, {162, 643349918}) = 0
19:19:04.359626,1023,clock_gettime(CLOCK_MONOTONIC, {162, 645316938}) = 0
19:19:04.361186,1023,write(29, "W", 1) = 1
19:19:04.362006,1023,ioctl(9, 0xc0186201, 0xbee6cf10) = 0
19:19:04.362824,1023,ioctl(9, 0xc0186201, 0xbee6cf10) = 0
19:19:04.364104,1023,clock_gettime(CLOCK_MONOTONIC, {162, 649035416}) = 0
19:19:04.367455,1023,clock_gettime(CLOCK_MONOTONIC, {162, 652426850}) = 0
19:19:04.386244,1023,ioctl(9, 0xc0186201, 0xbee6d0c8) = 0
19:19:04.387899,1023,getpid() = 1023
19:19:04.388443,1023,getuid32() = 10050
19:19:04.389119,1023,epoll_wait(0x1e, 0xbee6d1f8, 0x10, 0) = 2
19:19:04.389712,1023,read(23, "W", 16) = 1
19:19:04.414976,1023,recvfrom(37, "nysv\0\0\0\0~¾PÞ%\0\0\0¢\5\0\0\224Â'¸", 24, MSG_DONTWAIT, NULL, NULL) = 24
19:19:04.416792,1023,recvfrom(37, 0xbee6c828, 24, 64, 0, 0) = -1 EAGAIN (Try again)
19:19:04.417437,1023,clock_gettime(CLOCK_MONOTONIC, {162, 702444137}) = 0
19:19:04.418235,1023,clock_gettime(CLOCK_MONOTONIC, {162, 703169052}) = 0
19:19:04.419083,1023,clock_gettime(CLOCK_MONOTONIC, {162, 704061413}) = 0
19:19:04.419888,1023,clock_gettime(CLOCK_MONOTONIC, {162, 704816747}) = 0
19:19:04.420551,1023,recvfrom(38, 0xb88738b0, 1240, 64, 0, 0) = -1 EAGAIN (Try again)
19:19:04.421128,1023,clock_gettime(CLOCK_MONOTONIC, {162, 706054067}) = 0
19:19:04.421775,1023,clock_gettime(CLOCK_MONOTONIC, {162, 706758969}) = 0
19:19:04.422439,1023,getpid() = 1023
19:19:04.423007,1023,getuid32() = 10050
19:19:04.423691,1023,epoll_wait(0x1e, 0xbee6d1f8, 0x10, 0) = 0
19:19:04.424408,1023,clock_gettime(CLOCK_MONOTONIC, {162, 709391564}) = 0
19:19:04.425065,1023,ioctl(9, 0xc0186201, 0xbee6d328) = 0
19:19:04.425675,1023,epoll_wait(0x1e, 0xbee6d1f8, 0x10, 0x18) = 0
19:19:04.463119,1023,clock_gettime(CLOCK_MONOTONIC, {162, 748063200}) = 0
19:19:04.463783,1023,clock_gettime(CLOCK_MONOTONIC, {162, 748711827}) = 0
19:19:04.464423,1023,recvfrom(37, 0xbee6c9a8, 24, 64, 0, 0) = -1 EAGAIN (Try again)
19:19:04.465040,1023,ioctl(9, 0xc0186201, 0xbee6d178) = 0
19:19:04.465901,1023,getpid() = 1023
19:19:04.466574,1023,getuid32() = 10050
19:19:04.467136,1023,epoll_wait(0x1e, 0xbee6d1f8, 0x10, 0) = 1
19:19:04.491318,1023,recvfrom(37, "nysv\0\0\0\0\226_¹ä%\0\0\0¤\5\0\0\224Â'¸", 24, MSG_DONTWAIT, NULL, NULL) = 24
19:19:04.492176,1023,recvfrom(37, 0xbee6c828, 24, 64, 0, 0) = -1 EAGAIN (Try again)
19:19:04.492808,1023,clock_gettime(CLOCK_MONOTONIC, {162, 777735842}) = 0
19:19:04.493462,1023,clock_gettime(CLOCK_MONOTONIC, {162, 778447650}) = 0
19:19:04.494121,1023,clock_gettime(CLOCK_MONOTONIC, {162, 779093727}) = 0
19:19:04.494815,1023,clock_gettime(CLOCK_MONOTONIC, {162, 779802840}) = 0
19:19:04.495717,1023,clock_gettime(CLOCK_MONOTONIC, {162, 780645513}) = 0
19:19:04.496668,1023,clock_gettime(CLOCK_MONOTONIC, {162, 781596176}) = 0
19:19:04.497352,1023,clock_gettime(CLOCK_MONOTONIC, {162, 782348877}) = 0
19:19:04.498094,1023,recvfrom(37, 0xbee6c9a8, 24, 64, 0, 0) = -1 EAGAIN (Try again)
19:19:04.507045,1023,ioctl(9, 0xc0186201, 0xbee6d178) = 0
19:19:04.507949,1023,clock_gettime(CLOCK_MONOTONIC, {162, 792939594}) = 0
19:19:04.508743,1023,clock_gettime(CLOCK_MONOTONIC, {162, 793673079}) = 0
19:19:04.509389,1023,clock_gettime(CLOCK_MONOTONIC, {162, 794354990}) = 0
19:19:04.510082,1023,clock_gettime(CLOCK_MONOTONIC, {162, 795007508}) = 0
19:19:04.510895,1023,clock_gettime(CLOCK_MONOTONIC, {162, 795989130}) = 0
19:19:04.511720,1023,write(29, "W", 1) = 1
19:19:04.512586,1023,ioctl(9, 0xc0186201, 0xbee6cf10) = 0
19:19:04.513348,1023,ioctl(9, 0xc0186201, 0xbee6cf10) = 0
19:19:04.514859,1023,clock_gettime(CLOCK_MONOTONIC, {162, 799929273}) = 0
19:19:04.517596,1023,clock_gettime(CLOCK_MONOTONIC, {162, 802529352}) = 0
19:19:04.526174,1023,ioctl(9, 0xc0186201, 0xbee6d0c8) = 0
19:19:04.527236,1023,ioctl(9, 0xc0186201, 0xbee6d0c8) = 0
19:19:04.528091,1023,getpid() = 1023
19:19:04.528661,1023,getuid32() = 10050
19:19:04.529235,1023,epoll_wait(0x1e, 0xbee6d1f8, 0x10, 0) = 2
19:19:04.529846,1023,read(23, "W", 16) = 1
19:19:04.530433,1023,recvfrom(37, "nysv\0\0\0\0\4è=ç%\0\0\0¥\5\0\0\224Â'¸", 24, MSG_DONTWAIT, NULL, NULL) = 24
19:19:04.531357,1023,recvfrom(37, 0xbee6c828, 24, 64, 0, 0) = -1 EAGAIN (Try again)
19:19:04.535852,1023,clock_gettime(CLOCK_MONOTONIC, {162, 820848833}) = 0
19:19:04.536764,1023,clock_gettime(CLOCK_MONOTONIC, {162, 821701600}) = 0
19:19:04.537605,1023,clock_gettime(CLOCK_MONOTONIC, {162, 822594711}) = 0
19:19:04.538324,1023,clock_gettime(CLOCK_MONOTONIC, {162, 823277574}) = 0
19:19:04.538977,1023,recvfrom(38, 0xb88738b0, 1240, 64, 0, 0) = -1 EAGAIN (Try again)
19:19:04.539583,1023,clock_gettime(CLOCK_MONOTONIC, {162, 824509929}) = 0
19:19:04.540220,1023,clock_gettime(CLOCK_MONOTONIC, {162, 825146404}) = 0
19:19:04.540851,1023,getpid() = 1023
19:19:04.541415,1023,getuid32() = 10050
19:19:04.542051,1023,epoll_wait(0x1e, 0xbee6d1f8, 0x10, 0) = 0
19:19:04.542657,1023,clock_gettime(CLOCK_MONOTONIC, {162, 827583669}) = 0
19:19:04.543255,1023,ioctl(9, 0xc0186201, 0xbee6d328) = 0
19:19:04.543845,1023,epoll_wait(0x1e, 0xbee6d1f8, 0x10, 0x39) = 0
19:19:04.704567,1023,clock_gettime(CLOCK_MONOTONIC, {162, 989866921}) = 0
19:19:04.706040,1023,clock_gettime(CLOCK_MONOTONIC, {162, 990982600}) = 0
19:19:04.706763,1023,recvfrom(37, 0xbee6c9a8, 24, 64, 0, 0) = -1 EAGAIN (Try again)
19:19:04.707348,1023,ioctl(9, 0xc0186201, 0xbee6d178) = 0
19:19:04.708225,1023,getpid() = 1023
19:19:04.708912,1023,getuid32() = 10050
19:19:04.709579,1023,epoll_wait(0x1e, 0xbee6d1f8, 0x10, 0) = 0
19:19:04.710136,1023,clock_gettime(CLOCK_MONOTONIC, {162, 995069679}) = 0
19:19:04.710808,1023,epoll_wait(0x1e, 0xbee6d1f8, 0x10, 0xffffffff) = 1
19:19:04.716691,1023,recvfrom(37, "nysv\0\0\0\0\26b_ó%\0\0\0§\5\0\0\224Â'¸", 24, MSG_DONTWAIT, NULL, NULL) = 24
19:19:04.717493,1023,recvfrom(37, 0xbee6c828, 24, 64, 0, 0) = -1 EAGAIN (Try again)
19:19:04.718158,1023,clock_gettime(CLOCK_MONOTONIC, {163, 3092033}) = 0
19:19:04.718870,1023,write(29, "W", 1) = 1
19:19:04.719632,1023,clock_gettime(CLOCK_MONOTONIC, {163, 4567695}) = 0
19:19:04.720313,1023,clock_gettime(CLOCK_MONOTONIC, {163, 5278024}) = 0
19:19:04.720981,1023,clock_gettime(CLOCK_MONOTONIC, {163, 8677505}) = 0
19:19:04.724454,1023,clock_gettime(CLOCK_MONOTONIC, {163, 9453156}) = 0
19:19:04.725357,1023,clock_gettime(CLOCK_MONOTONIC, {163, 10343258}) = 0
19:19:04.747722,1023,clock_gettime(CLOCK_MONOTONIC, {163, 32672763}) = 0
19:19:04.748390,1023,recvfrom(37, 0xbee6c9a8, 24, 64, 0, 0) = -1 EAGAIN (Try again)
19:19:04.749074,1023,ioctl(9, 0xc0186201, 0xbee6d178) = 0
19:19:04.749968,1023,clock_gettime(CLOCK_MONOTONIC, {163, 34996575}) = 0
19:19:04.750805,1023,clock_gettime(CLOCK_MONOTONIC, {163, 35742901}) = 0
19:19:04.751431,1023,clock_gettime(CLOCK_MONOTONIC, {163, 36402841}) = 0
19:19:04.752132,1023,clock_gettime(CLOCK_MONOTONIC, {163, 37066893}) = 0
19:19:04.752812,1023,clock_gettime(CLOCK_MONOTONIC, {163, 37745871}) = 0
19:19:04.753451,1023,write(29, "W", 1) = 1
19:19:04.754289,1023,ioctl(9, 0xc0186201, 0xbee6cf10) = 0
19:19:04.755377,1023,ioctl(9, 0xc0186201, 0xbee6cf10) = 0
19:19:04.756899,1023,clock_gettime(CLOCK_MONOTONIC, {163, 41897909}) = 0
19:19:04.760578,1023,clock_gettime(CLOCK_MONOTONIC, {163, 45519201}) = 0
19:19:04.761214,1023,ioctl(9, 0xc0186201, 0xbee6d0c8) = 0
19:19:04.762098,1023,ioctl(9, 0xc0186201, 0xbee6d0c8) = 0
19:19:04.762864,1023,getpid() = 1023
19:19:04.763396,1023,getuid32() = 10050
19:19:04.764000,1023,epoll_wait(0x1e, 0xbee6d1f8, 0x10, 0) = 2
19:19:04.764592,1023,read(23, "WW", 16) = 2
19:19:04.765179,1023,recvfrom(37, "nysv\0\0\0\0\204êãõ%\0\0\0¨\5\0\0\224Â'¸", 24, MSG_DONTWAIT, NULL, NULL) = 24
19:19:04.765924,1023,recvfrom(37, 0xbee6c828, 24, 64, 0, 0) = -1 EAGAIN (Try again)
19:19:04.766553,1023,clock_gettime(CLOCK_MONOTONIC, {163, 51486891}) = 0
19:19:04.776182,1023,clock_gettime(CLOCK_MONOTONIC, {163, 61211434}) = 0
19:19:04.777042,1023,clock_gettime(CLOCK_MONOTONIC, {163, 61993607}) = 0
19:19:04.777732,1023,clock_gettime(CLOCK_MONOTONIC, {163, 62667949}) = 0
19:19:04.778445,1023,recvfrom(38, 0xb88738b0, 1240, 64, 0, 0) = -1 EAGAIN (Try again)
19:19:04.779152,1023,clock_gettime(CLOCK_MONOTONIC, {163, 64086152}) = 0
19:19:04.779824,1023,clock_gettime(CLOCK_MONOTONIC, {163, 64758887}) = 0
19:19:04.780440,1023,getpid() = 1023
19:19:04.781067,1023,getuid32() = 10050
19:19:04.781687,1023,epoll_wait(0x1e, 0xbee6d1f8, 0x10, 0) = 0
19:19:04.782250,1023,clock_gettime(CLOCK_MONOTONIC, {163, 67183535}) = 0
19:19:04.783914,1023,ioctl(9, 0xc0186201, 0xbee6d328) = 0
19:19:04.795786,1023,epoll_wait(0x1e, 0xbee6d1f8, 0x10, 0x3b) = 0
19:19:04.886010,1023,clock_gettime(CLOCK_MONOTONIC, {163, 170980100}) = 0
19:19:04.886742,1023,clock_gettime(CLOCK_MONOTONIC, {163, 171715604}) = 0
19:19:04.887454,1023,recvfrom(37, 0xbee6c9a8, 24, 64, 0, 0) = -1 EAGAIN (Try again)
19:19:04.888139,1023,ioctl(9, 0xc0186201, 0xbee6d178) = 0
19:19:04.889294,1023,getpid() = 1023
19:19:04.889865,1023,getuid32() = 10050
19:19:04.890558,1023,epoll_wait(0x1e, 0xbee6d1f8, 0x10, 0) = 0
19:19:04.891114,1023,clock_gettime(CLOCK_MONOTONIC, {163, 176047879}) = 0
19:19:04.891785,1023,epoll_wait(0x1e, 0xbee6d1f8, 0x10, 0xffffffff) = 1
19:19:04.893364,1023,recvfrom(37, "nysv\0\0\0\0â³æý%\0\0\0ª\5\0\0\224Â'¸", 24, MSG_DONTWAIT, NULL, NULL) = 24
19:19:04.894208,1023,recvfrom(37, 0xbee6c828, 24, 64, 0, 0) = -1 EAGAIN (Try again)
19:19:04.894878,1023,clock_gettime(CLOCK_MONOTONIC, {163, 179811532}) = 0
19:19:04.895587,1023,write(29, "W", 1) = 1
19:19:04.896311,1023,clock_gettime(CLOCK_MONOTONIC, {163, 181276021}) = 0
19:19:04.896990,1023,clock_gettime(CLOCK_MONOTONIC, {163, 181924281}) = 0
19:19:04.897659,1023,clock_gettime(CLOCK_MONOTONIC, {163, 182593166}) = 0
19:19:04.898275,1023,clock_gettime(CLOCK_MONOTONIC, {163, 183207324}) = 0
19:19:04.899192,1023,clock_gettime(CLOCK_MONOTONIC, {163, 184127395}) = 0
19:19:04.899896,1023,clock_gettime(CLOCK_MONOTONIC, {163, 184888979}) = 0
19:19:04.900647,1023,recvfrom(37, 0xbee6c9a8, 24, 64, 0, 0) = -1 EAGAIN (Try again)
19:19:04.901359,1023,ioctl(9, 0xc0186201, 0xbee6d178) = 0
19:19:04.902565,1023,clock_gettime(CLOCK_MONOTONIC, {163, 187518475}) = 0
19:19:04.903268,1023,clock_gettime(CLOCK_MONOTONIC, {163, 188217859}) = 0
19:19:04.903985,1023,clock_gettime(CLOCK_MONOTONIC, {163, 192172719}) = 0
19:19:04.907907,1023,clock_gettime(CLOCK_MONOTONIC, {163, 192854794}) = 0
19:19:04.908597,1023,clock_gettime(CLOCK_MONOTONIC, {163, 193539805}) = 0
19:19:04.909268,1023,write(29, "W", 1) = 1
19:19:04.910261,1023,ioctl(9, 0xc0186201, 0xbee6cf10) = 0
19:19:04.911163,1023,ioctl(9, 0xc0186201, 0xbee6cf10) = 0
19:19:04.912511,1023,clock_gettime(CLOCK_MONOTONIC, {163, 197458631}) = 0
19:19:04.915969,1023,clock_gettime(CLOCK_MONOTONIC, {163, 200918220}) = 0
19:19:04.916638,1023,ioctl(9, 0xc0186201, 0xbee6d0c8) = 0
19:19:04.917517,1023,ioctl(9, 0xc0186201, 0xbee6d0c8) = 0
19:19:04.918213,1023,getpid() = 1023
19:19:04.918771,1023,getuid32() = 10050
19:19:04.919357,1023,epoll_wait(0x1e, 0xbee6d1f8, 0x10, 0) = 2
19:19:04.919936,1023,read(23, "WW", 16) = 2
19:19:04.920550,1023,recvfrom(37, "nysv\0\0\0\0öã[þ%\0\0\0«\5\0\0\224Â'¸", 24, MSG_DONTWAIT, NULL, NULL) = 24
19:19:04.921283,1023,recvfrom(37, 0xbee6c828, 24, 64, 0, 0) = -1 EAGAIN (Try again)
19:19:04.921901,1023,clock_gettime(CLOCK_MONOTONIC, {163, 206842254}) = 0
19:19:04.922606,1023,clock_gettime(CLOCK_MONOTONIC, {163, 207548591}) = 0
19:19:04.925934,1023,clock_gettime(CLOCK_MONOTONIC, {163, 210903180}) = 0
19:19:04.926641,1023,clock_gettime(CLOCK_MONOTONIC, {163, 211593092}) = 0
19:19:04.927340,1023,recvfrom(38, 0xb88738b0, 1240, 64, 0, 0) = -1 EAGAIN (Try again)
19:19:04.927989,1023,clock_gettime(CLOCK_MONOTONIC, {163, 212939077}) = 0
19:19:04.928668,1023,clock_gettime(CLOCK_MONOTONIC, {163, 213616546}) = 0
19:19:04.929340,1023,getpid() = 1023
19:19:04.929917,1023,getuid32() = 10050
19:19:04.930537,1023,epoll_wait(0x1e, 0xbee6d1f8, 0x10, 0) = 0
19:19:04.931147,1023,clock_gettime(CLOCK_MONOTONIC, {163, 216096350}) = 0
19:19:04.931832,1023,ioctl(9, 0xc0186201, 0xbee6d328) = 0
19:19:04.932456,1023,epoll_wait(0x1e, 0xbee6d1f8, 0x10, 0x3e) = 0
19:19:05.027458,1023,clock_gettime(CLOCK_MONOTONIC, {163, 312445855}) = 0
19:19:05.028169,1023,clock_gettime(CLOCK_MONOTONIC, {163, 313112920}) = 0
19:19:05.028917,1023,recvfrom(37, 0xbee6c9a8, 24, 64, 0, 0) = -1 EAGAIN (Try again)
19:19:05.029552,1023,ioctl(9, 0xc0186201, 0xbee6d178) = 0
19:19:05.030612,1023,getpid() = 1023
19:19:05.031165,1023,getuid32() = 10050
19:19:05.031761,1023,epoll_wait(0x1e, 0xbee6d1f8, 0x10, 0) = 0
19:19:05.032336,1023,clock_gettime(CLOCK_MONOTONIC, {163, 317281548}) = 0
19:19:05.032999,1023,epoll_wait(0x1e, 0xbee6d1f8, 0x10, 0xffffffff) = 1
19:19:05.033900,1023,recvfrom(37, "nysv\0\0\0\0T­^\6&\0\0\0­\5\0\0\224Â'¸", 24, MSG_DONTWAIT, NULL, NULL) = 24
19:19:05.034676,1023,recvfrom(37, 0xbee6c828, 24, 64, 0, 0) = -1 EAGAIN (Try again)
19:19:05.035354,1023,clock_gettime(CLOCK_MONOTONIC, {163, 320308093}) = 0
19:19:05.046172,1023,write(29, "W", 1) = 1
19:19:05.047055,1023,clock_gettime(CLOCK_MONOTONIC, {163, 332000340}) = 0
19:19:05.047765,1023,clock_gettime(CLOCK_MONOTONIC, {163, 332705753}) = 0
19:19:05.048449,1023,clock_gettime(CLOCK_MONOTONIC, {163, 333436878}) = 0
19:19:05.049160,1023,clock_gettime(CLOCK_MONOTONIC, {163, 334100367}) = 0
19:19:05.050159,1023,clock_gettime(CLOCK_MONOTONIC, {163, 335109068}) = 0
19:19:05.050999,1023,clock_gettime(CLOCK_MONOTONIC, {163, 335960801}) = 0
19:19:05.051740,1023,recvfrom(37, 0xbee6c9a8, 24, 64, 0, 0) = -1 EAGAIN (Try again)
19:19:05.052346,1023,ioctl(9, 0xc0186201, 0xbee6d178) = 0
19:19:05.053708,1023,clock_gettime(CLOCK_MONOTONIC, {163, 338729599}) = 0
19:19:05.054651,1023,clock_gettime(CLOCK_MONOTONIC, {163, 339604017}) = 0
19:19:05.055363,1023,clock_gettime(CLOCK_MONOTONIC, {163, 340350847}) = 0
19:19:05.056056,1023,clock_gettime(CLOCK_MONOTONIC, {163, 340995082}) = 0
19:19:05.056773,1023,clock_gettime(CLOCK_MONOTONIC, {163, 341713786}) = 0
19:19:05.057439,1023,write(29, "W", 1) = 1
19:19:05.058421,1023,ioctl(9, 0xc0186201, 0xbee6cf10) = 0
19:19:05.102800,1023,ioctl(9, 0xc0186201, 0xbee6cf10) = 0
19:19:05.104259,1023,clock_gettime(CLOCK_MONOTONIC, {163, 389207861}) = 0
19:19:05.108388,1023,clock_gettime(CLOCK_MONOTONIC, {163, 393356579}) = 0
19:19:05.109260,1023,ioctl(9, 0xc0186201, 0xbee6d0c8) = 0
19:19:05.110229,1023,ioctl(9, 0xc0186201, 0xbee6d0c8) = 0
19:19:05.111035,1023,getpid() = 1023
19:19:05.111597,1023,getuid32() = 10050
19:19:05.112191,1023,epoll_wait(0x1e, 0xbee6d1f8, 0x10, 0) = 2
19:19:05.113095,1023,read(23, "WW", 16) = 2
19:19:05.123598,1023,recvfrom(37, "nysv\0\0\0\0\232Õø\7&\0\0\0®\5\0\0\224Â'¸", 24, MSG_DONTWAIT, NULL, NULL) = 24
19:19:05.124444,1023,recvfrom(37, 0xbee6c828, 24, 64, 0, 0) = -1 EAGAIN (Try again)
19:19:05.125112,1023,clock_gettime(CLOCK_MONOTONIC, {163, 410062216}) = 0
19:19:05.125882,1023,clock_gettime(CLOCK_MONOTONIC, {163, 410833207}) = 0
19:19:05.126572,1023,clock_gettime(CLOCK_MONOTONIC, {163, 411522232}) = 0
19:19:05.127245,1023,clock_gettime(CLOCK_MONOTONIC, {163, 412192677}) = 0
19:19:05.127944,1023,recvfrom(38, 0xb88738b0, 1240, 64, 0, 0) = -1 EAGAIN (Try again)
19:19:05.128589,1023,clock_gettime(CLOCK_MONOTONIC, {163, 413538009}) = 0
19:19:05.129259,1023,clock_gettime(CLOCK_MONOTONIC, {163, 430681626}) = 0
19:19:05.146592,1023,getpid() = 1023
19:19:05.147181,1023,getuid32() = 10050
19:19:05.147857,1023,epoll_wait(0x1e, 0xbee6d1f8, 0x10, 0) = 0
19:19:05.148511,1023,clock_gettime(CLOCK_MONOTONIC, {163, 433454170}) = 0
19:19:05.149173,1023,clock_gettime(CLOCK_MONOTONIC, {163, 434114061}) = 0
19:19:05.149895,1023,recvfrom(37, 0xbee6c9a8, 24, 64, 0, 0) = -1 EAGAIN (Try again)
19:19:05.150587,1023,ioctl(9, 0xc0186201, 0xbee6d178) = 0
19:19:05.151678,1023,getpid() = 1023
19:19:05.152244,1023,getuid32() = 10050
19:19:05.152863,1023,epoll_wait(0x1e, 0xbee6d1f8, 0x10, 0) = 0
19:19:05.153472,1023,clock_gettime(CLOCK_MONOTONIC, {163, 438420935}) = 0
19:19:05.154162,1023,epoll_wait(0x1e, 0xbee6d1f8, 0x10, 0xffffffff) = 1
19:19:05.165232,1023,recvfrom(37, "nysv\0\0\0\0\224®±\r&\0\0\0°\5\0\0\224Â'¸", 24, MSG_DONTWAIT, NULL, NULL) = 24
19:19:05.166017,1023,recvfrom(37, 0xbee6c828, 24, 64, 0, 0) = -1 EAGAIN (Try again)
19:19:05.166676,1023,clock_gettime(CLOCK_MONOTONIC, {163, 451624999}) = 0
19:19:05.167372,1023,write(29, "W", 1) = 1
19:19:05.168100,1023,clock_gettime(CLOCK_MONOTONIC, {163, 453048731}) = 0
19:19:05.168785,1023,clock_gettime(CLOCK_MONOTONIC, {163, 453735931}) = 0
19:19:05.169455,1023,clock_gettime(CLOCK_MONOTONIC, {163, 454409270}) = 0
19:19:05.170130,1023,clock_gettime(CLOCK_MONOTONIC, {163, 455077862}) = 0
19:19:05.187654,1023,clock_gettime(CLOCK_MONOTONIC, {163, 472628843}) = 0
19:19:05.188386,1023,clock_gettime(CLOCK_MONOTONIC, {163, 473343911}) = 0
19:19:05.189094,1023,recvfrom(37, 0xbee6c9a8, 24, 64, 0, 0) = -1 EAGAIN (Try again)
19:19:05.189759,1023,ioctl(9, 0xc0186201, 0xbee6d178) = 0
19:19:05.190822,1023,clock_gettime(CLOCK_MONOTONIC, {163, 475774283}) = 0
19:19:05.191533,1023,clock_gettime(CLOCK_MONOTONIC, {163, 476483684}) = 0
19:19:05.192210,1023,clock_gettime(CLOCK_MONOTONIC, {163, 477158965}) = 0
19:19:05.193194,1023,clock_gettime(CLOCK_MONOTONIC, {163, 478148036}) = 0
19:19:05.193909,1023,clock_gettime(CLOCK_MONOTONIC, {163, 478858890}) = 0
19:19:05.194615,1023,write(29, "W", 1) = 1
19:19:05.195486,1023,ioctl(9, 0xc0186201, 0xbee6cf10) = 0
19:19:05.197214,1023,clock_gettime(CLOCK_MONOTONIC, {163, 482170225}) = 0
19:19:05.200843,1023,clock_gettime(CLOCK_MONOTONIC, {163, 485802919}) = 0
19:19:05.201545,1023,ioctl(9, 0xc0186201, 0xbee6d0c8) = 0
19:19:05.202656,1023,getpid() = 1023
19:19:05.203237,1023,getuid32() = 10050
19:19:05.203860,1023,epoll_wait(0x1e, 0xbee6d1f8, 0x10, 0) = 2
19:19:05.226660,1023,read(23, "WW", 16) = 2
19:19:05.227324,1023,recvfrom(37, "nysv\0\0\0\0ø\236û\17&\0\0\0±\5\0\0\224Â'¸", 24, MSG_DONTWAIT, NULL, NULL) = 24
19:19:05.276017,1023,recvfrom(37, 0xbee6c828, 24, 64, 0, 0) = -1 EAGAIN (Try again)
19:19:05.276749,1023,clock_gettime(CLOCK_MONOTONIC, {163, 561693831}) = 0
19:19:05.277490,1023,clock_gettime(CLOCK_MONOTONIC, {163, 562432735}) = 0
19:19:05.278144,1023,clock_gettime(CLOCK_MONOTONIC, {163, 563085984}) = 0
19:19:05.278793,1023,clock_gettime(CLOCK_MONOTONIC, {163, 563734119}) = 0
19:19:05.279456,1023,recvfrom(38, 0xb88738b0, 1240, 64, 0, 0) = -1 EAGAIN (Try again)
19:19:05.280074,1023,clock_gettime(CLOCK_MONOTONIC, {163, 565013627}) = 0
19:19:05.280720,1023,clock_gettime(CLOCK_MONOTONIC, {163, 565660133}) = 0
19:19:05.281361,1023,getpid() = 1023
19:19:05.281914,1023,getuid32() = 10050
19:19:05.282504,1023,epoll_wait(0x1e, 0xbee6d1f8, 0x10, 0) = 0
19:19:05.283086,1023,clock_gettime(CLOCK_MONOTONIC, {163, 568026322}) = 0
19:19:05.283737,1023,clock_gettime(CLOCK_MONOTONIC, {163, 568677008}) = 0
19:19:05.284395,1023,recvfrom(37, 0xbee6c9a8, 24, 64, 0, 0) = -1 EAGAIN (Try again)
19:19:05.285079,1023,ioctl(9, 0xc0186201, 0xbee6d178) = 0
19:19:05.285951,1023,getpid() = 1023
19:19:05.286628,1023,getuid32() = 10050
19:19:05.287217,1023,epoll_wait(0x1e, 0xbee6d1f8, 0x10, 0) = 0
19:19:05.287800,1023,clock_gettime(CLOCK_MONOTONIC, {163, 572860760}) = 0
19:19:05.288594,1023,epoll_wait(0x1e, 0xbee6d1f8, 0x10, 0xffffffff) = 1
19:19:05.290109,1023,recvfrom(37, "nysv\0\0\0\0òw´\25&\0\0\0³\5\0\0\224Â'¸", 24, MSG_DONTWAIT, NULL, NULL) = 24
19:19:05.290958,1023,recvfrom(37, 0xbee6c828, 24, 64, 0, 0) = -1 EAGAIN (Try again)
19:19:05.291999,1023,clock_gettime(CLOCK_MONOTONIC, {163, 576943536}) = 0
19:19:05.292693,1023,write(29, "W", 1) = 1
19:19:05.293558,1023,clock_gettime(CLOCK_MONOTONIC, {163, 578558205}) = 0
19:19:05.294272,1023,clock_gettime(CLOCK_MONOTONIC, {163, 579214540}) = 0
19:19:05.294921,1023,clock_gettime(CLOCK_MONOTONIC, {163, 579862137}) = 0
19:19:05.295637,1023,clock_gettime(CLOCK_MONOTONIC, {163, 580581047}) = 0
19:19:05.296777,1023,clock_gettime(CLOCK_MONOTONIC, {163, 581824900}) = 0
19:19:05.297595,1023,clock_gettime(CLOCK_MONOTONIC, {163, 582539323}) = 0
19:19:05.298290,1023,recvfrom(37, 0xbee6c9a8, 24, 64, 0, 0) = -1 EAGAIN (Try again)
19:19:05.298967,1023,ioctl(9, 0xc0186201, 0xbee6d178) = 0
19:19:05.299917,1023,clock_gettime(CLOCK_MONOTONIC, {163, 584924913}) = 0
19:19:05.300756,1023,clock_gettime(CLOCK_MONOTONIC, {163, 585712524}) = 0
19:19:05.301441,1023,clock_gettime(CLOCK_MONOTONIC, {163, 586396228}) = 0
19:19:05.302122,1023,clock_gettime(CLOCK_MONOTONIC, {163, 587070781}) = 0
19:19:05.303263,1023,clock_gettime(CLOCK_MONOTONIC, {163, 588829778}) = 0
19:19:05.304968,1023,write(29, "W", 1) = 1
19:19:05.307084,1023,ioctl(9, 0xc0186201, 0xbee6cf10) = 0
19:19:05.308001,1023,ioctl(9, 0xc0186201, 0xbee6cf10) = 0
19:19:05.310011,1023,clock_gettime(CLOCK_MONOTONIC, {163, 595078133}) = 0
19:19:05.314187,1023,clock_gettime(CLOCK_MONOTONIC, {163, 599212883}) = 0
19:19:05.315110,1023,ioctl(9, 0xc0186201, 0xbee6d0c8) = 0
19:19:05.316184,1023,ioctl(9, 0xc0186201, 0xbee6d0c8) = 0
19:19:05.317031,1023,getpid() = 1023
19:19:05.317606,1023,getuid32() = 10050
19:19:05.318229,1023,epoll_wait(0x1e, 0xbee6d1f8, 0x10, 0) = 2
19:19:05.318837,1023,read(23, "WW", 16) = 2
19:19:05.319484,1023,recvfrom(37, "nysv\0\0\0\0\32Ø\236\26&\0\0\0´\5\0\0\224Â'¸", 24, MSG_DONTWAIT, NULL, NULL) = 24
19:19:05.320257,1023,recvfrom(37, 0xbee6c828, 24, 64, 0, 0) = -1 EAGAIN (Try again)
19:19:05.320911,1023,clock_gettime(CLOCK_MONOTONIC, {163, 605860790}) = 0
19:19:05.321775,1023,clock_gettime(CLOCK_MONOTONIC, {163, 606851427}) = 0
19:19:05.322699,1023,clock_gettime(CLOCK_MONOTONIC, {163, 611120265}) = 0
19:19:05.326962,1023,clock_gettime(CLOCK_MONOTONIC, {163, 611965306}) = 0
19:19:05.327706,1023,recvfrom(38, 0xb88738b0, 1240, 64, 0, 0) = -1 EAGAIN (Try again)
19:19:05.328326,1023,clock_gettime(CLOCK_MONOTONIC, {163, 613274246}) = 0
19:19:05.328976,1023,clock_gettime(CLOCK_MONOTONIC, {163, 613917746}) = 0
19:19:05.329726,1023,getpid() = 1023
19:19:05.330314,1023,getuid32() = 10050
19:19:05.330937,1023,epoll_wait(0x1e, 0xbee6d1f8, 0x10, 0) = 0
19:19:05.331554,1023,clock_gettime(CLOCK_MONOTONIC, {163, 616503588}) = 0
19:19:05.332235,1023,ioctl(9, 0xc0186201, 0xbee6d328) = 0
19:19:05.332867,1023,epoll_wait(0x1e, 0xbee6d1f8, 0x10, 0x3c) = 0
19:19:05.393947,1023,clock_gettime(CLOCK_MONOTONIC, {163, 678917348}) = 0
19:19:05.394737,1023,clock_gettime(CLOCK_MONOTONIC, {163, 679693827}) = 0
19:19:05.406900,1023,recvfrom(37, 0xbee6c9a8, 24, 64, 0, 0) = -1 EAGAIN (Try again)
19:19:05.407571,1023,ioctl(9, 0xc0186201, 0xbee6d178) = 0
19:19:05.409010,1023,getpid() = 1023
19:19:05.409603,1023,getuid32() = 10050
19:19:05.410504,1023,epoll_wait(0x1e, 0xbee6d1f8, 0x10, 0) = 0
19:19:05.411142,1023,clock_gettime(CLOCK_MONOTONIC, {163, 696084867}) = 0
19:19:05.411853,1023,epoll_wait(0x1e, 0xbee6d1f8, 0x10, 0xffffffff) = 1
19:19:05.415287,1023,recvfrom(37, "nysv\0\0\0\0002y\7\35&\0\0\0¶\5\0\0\224Â'¸", 24, MSG_DONTWAIT, NULL, NULL) = 24
19:19:05.416079,1023,recvfrom(37, 0xbee6c828, 24, 64, 0, 0) = -1 EAGAIN (Try again)
19:19:05.416885,1023,clock_gettime(CLOCK_MONOTONIC, {163, 701919969}) = 0
19:19:05.426514,1023,write(29, "W", 1) = 1
19:19:05.427327,1023,clock_gettime(CLOCK_MONOTONIC, {163, 712279437}) = 0
19:19:05.428026,1023,clock_gettime(CLOCK_MONOTONIC, {163, 712976493}) = 0
19:19:05.428704,1023,clock_gettime(CLOCK_MONOTONIC, {163, 713653677}) = 0
19:19:05.429377,1023,clock_gettime(CLOCK_MONOTONIC, {163, 714362479}) = 0
19:19:05.430356,1023,clock_gettime(CLOCK_MONOTONIC, {163, 715312798}) = 0
19:19:05.431094,1023,clock_gettime(CLOCK_MONOTONIC, {163, 716037223}) = 0
19:19:05.431815,1023,recvfrom(37, 0xbee6c9a8, 24, 64, 0, 0) = -1 EAGAIN (Try again)
19:19:05.432447,1023,ioctl(9, 0xc0186201, 0xbee6d178) = 0
19:19:05.433334,1023,clock_gettime(CLOCK_MONOTONIC, {163, 718392866}) = 0
19:19:05.434231,1023,clock_gettime(CLOCK_MONOTONIC, {163, 719292504}) = 0
19:19:05.435153,1023,clock_gettime(CLOCK_MONOTONIC, {163, 720210043}) = 0
19:19:05.435983,1023,clock_gettime(CLOCK_MONOTONIC, {163, 720934372}) = 0
19:19:05.436736,1023,clock_gettime(CLOCK_MONOTONIC, {163, 721686136}) = 0
19:19:05.437434,1023,write(29, "W", 1) = 1
19:19:05.438343,1023,ioctl(9, 0xc0186201, 0xbee6cf10) = 0
19:19:05.581899,1023,clock_gettime(CLOCK_MONOTONIC, {163, 866865383}) = 0
19:19:05.585184,1023,clock_gettime(CLOCK_MONOTONIC, {163, 870147092}) = 0
19:19:05.585961,1023,ioctl(9, 0xc0186201, 0xbee6d0c8) = 0
19:19:05.587305,1023,getpid() = 1023
19:19:05.587954,1023,getuid32() = 10050
19:19:05.588566,1023,epoll_wait(0x1e, 0xbee6d1f8, 0x10, 0) = 2
19:19:05.589143,1023,read(23, "WW", 16) = 2
19:19:05.612490,1023,recvfrom(37, "nysv\0\0\0\0n\tg\36&\0\0\0·\5\0\0\224Â'¸", 24, MSG_DONTWAIT, NULL, NULL) = 24
19:19:05.613895,1023,recvfrom(37, 0xbee6c828, 24, 64, 0, 0) = -1 EAGAIN (Try again)
19:19:05.614601,1023,clock_gettime(CLOCK_MONOTONIC, {163, 899544835}) = 0
19:19:05.615340,1023,clock_gettime(CLOCK_MONOTONIC, {163, 900316427}) = 0
19:19:05.616031,1023,clock_gettime(CLOCK_MONOTONIC, {163, 900973758}) = 0
19:19:05.616822,1023,writev(3, [{"\4", 1}, {"Choreographer\0", 14}, {"Skipped 47 frames! The applicat"..., 83}], 3) = 98
19:19:05.618032,1023,clock_gettime(CLOCK_MONOTONIC, {163, 926565053}) = 0
19:19:05.642603,1023,recvfrom(38, 0xb88738b0, 1240, 64, 0, 0) = -1 EAGAIN (Try again)
19:19:05.643282,1023,clock_gettime(CLOCK_MONOTONIC, {163, 928240942}) = 0
19:19:05.644250,1023,clock_gettime(CLOCK_MONOTONIC, {163, 929202132}) = 0
19:19:05.644956,1023,clock_gettime(CLOCK_MONOTONIC, {163, 929906132}) = 0
19:19:05.645660,1023,recvfrom(37, 0xbee6c9a8, 24, 64, 0, 0) = -1 EAGAIN (Try again)
19:19:05.646291,1023,ioctl(9, 0xc0186201, 0xbee6d178) = 0
19:19:05.647230,1023,clock_gettime(CLOCK_MONOTONIC, {163, 932260525}) = 0
19:19:05.648071,1023,clock_gettime(CLOCK_MONOTONIC, {163, 933024173}) = 0
19:19:05.648759,1023,clock_gettime(CLOCK_MONOTONIC, {163, 933708933}) = 0
19:19:05.649434,1023,clock_gettime(CLOCK_MONOTONIC, {163, 934388703}) = 0
19:19:05.650141,1023,clock_gettime(CLOCK_MONOTONIC, {163, 935091234}) = 0
19:19:05.651037,1023,ioctl(9, 0xc0186201, 0xbee6cf10) = 0
19:19:05.651896,1023,ioctl(9, 0xc0186201, 0xbee6cf10) = 0
19:19:05.653291,1023,clock_gettime(CLOCK_MONOTONIC, {163, 938250576}) = 0
19:19:05.658917,1023,clock_gettime(CLOCK_MONOTONIC, {163, 943890685}) = 0
19:19:05.659622,1023,ioctl(9, 0xc0186201, 0xbee6d0c8) = 0
19:19:05.660711,1023,getpid() = 1023
19:19:05.683211,1023,getuid32() = 10050
19:19:05.683878,1023,epoll_wait(0x1e, 0xbee6d1f8, 0x10, 0) = 1
19:19:05.684473,1023,recvfrom(37, "nysv\0\0\0\0\236K8+&\0\0\0¹\5\0\0\224Â'¸", 24, MSG_DONTWAIT, NULL, NULL) = 24
19:19:05.685217,1023,recvfrom(37, 0xbee6c828, 24, 64, 0, 0) = -1 EAGAIN (Try again)
19:19:05.685849,1023,clock_gettime(CLOCK_MONOTONIC, {163, 970790901}) = 0
19:19:05.686578,1023,clock_gettime(CLOCK_MONOTONIC, {163, 971520168}) = 0
19:19:05.687237,1023,getpid() = 1023
19:19:05.699885,1023,getuid32() = 10050
19:19:05.700532,1023,epoll_wait(0x1e, 0xbee6d1f8, 0x10, 0) = 0
19:19:05.701137,1023,clock_gettime(CLOCK_MONOTONIC, {163, 986078896}) = 0
19:19:05.701794,1023,clock_gettime(CLOCK_MONOTONIC, {163, 986736527}) = 0
19:19:05.702433,1023,clock_gettime(CLOCK_MONOTONIC, {163, 987381453}) = 0
19:19:05.703104,1023,recvfrom(38, 0xb88738b0, 1240, 64, 0, 0) = -1 EAGAIN (Try again)
19:19:05.703723,1023,clock_gettime(CLOCK_MONOTONIC, {163, 988663042}) = 0
19:19:05.704363,1023,clock_gettime(CLOCK_MONOTONIC, {163, 989310848}) = 0
19:19:05.705012,1023,getpid() = 1023
19:19:05.705565,1023,getuid32() = 10050
19:19:05.706144,1023,epoll_wait(0x1e, 0xbee6d1f8, 0x10, 0) = 0
19:19:05.706724,1023,clock_gettime(CLOCK_MONOTONIC, {163, 991663752}) = 0
19:19:05.707372,1023,ioctl(9, 0xc0186201, 0xbee6d328) = 0
19:19:05.707977,1023,epoll_wait(0x1e, 0xbee6d1f8, 0x10, 0x21) = 0
19:19:05.742177,1023,clock_gettime(CLOCK_MONOTONIC, {164, 27149177}) = 0
19:19:05.742928,1023,clock_gettime(CLOCK_MONOTONIC, {164, 27882091}) = 0
19:19:05.743614,1023,recvfrom(37, 0xbee6c9a8, 24, 64, 0, 0) = -1 EAGAIN (Try again)
19:19:05.744222,1023,ioctl(9, 0xc0186201, 0xbee6d178) = 0
19:19:05.745090,1023,getpid() = 1023
19:19:05.745771,1023,getuid32() = 10050
19:19:05.758615,1023,epoll_wait(0x1e, 0xbee6d1f8, 0x10, 0) = 0
19:19:05.759207,1023,clock_gettime(CLOCK_MONOTONIC, {164, 44150210}) = 0
19:19:05.759877,1023,epoll_wait(0x1e, 0xbee6d1f8, 0x10, 0xffffffff) = 1
19:19:05.760660,1023,recvfrom(37, "nysv\0\0\0\0¢¼+1&\0\0\0»\5\0\0\224Â'¸", 24, MSG_DONTWAIT, NULL, NULL) = 24
19:19:05.761397,1023,recvfrom(37, 0xbee6c828, 24, 64, 0, 0) = -1 EAGAIN (Try again)
19:19:05.762026,1023,clock_gettime(CLOCK_MONOTONIC, {164, 46967094}) = 0
19:19:05.762692,1023,write(29, "W", 1) = 1
19:19:05.763544,1023,clock_gettime(CLOCK_MONOTONIC, {164, 48488443}) = 0
19:19:05.764196,1023,clock_gettime(CLOCK_MONOTONIC, {164, 49138256}) = 0
19:19:05.764842,1023,clock_gettime(CLOCK_MONOTONIC, {164, 49809799}) = 0
19:19:05.765515,1023,clock_gettime(CLOCK_MONOTONIC, {164, 50456410}) = 0
19:19:05.766418,1023,clock_gettime(CLOCK_MONOTONIC, {164, 51368306}) = 0
19:19:05.767086,1023,clock_gettime(CLOCK_MONOTONIC, {164, 52027276}) = 0
19:19:05.767753,1023,recvfrom(37, 0xbee6c9a8, 24, 64, 0, 0) = -1 EAGAIN (Try again)
19:19:05.768351,1023,ioctl(9, 0xc0186201, 0xbee6d178) = 0
19:19:05.769201,1023,clock_gettime(CLOCK_MONOTONIC, {164, 54321783}) = 0
19:19:05.789145,1023,clock_gettime(CLOCK_MONOTONIC, {164, 74107119}) = 0
19:19:05.789845,1023,clock_gettime(CLOCK_MONOTONIC, {164, 74796035}) = 0
19:19:05.790527,1023,clock_gettime(CLOCK_MONOTONIC, {164, 75477548}) = 0
19:19:05.791229,1023,clock_gettime(CLOCK_MONOTONIC, {164, 76179658}) = 0
19:19:05.791933,1023,write(29, "W", 1) = 1
19:19:05.792807,1023,ioctl(9, 0xc0186201, 0xbee6cf10) = 0
19:19:05.793703,1023,ioctl(9, 0xc0186201, 0xbee6cf10) = 0
19:19:05.795111,1023,clock_gettime(CLOCK_MONOTONIC, {164, 80065968}) = 0
19:19:05.798783,1023,clock_gettime(CLOCK_MONOTONIC, {164, 83739583}) = 0
19:19:05.799478,1023,ioctl(9, 0xc0186201, 0xbee6d0c8) = 0
19:19:05.800276,1023,ioctl(9, 0xc0186201, 0xbee6d0c8) = 0
19:19:05.801377,1023,getpid() = 1023
19:19:05.801962,1023,getuid32() = 10050
19:19:05.802584,1023,epoll_wait(0x1e, 0xbee6d1f8, 0x10, 0) = 2
19:19:05.803188,1023,read(23, "WW", 16) = 2
19:19:05.803834,1023,recvfrom(37, "nysv\0\0\0\0ÞL\2132&\0\0\0¼\5\0\0\224Â'¸", 24, MSG_DONTWAIT, NULL, NULL) = 24
19:19:05.804608,1023,recvfrom(37, 0xbee6c828, 24, 64, 0, 0) = -1 EAGAIN (Try again)
19:19:05.816464,1023,clock_gettime(CLOCK_MONOTONIC, {164, 101450126}) = 0
19:19:05.817264,1023,clock_gettime(CLOCK_MONOTONIC, {164, 102209635}) = 0
19:19:05.817973,1023,clock_gettime(CLOCK_MONOTONIC, {164, 102916595}) = 0
19:19:05.818625,1023,clock_gettime(CLOCK_MONOTONIC, {164, 103566949}) = 0
19:19:05.819290,1023,recvfrom(38, 0xb88738b0, 1240, 64, 0, 0) = -1 EAGAIN (Try again)
19:19:05.819912,1023,clock_gettime(CLOCK_MONOTONIC, {164, 104853937}) = 0
19:19:05.820561,1023,clock_gettime(CLOCK_MONOTONIC, {164, 105501514}) = 0
19:19:05.821321,1023,getpid() = 1023
19:19:05.821891,1023,getuid32() = 10050
19:19:05.822949,1023,epoll_wait(0x1e, 0xbee6d1f8, 0x10, 0) = 0
19:19:05.823631,1023,clock_gettime(CLOCK_MONOTONIC, {164, 108577765}) = 0
19:19:05.824365,1023,ioctl(9, 0xc0186201, 0xbee6d328) = 0
19:19:05.825025,1023,epoll_wait(0x1e, 0xbee6d1f8, 0x10, 0x39) = 0
19:19:05.888914,1023,clock_gettime(CLOCK_MONOTONIC, {164, 173874158}) = 0
19:19:05.889605,1023,clock_gettime(CLOCK_MONOTONIC, {164, 174549290}) = 0
19:19:05.890276,1023,recvfrom(37, 0xbee6c9a8, 24, 64, 0, 0) = -1 EAGAIN (Try again)
19:19:05.890893,1023,ioctl(9, 0xc0186201, 0xbee6d178) = 0
19:19:05.891746,1023,getpid() = 1023
19:19:05.892423,1023,getuid32() = 10050
19:19:05.893042,1023,epoll_wait(0x1e, 0xbee6d1f8, 0x10, 0) = 0
19:19:05.893869,1023,clock_gettime(CLOCK_MONOTONIC, {164, 178916251}) = 0
19:19:05.894724,1023,epoll_wait(0x1e, 0xbee6d1f8, 0x10, 0xffffffff) = 1
19:19:05.903070,1023,recvfrom(37, "nysv\0\0\0\0\36NÞ9&\0\0\0¾\5\0\0\224Â'¸", 24, MSG_DONTWAIT, NULL, NULL) = 24
19:19:05.903901,1023,recvfrom(37, 0xbee6c828, 24, 64, 0, 0) = -1 EAGAIN (Try again)
19:19:05.904604,1023,clock_gettime(CLOCK_MONOTONIC, {164, 189540988}) = 0
19:19:05.905257,1023,write(29, "W", 1) = 1
19:19:05.905982,1023,clock_gettime(CLOCK_MONOTONIC, {164, 190916625}) = 0
19:19:05.906664,1023,clock_gettime(CLOCK_MONOTONIC, {164, 191598366}) = 0
19:19:05.907279,1023,clock_gettime(CLOCK_MONOTONIC, {164, 192238772}) = 0
19:19:05.925643,1023,clock_gettime(CLOCK_MONOTONIC, {164, 210588690}) = 0
19:19:05.926577,1023,clock_gettime(CLOCK_MONOTONIC, {164, 211514981}) = 0
19:19:05.940356,1023,clock_gettime(CLOCK_MONOTONIC, {164, 225352314}) = 0
19:19:05.941047,1023,recvfrom(37, 0xbee6c9a8, 24, 64, 0, 0) = -1 EAGAIN (Try again)
19:19:05.941664,1023,ioctl(9, 0xc0186201, 0xbee6d178) = 0
19:19:05.942900,1023,clock_gettime(CLOCK_MONOTONIC, {164, 227933518}) = 0
19:19:05.943807,1023,clock_gettime(CLOCK_MONOTONIC, {164, 228793123}) = 0
19:19:05.944579,1023,clock_gettime(CLOCK_MONOTONIC, {164, 229508112}) = 0
19:19:05.945215,1023,clock_gettime(CLOCK_MONOTONIC, {164, 230141742}) = 0
19:19:05.945872,1023,clock_gettime(CLOCK_MONOTONIC, {164, 230798989}) = 0
19:19:05.972368,1023,write(29, "W", 1) = 1
19:19:05.973336,1023,ioctl(9, 0xc0186201, 0xbee6cf10) = 0
19:19:05.974987,1023,clock_gettime(CLOCK_MONOTONIC, {164, 259929399}) = 0
19:19:05.978281,1023,clock_gettime(CLOCK_MONOTONIC, {164, 263251723}) = 0
19:19:05.995573,1023,ioctl(9, 0xc0186201, 0xbee6d0c8) = 0
19:19:06.010623,1023,ioctl(9, 0xc0186201, 0xbee6d0c8) = 0
19:19:06.011766,1023,getpid() = 1023
19:19:06.012278,1023,getuid32() = 10050
19:19:06.012830,1023,epoll_wait(0x1e, 0xbee6d1f8, 0x10, 0) = 2
19:19:06.013359,1023,read(23, "WW", 16) = 2
19:19:06.013926,1023,recvfrom(37, "nysv\0\0\0\0 \6Ø<&\0\0\0¿\5\0\0\224Â'¸", 24, MSG_DONTWAIT, NULL, NULL) = 24
19:19:06.014652,1023,recvfrom(37, 0xbee6c828, 24, 64, 0, 0) = -1 EAGAIN (Try again)
19:19:06.015260,1023,clock_gettime(CLOCK_MONOTONIC, {164, 300190438}) = 0
19:19:06.016020,1023,clock_gettime(CLOCK_MONOTONIC, {164, 300971105}) = 0
19:19:06.016649,1023,clock_gettime(CLOCK_MONOTONIC, {164, 301574599}) = 0
19:19:06.017236,1023,clock_gettime(CLOCK_MONOTONIC, {164, 302160674}) = 0
19:19:06.017848,1023,recvfrom(38, 0xb88738b0, 1240, 64, 0, 0) = -1 EAGAIN (Try again)
19:19:06.018406,1023,clock_gettime(CLOCK_MONOTONIC, {164, 303336444}) = 0
19:19:06.019060,1023,clock_gettime(CLOCK_MONOTONIC, {164, 303983950}) = 0
19:19:06.050742,1023,getpid() = 1023
19:19:06.051311,1023,getuid32() = 10050
19:19:06.051892,1023,epoll_wait(0x1e, 0xbee6d1f8, 0x10, 0) = 0
19:19:06.052520,1023,clock_gettime(CLOCK_MONOTONIC, {164, 337453362}) = 0
19:19:06.053143,1023,clock_gettime(CLOCK_MONOTONIC, {164, 338076668}) = 0
19:19:06.053787,1023,recvfrom(37, 0xbee6c9a8, 24, 64, 0, 0) = -1 EAGAIN (Try again)
19:19:06.054363,1023,ioctl(9, 0xc0186201, 0xbee6d178) = 0
19:19:06.055240,1023,getpid() = 1023
19:19:06.055952,1023,getuid32() = 10050
19:19:06.056550,1023,epoll_wait(0x1e, 0xbee6d1f8, 0x10, 0) = 0
19:19:06.057161,1023,clock_gettime(CLOCK_MONOTONIC, {164, 342092011}) = 0
19:19:06.057830,1023,epoll_wait(0x1e, 0xbee6d1f8, 0x10, 0xffffffff) = 1
19:19:06.070667,1023,recvfrom(37, "nysv\0\0\0\0Â?{C&\0\0\0Á\5\0\0\224Â'¸", 24, MSG_DONTWAIT, NULL, NULL) = 24
19:19:06.071370,1023,recvfrom(37, 0xbee6c828, 24, 64, 0, 0) = -1 EAGAIN (Try again)
19:19:06.072001,1023,clock_gettime(CLOCK_MONOTONIC, {164, 356930358}) = 0
19:19:06.072728,1023,write(29, "W", 1) = 1
19:19:06.073443,1023,clock_gettime(CLOCK_MONOTONIC, {164, 358376290}) = 0
19:19:06.074047,1023,clock_gettime(CLOCK_MONOTONIC, {164, 358972559}) = 0
19:19:06.074640,1023,clock_gettime(CLOCK_MONOTONIC, {164, 359564391}) = 0
19:19:06.075227,1023,clock_gettime(CLOCK_MONOTONIC, {164, 360151302}) = 0
19:19:06.076150,1023,clock_gettime(CLOCK_MONOTONIC, {164, 361076037}) = 0
19:19:06.076761,1023,clock_gettime(CLOCK_MONOTONIC, {164, 361687255}) = 0
19:19:06.077373,1023,recvfrom(37, 0xbee6c9a8, 24, 64, 0, 0) = -1 EAGAIN (Try again)
19:19:06.096201,1023,ioctl(9, 0xc0186201, 0xbee6d178) = 0
19:19:06.097493,1023,clock_gettime(CLOCK_MONOTONIC, {164, 382461785}) = 0
19:19:06.098224,1023,clock_gettime(CLOCK_MONOTONIC, {164, 383195359}) = 0
19:19:06.098920,1023,clock_gettime(CLOCK_MONOTONIC, {164, 383846489}) = 0
19:19:06.099877,1023,clock_gettime(CLOCK_MONOTONIC, {164, 384899282}) = 0
19:19:06.100714,1023,clock_gettime(CLOCK_MONOTONIC, {164, 385660414}) = 0
19:19:06.101377,1023,write(29, "W", 1) = 1
19:19:06.102263,1023,ioctl(9, 0xc0186201, 0xbee6cf10) = 0
19:19:06.104257,1023,clock_gettime(CLOCK_MONOTONIC, {164, 389190914}) = 0
19:19:06.117594,1023,clock_gettime(CLOCK_MONOTONIC, {164, 402597742}) = 0
19:19:06.118360,1023,ioctl(9, 0xc0186201, 0xbee6d0c8) = 0
19:19:06.119629,1023,getpid() = 1023
19:19:06.120203,1023,getuid32() = 10050
19:19:06.120835,1023,epoll_wait(0x1e, 0xbee6d1f8, 0x10, 0) = 2
19:19:06.121575,1023,read(23, "WW", 16) = 2
19:19:06.122196,1023,recvfrom(37, "nysv\0\0\0\0000ÈÿE&\0\0\0Â\5\0\0\224Â'¸", 24, MSG_DONTWAIT, NULL, NULL) = 24
19:19:06.122959,1023,recvfrom(37, 0xbee6c828, 24, 64, 0, 0) = -1 EAGAIN (Try again)
19:19:06.123594,1023,clock_gettime(CLOCK_MONOTONIC, {164, 408557256}) = 0
19:19:06.124310,1023,clock_gettime(CLOCK_MONOTONIC, {164, 409284146}) = 0
19:19:06.124976,1023,clock_gettime(CLOCK_MONOTONIC, {164, 409908908}) = 0
19:19:06.125628,1023,clock_gettime(CLOCK_MONOTONIC, {164, 410562061}) = 0
19:19:06.126264,1023,recvfrom(38, 0xb88738b0, 1240, 64, 0, 0) = -1 EAGAIN (Try again)
19:19:06.126887,1023,clock_gettime(CLOCK_MONOTONIC, {164, 411877829}) = 0
19:19:06.127599,1023,clock_gettime(CLOCK_MONOTONIC, {164, 412532475}) = 0
19:19:06.128274,1023,getpid() = 1023
19:19:06.128837,1023,getuid32() = 10050
19:19:06.129395,1023,epoll_wait(0x1e, 0xbee6d1f8, 0x10, 0) = 0
19:19:06.129992,1023,clock_gettime(CLOCK_MONOTONIC, {164, 414925330}) = 0
19:19:06.130652,1023,ioctl(9, 0xc0186201, 0xbee6d328) = 0
19:19:06.131281,1023,epoll_wait(0x1e, 0xbee6d1f8, 0x10, 0x3c) = 0
19:19:06.238505,1023,clock_gettime(CLOCK_MONOTONIC, {164, 523476899}) = 0
19:19:06.239192,1023,clock_gettime(CLOCK_MONOTONIC, {164, 524121749}) = 0
19:19:06.239819,1023,recvfrom(37, 0xbee6c9a8, 24, 64, 0, 0) = -1 EAGAIN (Try again)
19:19:06.240381,1023,ioctl(9, 0xc0186201, 0xbee6d178) = 0
19:19:06.241353,1023,getpid() = 1023
19:19:06.241869,1023,getuid32() = 10050
19:19:06.242440,1023,epoll_wait(0x1e, 0xbee6d1f8, 0x10, 0) = 0
19:19:06.242991,1023,clock_gettime(CLOCK_MONOTONIC, {164, 527921131}) = 0
19:19:06.243618,1023,epoll_wait(0x1e, 0xbee6d1f8, 0x10, 0xffffffff <unfinished ...>
19:19:06.252665,1041,<... select resumed> ) = 0 (Timeout)
19:19:06.253083,1041,sendto(43, "\0ú\1\0\0\1\0\0\0\0\0\0\6client\nmustmobile\3c"..., 39, 0, NULL, 0) = 39
19:19:06.253972,1041,clock_gettime(CLOCK_REALTIME, {1738783146, 254145280}) = 0
19:19:06.254542,1041,clock_gettime(CLOCK_REALTIME, {1738783146, 254713166}) = 0
19:19:06.255160,1041,select(44, [43], NULL, NULL, {4, 999433} <unfinished ...>
19:19:06.255869,1023,<... epoll_wait resumed> ) = 1
19:19:06.256255,1023,recvfrom(37, "nysv\0\0\0\0¬Y²N&\0\0\0Ä\5\0\0\224Â'¸", 24, MSG_DONTWAIT, NULL, NULL) = 24
19:19:06.256968,1023,recvfrom(37, 0xbee6c828, 24, 64, 0, 0) = -1 EAGAIN (Try again)
19:19:06.278762,1023,clock_gettime(CLOCK_MONOTONIC, {164, 563757196}) = 0
19:19:06.279546,1023,write(29, "W", 1) = 1
19:19:06.280196,1023,clock_gettime(CLOCK_MONOTONIC, {164, 565123486}) = 0
19:19:06.280854,1023,clock_gettime(CLOCK_MONOTONIC, {164, 565781503}) = 0
19:19:06.281443,1023,clock_gettime(CLOCK_MONOTONIC, {164, 566409007}) = 0
19:19:06.282134,1023,clock_gettime(CLOCK_MONOTONIC, {164, 567059721}) = 0
19:19:06.283060,1023,clock_gettime(CLOCK_MONOTONIC, {164, 567987169}) = 0
19:19:06.283707,1023,clock_gettime(CLOCK_MONOTONIC, {164, 568633950}) = 0
19:19:06.284379,1023,recvfrom(37, 0xbee6c9a8, 24, 64, 0, 0) = -1 EAGAIN (Try again)
19:19:06.285031,1023,ioctl(9, 0xc0186201, 0xbee6d178) = 0
19:19:06.285866,1023,clock_gettime(CLOCK_MONOTONIC, {164, 570911529}) = 0
19:19:06.286689,1023,clock_gettime(CLOCK_MONOTONIC, {164, 571617561}) = 0
19:19:06.287346,1023,clock_gettime(CLOCK_MONOTONIC, {164, 572310604}) = 0
19:19:06.288037,1023,clock_gettime(CLOCK_MONOTONIC, {164, 572963293}) = 0
19:19:06.288692,1023,clock_gettime(CLOCK_MONOTONIC, {164, 573619268}) = 0
19:19:06.289351,1023,write(29, "W", 1) = 1
19:19:06.290196,1023,ioctl(9, 0xc0186201, 0xbee6cf10) = 0
19:19:06.290988,1023,ioctl(9, 0xc0186201, 0xbee6cf10) = 0
19:19:06.292255,1023,clock_gettime(CLOCK_MONOTONIC, {164, 577187223}) = 0
19:19:06.296152,1023,clock_gettime(CLOCK_MONOTONIC, <unfinished ...>
19:19:06.312988,1043,<... select resumed> ) = 0 (Timeout)
19:19:06.313316,1023,<... clock_gettime resumed> {164, 581203158}) = 0
19:19:06.313911,1043,sendto(44, "ßv\1\0\0\1\0\0\0\0\0\0\6client\nmustmobile\3c"..., 39, 0, NULL, 0 <unfinished ...>
19:19:06.314490,1023,ioctl(9, 0xc0186201 <unfinished ...>
19:19:06.315123,1043,<... sendto resumed> ) = 39
19:19:06.315503,1023,<... ioctl resumed> , 0xbee6d0c8) = 0
19:19:06.315860,1043,clock_gettime(CLOCK_REALTIME, <unfinished ...>
19:19:06.316488,1023,ioctl(9, 0xc0186201 <unfinished ...>
19:19:06.316802,1043,<... clock_gettime resumed> {1738783146, 316688421}) = 0
19:19:06.317261,1023,<... ioctl resumed> , 0xbee6d0c8) = 0
19:19:06.317613,1043,clock_gettime(CLOCK_REALTIME, <unfinished ...>
19:19:06.318133,1023,getpid( <unfinished ...>
19:19:06.318405,1043,<... clock_gettime resumed> {1738783146, 318306954}) = 0
19:19:06.318815,1023,<... getpid resumed> ) = 1023
19:19:06.319124,1043,select(45, [44], NULL, NULL, {4, 998382} <unfinished ...>
19:19:06.319600,1023,getuid32() = 10050
19:19:06.320216,1023,epoll_wait(0x1e, 0xbee6d1f8, 0x10, 0) = 2
19:19:06.320810,1023,read(23, "WW", 16) = 2
19:19:06.321397,1023,recvfrom(37, "nysv\0\0\0\0\32â6Q&\0\0\0Å\5\0\0\224Â'¸", 24, MSG_DONTWAIT, NULL, NULL) = 24
19:19:06.322140,1023,recvfrom(37, 0xbee6c828, 24, 64, 0, 0) = -1 EAGAIN (Try again)
19:19:06.322775,1023,clock_gettime(CLOCK_MONOTONIC, {164, 607738360}) = 0
19:19:06.323560,1023,clock_gettime(CLOCK_MONOTONIC, {164, 608761556}) = 0
19:19:06.327140,1023,clock_gettime(CLOCK_MONOTONIC, {164, 612274652}) = 0
19:19:06.327978,1023,clock_gettime(CLOCK_MONOTONIC, {164, 612970091}) = 0
19:19:06.328757,1023,recvfrom(38, 0xb88738b0, 1240, 64, 0, 0) = -1 EAGAIN (Try again)
19:19:06.329356,1023,clock_gettime(CLOCK_MONOTONIC, {164, 614346419}) = 0
19:19:06.330427,1023,clock_gettime(CLOCK_MONOTONIC, {164, 615486092}) = 0
19:19:06.331311,1023,getpid() = 1023
19:19:06.331981,1023,getuid32() = 10050
19:19:06.332629,1023,epoll_wait(0x1e, 0xbee6d1f8, 0x10, 0) = 0
19:19:06.333194,1023,clock_gettime(CLOCK_MONOTONIC, {164, 618127834}) = 0
19:19:06.333874,1023,ioctl(9, 0xc0186201, 0xbee6d328) = 0
19:19:06.334479,1023,epoll_wait(0x1e, 0xbee6d1f8, 0x10, 0x2b) = 0
19:19:06.388109,1023,clock_gettime(CLOCK_MONOTONIC, {164, 673420722}) = 0
19:19:06.389584,1023,clock_gettime(CLOCK_MONOTONIC, {164, 674517371}) = 0
19:19:06.390267,1023,recvfrom(37, 0xbee6c9a8, 24, 64, 0, 0) = -1 EAGAIN (Try again)
19:19:06.390864,1023,ioctl(9, 0xc0186201, 0xbee6d178) = 0
19:19:06.391820,1023,getpid() = 1023
19:19:06.392536,1023,getuid32() = 10050
19:19:06.393179,1023,epoll_wait(0x1e, 0xbee6d1f8, 0x10, 0) = 0
19:19:06.393792,1023,clock_gettime(CLOCK_MONOTONIC, {164, 678725094}) = 0
19:19:06.394424,1023,epoll_wait(0x1e, 0xbee6d1f8, 0x10, 0xffffffff) = 1
19:19:06.401324,1023,recvfrom(37, "nysv\0\0\0\0002\203\237W&\0\0\0Ç\5\0\0\224Â'¸", 24, MSG_DONTWAIT, NULL, NULL) = 24
19:19:06.402100,1023,recvfrom(37, 0xbee6c828, 24, 64, 0, 0) = -1 EAGAIN (Try again)
19:19:06.402754,1023,clock_gettime(CLOCK_MONOTONIC, {164, 687689006}) = 0
19:19:06.403394,1023,write(29, "W", 1) = 1
19:19:06.404110,1023,clock_gettime(CLOCK_MONOTONIC, {164, 689045264}) = 0
19:19:06.404790,1023,clock_gettime(CLOCK_MONOTONIC, {164, 689758334}) = 0
19:19:06.405438,1023,clock_gettime(CLOCK_MONOTONIC, {164, 690425822}) = 0
19:19:06.406107,1023,clock_gettime(CLOCK_MONOTONIC, {164, 691041549}) = 0
19:19:06.419059,1023,clock_gettime(CLOCK_MONOTONIC, {164, 704027392}) = 0
19:19:06.419790,1023,clock_gettime(CLOCK_MONOTONIC, {164, 704719861}) = 0
19:19:06.420412,1023,recvfrom(37, 0xbee6c9a8, 24, 64, 0, 0) = -1 EAGAIN (Try again)
19:19:06.421097,1023,ioctl(9, 0xc0186201, 0xbee6d178) = 0
19:19:06.422221,1023,clock_gettime(CLOCK_MONOTONIC, {164, 707158150}) = 0
19:19:06.423552,1023,clock_gettime(CLOCK_MONOTONIC, {164, 708482269}) = 0
19:19:06.424152,1023,clock_gettime(CLOCK_MONOTONIC, {164, 709079713}) = 0
19:19:06.424805,1023,clock_gettime(CLOCK_MONOTONIC, {164, 709805611}) = 0
19:19:06.438265,1023,clock_gettime(CLOCK_MONOTONIC, {164, 723248763}) = 0
19:19:06.439011,1023,write(29, "W", 1) = 1
19:19:06.440274,1023,ioctl(9, 0xc0186201, 0xbee6cf10) = 0
19:19:06.441321,1023,ioctl(9, 0xc0186201, 0xbee6cf10) = 0
19:19:06.443012,1023,clock_gettime(CLOCK_MONOTONIC, {164, 727956242}) = 0
19:19:06.470893,1023,clock_gettime(CLOCK_MONOTONIC, {164, 755874184}) = 0
19:19:06.471634,1023,ioctl(9, 0xc0186201, 0xbee6d0c8) = 0
19:19:06.472579,1023,ioctl(9, 0xc0186201, 0xbee6d0c8) = 0
19:19:06.473303,1023,getpid() = 1023
19:19:06.473852,1023,getuid32() = 10050
19:19:06.474397,1023,epoll_wait(0x1e, 0xbee6d1f8, 0x10, 0) = 2
19:19:06.475097,1023,read(23, "WW", 16) = 2
19:19:06.475887,1023,recvfrom(37, "nysv\0\0\0\0\202CtY&\0\0\0È\5\0\0\224Â'¸", 24, MSG_DONTWAIT, NULL, NULL) = 24
19:19:06.478946,1023,recvfrom(37, 0xbee6c828, 24, 64, 0, 0) = -1 EAGAIN (Try again)
19:19:06.479584,1023,clock_gettime(CLOCK_MONOTONIC, {164, 764512512}) = 0
19:19:06.480491,1023,clock_gettime(CLOCK_MONOTONIC, {164, 765576901}) = 0
19:19:06.481364,1023,clock_gettime(CLOCK_MONOTONIC, {164, 766348783}) = 0
19:19:06.482016,1023,clock_gettime(CLOCK_MONOTONIC, {164, 766942645}) = 0
19:19:06.482901,1023,recvfrom(38, 0xb88738b0, 1240, 64, 0, 0) = -1 EAGAIN (Try again)
19:19:06.483549,1023,clock_gettime(CLOCK_MONOTONIC, {164, 768482715}) = 0
19:19:06.484224,1023,clock_gettime(CLOCK_MONOTONIC, {164, 769158607}) = 0
19:19:06.484881,1023,getpid() = 1023
19:19:06.485526,1023,getuid32() = 10050
19:19:06.486089,1023,epoll_wait(0x1e, 0xbee6d1f8, 0x10, 0) = 0
19:19:06.486687,1023,clock_gettime(CLOCK_MONOTONIC, {164, 771619013}) = 0
19:19:06.487353,1023,ioctl(9, 0xc0186201, 0xbee6d328) = 0
19:19:06.487964,1023,epoll_wait(0x1e, 0xbee6d1f8, 0x10, 0x1b) = 0
19:19:06.563741,1023,clock_gettime(CLOCK_MONOTONIC, {164, 848693731}) = 0
19:19:06.564398,1023,clock_gettime(CLOCK_MONOTONIC, {164, 849375851}) = 0
19:19:06.565084,1023,recvfrom(37, 0xbee6c9a8, 24, 64, 0, 0) = -1 EAGAIN (Try again)
19:19:06.575818,1023,ioctl(9, 0xc0186201, 0xbee6d178) = 0
19:19:06.576737,1023,getpid() = 1023
19:19:06.577253,1023,getuid32() = 10050
19:19:06.577859,1023,epoll_wait(0x1e, 0xbee6d1f8, 0x10, 0) = 0
19:19:06.578390,1023,clock_gettime(CLOCK_MONOTONIC, {164, 863359640}) = 0
19:19:06.579103,1023,epoll_wait(0x1e, 0xbee6d1f8, 0x10, 0xffffffff) = 1
19:19:06.589219,1023,recvfrom(37, "nysv\0\0\0\0\34\235Öb&\0\0\0Ê\5\0\0\224Â'¸", 24, MSG_DONTWAIT, NULL, NULL) = 24
19:19:06.589947,1023,recvfrom(37, 0xbee6c828, 24, 64, 0, 0) = -1 EAGAIN (Try again)
19:19:06.590591,1023,clock_gettime(CLOCK_MONOTONIC, {164, 875523900}) = 0
19:19:06.591224,1023,write(29, "W", 1) = 1
19:19:06.591916,1023,clock_gettime(CLOCK_MONOTONIC, {164, 876916788}) = 0
19:19:06.592627,1023,clock_gettime(CLOCK_MONOTONIC, {164, 877554492}) = 0
19:19:06.593294,1023,clock_gettime(CLOCK_MONOTONIC, {164, 878245860}) = 0
19:19:06.593950,1023,clock_gettime(CLOCK_MONOTONIC, {164, 878908117}) = 0
19:19:06.594847,1023,clock_gettime(CLOCK_MONOTONIC, {164, 879775570}) = 0
19:19:06.595481,1023,clock_gettime(CLOCK_MONOTONIC, {164, 880422231}) = 0
19:19:06.596107,1023,recvfrom(37, 0xbee6c9a8, 24, 64, 0, 0) = -1 EAGAIN (Try again)
19:19:06.596696,1023,ioctl(9, 0xc0186201, 0xbee6d178) = 0
19:19:06.607137,1023,clock_gettime(CLOCK_MONOTONIC, {164, 892228342}) = 0
19:19:06.608225,1023,clock_gettime(CLOCK_MONOTONIC, {164, 893158791}) = 0
19:19:06.608891,1023,clock_gettime(CLOCK_MONOTONIC, {164, 893819743}) = 0
19:19:06.609545,1023,clock_gettime(CLOCK_MONOTONIC, {164, 894472025}) = 0
19:19:06.610185,1023,clock_gettime(CLOCK_MONOTONIC, {164, 895304527}) = 0
19:19:06.611102,1023,write(29, "W", 1) = 1
19:19:06.612143,1023,ioctl(9, 0xc0186201, 0xbee6cf10) = 0
19:19:06.613099,1023,ioctl(9, 0xc0186201, 0xbee6cf10) = 0
19:19:06.614674,1023,clock_gettime(CLOCK_MONOTONIC, {164, 899608452}) = 0
19:19:06.630439,1023,clock_gettime(CLOCK_MONOTONIC, {164, 915715169}) = 0
19:19:06.631482,1023,ioctl(9, 0xc0186201, 0xbee6d0c8) = 0
19:19:06.632732,1023,getpid() = 1023
19:19:06.633258,1023,getuid32() = 10050
19:19:06.634046,1023,epoll_wait(0x1e, 0xbee6d1f8, 0x10, 0) = 2
19:19:06.634689,1023,read(23, "WW", 16) = 2
19:19:06.635256,1023,recvfrom(37, "nysv\0\0\0\0N\225ûc&\0\0\0Ë\5\0\0\224Â'¸", 24, MSG_DONTWAIT, NULL, NULL) = 24
19:19:06.672650,1023,recvfrom(37, 0xbee6c828, 24, 64, 0, 0) = -1 EAGAIN (Try again)
19:19:06.673365,1023,clock_gettime(CLOCK_MONOTONIC, {164, 958300548}) = 0
19:19:06.674053,1023,clock_gettime(CLOCK_MONOTONIC, {164, 958981007}) = 0
19:19:06.674662,1023,clock_gettime(CLOCK_MONOTONIC, {164, 959589701}) = 0
19:19:06.675323,1023,clock_gettime(CLOCK_MONOTONIC, {164, 960292347}) = 0
19:19:06.676046,1023,recvfrom(38, 0xb88738b0, 1240, 64, 0, 0) = -1 EAGAIN (Try again)
19:19:06.676626,1023,clock_gettime(CLOCK_MONOTONIC, {164, 961552463}) = 0
19:19:06.677216,1023,clock_gettime(CLOCK_MONOTONIC, {164, 962143091}) = 0
19:19:06.677814,1023,getpid() = 1023
19:19:06.678378,1023,getuid32() = 10050
19:19:06.678922,1023,epoll_wait(0x1e, 0xbee6d1f8, 0x10, 0) = 0
19:19:06.679466,1023,clock_gettime(CLOCK_MONOTONIC, {164, 964391516}) = 0
19:19:06.680062,1023,ioctl(9, 0xc0186201, 0xbee6d328) = 0
19:19:06.680619,1023,epoll_wait(0x1e, 0xbee6d1f8, 0x10, 0x14) = 0
19:19:06.701794,1023,clock_gettime(CLOCK_MONOTONIC, {164, 986793634}) = 0
19:19:06.702517,1023,clock_gettime(CLOCK_MONOTONIC, {164, 987445560}) = 0
19:19:06.703136,1023,recvfrom(37, 0xbee6c9a8, 24, 64, 0, 0) = -1 EAGAIN (Try again)
19:19:06.703732,1023,ioctl(9, 0xc0186201, 0xbee6d178) = 0
19:19:06.704551,1023,getpid() = 1023
19:19:06.705233,1023,getuid32() = 10050
19:19:06.705819,1023,epoll_wait(0x1e, 0xbee6d1f8, 0x10, 0) = 0
19:19:06.706383,1023,clock_gettime(CLOCK_MONOTONIC, {165, 5527965}) = 0
19:19:06.721246,1023,epoll_wait(0x1e, 0xbee6d1f8, 0x10, 0xffffffff) = 1
19:19:06.721847,1023,recvfrom(37, "nysv\0\0\0\0\\\236)j&\0\0\0Í\5\0\0\224Â'¸", 24, MSG_DONTWAIT, NULL, NULL) = 24
19:19:06.722594,1023,recvfrom(37, 0xbee6c828, 24, 64, 0, 0) = -1 EAGAIN (Try again)
19:19:06.723191,1023,clock_gettime(CLOCK_MONOTONIC, {165, 8122960}) = 0
19:19:06.723862,1023,write(29, "W", 1) = 1
19:19:06.724565,1023,clock_gettime(CLOCK_MONOTONIC, {165, 9498084}) = 0
19:19:06.725183,1023,clock_gettime(CLOCK_MONOTONIC, {165, 10117416}) = 0
19:19:06.725831,1023,clock_gettime(CLOCK_MONOTONIC, {165, 10764562}) = 0
19:19:06.726516,1023,clock_gettime(CLOCK_MONOTONIC, {165, 11450854}) = 0
19:19:06.727377,1023,clock_gettime(CLOCK_MONOTONIC, {165, 12349236}) = 0
19:19:06.741560,1023,clock_gettime(CLOCK_MONOTONIC, {165, 26556540}) = 0
19:19:06.742283,1023,recvfrom(37, 0xbee6c9a8, 24, 64, 0, 0) = -1 EAGAIN (Try again)
19:19:06.742894,1023,ioctl(9, 0xc0186201, 0xbee6d178) = 0
19:19:06.743803,1023,clock_gettime(CLOCK_MONOTONIC, {165, 28790111}) = 0
19:19:06.744568,1023,clock_gettime(CLOCK_MONOTONIC, {165, 29497317}) = 0
19:19:06.745163,1023,clock_gettime(CLOCK_MONOTONIC, {165, 30090091}) = 0
19:19:06.745793,1023,clock_gettime(CLOCK_MONOTONIC, {165, 30750462}) = 0
19:19:06.778692,1023,clock_gettime(CLOCK_MONOTONIC, {165, 63671355}) = 0
19:19:06.779548,1023,write(29, "W", 1) = 1
19:19:06.780349,1023,ioctl(9, 0xc0186201, 0xbee6cf10) = 0
19:19:06.781248,1023,ioctl(9, 0xc0186201, 0xbee6cf10) = 0
19:19:06.782654,1023,clock_gettime(CLOCK_MONOTONIC, {165, 67590998}) = 0
19:19:06.786255,1023,clock_gettime(CLOCK_MONOTONIC, {165, 71199623}) = 0
19:19:06.787636,1023,ioctl(9, 0xc0186201, 0xbee6d0c8) = 0
19:19:06.788611,1023,ioctl(9, 0xc0186201, 0xbee6d0c8) = 0
19:19:06.789336,1023,getpid() = 1023
19:19:06.789903,1023,getuid32() = 10050
19:19:06.790477,1023,epoll_wait(0x1e, 0xbee6d1f8, 0x10, 0) = 2
19:19:06.791036,1023,read(23, "WW", 16) = 2
19:19:06.791656,1023,recvfrom(37, "nysv\0\0\0\0Ê&®l&\0\0\0Î\5\0\0\224Â'¸", 24, MSG_DONTWAIT, NULL, NULL) = 24
19:19:06.792331,1023,recvfrom(37, 0xbee6c828, 24, 64, 0, 0) = -1 EAGAIN (Try again)
19:19:06.793029,1023,clock_gettime(CLOCK_MONOTONIC, {165, 77955718}) = 0
19:19:06.793723,1023,clock_gettime(CLOCK_MONOTONIC, {165, 78650341}) = 0
19:19:06.794319,1023,clock_gettime(CLOCK_MONOTONIC, {165, 79285051}) = 0
19:19:06.794944,1023,clock_gettime(CLOCK_MONOTONIC, {165, 79870171}) = 0
19:19:06.795589,1023,recvfrom(38, 0xb88738b0, 1240, 64, 0, 0) = -1 EAGAIN (Try again)
19:19:06.796150,1023,clock_gettime(CLOCK_MONOTONIC, {165, 81101352}) = 0
19:19:06.796802,1023,clock_gettime(CLOCK_MONOTONIC, {165, 81740395}) = 0
19:19:06.797412,1023,getpid() = 1023
19:19:06.797967,1023,getuid32() = 10050
19:19:06.798552,1023,epoll_wait(0x1e, 0xbee6d1f8, 0x10, 0) = 0
19:19:06.799085,1023,clock_gettime(CLOCK_MONOTONIC, {165, 84010149}) = 0
19:19:06.799715,1023,ioctl(9, 0xc0186201, 0xbee6d328) = 0
19:19:06.800278,1023,epoll_wait(0x1e, 0xbee6d1f8, 0x10, 0x23) = 0
19:19:06.837340,1023,clock_gettime(CLOCK_MONOTONIC, {165, 122376435}) = 0
19:19:06.838149,1023,clock_gettime(CLOCK_MONOTONIC, {165, 123088371}) = 0
19:19:06.838953,1023,recvfrom(37, 0xbee6c9a8, 24, 64, 0, 0) = -1 EAGAIN (Try again)
19:19:06.839645,1023,ioctl(9, 0xc0186201, 0xbee6d178) = 0
19:19:06.840476,1023,getpid() = 1023
19:19:06.841158,1023,getuid32() = 10050
19:19:06.841789,1023,epoll_wait(0x1e, 0xbee6d1f8, 0x10, 0) = 0
19:19:06.842346,1023,clock_gettime(CLOCK_MONOTONIC, {165, 127339962}) = 0
19:19:06.843054,1023,epoll_wait(0x1e, 0xbee6d1f8, 0x10, 0xffffffff) = 1
19:19:06.850342,1023,recvfrom(37, "nysv\0\0\0\0Äÿfr&\0\0\0Ð\5\0\0\224Â'¸", 24, MSG_DONTWAIT, NULL, NULL) = 24
19:19:06.851164,1023,recvfrom(37, 0xbee6c828, 24, 64, 0, 0) = -1 EAGAIN (Try again)
19:19:06.851797,1023,clock_gettime(CLOCK_MONOTONIC, {165, 136723781}) = 0
19:19:06.852414,1023,write(29, "W", 1) = 1
19:19:06.853170,1023,clock_gettime(CLOCK_MONOTONIC, {165, 138097347}) = 0
19:19:06.853825,1023,clock_gettime(CLOCK_MONOTONIC, {165, 138812093}) = 0
19:19:06.855131,1023,clock_gettime(CLOCK_MONOTONIC, {165, 140093502}) = 0
19:19:06.866008,1023,clock_gettime(CLOCK_MONOTONIC, {165, 150956213}) = 0
19:19:06.867144,1023,clock_gettime(CLOCK_MONOTONIC, {165, 152077511}) = 0
19:19:06.867823,1023,clock_gettime(CLOCK_MONOTONIC, {165, 152758888}) = 0
19:19:06.868488,1023,recvfrom(37, 0xbee6c9a8, 24, 64, 0, 0) = -1 EAGAIN (Try again)
19:19:06.869087,1023,ioctl(9, 0xc0186201, 0xbee6d178) = 0
19:19:06.869957,1023,clock_gettime(CLOCK_MONOTONIC, {165, 154954318}) = 0
19:19:06.870753,1023,clock_gettime(CLOCK_MONOTONIC, {165, 155689430}) = 0
19:19:06.871378,1023,clock_gettime(CLOCK_MONOTONIC, {165, 156351428}) = 0
19:19:06.872035,1023,clock_gettime(CLOCK_MONOTONIC, {165, 156968832}) = 0
19:19:06.872717,1023,clock_gettime(CLOCK_MONOTONIC, {165, 157650719}) = 0
19:19:06.873355,1023,write(29, "W", 1) = 1
19:19:06.874248,1023,ioctl(9, 0xc0186201, 0xbee6cf10) = 0
19:19:06.875153,1023,ioctl(9, 0xc0186201, 0xbee6cf10) = 0
19:19:06.876565,1023,clock_gettime(CLOCK_MONOTONIC, {165, 161503939}) = 0
19:19:06.879845,1023,clock_gettime(CLOCK_MONOTONIC, {165, 164785737}) = 0
19:19:06.880518,1023,ioctl(9, 0xc0186201, 0xbee6d0c8) = 0
19:19:06.881420,1023,ioctl(9, 0xc0186201, 0xbee6d0c8) = 0
19:19:06.882127,1023,getpid() = 1023
19:19:06.883694,1023,getuid32() = 10050
19:19:06.884763,1023,epoll_wait(0x1e, 0xbee6d1f8, 0x10, 0) = 2
19:19:06.886231,1023,read(23, "WW", 16) = 2
19:19:06.887054,1023,recvfrom(37, "nysv\0\0\0\0\24À;t&\0\0\0Ñ\5\0\0\224Â'¸", 24, MSG_DONTWAIT, NULL, NULL) = 24
19:19:06.887914,1023,recvfrom(37, 0xbee6c828, 24, 64, 0, 0) = -1 EAGAIN (Try again)
19:19:06.888560,1023,clock_gettime(CLOCK_MONOTONIC, {165, 173495806}) = 0
19:19:06.889261,1023,clock_gettime(CLOCK_MONOTONIC, {165, 174196729}) = 0
19:19:06.889944,1023,clock_gettime(CLOCK_MONOTONIC, {165, 174878952}) = 0
19:19:06.890718,1023,clock_gettime(CLOCK_MONOTONIC, {165, 175713146}) = 0
19:19:06.891520,1023,recvfrom(38, 0xb88738b0, 1240, 64, 0, 0) = -1 EAGAIN (Try again)
19:19:06.892156,1023,clock_gettime(CLOCK_MONOTONIC, {165, 177090844}) = 0
19:19:06.892856,1023,clock_gettime(CLOCK_MONOTONIC, {165, 177789429}) = 0
19:19:06.893515,1023,getpid() = 1023
19:19:06.894136,1023,getuid32() = 10050
19:19:06.894750,1023,epoll_wait(0x1e, 0xbee6d1f8, 0x10, 0) = 0
19:19:06.895286,1023,clock_gettime(CLOCK_MONOTONIC, {165, 180237017}) = 0
19:19:06.895921,1023,ioctl(9, 0xc0186201, 0xbee6d328) = 0
19:19:06.896572,1023,epoll_wait(0x1e, 0xbee6d1f8, 0x10, 0x41) = 0
19:19:06.962392,1023,clock_gettime(CLOCK_MONOTONIC, {165, 247756525}) = 0
19:19:06.963496,1023,clock_gettime(CLOCK_MONOTONIC, {165, 248442068}) = 0
19:19:06.964171,1023,recvfrom(37, 0xbee6c9a8, 24, 64, 0, 0) = -1 EAGAIN (Try again)
19:19:06.964785,1023,ioctl(9, 0xc0186201, 0xbee6d178) = 0
19:19:06.965699,1023,getpid() = 1023
19:19:06.966372,1023,getuid32() = 10050
19:19:06.966974,1023,epoll_wait(0x1e, 0xbee6d1f8, 0x10, 0) = 0
19:19:06.967557,1023,clock_gettime(CLOCK_MONOTONIC, {165, 252497819}) = 0
19:19:06.968215,1023,epoll_wait(0x1e, 0xbee6d1f8, 0x10, 0xffffffff) = 1
19:19:06.981935,1023,recvfrom(37, "nysv\0\0\0\0\4\1ºy&\0\0\0Ò\5\0\0\224Â'¸", 24, MSG_DONTWAIT, NULL, NULL) = 24
19:19:06.982723,1023,recvfrom(37, 0xbee6c828, 24, 64, 0, 0) = -1 EAGAIN (Try again)
19:19:06.983375,1023,clock_gettime(CLOCK_MONOTONIC, {165, 268331425}) = 0
19:19:06.984081,1023,write(29, "W", 1) = 1
19:19:06.984810,1023,clock_gettime(CLOCK_MONOTONIC, {165, 269760290}) = 0
19:19:06.985496,1023,clock_gettime(CLOCK_MONOTONIC, {165, 270447558}) = 0
19:19:06.986165,1023,clock_gettime(CLOCK_MONOTONIC, {165, 271117083}) = 0
19:19:06.986845,1023,clock_gettime(CLOCK_MONOTONIC, {165, 271795359}) = 0
19:19:06.987793,1023,clock_gettime(CLOCK_MONOTONIC, {165, 272743623}) = 0
19:19:06.988490,1023,clock_gettime(CLOCK_MONOTONIC, {165, 273440833}) = 0
19:19:06.989183,1023,recvfrom(37, 0xbee6c9a8, 24, 64, 0, 0) = -1 EAGAIN (Try again)
19:19:06.989813,1023,ioctl(9, 0xc0186201, 0xbee6d178) = 0
19:19:06.990694,1023,clock_gettime(CLOCK_MONOTONIC, {165, 275702577}) = 0
19:19:06.991459,1023,clock_gettime(CLOCK_MONOTONIC, {165, 276411249}) = 0
19:19:06.992141,1023,clock_gettime(CLOCK_MONOTONIC, {165, 277091304}) = 0
19:19:06.992823,1023,clock_gettime(CLOCK_MONOTONIC, {165, 277774119}) = 0
19:19:06.993529,1023,clock_gettime(CLOCK_MONOTONIC, {165, 278480233}) = 0
19:19:06.994227,1023,write(29, "W", 1) = 1
19:19:07.002370,1023,ioctl(9, 0xc0186201, 0xbee6cf10) = 0
19:19:07.003352,1023,ioctl(9, 0xc0186201, 0xbee6cf10) = 0
19:19:07.004758,1023,clock_gettime(CLOCK_MONOTONIC, {165, 289712002}) = 0
19:19:07.008386,1023,clock_gettime(CLOCK_MONOTONIC, {165, 293347875}) = 0
19:19:07.009084,1023,ioctl(9, 0xc0186201, 0xbee6d0c8) = 0
19:19:07.010007,1023,ioctl(9, 0xc0186201, 0xbee6d0c8) = 0
19:19:07.010739,1023,getpid() = 1023
19:19:07.011313,1023,getuid32() = 10050
19:19:07.011932,1023,epoll_wait(0x1e, 0xbee6d1f8, 0x10, 0) = 2
19:19:07.012537,1023,read(23, "WW", 16) = 2
19:19:07.013172,1023,recvfrom(37, "nysv\0\0\0\0,a¤z&\0\0\0Ó\5\0\0\224Â'¸", 24, MSG_DONTWAIT, NULL, NULL) = 24
19:19:07.013943,1023,recvfrom(37, 0xbee6c828, 24, 64, 0, 0) = -1 EAGAIN (Try again)
19:19:07.014588,1023,clock_gettime(CLOCK_MONOTONIC, {165, 299719350}) = 0
19:19:07.028090,1023,clock_gettime(CLOCK_MONOTONIC, {165, 313280853}) = 0
19:19:07.029051,1023,clock_gettime(CLOCK_MONOTONIC, {165, 313996226}) = 0
19:19:07.029709,1023,clock_gettime(CLOCK_MONOTONIC, {165, 314649534}) = 0
19:19:07.030422,1023,recvfrom(38, 0xb88738b0, 1240, 64, 0, 0) = -1 EAGAIN (Try again)
19:19:07.031047,1023,clock_gettime(CLOCK_MONOTONIC, {165, 315987346}) = 0
19:19:07.031696,1023,clock_gettime(CLOCK_MONOTONIC, {165, 316635610}) = 0
19:19:07.032338,1023,getpid() = 1023
19:19:07.032889,1023,getuid32() = 10050
19:19:07.033482,1023,epoll_wait(0x1e, 0xbee6d1f8, 0x10, 0) = 0
19:19:07.034064,1023,clock_gettime(CLOCK_MONOTONIC, {165, 319001610}) = 0
19:19:07.034715,1023,ioctl(9, 0xc0186201, 0xbee6d328) = 0
19:19:07.035313,1023,epoll_wait(0x1e, 0xbee6d1f8, 0x10, 0x2f) = 0
19:19:07.085749,1023,clock_gettime(CLOCK_MONOTONIC, {165, 370725513}) = 0
19:19:07.086454,1023,clock_gettime(CLOCK_MONOTONIC, {165, 371394798}) = 0
19:19:07.087122,1023,recvfrom(37, 0xbee6c9a8, 24, 64, 0, 0) = -1 EAGAIN (Try again)
19:19:07.087733,1023,ioctl(9, 0xc0186201, 0xbee6d178) = 0
19:19:07.088584,1023,getpid() = 1023
19:19:07.089252,1023,getuid32() = 10050
19:19:07.089851,1023,epoll_wait(0x1e, 0xbee6d1f8, 0x10, 0) = 0
19:19:07.090425,1023,clock_gettime(CLOCK_MONOTONIC, {165, 375396991}) = 0
19:19:07.091115,1023,epoll_wait(0x1e, 0xbee6d1f8, 0x10, 0xffffffff) = 1
19:19:07.093651,1023,recvfrom(37, "nysv\0\0\0\0D\2\r\201&\0\0\0Õ\5\0\0\224Â'¸", 24, MSG_DONTWAIT, NULL, NULL) = 24
19:19:07.094392,1023,recvfrom(37, 0xbee6c828, 24, 64, 0, 0) = -1 EAGAIN (Try again)
19:19:07.095031,1023,clock_gettime(CLOCK_MONOTONIC, {165, 379970717}) = 0
19:19:07.095701,1023,write(29, "W", 1) = 1
19:19:07.096388,1023,clock_gettime(CLOCK_MONOTONIC, {165, 381334541}) = 0
19:19:07.097043,1023,clock_gettime(CLOCK_MONOTONIC, {165, 381982301}) = 0
19:19:07.097686,1023,clock_gettime(CLOCK_MONOTONIC, {165, 382624459}) = 0
19:19:07.098323,1023,clock_gettime(CLOCK_MONOTONIC, {165, 383268922}) = 0
19:19:07.099221,1023,clock_gettime(CLOCK_MONOTONIC, {165, 384161711}) = 0
19:19:07.099887,1023,clock_gettime(CLOCK_MONOTONIC, {165, 384826152}) = 0
19:19:07.100552,1023,recvfrom(37, 0xbee6c9a8, 24, 64, 0, 0) = -1 EAGAIN (Try again)
19:19:07.101145,1023,ioctl(9, 0xc0186201, 0xbee6d178) = 0
19:19:07.101987,1023,clock_gettime(CLOCK_MONOTONIC, {165, 386981845}) = 0
19:19:07.102715,1023,clock_gettime(CLOCK_MONOTONIC, {165, 387657027}) = 0
19:19:07.103361,1023,clock_gettime(CLOCK_MONOTONIC, {165, 388308224}) = 0
19:19:07.104010,1023,clock_gettime(CLOCK_MONOTONIC, {165, 388950478}) = 0
19:19:07.104685,1023,clock_gettime(CLOCK_MONOTONIC, {165, 389625237}) = 0
19:19:07.105348,1023,write(29, "W", 1) = 1
19:19:07.106160,1023,ioctl(9, 0xc0186201, 0xbee6cf10) = 0
19:19:07.106973,1023,ioctl(9, 0xc0186201, 0xbee6cf10) = 0
19:19:07.108294,1023,clock_gettime(CLOCK_MONOTONIC, {165, 393245216}) = 0
19:19:07.127081,1063,<... read resumed> "401\0\0\0\0\4\7\0\0\0", 4096) = 12
19:19:07.130701,1023,clock_gettime(CLOCK_MONOTONIC, <unfinished ...>
19:19:07.131043,1063,close(50 <unfinished ...>
19:19:07.131353,1023,<... clock_gettime resumed> {165, 415989030}) = 0
19:19:07.132090,1023,ioctl(9, 0xc0186201 <unfinished ...>
19:19:07.132420,1063,<... close resumed> ) = 0
19:19:07.132804,1023,<... ioctl resumed> , 0xbee6d0c8) = 0
19:19:07.133150,1063,open("/system/etc/hosts", O_RDONLY <unfinished ...>
19:19:07.134013,1023,ioctl(9, 0xc0186201 <unfinished ...>
19:19:07.134383,1063,<... open resumed> ) = 47
19:19:07.134775,1023,<... ioctl resumed> , 0xbee6d0c8) = 0
19:19:07.135149,1063,fstat64(47, <unfinished ...>
19:19:07.135701,1023,getpid( <unfinished ...>
19:19:07.154746,1063,<... fstat64 resumed> {st_mode=S_IFREG|0644, st_size=25, ...}) = 0
19:19:07.155596,1023,<... getpid resumed> ) = 1023
19:19:07.156042,1063,mprotect(0xb6584000, 4096, PROT_READ|PROT_WRITE <unfinished ...>
19:19:07.156390,1023,getuid32( <unfinished ...>
19:19:07.156741,1063,<... mprotect resumed> ) = 0
19:19:07.157046,1023,<... getuid32 resumed> ) = 10050
19:19:07.157392,1063,mprotect(0xb6584000, 4096, PROT_READ <unfinished ...>
19:19:07.157799,1023,epoll_wait(0x1e, 0xbee6d1f8, 0x10, 0 <unfinished ...>
19:19:07.158088,1063,<... mprotect resumed> ) = 0
19:19:07.158402,1023,<... epoll_wait resumed> ) = 2
19:19:07.158715,1063,read(47, <unfinished ...>
19:19:07.159056,1023,read(23, "WW", 16) = 2
19:19:07.159905,1023,recvfrom(37, "nysv\0\0\0\0X2\202\201&\0\0\0Ö\5\0\0\224Â'¸", 24, MSG_DONTWAIT, NULL, NULL) = 24
19:19:07.160786,1023,recvfrom(37, 0xbee6c828, 24, 64, 0, 0) = -1 EAGAIN (Try again)
19:19:07.161448,1023,clock_gettime(CLOCK_MONOTONIC, {165, 446398128}) = 0
19:19:07.162207,1023,clock_gettime(CLOCK_MONOTONIC, {165, 447287408}) = 0
19:19:07.163018,1023,clock_gettime(CLOCK_MONOTONIC, {165, 447959914}) = 0
19:19:07.163666,1023,clock_gettime(CLOCK_MONOTONIC, {165, 448606918}) = 0
19:19:07.164328,1023,recvfrom(38, 0xb88738b0, 1240, 64, 0, 0) = -1 EAGAIN (Try again)
19:19:07.164998,1023,clock_gettime(CLOCK_MONOTONIC, {165, 449938789}) = 0
19:19:07.178692,1023,clock_gettime(CLOCK_MONOTONIC, {165, 463654751}) = 0
19:19:07.179388,1023,getpid() = 1023
19:19:07.179972,1023,getuid32() = 10050
19:19:07.180633,1023,epoll_wait(0x1e, 0xbee6d1f8, 0x10, 0) = 0
19:19:07.181221,1023,clock_gettime(CLOCK_MONOTONIC, {165, 466161221}) = 0
19:19:07.182022,1023,ioctl(9, 0xc0186201, 0xbee6d328) = 0
19:19:07.182642,1023,epoll_wait(0x1e, 0xbee6d1f8, 0x10, 0xb <unfinished ...>
19:19:07.182967,1063,<... read resumed> "127.0.0.1\t\t localhost\n", 4096) = 25
19:19:07.183468,1063,read(47, "", 4096) = 0
19:19:07.183992,1063,close(47) = 0
19:19:07.184539,1063,mmap2(NULL, 69632, PROT_READ|PROT_WRITE, MAP_PRIVATE|MAP_ANONYMOUS, -1, 0) = 0xac802000
19:19:07.185092,1063,madvise(0xac802000, 69632, 0xc /* MADV_??? */) = -1 EINVAL (Invalid argument)
19:19:07.185701,1063,mmap2(NULL, 69632, PROT_READ|PROT_WRITE, MAP_PRIVATE|MAP_ANONYMOUS, -1, 0) = 0xac7f1000
19:19:07.186233,1063,madvise(0xac7f1000, 69632, 0xc /* MADV_??? */) = -1 EINVAL (Invalid argument)
19:19:07.186817,1063,getpid() = 1023
19:19:07.187412,1063,socket(PF_INET6, SOCK_DGRAM, IPPROTO_UDP) = 47
19:19:07.187994,1063,connect(47, {sa_family=AF_INET6, sin6_port=htons(0), inet_pton(AF_INET6, "2000::", &sin6_addr), sin6_flowinfo=0, sin6_scope_id=0}, 28) = -1 ENETUNREACH (Network is unreachable)
19:19:07.188761,1063,close(47) = 0
19:19:07.189310,1063,socket(PF_INET, SOCK_DGRAM, IPPROTO_UDP) = 47
19:19:07.189855,1063,connect(47, {sa_family=AF_INET, sin_port=htons(0), sin_addr=inet_addr("8.8.8.8")}, 16) = 0
19:19:07.190507,1063,close(47) = 0
19:19:07.191169,1063,getpid() = 1023
19:19:07.191678,1063,open("/dev/urandom", O_RDONLY) = 47
19:19:07.192324,1063,read(47, <unfinished ...>
19:19:07.195091,1023,<... epoll_wait resumed> ) = 0
19:19:07.195499,1023,clock_gettime(CLOCK_MONOTONIC, {165, 480444344}) = 0
19:19:07.196161,1023,clock_gettime(CLOCK_MONOTONIC, {165, 481103043}) = 0
19:19:07.196834,1023,recvfrom(37, 0xbee6c9a8, 24, 64, 0, 0) = -1 EAGAIN (Try again)
19:19:07.197437,1023,ioctl(9, 0xc0186201, 0xbee6d178) = 0
19:19:07.215675,1023,getpid() = 1023
19:19:07.216290,1023,getuid32() = 10050
19:19:07.216902,1023,epoll_wait(0x1e, 0xbee6d1f8, 0x10, 0) = 1
19:19:07.217484,1023,recvfrom(37, "nysv\0\0\0\0f;°\207&\0\0\0Ø\5\0\0\224Â'¸", 24, MSG_DONTWAIT, NULL, NULL) = 24
19:19:07.218220,1023,recvfrom(37, 0xbee6c828, 24, 64, 0, 0) = -1 EAGAIN (Try again)
19:19:07.218846,1023,clock_gettime(CLOCK_MONOTONIC, {165, 503786531}) = 0
19:19:07.219561,1023,clock_gettime(CLOCK_MONOTONIC, {165, 504503517}) = 0
19:19:07.220209,1023,clock_gettime(CLOCK_MONOTONIC, {165, 505150046}) = 0
19:19:07.220854,1023,clock_gettime(CLOCK_MONOTONIC, {165, 505794234}) = 0
19:19:07.221499,1023,clock_gettime(CLOCK_MONOTONIC, {165, 506439230}) = 0
19:19:07.222392,1023,clock_gettime(CLOCK_MONOTONIC, {165, 507341124}) = 0
19:19:07.223058,1023,clock_gettime(CLOCK_MONOTONIC, {165, 507999500}) = 0
19:19:07.223726,1023,recvfrom(37, 0xbee6c9a8, 24, 64, 0, 0) = -1 EAGAIN (Try again)
19:19:07.224321,1023,ioctl(9, 0xc0186201, 0xbee6d178) = 0
19:19:07.225299,1023,clock_gettime(CLOCK_MONOTONIC, {165, 510255561}) = 0
19:19:07.225986,1023,clock_gettime(CLOCK_MONOTONIC, {165, 510928395}) = 0
19:19:07.226752,1023,clock_gettime(CLOCK_MONOTONIC, {165, 511695129}) = 0
19:19:07.227456,1023,clock_gettime(CLOCK_MONOTONIC, {165, 512398570}) = 0
19:19:07.228129,1023,clock_gettime(CLOCK_MONOTONIC, {165, 513070004}) = 0
19:19:07.228803,1023,write(29, "W", 1) = 1
19:19:07.229677,1023,ioctl(9, 0xc0186201, 0xbee6cf10) = 0
19:19:07.230509,1023,ioctl(9, 0xc0186201, 0xbee6cf10) = 0
19:19:07.231842,1023,clock_gettime(CLOCK_MONOTONIC, {165, 516787509}) = 0
19:19:07.235536,1023,clock_gettime(CLOCK_MONOTONIC, {165, 520497362}) = 0
19:19:07.236239,1023,ioctl(9, 0xc0186201, 0xbee6d0c8) = 0
19:19:07.237053,1023,ioctl(9, 0xc0186201, 0xbee6d0c8) = 0
19:19:07.238248,1023,getpid() = 1023
19:19:07.238834,1023,getuid32() = 10050
19:19:07.239455,1023,epoll_wait(0x1e, 0xbee6d1f8, 0x10, 0) = 1
19:19:07.240047,1023,read(23, "W", 16) = 1
19:19:07.240708,1023,clock_gettime(CLOCK_MONOTONIC, {165, 525656733}) = 0
19:19:07.241388,1023,ioctl(9, 0xc0186201, 0xbee6d328) = 0
19:19:07.242011,1023,epoll_wait(0x1e, 0xbee6d1f8, 0x10, 0x4c) = 1
19:19:07.258298,1023,recvfrom(37, "nysv\0\0\0\0ÔÃ4\212&\0\0\0Ù\5\0\0\224Â'¸", 24, MSG_DONTWAIT, NULL, NULL) = 24
19:19:07.259154,1023,recvfrom(37, 0xbee6c828, 24, 64, 0, 0) = -1 EAGAIN (Try again)
19:19:07.259792,1023,clock_gettime(CLOCK_MONOTONIC, {165, 544786995}) = 0
19:19:07.260536,1023,write(29, "W", 1) = 1
19:19:07.261230,1023,clock_gettime(CLOCK_MONOTONIC, {165, 546171672}) = 0
19:19:07.261935,1023,clock_gettime(CLOCK_MONOTONIC, {165, 546877035}) = 0
19:19:07.262583,1023,clock_gettime(CLOCK_MONOTONIC, {165, 547524568}) = 0
19:19:07.263247,1023,recvfrom(38, 0xb88738b0, 1240, 64, 0, 0) = -1 EAGAIN (Try again)
19:19:07.263863,1023,clock_gettime(CLOCK_MONOTONIC, {165, 548804205}) = 0
19:19:07.264510,1023,clock_gettime(CLOCK_MONOTONIC, {165, 549449761}) = 0
19:19:07.265150,1023,getpid() = 1023
19:19:07.265702,1023,getuid32() = 10050
19:19:07.266287,1023,epoll_wait(0x1e, 0xbee6d1f8, 0x10, 0) = 1
19:19:07.266854,1023,read(23, "W", 16) = 1
19:19:07.267482,1023,clock_gettime(CLOCK_MONOTONIC, {165, 552422497}) = 0
19:19:07.268143,1023,epoll_wait(0x1e, 0xbee6d1f8, 0x10, 0x31 <unfinished ...>
19:19:07.280306,1063,<... read resumed> "!}ý\204", 4) = 4
19:19:07.280707,1063,close(47) = 0
19:19:07.281456,1063,uname({sys="Linux", node="localhost", ...}) = 0
19:19:07.284164,1063,open("/dev/urandom", O_RDONLY) = 47
19:19:07.284857,1063,read(47, "òG<\200", 4) = 4
19:19:07.285447,1063,close(47) = 0
19:19:07.286061,1063,socket(PF_INET, SOCK_DGRAM, IPPROTO_IP) = 47
19:19:07.286647,1063,open("/dev/urandom", O_RDONLY) = 48
19:19:07.287311,1063,read(48, ",²sØ", 4) = 4
19:19:07.287890,1063,close(48) = 0
19:19:07.310541,1063,bind(47, {sa_family=AF_INET, sin_port=htons(46637), sin_addr=inet_addr("0.0.0.0")}, 16) = 0
19:19:07.311219,1063,connect(47, {sa_family=AF_INET, sin_port=htons(53), sin_addr=inet_addr("10.0.2.3")}, 16) = 0
19:19:07.311868,1063,sendto(47, "Gò\1\0\0\1\0\0\0\0\0\0\6client\nmustmobile\3c"..., 39, 0, NULL, 0) = 39
19:19:07.312851,1063,clock_gettime(CLOCK_REALTIME, {1738783147, 313039675}) = 0
19:19:07.313449,1063,clock_gettime(CLOCK_REALTIME, {1738783147, 313717375}) = 0
19:19:07.314158,1063,select(48, [47], NULL, NULL, {4, 999323} <unfinished ...>
19:19:07.317956,1023,<... epoll_wait resumed> ) = 0
19:19:07.318345,1023,clock_gettime(CLOCK_MONOTONIC, {165, 603295589}) = 0
19:19:07.319017,1023,clock_gettime(CLOCK_MONOTONIC, {165, 603958514}) = 0
19:19:07.319692,1023,recvfrom(37, 0xbee6c9a8, 24, 64, 0, 0) = -1 EAGAIN (Try again)
19:19:07.320296,1023,ioctl(9, 0xc0186201, 0xbee6d178) = 0
19:19:07.321150,1023,getpid() = 1023
19:19:07.321832,1023,getuid32() = 10050
19:19:07.322425,1023,epoll_wait(0x1e, 0xbee6d1f8, 0x10, 0) = 0
19:19:07.323008,1023,clock_gettime(CLOCK_MONOTONIC, {165, 607948524}) = 0
19:19:07.323933,1023,epoll_wait(0x1e, 0xbee6d1f8, 0x10, 0xffffffff) = 1
19:19:07.324638,1023,recvfrom(37, "nysv\0\0\0\0¦<\3\217&\0\0\0Ú\5\0\0\224Â'¸", 24, MSG_DONTWAIT, NULL, NULL) = 24
19:19:07.325373,1023,recvfrom(37, 0xbee6c828, 24, 64, 0, 0) = -1 EAGAIN (Try again)
19:19:07.338040,1023,clock_gettime(CLOCK_MONOTONIC, {165, 623019523}) = 0
19:19:07.338775,1023,write(29, "W", 1) = 1
19:19:07.339483,1023,clock_gettime(CLOCK_MONOTONIC, {165, 624483341}) = 0
19:19:07.340196,1023,clock_gettime(CLOCK_MONOTONIC, {165, 625137612}) = 0
19:19:07.340960,1023,clock_gettime(CLOCK_MONOTONIC, {165, 625903629}) = 0
19:19:07.341612,1023,clock_gettime(CLOCK_MONOTONIC, {165, 626553654}) = 0
19:19:07.343023,1023,clock_gettime(CLOCK_MONOTONIC, {165, 627980775}) = 0
19:19:07.343786,1023,clock_gettime(CLOCK_MONOTONIC, {165, 628766644}) = 0
19:19:07.344520,1023,recvfrom(37, 0xbee6c9a8, 24, 64, 0, 0) = -1 EAGAIN (Try again)
19:19:07.345185,1023,ioctl(9, 0xc0186201, 0xbee6d178) = 0
19:19:07.346057,1023,clock_gettime(CLOCK_MONOTONIC, {165, 631152075}) = 0
19:19:07.346937,1023,clock_gettime(CLOCK_MONOTONIC, {165, 631882738}) = 0
19:19:07.347597,1023,clock_gettime(CLOCK_MONOTONIC, {165, 632538849}) = 0
19:19:07.348242,1023,clock_gettime(CLOCK_MONOTONIC, {165, 633183622}) = 0
19:19:07.348919,1023,clock_gettime(CLOCK_MONOTONIC, {165, 633887272}) = 0
19:19:07.349621,1023,write(29, "W", 1) = 1
19:19:07.350451,1023,ioctl(9, 0xc0186201, 0xbee6cf10) = 0
19:19:07.351283,1023,ioctl(9, 0xc0186201, 0xbee6cf10) = 0
19:19:07.352628,1023,clock_gettime(CLOCK_MONOTONIC, {165, 637574099}) = 0
19:19:07.354752,1023,brk(0xb8978000) = 0xb8978000
19:19:07.356919,1023,clock_gettime(CLOCK_MONOTONIC, {165, 641864762}) = 0
19:19:07.357586,1023,ioctl(9, 0xc0186201, 0xbee6d0c8) = 0
19:19:07.358346,1023,ioctl(9, 0xc0186201, 0xbee6d0c8) = 0
19:19:07.359323,1023,getpid() = 1023
19:19:07.359883,1023,getuid32() = 10050
19:19:07.360478,1023,epoll_wait(0x1e, 0xbee6d1f8, 0x10, 0) = 1
19:19:07.368777,1023,read(23, "WW", 16) = 2
19:19:07.369503,1023,clock_gettime(CLOCK_MONOTONIC, {165, 654450196}) = 0
19:19:07.370243,1023,ioctl(9, 0xc0186201, 0xbee6d328) = 0
19:19:07.370941,1023,epoll_wait(0x1e, 0xbee6d1f8, 0x10, 0x44) = 1
19:19:07.388846,1023,recvfrom(37, "nysv\0\0\0\0\n-M\221&\0\0\0Û\5\0\0\224Â'¸", 24, MSG_DONTWAIT, NULL, NULL) = 24
19:19:07.399866,1023,recvfrom(37, 0xbee6c828, 24, 64, 0, 0) = -1 EAGAIN (Try again)
19:19:07.400584,1023,clock_gettime(CLOCK_MONOTONIC, {165, 685529986}) = 0
19:19:07.401272,1023,write(29, "W", 1) = 1
19:19:07.401971,1023,clock_gettime(CLOCK_MONOTONIC, {165, 686960383}) = 0
19:19:07.402680,1023,clock_gettime(CLOCK_MONOTONIC, {165, 687622202}) = 0
19:19:07.403322,1023,clock_gettime(CLOCK_MONOTONIC, {165, 688269096}) = 0
19:19:07.403992,1023,recvfrom(38, 0xb88738b0, 1240, 64, 0, 0) = -1 EAGAIN (Try again)
19:19:07.404608,1023,clock_gettime(CLOCK_MONOTONIC, {165, 689548879}) = 0
19:19:07.405249,1023,clock_gettime(CLOCK_MONOTONIC, {165, 690189468}) = 0
19:19:07.405896,1023,getpid() = 1023
19:19:07.406448,1023,getuid32() = 10050
19:19:07.407031,1023,epoll_wait(0x1e, 0xbee6d1f8, 0x10, 0) = 1
19:19:07.417329,1023,read(23, "W", 16) = 1
19:19:07.418189,1023,clock_gettime(CLOCK_MONOTONIC, {165, 703151934}) = 0
19:19:07.419108,1023,epoll_wait(0x1e, 0xbee6d1f8, 0x10, 0x13) = 0
19:19:07.439245,1023,clock_gettime(CLOCK_MONOTONIC, {165, 724210653}) = 0
19:19:07.439936,1023,clock_gettime(CLOCK_MONOTONIC, {165, 724879210}) = 0
19:19:07.440658,1023,recvfrom(37, 0xbee6c9a8, 24, 64, 0, 0) = -1 EAGAIN (Try again)
19:19:07.441295,1023,ioctl(9, 0xc0186201, 0xbee6d178) = 0
19:19:07.442646,1023,getpid() = 1023
19:19:07.443362,1023,getuid32() = 10050
19:19:07.443979,1023,epoll_wait(0x1e, 0xbee6d1f8, 0x10, 0) = 0
19:19:07.444591,1023,clock_gettime(CLOCK_MONOTONIC, {165, 729540674}) = 0
19:19:07.445283,1023,epoll_wait(0x1e, 0xbee6d1f8, 0x10, 0xffffffff) = 1
19:19:07.447443,1023,recvfrom(37, "nysv\0\0\0\0æ=V\226&\0\0\0Þ\5\0\0\224Â'¸", 24, MSG_DONTWAIT, NULL, NULL) = 24
19:19:07.448640,1023,recvfrom(37, 0xbee6c828, 24, 64, 0, 0) = -1 EAGAIN (Try again)
19:19:07.449264,1023,clock_gettime(CLOCK_MONOTONIC, {165, 734250924}) = 0
19:19:07.450575,1023,write(29, "W", 1) = 1
19:19:07.451470,1023,clock_gettime(CLOCK_MONOTONIC, {165, 736413667}) = 0
19:19:07.452149,1023,clock_gettime(CLOCK_MONOTONIC, {165, 737099615}) = 0
19:19:07.452828,1023,clock_gettime(CLOCK_MONOTONIC, {165, 737777415}) = 0
19:19:07.453505,1023,clock_gettime(CLOCK_MONOTONIC, {165, 738453954}) = 0
19:19:07.454448,1023,clock_gettime(CLOCK_MONOTONIC, {165, 739513548}) = 0
19:19:07.455303,1023,clock_gettime(CLOCK_MONOTONIC, {165, 740315667}) = 0
19:19:07.456074,1023,recvfrom(37, 0xbee6c9a8, 24, 64, 0, 0) = -1 EAGAIN (Try again)
19:19:07.466151,1023,ioctl(9, 0xc0186201, 0xbee6d178) = 0
19:19:07.467122,1023,clock_gettime(CLOCK_MONOTONIC, {165, 752132088}) = 0
19:19:07.467936,1023,clock_gettime(CLOCK_MONOTONIC, {165, 752880482}) = 0
19:19:07.468596,1023,clock_gettime(CLOCK_MONOTONIC, {165, 753537937}) = 0
19:19:07.469242,1023,clock_gettime(CLOCK_MONOTONIC, {165, 754183723}) = 0
19:19:07.469922,1023,clock_gettime(CLOCK_MONOTONIC, {165, 754862943}) = 0
19:19:07.470596,1023,write(29, "W", 1) = 1
19:19:07.471427,1023,ioctl(9, 0xc0186201, 0xbee6cf10) = 0
19:19:07.472249,1023,ioctl(9, 0xc0186201, 0xbee6cf10) = 0
19:19:07.473797,1023,clock_gettime(CLOCK_MONOTONIC, {165, 758834115}) = 0
19:19:07.477518,1023,clock_gettime(CLOCK_MONOTONIC, {165, 762468964}) = 0
19:19:07.478186,1023,ioctl(9, 0xc0186201, 0xbee6d0c8) = 0
19:19:07.496003,1023,ioctl(9, 0xc0186201, 0xbee6d0c8) = 0
19:19:07.496769,1023,getpid() = 1023
19:19:07.497325,1023,getuid32() = 10050
19:19:07.497928,1023,epoll_wait(0x1e, 0xbee6d1f8, 0x10, 0) = 2
19:19:07.498511,1023,read(23, "WW", 16) = 2
19:19:07.499120,1023,recvfrom(37, "nysv\0\0\0\0\"Îµ\227&\0\0\0ß\5\0\0\224Â'¸", 24, MSG_DONTWAIT, NULL, NULL) = 24
19:19:07.499920,1023,recvfrom(37, 0xbee6c828, 24, 64, 0, 0) = -1 EAGAIN (Try again)
19:19:07.500550,1023,clock_gettime(CLOCK_MONOTONIC, {165, 785534162}) = 0
19:19:07.501311,1023,clock_gettime(CLOCK_MONOTONIC, {165, 786259646}) = 0
19:19:07.501969,1023,clock_gettime(CLOCK_MONOTONIC, {165, 786910574}) = 0
19:19:07.502615,1023,clock_gettime(CLOCK_MONOTONIC, {165, 787555924}) = 0
19:19:07.503275,1023,recvfrom(38, 0xb88738b0, 1240, 64, 0, 0) = -1 EAGAIN (Try again)
19:19:07.503890,1023,clock_gettime(CLOCK_MONOTONIC, {165, 788831369}) = 0
19:19:07.504538,1023,clock_gettime(CLOCK_MONOTONIC, {165, 789478092}) = 0
19:19:07.505177,1023,getpid() = 1023
19:19:07.505860,1023,getuid32() = 10050
19:19:07.506456,1023,epoll_wait(0x1e, 0xbee6d1f8, 0x10, 0) = 0
19:19:07.507066,1023,clock_gettime(CLOCK_MONOTONIC, {165, 792015238}) = 0
19:19:07.507843,1023,ioctl(9, 0xc0186201, 0xbee6d328) = 0
19:19:07.508458,1023,epoll_wait(0x1e, 0xbee6d1f8, 0x10, 0x33) = 0
19:19:07.566316,1023,clock_gettime(CLOCK_MONOTONIC, {165, 851282349}) = 0
19:19:07.567009,1023,clock_gettime(CLOCK_MONOTONIC, {165, 851953169}) = 0
19:19:07.567688,1023,recvfrom(37, 0xbee6c9a8, 24, 64, 0, 0) = -1 EAGAIN (Try again)
19:19:07.568294,1023,ioctl(9, 0xc0186201, 0xbee6d178) = 0
19:19:07.569148,1023,getpid() = 1023
19:19:07.569830,1023,getuid32() = 10050
19:19:07.570424,1023,epoll_wait(0x1e, 0xbee6d1f8, 0x10, 0) = 0
19:19:07.571007,1023,clock_gettime(CLOCK_MONOTONIC, {165, 855947486}) = 0
19:19:07.571671,1023,epoll_wait(0x1e, 0xbee6d1f8, 0x10, 0xffffffff) = 1
19:19:07.575826,1023,recvfrom(37, "nysv\0\0\0\0000×ã\235&\0\0\0á\5\0\0\224Â'¸", 24, MSG_DONTWAIT, NULL, NULL) = 24
19:19:07.576576,1023,recvfrom(37, 0xbee6c828, 24, 64, 0, 0) = -1 EAGAIN (Try again)
19:19:07.577199,1023,clock_gettime(CLOCK_MONOTONIC, {165, 862141438}) = 0
19:19:07.577874,1023,write(29, "W", 1) = 1
19:19:07.578573,1023,clock_gettime(CLOCK_MONOTONIC, {165, 863514816}) = 0
19:19:07.579224,1023,clock_gettime(CLOCK_MONOTONIC, {165, 864165312}) = 0
19:19:07.579871,1023,clock_gettime(CLOCK_MONOTONIC, {165, 864812296}) = 0
19:19:07.580518,1023,clock_gettime(CLOCK_MONOTONIC, {165, 865459308}) = 0
19:19:07.581414,1023,clock_gettime(CLOCK_MONOTONIC, {165, 866362401}) = 0
19:19:07.582082,1023,clock_gettime(CLOCK_MONOTONIC, {165, 867022956}) = 0
19:19:07.582751,1023,recvfrom(37, 0xbee6c9a8, 24, 64, 0, 0) = -1 EAGAIN (Try again)
19:19:07.583345,1023,ioctl(9, 0xc0186201, 0xbee6d178) = 0
19:19:07.584175,1023,clock_gettime(CLOCK_MONOTONIC, {165, 869170383}) = 0
19:19:07.584903,1023,clock_gettime(CLOCK_MONOTONIC, {165, 869845532}) = 0
19:19:07.585558,1023,clock_gettime(CLOCK_MONOTONIC, {165, 870498000}) = 0
19:19:07.586201,1023,clock_gettime(CLOCK_MONOTONIC, {165, 871141329}) = 0
19:19:07.586874,1023,clock_gettime(CLOCK_MONOTONIC, {165, 871814755}) = 0
19:19:07.587543,1023,write(29, "W", 1) = 1
19:19:07.588349,1023,ioctl(9, 0xc0186201, 0xbee6cf10) = 0
19:19:07.589165,1023,ioctl(9, 0xc0186201, 0xbee6cf10) = 0
19:19:07.590485,1023,clock_gettime(CLOCK_MONOTONIC, {165, 875430363}) = 0
19:19:07.611395,1023,clock_gettime(CLOCK_MONOTONIC, {165, 896392779}) = 0
19:19:07.612145,1023,ioctl(9, 0xc0186201, 0xbee6d0c8) = 0
19:19:07.613366,1023,getpid() = 1023
19:19:07.613953,1023,getuid32() = 10050
19:19:07.614576,1023,epoll_wait(0x1e, 0xbee6d1f8, 0x10, 0) = 2
19:19:07.615178,1023,read(23, "WW", 16) = 2
19:19:07.615822,1023,recvfrom(37, "nysv\0\0\0\0:o\36\236&\0\0\0â\5\0\0\224Â'¸", 24, MSG_DONTWAIT, NULL, NULL) = 24
19:19:07.616626,1023,recvfrom(37, 0xbee6c828, 24, 64, 0, 0) = -1 EAGAIN (Try again)
19:19:07.617267,1023,clock_gettime(CLOCK_MONOTONIC, {165, 930317297}) = 0
19:19:07.646223,1023,clock_gettime(CLOCK_MONOTONIC, {165, 931260795}) = 0
19:19:07.646984,1023,clock_gettime(CLOCK_MONOTONIC, {165, 931927929}) = 0
19:19:07.647668,1023,clock_gettime(CLOCK_MONOTONIC, {165, 932611334}) = 0
19:19:07.648337,1023,recvfrom(38, 0xb88738b0, 1240, 64, 0, 0) = -1 EAGAIN (Try again)
19:19:07.648964,1023,clock_gettime(CLOCK_MONOTONIC, {165, 933905203}) = 0
19:19:07.649612,1023,clock_gettime(CLOCK_MONOTONIC, {165, 934551787}) = 0
19:19:07.650254,1023,getpid() = 1023
19:19:07.650871,1023,getuid32() = 10050
19:19:07.651467,1023,epoll_wait(0x1e, 0xbee6d1f8, 0x10, 0) = 0
19:19:07.652054,1023,clock_gettime(CLOCK_MONOTONIC, {165, 936993938}) = 0
19:19:07.652710,1023,ioctl(9, 0xc0186201, 0xbee6d328) = 0
19:19:07.653312,1023,epoll_wait(0x1e, 0xbee6d1f8, 0x10, 0x18) = 0
19:19:07.679561,1023,clock_gettime(CLOCK_MONOTONIC, {165, 964516989}) = 0
19:19:07.680238,1023,clock_gettime(CLOCK_MONOTONIC, {165, 965181394}) = 0
19:19:07.680916,1023,recvfrom(37, 0xbee6c9a8, 24, 64, 0, 0) = -1 EAGAIN (Try again)
19:19:07.681525,1023,ioctl(9, 0xc0186201, 0xbee6d178) = 0
19:19:07.682374,1023,getpid() = 1023
19:19:07.683055,1023,getuid32() = 10050
19:19:07.683652,1023,epoll_wait(0x1e, 0xbee6d1f8, 0x10, 0) = 0
19:19:07.684226,1023,clock_gettime(CLOCK_MONOTONIC, {165, 969165956}) = 0
19:19:07.684890,1023,epoll_wait(0x1e, 0xbee6d1f8, 0x10, 0xffffffff) = 1
19:19:07.696317,1023,recvfrom(37, "nysv\0\0\0\0R\20\207¤&\0\0\0ä\5\0\0\224Â'¸", 24, MSG_DONTWAIT, NULL, NULL) = 24
19:19:07.697072,1023,recvfrom(37, 0xbee6c828, 24, 64, 0, 0) = -1 EAGAIN (Try again)
19:19:07.697703,1023,clock_gettime(CLOCK_MONOTONIC, {165, 982644581}) = 0
19:19:07.698371,1023,write(29, "W", 1) = 1
19:19:07.699065,1023,clock_gettime(CLOCK_MONOTONIC, {165, 984061280}) = 0
19:19:07.699782,1023,clock_gettime(CLOCK_MONOTONIC, {165, 984725609}) = 0
19:19:07.700424,1023,clock_gettime(CLOCK_MONOTONIC, {165, 985372107}) = 0
19:19:07.701118,1023,clock_gettime(CLOCK_MONOTONIC, {165, 986059508}) = 0
19:19:07.702024,1023,clock_gettime(CLOCK_MONOTONIC, {165, 986965726}) = 0
19:19:07.702692,1023,clock_gettime(CLOCK_MONOTONIC, {165, 987634153}) = 0
19:19:07.703355,1023,recvfrom(37, 0xbee6c9a8, 24, 64, 0, 0) = -1 EAGAIN (Try again)
19:19:07.703960,1023,ioctl(9, 0xc0186201, 0xbee6d178) = 0
19:19:07.704801,1023,clock_gettime(CLOCK_MONOTONIC, {165, 989797016}) = 0
19:19:07.705532,1023,clock_gettime(CLOCK_MONOTONIC, {165, 990559384}) = 0
19:19:07.725003,1023,clock_gettime(CLOCK_MONOTONIC, {166, 9953336}) = 0
19:19:07.725668,1023,clock_gettime(CLOCK_MONOTONIC, {166, 10610216}) = 0
19:19:07.726340,1023,clock_gettime(CLOCK_MONOTONIC, {166, 11288936}) = 0
19:19:07.727013,1023,write(29, "W", 1) = 1
19:19:07.727851,1023,ioctl(9, 0xc0186201, 0xbee6cf10) = 0
19:19:07.728689,1023,ioctl(9, 0xc0186201, 0xbee6cf10) = 0
19:19:07.730026,1023,clock_gettime(CLOCK_MONOTONIC, {166, 14973097}) = 0
19:19:07.733515,1023,clock_gettime(CLOCK_MONOTONIC, {166, 18464279}) = 0
19:19:07.734177,1023,ioctl(9, 0xc0186201, 0xbee6d0c8) = 0
19:19:07.734945,1023,ioctl(9, 0xc0186201, 0xbee6d0c8) = 0
19:19:07.735932,1023,getpid() = 1023
19:19:07.736492,1023,getuid32() = 10050
19:19:07.737081,1023,epoll_wait(0x1e, 0xbee6d1f8, 0x10, 0) = 2
19:19:07.737662,1023,read(23, "WW", 16) = 2
19:19:07.738274,1023,recvfrom(37, "nysv\0\0\0\0\216 æ¥&\0\0\0å\5\0\0\224Â'¸", 24, MSG_DONTWAIT, NULL, NULL) = 24
19:19:07.762445,1023,recvfrom(37, 0xbee6c828, 24, 64, 0, 0) = -1 EAGAIN (Try again)
19:19:07.763111,1023,clock_gettime(CLOCK_MONOTONIC, {166, 48063520}) = 0
19:19:07.763872,1023,clock_gettime(CLOCK_MONOTONIC, {166, 48824566}) = 0
19:19:07.764559,1023,clock_gettime(CLOCK_MONOTONIC, {166, 49509076}) = 0
19:19:07.765227,1023,clock_gettime(CLOCK_MONOTONIC, {166, 50176944}) = 0
19:19:07.765925,1023,recvfrom(38, 0xb88738b0, 1240, 64, 0, 0) = -1 EAGAIN (Try again)
19:19:07.766599,1023,clock_gettime(CLOCK_MONOTONIC, {166, 51550215}) = 0
19:19:07.767270,1023,clock_gettime(CLOCK_MONOTONIC, {166, 52224465}) = 0
19:19:07.767946,1023,getpid() = 1023
19:19:07.768525,1023,getuid32() = 10050
19:19:07.769138,1023,epoll_wait(0x1e, 0xbee6d1f8, 0x10, 0) = 0
19:19:07.769755,1023,clock_gettime(CLOCK_MONOTONIC, {166, 54704827}) = 0
19:19:07.770431,1023,ioctl(9, 0xc0186201, 0xbee6d328) = 0
19:19:07.771072,1023,epoll_wait(0x1e, 0xbee6d1f8, 0x10, 0x1b) = 0
19:19:07.805392,1023,clock_gettime(CLOCK_MONOTONIC, {166, 90365257}) = 0
19:19:07.806089,1023,clock_gettime(CLOCK_MONOTONIC, {166, 91032149}) = 0
19:19:07.806767,1023,recvfrom(37, 0xbee6c9a8, 24, 64, 0, 0) = -1 EAGAIN (Try again)
19:19:07.807375,1023,ioctl(9, 0xc0186201, 0xbee6d178) = 0
19:19:07.808236,1023,getpid() = 1023
19:19:07.808915,1023,getuid32() = 10050
19:19:07.809516,1023,epoll_wait(0x1e, 0xbee6d1f8, 0x10, 0) = 0
19:19:07.810093,1023,clock_gettime(CLOCK_MONOTONIC, {166, 95033426}) = 0
19:19:07.810755,1023,epoll_wait(0x1e, 0xbee6d1f8, 0x10, 0xffffffff) = 1
19:19:07.821572,1023,recvfrom(37, "nysv\0\0\0\0\234©\24¬&\0\0\0ç\5\0\0\224Â'¸", 24, MSG_DONTWAIT, NULL, NULL) = 24
19:19:07.822357,1023,recvfrom(37, 0xbee6c828, 24, 64, 0, 0) = -1 EAGAIN (Try again)
19:19:07.823184,1023,clock_gettime(CLOCK_MONOTONIC, {166, 108199404}) = 0
19:19:07.823955,1023,write(29, "W", 1) = 1
19:19:07.824700,1023,clock_gettime(CLOCK_MONOTONIC, {166, 109651935}) = 0
19:19:07.825382,1023,clock_gettime(CLOCK_MONOTONIC, {166, 110341713}) = 0
19:19:07.826061,1023,clock_gettime(CLOCK_MONOTONIC, {166, 111011053}) = 0
19:19:07.826739,1023,clock_gettime(CLOCK_MONOTONIC, {166, 111687681}) = 0
19:19:07.827682,1023,clock_gettime(CLOCK_MONOTONIC, {166, 112632671}) = 0
19:19:07.828374,1023,clock_gettime(CLOCK_MONOTONIC, {166, 113330445}) = 0
19:19:07.829075,1023,recvfrom(37, 0xbee6c9a8, 24, 64, 0, 0) = -1 EAGAIN (Try again)
19:19:07.829707,1023,ioctl(9, 0xc0186201, 0xbee6d178) = 0
19:19:07.830590,1023,clock_gettime(CLOCK_MONOTONIC, {166, 115596442}) = 0
19:19:07.831349,1023,clock_gettime(CLOCK_MONOTONIC, {166, 116304956}) = 0
19:19:07.832031,1023,clock_gettime(CLOCK_MONOTONIC, {166, 116980509}) = 0
19:19:07.832711,1023,clock_gettime(CLOCK_MONOTONIC, {166, 117660878}) = 0
19:19:07.833410,1023,clock_gettime(CLOCK_MONOTONIC, {166, 136910125}) = 0
19:19:07.852747,1023,write(29, "W", 1) = 1
19:19:07.853642,1023,ioctl(9, 0xc0186201, 0xbee6cf10) = 0
19:19:07.855407,1023,clock_gettime(CLOCK_MONOTONIC, {166, 140369573}) = 0
19:19:07.867902,1023,clock_gettime(CLOCK_MONOTONIC, {166, 152886778}) = 0
19:19:07.868628,1023,ioctl(9, 0xc0186201, 0xbee6d0c8) = 0
19:19:07.869815,1023,getpid() = 1023
19:19:07.870370,1023,getuid32() = 10050
19:19:07.870969,1023,epoll_wait(0x1e, 0xbee6d1f8, 0x10, 0) = 2
19:19:07.871551,1023,read(23, "WW", 16) = 2
19:19:07.872161,1023,recvfrom(37, "nysv\0\0\0\0Ä\tÿ¬&\0\0\0è\5\0\0\224Â'¸", 24, MSG_DONTWAIT, NULL, NULL) = 24
19:19:07.896065,1023,recvfrom(37, 0xbee6c828, 24, 64, 0, 0) = -1 EAGAIN (Try again)
19:19:07.896799,1023,clock_gettime(CLOCK_MONOTONIC, {166, 181744758}) = 0
19:19:07.897588,1023,clock_gettime(CLOCK_MONOTONIC, {166, 182531271}) = 0
19:19:07.898243,1023,clock_gettime(CLOCK_MONOTONIC, {166, 183184945}) = 0
19:19:07.905612,1023,clock_gettime(CLOCK_MONOTONIC, {166, 190701050}) = 0
19:19:07.906564,1023,recvfrom(38, 0xb88738b0, 1240, 64, 0, 0) = -1 EAGAIN (Try again)
19:19:07.907203,1023,clock_gettime(CLOCK_MONOTONIC, {166, 192148212}) = 0
19:19:07.907915,1023,clock_gettime(CLOCK_MONOTONIC, {166, 192859778}) = 0
19:19:07.908647,1023,getpid() = 1023
19:19:07.909205,1023,getuid32() = 10050
19:19:07.909863,1023,epoll_wait(0x1e, 0xbee6d1f8, 0x10, 0) = 0
19:19:07.911126,1023,clock_gettime(CLOCK_MONOTONIC, {166, 196072284}) = 0
19:19:07.911868,1023,ioctl(9, 0xc0186201, 0xbee6d328) = 0
19:19:07.912558,1023,epoll_wait(0x1e, 0xbee6d1f8, 0x10, 0xb) = 0
19:19:07.929268,1023,clock_gettime(CLOCK_MONOTONIC, {166, 214298755}) = 0
19:19:07.930777,1023,clock_gettime(CLOCK_MONOTONIC, {166, 215711113}) = 0
19:19:07.931409,1023,recvfrom(37, 0xbee6c9a8, 24, 64, 0, 0) = -1 EAGAIN (Try again)
19:19:07.932024,1023,ioctl(9, 0xc0186201, 0xbee6d178) = 0
19:19:07.932869,1023,getpid() = 1023
19:19:07.933533,1023,getuid32() = 10050
19:19:07.934084,1023,epoll_wait(0x1e, 0xbee6d1f8, 0x10, 0) = 0
19:19:07.934656,1023,clock_gettime(CLOCK_MONOTONIC, {166, 219583414}) = 0
19:19:07.935264,1023,epoll_wait(0x1e, 0xbee6d1f8, 0x10, 0xffffffff) = 1
19:19:07.945975,1023,recvfrom(37, "nysv\0\0\0\0Üªg³&\0\0\0ê\5\0\0\224Â'¸", 24, MSG_DONTWAIT, NULL, NULL) = 24
19:19:07.983664,1023,recvfrom(37, 0xbee6c828, 24, 64, 0, 0) = -1 EAGAIN (Try again)
19:19:07.987755,1023,clock_gettime(CLOCK_MONOTONIC, {166, 272778636}) = 0
19:19:07.988555,1023,write(29, "W", 1) = 1
19:19:07.989284,1023,clock_gettime(CLOCK_MONOTONIC, {166, 274371656}) = 0
19:19:07.990173,1023,clock_gettime(CLOCK_MONOTONIC, {166, 275101690}) = 0
19:19:07.990930,1023,clock_gettime(CLOCK_MONOTONIC, {166, 275860474}) = 0
19:19:07.991625,1023,clock_gettime(CLOCK_MONOTONIC, {166, 276552542}) = 0
19:19:07.992561,1023,clock_gettime(CLOCK_MONOTONIC, {166, 277490559}) = 0
19:19:07.993174,1023,clock_gettime(CLOCK_MONOTONIC, {166, 278219929}) = 0
19:19:07.994217,1023,recvfrom(37, 0xbee6c9a8, 24, 64, 0, 0) = -1 EAGAIN (Try again)
19:19:07.995937,1023,ioctl(9, 0xc0186201, 0xbee6d178) = 0
19:19:08.020017,1023,clock_gettime(CLOCK_MONOTONIC, {166, 304976675}) = 0
19:19:08.020750,1023,clock_gettime(CLOCK_MONOTONIC, {166, 305741231}) = 0
19:19:08.021417,1023,clock_gettime(CLOCK_MONOTONIC, {166, 306403166}) = 0
19:19:08.022074,1023,clock_gettime(CLOCK_MONOTONIC, {166, 306999437}) = 0
19:19:08.022752,1023,clock_gettime(CLOCK_MONOTONIC, {166, 307676832}) = 0
19:19:08.023366,1023,write(29, "W", 1) = 1
19:19:08.024199,1023,ioctl(9, 0xc0186201, 0xbee6cf10) = 0
19:19:08.025039,1023,ioctl(9, 0xc0186201, 0xbee6cf10) = 0
19:19:08.043271,1023,clock_gettime(CLOCK_MONOTONIC, {166, 328275634}) = 0
19:19:08.045836,1023,clock_gettime(CLOCK_MONOTONIC, {166, 330826107}) = 0
19:19:08.046550,1023,ioctl(9, 0xc0186201, 0xbee6d0c8) = 0
19:19:08.047615,1023,getpid() = 1023
19:19:08.048126,1023,getuid32() = 10050
19:19:08.048710,1023,epoll_wait(0x1e, 0xbee6d1f8, 0x10, 0) = 2
19:19:08.049303,1023,read(23, "WW", 16) = 2
19:19:08.049904,1023,recvfrom(37, "nysv\0\0\0\0\206ÃK·&\0\0\0ë\5\0\0\224Â'¸", 24, MSG_DONTWAIT, NULL, NULL) = 24
19:19:08.050619,1023,recvfrom(37, 0xbee6c828, 24, 64, 0, 0) = -1 EAGAIN (Try again)
19:19:08.051191,1023,clock_gettime(CLOCK_MONOTONIC, {166, 336114926}) = 0
19:19:08.084903,1023,clock_gettime(CLOCK_MONOTONIC, {166, 382917943}) = 0
19:19:08.098730,1023,clock_gettime(CLOCK_MONOTONIC, {166, 383681951}) = 0
19:19:08.099456,1023,clock_gettime(CLOCK_MONOTONIC, {166, 384389514}) = 0
19:19:08.100103,1023,recvfrom(38, 0xb88738b0, 1240, 64, 0, 0) = -1 EAGAIN (Try again)
19:19:08.100708,1023,clock_gettime(CLOCK_MONOTONIC, {166, 385642009}) = 0
19:19:08.101387,1023,clock_gettime(CLOCK_MONOTONIC, {166, 386325082}) = 0
19:19:08.102012,1023,getpid() = 1023
19:19:08.102545,1023,getuid32() = 10050
19:19:08.103129,1023,epoll_wait(0x1e, 0xbee6d1f8, 0x10, 0) = 0
19:19:08.103714,1023,clock_gettime(CLOCK_MONOTONIC, {166, 388651195}) = 0
19:19:08.104359,1023,ioctl(9, 0xc0186201, 0xbee6d328) = 0
19:19:08.104942,1023,epoll_wait(0x1e, 0xbee6d1f8, 0x10, 0x7) = 0
19:19:08.125617,1023,clock_gettime(CLOCK_MONOTONIC, {166, 410568311}) = 0
19:19:08.126260,1023,clock_gettime(CLOCK_MONOTONIC, {166, 411212791}) = 0
19:19:08.126983,1023,recvfrom(37, 0xbee6c9a8, 24, 64, 0, 0) = -1 EAGAIN (Try again)
19:19:08.127629,1023,ioctl(9, 0xc0186201, 0xbee6d178) = 0
19:19:08.128638,1023,getpid() = 1023
19:19:08.129149,1023,getuid32() = 10050
19:19:08.129737,1023,epoll_wait(0x1e, 0xbee6d1f8, 0x10, 0) = 1
19:19:08.130992,1023,recvfrom(37, "nysv\0\0\0\0Úô\23¿&\0\0\0í\5\0\0\224Â'¸", 24, MSG_DONTWAIT, NULL, NULL) = 24
19:19:08.131758,1023,recvfrom(37, 0xbee6c828, 24, 64, 0, 0) = -1 EAGAIN (Try again)
19:19:08.132398,1023,clock_gettime(CLOCK_MONOTONIC, {166, 417380254}) = 0
19:19:08.133180,1023,clock_gettime(CLOCK_MONOTONIC, {166, 418107177}) = 0
19:19:08.134320,1023,clock_gettime(CLOCK_MONOTONIC, {166, 419327492}) = 0
19:19:08.135187,1023,clock_gettime(CLOCK_MONOTONIC, {166, 420127442}) = 0
19:19:08.135865,1023,clock_gettime(CLOCK_MONOTONIC, {166, 420819181}) = 0
19:19:08.136815,1023,clock_gettime(CLOCK_MONOTONIC, {166, 421871363}) = 0
19:19:08.164091,1023,clock_gettime(CLOCK_MONOTONIC, {166, 449032860}) = 0
19:19:08.164776,1023,recvfrom(37, 0xbee6c9a8, 24, 64, 0, 0) = -1 EAGAIN (Try again)
19:19:08.165340,1023,ioctl(9, 0xc0186201, 0xbee6d178) = 0
19:19:08.166177,1023,clock_gettime(CLOCK_MONOTONIC, {166, 451166341}) = 0
19:19:08.176342,1023,clock_gettime(CLOCK_MONOTONIC, {166, 461338937}) = 0
19:19:08.177030,1023,clock_gettime(CLOCK_MONOTONIC, {166, 461966948}) = 0
19:19:08.177697,1023,clock_gettime(CLOCK_MONOTONIC, {166, 462632950}) = 0
19:19:08.178352,1023,clock_gettime(CLOCK_MONOTONIC, {166, 463675466}) = 0
19:19:08.179377,1023,write(29, "W", 1) = 1
19:19:08.180380,1023,ioctl(9, 0xc0186201, 0xbee6cf10) = 0
19:19:08.181223,1023,ioctl(9, 0xc0186201, 0xbee6cf10) = 0
19:19:08.182706,1023,clock_gettime(CLOCK_MONOTONIC, {166, 467647496}) = 0
19:19:08.218997,1023,clock_gettime(CLOCK_MONOTONIC, {166, 503980090}) = 0
19:19:08.219718,1023,ioctl(9, 0xc0186201, 0xbee6d0c8) = 0
19:19:08.220863,1023,getpid() = 1023
19:19:08.221522,1023,getuid32() = 10050
19:19:08.222135,1023,epoll_wait(0x1e, 0xbee6d1f8, 0x10, 0) = 2
19:19:08.222707,1023,read(23, "W", 16) = 1
19:19:08.223271,1023,recvfrom(37, "nysv\0\0\0\0\216¥2Ã&\0\0\0î\5\0\0\224Â'¸", 24, MSG_DONTWAIT, NULL, NULL) = 24
19:19:08.266404,1023,recvfrom(37, 0xbee6c828, 24, 64, 0, 0) = -1 EAGAIN (Try again)
19:19:08.299794,1023,clock_gettime(CLOCK_MONOTONIC, {166, 584738389}) = 0
19:19:08.300551,1023,clock_gettime(CLOCK_MONOTONIC, {166, 585479832}) = 0
19:19:08.301161,1023,clock_gettime(CLOCK_MONOTONIC, {166, 586089278}) = 0
19:19:08.301795,1023,clock_gettime(CLOCK_MONOTONIC, {166, 586768052}) = 0
19:19:08.302510,1023,recvfrom(38, 0xb88738b0, 1240, 64, 0, 0) = -1 EAGAIN (Try again)
19:19:08.303137,1023,clock_gettime(CLOCK_MONOTONIC, {166, 588063713}) = 0
19:19:08.304066,1023,clock_gettime(CLOCK_MONOTONIC, {166, 588994996}) = 0
19:19:08.304717,1023,clock_gettime(CLOCK_MONOTONIC, {166, 589644046}) = 0
19:19:08.305332,1023,recvfrom(37, 0xbee6c9a8, 24, 64, 0, 0) = -1 EAGAIN (Try again)
19:19:08.305942,1023,ioctl(9, 0xc0186201, 0xbee6d178) = 0
19:19:08.307244,1023,clock_gettime(CLOCK_MONOTONIC, {166, 592257714}) = 0
19:19:08.308040,1023,clock_gettime(CLOCK_MONOTONIC, {166, 592976937}) = 0
19:19:08.308673,1023,clock_gettime(CLOCK_MONOTONIC, {166, 593606463}) = 0
19:19:08.309314,1023,clock_gettime(CLOCK_MONOTONIC, {166, 594257464}) = 0
19:19:08.309984,1023,clock_gettime(CLOCK_MONOTONIC, {166, 594921723}) = 0
19:19:08.310833,1023,ioctl(9, 0xc0186201, 0xbee6cf10) = 0
19:19:08.311645,1023,ioctl(9, 0xc0186201, 0xbee6cf10) = 0
19:19:08.312936,1023,clock_gettime(CLOCK_MONOTONIC, {166, 597890937}) = 0
19:19:08.316423,1023,clock_gettime(CLOCK_MONOTONIC, {166, 601369513}) = 0
19:19:08.317067,1023,ioctl(9, 0xc0186201, 0xbee6d0c8) = 0
19:19:08.317915,1023,ioctl(9, 0xc0186201, 0xbee6d0c8) = 0
19:19:08.318621,1023,getpid() = 1023
19:19:08.319169,1023,getuid32() = 10050
19:19:08.319756,1023,epoll_wait(0x1e, 0xbee6d1f8, 0x10, 0) = 0
19:19:08.320339,1023,clock_gettime(CLOCK_MONOTONIC, {166, 605279896}) = 0
19:19:08.320986,1023,getpid() = 1023
19:19:08.321531,1023,getuid32() = 10050
19:19:08.322174,1023,epoll_wait(0x1e, 0xbee6d1f8, 0x10, 0) = 0
19:19:08.322732,1023,clock_gettime(CLOCK_MONOTONIC, {166, 607663812}) = 0
19:19:08.323412,1023,ioctl(9, 0xc0186201, 0xbee6d328) = 0
19:19:08.324019,1023,epoll_wait(0x1e, 0xbee6d1f8, 0x10, 0x4c) = 1
19:19:08.377792,1023,recvfrom(37, "nysv\0\0\0\0°ÞÕÉ&\0\0\0ð\5\0\0\224Â'¸", 24, MSG_DONTWAIT, NULL, NULL) = 24
19:19:08.378634,1023,recvfrom(37, 0xbee6c828, 24, 64, 0, 0) = -1 EAGAIN (Try again)
19:19:08.379240,1023,clock_gettime(CLOCK_MONOTONIC, {166, 664176048}) = 0
19:19:08.379963,1023,write(29, "W", 1) = 1
19:19:08.380684,1023,clock_gettime(CLOCK_MONOTONIC, {166, 665620772}) = 0
19:19:08.381377,1023,clock_gettime(CLOCK_MONOTONIC, {166, 666368762}) = 0
19:19:08.382110,1023,clock_gettime(CLOCK_MONOTONIC, {166, 667044590}) = 0
19:19:08.382792,1023,recvfrom(38, 0xb88738b0, 1240, 64, 0, 0) = -1 EAGAIN (Try again)
19:19:08.383465,1023,clock_gettime(CLOCK_MONOTONIC, {166, 668426646}) = 0
19:19:08.384825,1023,clock_gettime(CLOCK_MONOTONIC, <unfinished ...>
19:19:08.411314,1046,<... select resumed> ) = 0 (Timeout)
19:19:08.411731,1046,sendto(45, "\\d\1\0\0\1\0\0\0\0\0\0\6client\nmustmobile\3c"..., 39, 0, NULL, 0) = 39
19:19:08.412763,1046,clock_gettime(CLOCK_REALTIME, {1738783148, 413038064}) = 0
19:19:08.413477,1046,clock_gettime(CLOCK_REALTIME, {1738783148, 413669617}) = 0
19:19:08.414114,1046,select(46, [45], NULL, NULL, {4, 999369} <unfinished ...>
19:19:08.432379,1023,<... clock_gettime resumed> {166, 716978988}) = 0
19:19:08.488908,1023,getpid() = 1023
19:19:08.489548,1023,getuid32() = 10050
19:19:08.490123,1023,epoll_wait(0x1e, 0xbee6d1f8, 0x10, 0) = 1
19:19:08.490722,1023,read(23, "W", 16) = 1
19:19:08.491327,1023,clock_gettime(CLOCK_MONOTONIC, {166, 776316729}) = 0
19:19:08.492066,1023,clock_gettime(CLOCK_MONOTONIC, {166, 777001582}) = 0
19:19:08.492759,1023,recvfrom(37, 0xbee6c9a8, 24, 64, 0, 0) = -1 EAGAIN (Try again)
19:19:08.493372,1023,ioctl(9, 0xc0186201, 0xbee6d178) = 0
19:19:08.494396,1023,getpid() = 1023
19:19:08.494966,1023,getuid32() = 10050
19:19:08.495565,1023,epoll_wait(0x1e, 0xbee6d1f8, 0x10, 0) = 0
19:19:08.496121,1023,clock_gettime(CLOCK_MONOTONIC, {166, 781054917}) = 0
19:19:08.496790,1023,epoll_wait(0x1e, 0xbee6d1f8, 0x10, 0xffffffff) = 1
19:19:08.500156,1023,recvfrom(37, "nysv\0\0\0\0\206È\227Ô&\0\0\0ô\5\0\0\224Â'¸", 24, MSG_DONTWAIT, NULL, NULL) = 24
19:19:08.500935,1023,recvfrom(37, 0xbee6c828, 24, 64, 0, 0) = -1 EAGAIN (Try again)
19:19:08.501591,1023,clock_gettime(CLOCK_MONOTONIC, {166, 786526702}) = 0
19:19:08.502230,1023,write(29, "W", 1) = 1
19:19:08.503149,1023,clock_gettime(CLOCK_MONOTONIC, {166, 788078186}) = 0
19:19:08.503796,1023,clock_gettime(CLOCK_MONOTONIC, {166, 788723521}) = 0
19:19:08.504387,1023,clock_gettime(CLOCK_MONOTONIC, {166, 789369371}) = 0
19:19:08.516025,1023,clock_gettime(CLOCK_MONOTONIC, {166, 821317059}) = 0
19:19:08.537298,1023,clock_gettime(CLOCK_MONOTONIC, {166, 822248151}) = 0
19:19:08.537936,1023,clock_gettime(CLOCK_MONOTONIC, {166, 822864298}) = 0
19:19:08.538590,1023,recvfrom(37, 0xbee6c9a8, 24, 64, 0, 0) = -1 EAGAIN (Try again)
19:19:08.539145,1023,ioctl(9, 0xc0186201, 0xbee6d178) = 0
19:19:08.540026,1023,clock_gettime(CLOCK_MONOTONIC, {166, 824954547}) = 0
19:19:08.540649,1023,clock_gettime(CLOCK_MONOTONIC, {166, 825577508}) = 0
19:19:08.541266,1023,clock_gettime(CLOCK_MONOTONIC, {166, 826203546}) = 0
19:19:08.541883,1023,clock_gettime(CLOCK_MONOTONIC, {166, 826826304}) = 0
19:19:08.542520,1023,clock_gettime(CLOCK_MONOTONIC, {166, 827446431}) = 0
19:19:08.543132,1023,write(29, "W", 1) = 1
19:19:08.543893,1023,ioctl(9, 0xc0186201, 0xbee6cf10) = 0
19:19:08.545469,1023,clock_gettime(CLOCK_MONOTONIC, {166, 830415224}) = 0
19:19:08.567863,1023,clock_gettime(CLOCK_MONOTONIC, {166, 852832997}) = 0
19:19:08.568568,1023,ioctl(9, 0xc0186201, 0xbee6d0c8) = 0
19:19:08.569655,1023,getpid() = 1023
19:19:08.570229,1023,getuid32() = 10050
19:19:08.570811,1023,epoll_wait(0x1e, 0xbee6d1f8, 0x10, 0) = 2
19:19:08.571341,1023,read(23, "WW", 16) = 2
19:19:08.571940,1023,recvfrom(37, "nysv\0\0\0\0þèV×&\0\0\0õ\5\0\0\224Â'¸", 24, MSG_DONTWAIT, NULL, NULL) = 24
19:19:08.572655,1023,recvfrom(37, 0xbee6c828, 24, 64, 0, 0) = -1 EAGAIN (Try again)
19:19:08.573240,1023,clock_gettime(CLOCK_MONOTONIC, {166, 858170777}) = 0
19:19:08.573944,1023,clock_gettime(CLOCK_MONOTONIC, {166, 884794018}) = 0
19:19:08.600607,1023,clock_gettime(CLOCK_MONOTONIC, {166, 885558472}) = 0
19:19:08.601267,1023,clock_gettime(CLOCK_MONOTONIC, {166, 886224724}) = 0
19:19:08.601975,1023,recvfrom(38, 0xb88738b0, 1240, 64, 0, 0) = -1 EAGAIN (Try again)
19:19:08.602617,1023,clock_gettime(CLOCK_MONOTONIC, {166, 887544845}) = 0
19:19:08.603258,1023,clock_gettime(CLOCK_MONOTONIC, {166, 888208027}) = 0
19:19:08.603891,1023,getpid() = 1023
19:19:08.604493,1023,getuid32() = 10050
19:19:08.605097,1023,epoll_wait(0x1e, 0xbee6d1f8, 0x10, 0) = 0
19:19:08.605699,1023,clock_gettime(CLOCK_MONOTONIC, {166, 890638614}) = 0
19:19:08.606372,1023,ioctl(9, 0xc0186201, 0xbee6d328) = 0
19:19:08.606968,1023,epoll_wait(0x1e, 0xbee6d1f8, 0x10, 0x19) = 0
19:19:08.639586,1023,clock_gettime(CLOCK_MONOTONIC, {166, 924531865}) = 0
19:19:08.640287,1023,clock_gettime(CLOCK_MONOTONIC, {166, 925259934}) = 0
19:19:08.642126,1023,recvfrom(37, 0xbee6c9a8, 24, 64, 0, 0) = -1 EAGAIN (Try again)
19:19:08.642915,1023,ioctl(9, 0xc0186201, 0xbee6d178) = 0
19:19:08.644189,1023,getpid() = 1023
19:19:08.644968,1023,getuid32() = 10050
19:19:08.645840,1023,epoll_wait(0x1e, 0xbee6d1f8, 0x10, 0) = 1
19:19:08.667883,1023,recvfrom(37, "nysv\0\0\0\0 \"úÝ&\0\0\0ø\5\0\0\224Â'¸", 24, MSG_DONTWAIT, NULL, NULL) = 24
19:19:08.668655,1023,recvfrom(37, 0xbee6c828, 24, 64, 0, 0) = -1 EAGAIN (Try again)
19:19:08.669243,1023,clock_gettime(CLOCK_MONOTONIC, {166, 954172472}) = 0
19:19:08.669970,1023,clock_gettime(CLOCK_MONOTONIC, {166, 954898157}) = 0
19:19:08.670613,1023,clock_gettime(CLOCK_MONOTONIC, {166, 955539762}) = 0
19:19:08.671204,1023,clock_gettime(CLOCK_MONOTONIC, {166, 956131532}) = 0
19:19:08.671835,1023,clock_gettime(CLOCK_MONOTONIC, {166, 956762048}) = 0
19:19:08.672710,1023,clock_gettime(CLOCK_MONOTONIC, {166, 957638457}) = 0
19:19:08.673320,1023,clock_gettime(CLOCK_MONOTONIC, {166, 958285751}) = 0
19:19:08.673971,1023,recvfrom(37, 0xbee6c9a8, 24, 64, 0, 0) = -1 EAGAIN (Try again)
19:19:08.674564,1023,ioctl(9, 0xc0186201, 0xbee6d178) = 0
19:19:08.675403,1023,clock_gettime(CLOCK_MONOTONIC, {166, 960429092}) = 0
19:19:08.676169,1023,clock_gettime(CLOCK_MONOTONIC, {166, 961098695}) = 0
19:19:08.676809,1023,clock_gettime(CLOCK_MONOTONIC, {166, 961770429}) = 0
19:19:08.677504,1023,clock_gettime(CLOCK_MONOTONIC, {166, 962430430}) = 0
19:19:08.692633,1023,clock_gettime(CLOCK_MONOTONIC, {166, 978290521}) = 0
19:19:08.694074,1023,write(29, "W", 1) = 1
19:19:08.695872,1023,ioctl(9, 0xc0186201, 0xbee6cf10) = 0
19:19:08.697525,1023,ioctl(9, 0xc0186201, 0xbee6cf10) = 0
19:19:08.700176,1023,clock_gettime(CLOCK_MONOTONIC, {166, 985120512}) = 0
19:19:08.705155,1023,clock_gettime(CLOCK_MONOTONIC, {166, 990106572}) = 0
19:19:08.705839,1023,ioctl(9, 0xc0186201, 0xbee6d0c8) = 0
19:19:08.706934,1023,getpid() = 1023
19:19:08.707474,1023,getuid32() = 10050
19:19:08.747666,1023,epoll_wait(0x1e, 0xbee6d1f8, 0x10, 0) = 2
19:19:08.766253,1023,read(23, "W", 16) = 1
19:19:08.767064,1023,recvfrom(37, "nysv\0\0\0\0pâÎß&\0\0\0ù\5\0\0\224Â'¸", 24, MSG_DONTWAIT, NULL, NULL) = 24
19:19:08.767792,1023,recvfrom(37, 0xbee6c828, 24, 64, 0, 0) = -1 EAGAIN (Try again)
19:19:08.768499,1023,clock_gettime(CLOCK_MONOTONIC, {167, 53428158}) = 0
19:19:08.769177,1023,clock_gettime(CLOCK_MONOTONIC, {167, 54105009}) = 0
19:19:08.769817,1023,clock_gettime(CLOCK_MONOTONIC, {167, 54744684}) = 0
19:19:08.770407,1023,clock_gettime(CLOCK_MONOTONIC, {167, 55374468}) = 0
19:19:08.771150,1023,recvfrom(38, 0xb88738b0, 1240, 64, 0, 0) = -1 EAGAIN (Try again)
19:19:08.771786,1023,clock_gettime(CLOCK_MONOTONIC, {167, 56799052}) = 0
19:19:08.772855,1023,clock_gettime(CLOCK_MONOTONIC, {167, 57784351}) = 0
19:19:08.773507,1023,clock_gettime(CLOCK_MONOTONIC, {167, 58434700}) = 0
19:19:08.774185,1023,recvfrom(37, 0xbee6c9a8, 24, 64, 0, 0) = -1 EAGAIN (Try again)
19:19:08.774766,1023,ioctl(9, 0xc0186201, 0xbee6d178) = 0
19:19:08.775733,1023,clock_gettime(CLOCK_MONOTONIC, {167, 60793754}) = 0
19:19:08.776594,1023,clock_gettime(CLOCK_MONOTONIC, {167, 61558573}) = 0
19:19:08.777246,1023,clock_gettime(CLOCK_MONOTONIC, {167, 62202643}) = 0
19:19:08.777901,1023,clock_gettime(CLOCK_MONOTONIC, {167, 62894584}) = 0
19:19:08.778640,1023,clock_gettime(CLOCK_MONOTONIC, {167, 63574136}) = 0
19:19:08.779551,1023,ioctl(9, 0xc0186201, 0xbee6cf10) = 0
19:19:08.780351,1023,ioctl(9, 0xc0186201, 0xbee6cf10) = 0
19:19:08.781737,1023,clock_gettime(CLOCK_MONOTONIC, {167, 66721203}) = 0
19:19:08.785252,1023,clock_gettime(CLOCK_MONOTONIC, {167, 70217373}) = 0
19:19:08.785925,1023,ioctl(9, 0xc0186201, 0xbee6d0c8) = 0
19:19:08.786773,1023,ioctl(9, 0xc0186201, 0xbee6d0c8) = 0
19:19:08.787477,1023,getpid() = 1023
19:19:08.788035,1023,getuid32() = 10050
19:19:08.788605,1023,epoll_wait(0x1e, 0xbee6d1f8, 0x10, 0) = 0
19:19:08.789188,1023,clock_gettime(CLOCK_MONOTONIC, {167, 74126253}) = 0
19:19:08.789834,1023,getpid() = 1023
19:19:08.790375,1023,getuid32() = 10050
19:19:08.790938,1023,epoll_wait(0x1e, 0xbee6d1f8, 0x10, 0) = 0
19:19:08.791494,1023,clock_gettime(CLOCK_MONOTONIC, {167, 76427662}) = 0
19:19:08.792129,1023,ioctl(9, 0xc0186201, 0xbee6d328) = 0
19:19:08.792717,1023,epoll_wait(0x1e, 0xbee6d1f8, 0x10, 0x4b) = 1
19:19:08.808401,1023,recvfrom(37, "nysv\0\0\0\0tSÂå&\0\0\0û\5\0\0\224Â'¸", 24, MSG_DONTWAIT, NULL, NULL) = 24
19:19:08.809178,1023,recvfrom(37, 0xbee6c828, 24, 64, 0, 0) = -1 EAGAIN (Try again)
19:19:08.809780,1023,clock_gettime(CLOCK_MONOTONIC, {167, 94743095}) = 0
19:19:08.810559,1023,write(29, "W", 1) = 1
19:19:08.811322,1023,clock_gettime(CLOCK_MONOTONIC, {167, 96287569}) = 0
19:19:08.812602,1023,clock_gettime(CLOCK_MONOTONIC, {167, 97537655}) = 0
19:19:08.813266,1023,clock_gettime(CLOCK_MONOTONIC, {167, 98198978}) = 0
19:19:08.813886,1023,recvfrom(38, 0xb88738b0, 1240, 64, 0, 0) = -1 EAGAIN (Try again)
19:19:08.814550,1023,clock_gettime(CLOCK_MONOTONIC, {167, 99478684}) = 0
19:19:08.815143,1023,clock_gettime(CLOCK_MONOTONIC, {167, 100068899}) = 0
19:19:08.815777,1023,getpid() = 1023
19:19:08.816282,1023,getuid32() = 10050
19:19:08.816860,1023,epoll_wait(0x1e, 0xbee6d1f8, 0x10, 0) = 1
19:19:08.817412,1023,read(23, "W", 16) = 1
19:19:08.818028,1023,clock_gettime(CLOCK_MONOTONIC, {167, 102971303}) = 0
19:19:08.818673,1023,epoll_wait(0x1e, 0xbee6d1f8, 0x10, 0x31) = 0
19:19:08.870209,1023,clock_gettime(CLOCK_MONOTONIC, {167, 155298077}) = 0
19:19:08.871024,1023,clock_gettime(CLOCK_MONOTONIC, {167, 155957038}) = 0
19:19:08.871766,1023,recvfrom(37, 0xbee6c9a8, 24, 64, 0, 0) = -1 EAGAIN (Try again)
19:19:08.872335,1023,ioctl(9, 0xc0186201, 0xbee6d178) = 0
19:19:08.873248,1023,getpid() = 1023
19:19:08.873977,1023,getuid32() = 10050
19:19:08.874608,1023,epoll_wait(0x1e, 0xbee6d1f8, 0x10, 0) = 0
19:19:08.875162,1023,clock_gettime(CLOCK_MONOTONIC, {167, 160096507}) = 0
19:19:08.875858,1023,epoll_wait(0x1e, 0xbee6d1f8, 0x10, 0xffffffff) = 1
19:19:08.880100,1023,recvfrom(37, "nysv\0\0\0\0n,{ë&\0\0\0ü\5\0\0\224Â'¸", 24, MSG_DONTWAIT, NULL, NULL) = 24
19:19:08.881157,1023,recvfrom(37, 0xbee6c828, 24, 64, 0, 0) = -1 EAGAIN (Try again)
19:19:08.881795,1023,clock_gettime(CLOCK_MONOTONIC, {167, 166723389}) = 0
19:19:08.882415,1023,write(29, "W", 1) = 1
19:19:08.883105,1023,clock_gettime(CLOCK_MONOTONIC, {167, 168032009}) = 0
19:19:08.883759,1023,clock_gettime(CLOCK_MONOTONIC, {167, 168985979}) = 0
19:19:08.884696,1023,clock_gettime(CLOCK_MONOTONIC, {167, 169625037}) = 0
19:19:08.885349,1023,clock_gettime(CLOCK_MONOTONIC, {167, 170332313}) = 0
19:19:08.887009,1023,clock_gettime(CLOCK_MONOTONIC, {167, 171951381}) = 0
19:19:08.887769,1023,clock_gettime(CLOCK_MONOTONIC, {167, 172698135}) = 0
19:19:08.888393,1023,recvfrom(37, 0xbee6c9a8, 24, 64, 0, 0) = -1 EAGAIN (Try again)
19:19:08.889033,1023,ioctl(9, 0xc0186201, 0xbee6d178) = 0
19:19:08.890100,1023,clock_gettime(CLOCK_MONOTONIC, {167, 175038252}) = 0
19:19:08.890806,1023,clock_gettime(CLOCK_MONOTONIC, {167, 175798774}) = 0
19:19:08.891542,1023,clock_gettime(CLOCK_MONOTONIC, {167, 176474701}) = 0
19:19:08.892400,1023,clock_gettime(CLOCK_MONOTONIC, {167, 177590091}) = 0
19:19:08.893305,1023,clock_gettime(CLOCK_MONOTONIC, {167, 178290856}) = 0
19:19:08.893982,1023,write(29, "W", 1) = 1
19:19:08.895009,1023,ioctl(9, 0xc0186201, 0xbee6cf10) = 0
19:19:08.895945,1023,ioctl(9, 0xc0186201, 0xbee6cf10) = 0
19:19:08.897928,1023,clock_gettime(CLOCK_MONOTONIC, {167, 182950175}) = 0
19:19:08.901579,1023,clock_gettime(CLOCK_MONOTONIC, {167, 186530737}) = 0
19:19:08.902239,1023,ioctl(9, 0xc0186201, 0xbee6d0c8) = 0
19:19:08.903884,1023,getpid() = 1023
19:19:08.904425,1023,getuid32() = 10050
19:19:08.905103,1023,epoll_wait(0x1e, 0xbee6d1f8, 0x10, 0) = 2
19:19:08.927962,1023,read(23, "WW", 16) = 2
19:19:08.928624,1023,recvfrom(37, "nysv\0\0\0\0\226\214eì&\0\0\0ý\5\0\0\224Â'¸", 24, MSG_DONTWAIT, NULL, NULL) = 24
19:19:08.929366,1023,recvfrom(37, 0xbee6c828, 24, 64, 0, 0) = -1 EAGAIN (Try again)
19:19:08.930002,1023,clock_gettime(CLOCK_MONOTONIC, {167, 215093137}) = 0
19:19:08.939873,1023,clock_gettime(CLOCK_MONOTONIC, {167, 224832549}) = 0
19:19:08.940559,1023,clock_gettime(CLOCK_MONOTONIC, {167, 225502159}) = 0
19:19:08.941202,1023,clock_gettime(CLOCK_MONOTONIC, {167, 226144520}) = 0
19:19:08.941874,1023,recvfrom(38, 0xb88738b0, 1240, 64, 0, 0) = -1 EAGAIN (Try again)
19:19:08.942499,1023,clock_gettime(CLOCK_MONOTONIC, {167, 227440794}) = 0
19:19:08.943141,1023,clock_gettime(CLOCK_MONOTONIC, {167, 228081969}) = 0
19:19:08.943791,1023,getpid() = 1023
19:19:08.944340,1023,getuid32() = 10050
19:19:08.944932,1023,epoll_wait(0x1e, 0xbee6d1f8, 0x10, 0) = 0
19:19:08.945521,1023,clock_gettime(CLOCK_MONOTONIC, {167, 230462434}) = 0
19:19:08.946170,1023,ioctl(9, 0xc0186201, 0xbee6d328) = 0
19:19:08.946777,1023,epoll_wait(0x1e, 0xbee6d1f8, 0x10, 0x24) = 0
19:19:08.984878,1023,clock_gettime(CLOCK_MONOTONIC, {167, 269844596}) = 0
19:19:08.985576,1023,clock_gettime(CLOCK_MONOTONIC, {167, 270520946}) = 0
19:19:08.986249,1023,recvfrom(37, 0xbee6c9a8, 24, 64, 0, 0) = -1 EAGAIN (Try again)
19:19:08.997942,1023,ioctl(9, 0xc0186201, 0xbee6d178) = 0
19:19:08.999024,1023,getpid() = 1023
19:19:08.999586,1023,getuid32() = 10050
19:19:09.000180,1023,epoll_wait(0x1e, 0xbee6d1f8, 0x10, 0) = 0
19:19:09.000757,1023,clock_gettime(CLOCK_MONOTONIC, {167, 285691948}) = 0
19:19:09.001410,1023,epoll_wait(0x1e, 0xbee6d1f8, 0x10, 0xffffffff) = 1
19:19:09.007913,1023,recvfrom(37, "nysv\0\0\0\0¸Å\10ó&\0\0\0ÿ\5\0\0\224Â'¸", 24, MSG_DONTWAIT, NULL, NULL) = 24
19:19:09.008692,1023,recvfrom(37, 0xbee6c828, 24, 64, 0, 0) = -1 EAGAIN (Try again)
19:19:09.009341,1023,clock_gettime(CLOCK_MONOTONIC, {167, 294292948}) = 0
19:19:09.010040,1023,write(29, "W", 1) = 1
19:19:09.010770,1023,clock_gettime(CLOCK_MONOTONIC, {167, 295717141}) = 0
19:19:09.011451,1023,clock_gettime(CLOCK_MONOTONIC, {167, 296398897}) = 0
19:19:09.012118,1023,clock_gettime(CLOCK_MONOTONIC, {167, 297064236}) = 0
19:19:09.012790,1023,clock_gettime(CLOCK_MONOTONIC, {167, 297737106}) = 0
19:19:09.013735,1023,clock_gettime(CLOCK_MONOTONIC, {167, 298683721}) = 0
19:19:09.014428,1023,clock_gettime(CLOCK_MONOTONIC, {167, 299375839}) = 0
19:19:09.015120,1023,recvfrom(37, 0xbee6c9a8, 24, 64, 0, 0) = -1 EAGAIN (Try again)
19:19:09.015746,1023,ioctl(9, 0xc0186201, 0xbee6d178) = 0
19:19:09.017118,1023,clock_gettime(CLOCK_MONOTONIC, {167, 302062886}) = 0
19:19:09.017800,1023,clock_gettime(CLOCK_MONOTONIC, {167, 302741374}) = 0
19:19:09.018866,1023,clock_gettime(CLOCK_MONOTONIC, {167, 303821680}) = 0
19:19:09.019558,1023,clock_gettime(CLOCK_MONOTONIC, {167, 304506168}) = 0
19:19:09.020259,1023,clock_gettime(CLOCK_MONOTONIC, {167, 305213716}) = 0
19:19:09.020962,1023,write(29, "W", 1) = 1
19:19:09.021826,1023,ioctl(9, 0xc0186201, 0xbee6cf10) = 0
19:19:09.023563,1023,clock_gettime(CLOCK_MONOTONIC, {167, 308518935}) = 0
19:19:09.027204,1023,clock_gettime(CLOCK_MONOTONIC, {167, 312158508}) = 0
19:19:09.027902,1023,ioctl(9, 0xc0186201, 0xbee6d0c8) = 0
19:19:09.051802,1023,getpid() = 1023
19:19:09.052383,1023,getuid32() = 10050
19:19:09.053021,1023,epoll_wait(0x1e, 0xbee6d1f8, 0x10, 0) = 2
19:19:09.053607,1023,read(23, "WW", 16) = 2
19:19:09.054220,1023,recvfrom(37, "nysv\0\0\0\0à%óó&\0\0\0\0\6\0\0\224Â'¸", 24, MSG_DONTWAIT, NULL, NULL) = 24
19:19:09.054966,1023,recvfrom(37, 0xbee6c828, 24, 64, 0, 0) = -1 EAGAIN (Try again)
19:19:09.055593,1023,clock_gettime(CLOCK_MONOTONIC, {167, 340533544}) = 0
19:19:09.056307,1023,clock_gettime(CLOCK_MONOTONIC, {167, 341254019}) = 0
19:19:09.056964,1023,clock_gettime(CLOCK_MONOTONIC, {167, 341903290}) = 0
19:19:09.089085,1023,clock_gettime(CLOCK_MONOTONIC, {167, 374217205}) = 0
19:19:09.089989,1023,recvfrom(38, 0xb88738b0, 1240, 64, 0, 0) = -1 EAGAIN (Try again)
19:19:09.090623,1023,clock_gettime(CLOCK_MONOTONIC, {167, 375563741}) = 0
19:19:09.091267,1023,clock_gettime(CLOCK_MONOTONIC, {167, 376212538}) = 0
19:19:09.091917,1023,getpid() = 1023
19:19:09.092469,1023,getuid32() = 10050
19:19:09.093056,1023,epoll_wait(0x1e, 0xbee6d1f8, 0x10, 0) = 0
19:19:09.093647,1023,clock_gettime(CLOCK_MONOTONIC, {167, 378585487}) = 0
19:19:09.094293,1023,ioctl(9, 0xc0186201, 0xbee6d328) = 0
19:19:09.094964,1023,epoll_wait(0x1e, 0xbee6d1f8, 0x10, 0xf) = 0
19:19:09.121594,1023,clock_gettime(CLOCK_MONOTONIC, {167, 406568335}) = 0
19:19:09.122315,1023,clock_gettime(CLOCK_MONOTONIC, {167, 407272226}) = 0
19:19:09.123023,1023,recvfrom(37, 0xbee6c9a8, 24, 64, 0, 0) = -1 EAGAIN (Try again)
19:19:09.123663,1023,ioctl(9, 0xc0186201, 0xbee6d178) = 0
19:19:09.124572,1023,getpid() = 1023
19:19:09.125276,1023,getuid32() = 10050
19:19:09.125902,1023,epoll_wait(0x1e, 0xbee6d1f8, 0x10, 0) = 0
19:19:09.126510,1023,clock_gettime(CLOCK_MONOTONIC, {167, 411458638}) = 0
19:19:09.138670,1023,epoll_wait(0x1e, 0xbee6d1f8, 0x10, 0xffffffff) = 1
19:19:09.139277,1023,recvfrom(37, "nysv\0\0\0\0\2_\226ú&\0\0\0\2\6\0\0\224Â'¸", 24, MSG_DONTWAIT, NULL, NULL) = 24
19:19:09.140025,1023,recvfrom(37, 0xbee6c828, 24, 64, 0, 0) = -1 EAGAIN (Try again)
19:19:09.140658,1023,clock_gettime(CLOCK_MONOTONIC, {167, 425599687}) = 0
19:19:09.141325,1023,write(29, "W", 1) = 1
19:19:09.142023,1023,clock_gettime(CLOCK_MONOTONIC, {167, 426963414}) = 0
19:19:09.142678,1023,clock_gettime(CLOCK_MONOTONIC, {167, 427619415}) = 0
19:19:09.143316,1023,clock_gettime(CLOCK_MONOTONIC, {167, 428263805}) = 0
19:19:09.143964,1023,clock_gettime(CLOCK_MONOTONIC, {167, 428904103}) = 0
19:19:09.144866,1023,clock_gettime(CLOCK_MONOTONIC, {167, 429807174}) = 0
19:19:09.145986,1023,clock_gettime(CLOCK_MONOTONIC, {167, 430935070}) = 0
19:19:09.146673,1023,recvfrom(37, 0xbee6c9a8, 24, 64, 0, 0) = -1 EAGAIN (Try again)
19:19:09.147273,1023,ioctl(9, 0xc0186201, 0xbee6d178) = 0
19:19:09.148277,1023,clock_gettime(CLOCK_MONOTONIC, {167, 433230169}) = 0
19:19:09.148962,1023,clock_gettime(CLOCK_MONOTONIC, {167, 440555499}) = 0
19:19:09.156360,1023,clock_gettime(CLOCK_MONOTONIC, {167, 441355962}) = 0
19:19:09.157069,1023,clock_gettime(CLOCK_MONOTONIC, {167, 442010931}) = 0
19:19:09.157755,1023,clock_gettime(CLOCK_MONOTONIC, {167, 442696565}) = 0
19:19:09.158431,1023,write(29, "W", 1) = 1
19:19:09.159360,1023,ioctl(9, 0xc0186201, 0xbee6cf10) = 0
19:19:09.161235,1023,clock_gettime(CLOCK_MONOTONIC, {167, 446212679}) = 0
19:19:09.165079,1023,clock_gettime(CLOCK_MONOTONIC, {167, 450043119}) = 0
19:19:09.165783,1023,ioctl(9, 0xc0186201, 0xbee6d0c8) = 0
19:19:09.167182,1023,getpid() = 1023
19:19:09.167765,1023,getuid32() = 10050
19:19:09.168387,1023,epoll_wait(0x1e, 0xbee6d1f8, 0x10, 0) = 2
19:19:09.168995,1023,read(23, "WW", 16) = 2
19:19:09.169640,1023,recvfrom(37, "nysv\0\0\0\0>ïõû&\0\0\0\3\6\0\0\224Â'¸", 24, MSG_DONTWAIT, NULL, NULL) = 24
19:19:09.170456,1023,recvfrom(37, 0xbee6c828, 24, 64, 0, 0) = -1 EAGAIN (Try again)
19:19:09.171077,1023,clock_gettime(CLOCK_MONOTONIC, {167, 456017511}) = 0
19:19:09.171796,1023,clock_gettime(CLOCK_MONOTONIC, {167, 456737040}) = 0
19:19:09.172451,1023,clock_gettime(CLOCK_MONOTONIC, {167, 479893564}) = 0
19:19:09.195720,1023,clock_gettime(CLOCK_MONOTONIC, {167, 480715609}) = 0
19:19:09.196479,1023,recvfrom(38, 0xb88738b0, 1240, 64, 0, 0) = -1 EAGAIN (Try again)
19:19:09.197130,1023,clock_gettime(CLOCK_MONOTONIC, {167, 482080500}) = 0
19:19:09.197810,1023,clock_gettime(CLOCK_MONOTONIC, {167, 482759326}) = 0
19:19:09.198492,1023,getpid() = 1023
19:19:09.199066,1023,getuid32() = 10050
19:19:09.199687,1023,epoll_wait(0x1e, 0xbee6d1f8, 0x10, 0) = 0
19:19:09.200299,1023,clock_gettime(CLOCK_MONOTONIC, {167, 485251906}) = 0
19:19:09.200981,1023,ioctl(9, 0xc0186201, 0xbee6d328) = 0
19:19:09.201617,1023,epoll_wait(0x1e, 0xbee6d1f8, 0x10, 0x2e) = 0
19:19:09.249404,1023,clock_gettime(CLOCK_MONOTONIC, {167, 534363820}) = 0
19:19:09.250081,1023,clock_gettime(CLOCK_MONOTONIC, {167, 535024318}) = 0
19:19:09.250758,1023,recvfrom(37, 0xbee6c9a8, 24, 64, 0, 0) = -1 EAGAIN (Try again)
19:19:09.251757,1023,ioctl(9, 0xc0186201, 0xbee6d178) = 0
19:19:09.252653,1023,getpid() = 1023
19:19:09.253341,1023,getuid32() = 10050
19:19:09.253984,1023,epoll_wait(0x1e, 0xbee6d1f8, 0x10, 0) = 0
19:19:09.254568,1023,clock_gettime(CLOCK_MONOTONIC, {167, 539508675}) = 0
19:19:09.255227,1023,epoll_wait(0x1e, 0xbee6d1f8, 0x10, 0xffffffff) = 1
19:19:09.270325,1023,recvfrom(37, "nysv\0\0\0\0Lø#\2'\0\0\0\5\6\0\0\224Â'¸", 24, MSG_DONTWAIT, NULL, NULL) = 24
19:19:09.271108,1023,recvfrom(37, 0xbee6c828, 24, 64, 0, 0) = -1 EAGAIN (Try again)
19:19:09.271766,1023,clock_gettime(CLOCK_MONOTONIC, {167, 556716010}) = 0
19:19:09.272470,1023,write(29, "W", 1) = 1
19:19:09.273192,1023,clock_gettime(CLOCK_MONOTONIC, {167, 558141958}) = 0
19:19:09.273876,1023,clock_gettime(CLOCK_MONOTONIC, {167, 558825506}) = 0
19:19:09.274552,1023,clock_gettime(CLOCK_MONOTONIC, {167, 559501121}) = 0
19:19:09.275221,1023,clock_gettime(CLOCK_MONOTONIC, {167, 560170038}) = 0
19:19:09.276163,1023,clock_gettime(CLOCK_MONOTONIC, {167, 571109320}) = 0
19:19:09.286863,1023,clock_gettime(CLOCK_MONOTONIC, {167, 571812350}) = 0
19:19:09.287594,1023,recvfrom(37, 0xbee6c9a8, 24, 64, 0, 0) = -1 EAGAIN (Try again)
19:19:09.288200,1023,ioctl(9, 0xc0186201, 0xbee6d178) = 0
19:19:09.288979,1023,clock_gettime(CLOCK_MONOTONIC, {167, 573923507}) = 0
19:19:09.289702,1023,clock_gettime(CLOCK_MONOTONIC, {167, 574645251}) = 0
19:19:09.290351,1023,clock_gettime(CLOCK_MONOTONIC, {167, 575299034}) = 0
19:19:09.291003,1023,clock_gettime(CLOCK_MONOTONIC, {167, 575943918}) = 0
19:19:09.291678,1023,clock_gettime(CLOCK_MONOTONIC, {167, 576619671}) = 0
19:19:09.292344,1023,write(29, "W", 1) = 1
19:19:09.293168,1023,ioctl(9, 0xc0186201, 0xbee6cf10) = 0
19:19:09.294001,1023,ioctl(9, 0xc0186201, 0xbee6cf10) = 0
19:19:09.295327,1023,clock_gettime(CLOCK_MONOTONIC, {167, 580278165}) = 0
19:19:09.298645,1023,clock_gettime(CLOCK_MONOTONIC, {167, 583592974}) = 0
19:19:09.299305,1023,ioctl(9, 0xc0186201, 0xbee6d0c8) = 0
19:19:09.300074,1023,ioctl(9, 0xc0186201, 0xbee6d0c8) = 0
19:19:09.301200,1023,getpid() = 1023
19:19:09.301760,1023,getuid32() = 10050
19:19:09.302349,1023,epoll_wait(0x1e, 0xbee6d1f8, 0x10, 0) = 1
19:19:09.302919,1023,read(23, "WW", 16) = 2
19:19:09.303551,1023,clock_gettime(CLOCK_MONOTONIC, {167, 588491732}) = 0
19:19:09.304199,1023,ioctl(9, 0xc0186201, 0xbee6d328) = 0
19:19:09.304795,1023,epoll_wait(0x1e, 0xbee6d1f8, 0x10, 0x4c) = 1
19:19:09.316909,1023,recvfrom(37, "nysv\0\0\0\0ØHX\5'\0\0\0\6\6\0\0\224Â'¸", 24, MSG_DONTWAIT, NULL, NULL) = 24
19:19:09.317810,1023,recvfrom(37, 0xbee6c828, 24, 64, 0, 0) = -1 EAGAIN (Try again)
19:19:09.318447,1023,clock_gettime(CLOCK_MONOTONIC, {167, 603390141}) = 0
19:19:09.319128,1023,write(29, "W", 1) = 1
19:19:09.319826,1023,clock_gettime(CLOCK_MONOTONIC, {167, 604768229}) = 0
19:19:09.320484,1023,clock_gettime(CLOCK_MONOTONIC, {167, 605426046}) = 0
19:19:09.321124,1023,clock_gettime(CLOCK_MONOTONIC, {167, 606064145}) = 0
19:19:09.321792,1023,recvfrom(38, 0xb88738b0, 1240, 64, 0, 0) = -1 EAGAIN (Try again)
19:19:09.322401,1023,clock_gettime(CLOCK_MONOTONIC, {167, 607348873}) = 0
19:19:09.323049,1023,clock_gettime(CLOCK_MONOTONIC, {167, 608017271}) = 0
19:19:09.323726,1023,getpid() = 1023
19:19:09.324272,1023,getuid32() = 10050
19:19:09.324863,1023,epoll_wait(0x1e, 0xbee6d1f8, 0x10, 0) = 1
19:19:09.325430,1023,read(23, "W", 16) = 1
19:19:09.326051,1023,clock_gettime(CLOCK_MONOTONIC, {167, 610990231}) = 0
19:19:09.326716,1023,epoll_wait(0x1e, 0xbee6d1f8, 0x10, 0x36) = 0
19:19:09.381555,1023,clock_gettime(CLOCK_MONOTONIC, {167, 666524494}) = 0
19:19:09.382334,1023,clock_gettime(CLOCK_MONOTONIC, {167, 667341619}) = 0
19:19:09.383101,1023,recvfrom(37, 0xbee6c9a8, 24, 64, 0, 0) = -1 EAGAIN (Try again)
19:19:09.383825,1023,ioctl(9, 0xc0186201, 0xbee6d178) = 0
19:19:09.385230,1023,getpid() = 1023
19:19:09.385944,1023,getuid32() = 10050
19:19:09.399783,1023,epoll_wait(0x1e, 0xbee6d1f8, 0x10, 0) = 1
19:19:09.400611,1023,recvfrom(37, "nysv\0\0\0\0ªÁ&\n'\0\0\0\7\6\0\0\224Â'¸", 24, MSG_DONTWAIT, NULL, NULL) = 24
19:19:09.401363,1023,recvfrom(37, 0xbee6c828, 24, 64, 0, 0) = -1 EAGAIN (Try again)
19:19:09.401995,1023,clock_gettime(CLOCK_MONOTONIC, {167, 686936268}) = 0
19:19:09.402711,1023,clock_gettime(CLOCK_MONOTONIC, {167, 687654123}) = 0
19:19:09.403362,1023,clock_gettime(CLOCK_MONOTONIC, {167, 688310206}) = 0
19:19:09.404009,1023,clock_gettime(CLOCK_MONOTONIC, {167, 688949287}) = 0
19:19:09.404655,1023,clock_gettime(CLOCK_MONOTONIC, {167, 689595227}) = 0
19:19:09.405548,1023,clock_gettime(CLOCK_MONOTONIC, {167, 690491140}) = 0
19:19:09.406208,1023,clock_gettime(CLOCK_MONOTONIC, {167, 691149382}) = 0
19:19:09.406879,1023,recvfrom(37, 0xbee6c9a8, 24, 64, 0, 0) = -1 EAGAIN (Try again)
19:19:09.418055,1023,ioctl(9, 0xc0186201, 0xbee6d178) = 0
19:19:09.418965,1023,clock_gettime(CLOCK_MONOTONIC, {167, 703991735}) = 0
19:19:09.419925,1023,clock_gettime(CLOCK_MONOTONIC, {167, 704870508}) = 0
19:19:09.420821,1023,clock_gettime(CLOCK_MONOTONIC, {167, 705955748}) = 0
19:19:09.421705,1023,clock_gettime(CLOCK_MONOTONIC, {167, 706691051}) = 0
19:19:09.422505,1023,clock_gettime(CLOCK_MONOTONIC, {167, 707512769}) = 0
19:19:09.423313,1023,write(29, "W", 1) = 1
19:19:09.424827,1023,ioctl(9, 0xc0186201, 0xbee6cf10) = 0
19:19:09.425844,1023,ioctl(9, 0xc0186201, 0xbee6cf10) = 0
19:19:09.436021,1023,clock_gettime(CLOCK_MONOTONIC, {167, 721009589}) = 0
19:19:09.439714,1023,clock_gettime(CLOCK_MONOTONIC, {167, 724669496}) = 0
19:19:09.440789,1023,ioctl(9, 0xc0186201, 0xbee6d0c8) = 0
19:19:09.441939,1023,ioctl(9, 0xc0186201, 0xbee6d0c8) = 0
19:19:09.442871,1023,getpid() = 1023
19:19:09.443435,1023,getuid32() = 10050
19:19:09.444088,1023,epoll_wait(0x1e, 0xbee6d1f8, 0x10, 0) = 2
19:19:09.444698,1023,read(23, "W", 16) = 1
19:19:09.445337,1023,recvfrom(37, "nysv\0\0\0\0ú\201û\v'\0\0\0\10\6\0\0\224Â'¸", 24, MSG_DONTWAIT, NULL, NULL) = 24
19:19:09.446116,1023,recvfrom(37, 0xbee6c828, 24, 64, 0, 0) = -1 EAGAIN (Try again)
19:19:09.476326,1023,clock_gettime(CLOCK_MONOTONIC, {167, 761359104}) = 0
19:19:09.477186,1023,clock_gettime(CLOCK_MONOTONIC, {167, 762131551}) = 0
19:19:09.477856,1023,clock_gettime(CLOCK_MONOTONIC, {167, 762836109}) = 0
19:19:09.478557,1023,clock_gettime(CLOCK_MONOTONIC, {167, 763499223}) = 0
19:19:09.479276,1023,recvfrom(38, 0xb88738b0, 1240, 64, 0, 0) = -1 EAGAIN (Try again)
19:19:09.479996,1023,clock_gettime(CLOCK_MONOTONIC, {167, 764938759}) = 0
19:19:09.480648,1023,clock_gettime(CLOCK_MONOTONIC, {167, 765588492}) = 0
19:19:09.481331,1023,getpid() = 1023
19:19:09.481914,1023,getuid32() = 10050
19:19:09.482643,1023,epoll_wait(0x1e, 0xbee6d1f8, 0x10, 0) = 0
19:19:09.483261,1023,clock_gettime(CLOCK_MONOTONIC, {167, 768208476}) = 0
19:19:09.483959,1023,ioctl(9, 0xc0186201, 0xbee6d328) = 0
19:19:09.484569,1023,epoll_wait(0x1e, 0xbee6d1f8, 0x10, 0x1b) = 0
19:19:09.515640,1023,clock_gettime(CLOCK_MONOTONIC, {167, 800601756}) = 0
19:19:09.516327,1023,clock_gettime(CLOCK_MONOTONIC, {167, 801278308}) = 0
19:19:09.517008,1023,recvfrom(37, 0xbee6c9a8, 24, 64, 0, 0) = -1 EAGAIN (Try again)
19:19:09.517624,1023,ioctl(9, 0xc0186201, 0xbee6d178) = 0
19:19:09.518518,1023,getpid() = 1023
19:19:09.525576,1023,getuid32() = 10050
19:19:09.526256,1023,epoll_wait(0x1e, 0xbee6d1f8, 0x10, 0) = 1
19:19:09.526875,1023,recvfrom(37, "nysv\0\0\0\0þòî\21'\0\0\0\n\6\0\0\224Â'¸", 24, MSG_DONTWAIT, NULL, NULL) = 24
19:19:09.527650,1023,recvfrom(37, 0xbee6c828, 24, 64, 0, 0) = -1 EAGAIN (Try again)
19:19:09.528377,1023,clock_gettime(CLOCK_MONOTONIC, {167, 813345992}) = 0
19:19:09.529125,1023,clock_gettime(CLOCK_MONOTONIC, {167, 814067824}) = 0
19:19:09.529812,1023,clock_gettime(CLOCK_MONOTONIC, {167, 814754857}) = 0
19:19:09.530462,1023,clock_gettime(CLOCK_MONOTONIC, {167, 815403355}) = 0
19:19:09.531104,1023,clock_gettime(CLOCK_MONOTONIC, {167, 816044033}) = 0
19:19:09.532007,1023,clock_gettime(CLOCK_MONOTONIC, {167, 816948830}) = 0
19:19:09.532673,1023,clock_gettime(CLOCK_MONOTONIC, {167, 817614144}) = 0
19:19:09.533336,1023,recvfrom(37, 0xbee6c9a8, 24, 64, 0, 0) = -1 EAGAIN (Try again)
19:19:09.533938,1023,ioctl(9, 0xc0186201, 0xbee6d178) = 0
19:19:09.534706,1023,clock_gettime(CLOCK_MONOTONIC, {167, 819651136}) = 0
19:19:09.535378,1023,clock_gettime(CLOCK_MONOTONIC, {167, 820325857}) = 0
19:19:09.536031,1023,clock_gettime(CLOCK_MONOTONIC, {167, 841899654}) = 0
19:19:09.557668,1023,clock_gettime(CLOCK_MONOTONIC, {167, 842626047}) = 0
19:19:09.558390,1023,clock_gettime(CLOCK_MONOTONIC, {167, 843347748}) = 0
19:19:09.559100,1023,write(29, "W", 1) = 1
19:19:09.559982,1023,ioctl(9, 0xc0186201, 0xbee6cf10) = 0
19:19:09.560866,1023,ioctl(9, 0xc0186201, 0xbee6cf10) = 0
19:19:09.562275,1023,clock_gettime(CLOCK_MONOTONIC, {167, 847235595}) = 0
19:19:09.565959,1023,clock_gettime(CLOCK_MONOTONIC, {167, 850909638}) = 0
19:19:09.566637,1023,ioctl(9, 0xc0186201, 0xbee6d0c8) = 0
19:19:09.567411,1023,ioctl(9, 0xc0186201, 0xbee6d0c8) = 0
19:19:09.568400,1023,getpid() = 1023
19:19:09.568961,1023,getuid32() = 10050
19:19:09.569556,1023,epoll_wait(0x1e, 0xbee6d1f8, 0x10, 0) = 2
19:19:09.570131,1023,read(23, "W", 16) = 1
19:19:09.570937,1023,recvfrom(37, "nysv\0\0\0\0000ë\23\23'\0\0\0\v\6\0\0\224Â'¸", 24, MSG_DONTWAIT, NULL, NULL) = 24
19:19:09.571685,1023,recvfrom(37, 0xbee6c828, 24, 64, 0, 0) = -1 EAGAIN (Try again)
19:19:09.572305,1023,clock_gettime(CLOCK_MONOTONIC, {167, 857252315}) = 0
19:19:09.573019,1023,clock_gettime(CLOCK_MONOTONIC, {167, 857961430}) = 0
19:19:09.573675,1023,clock_gettime(CLOCK_MONOTONIC, {167, 858617388}) = 0
19:19:09.574315,1023,clock_gettime(CLOCK_MONOTONIC, {167, 859261384}) = 0
19:19:09.575359,1023,recvfrom(38, 0xb88738b0, 1240, 64, 0, 0) = -1 EAGAIN (Try again)
19:19:09.575979,1023,clock_gettime(CLOCK_MONOTONIC, {167, 860921101}) = 0
19:19:09.576628,1023,clock_gettime(CLOCK_MONOTONIC, {167, 861568400}) = 0
19:19:09.593668,1023,getpid() = 1023
19:19:09.594262,1023,getuid32() = 10050
19:19:09.594893,1023,epoll_wait(0x1e, 0xbee6d1f8, 0x10, 0) = 0
19:19:09.595553,1023,clock_gettime(CLOCK_MONOTONIC, {167, 880495349}) = 0
19:19:09.596207,1023,ioctl(9, 0xc0186201, 0xbee6d328) = 0
19:19:09.614515,1023,epoll_wait(0x1e, 0xbee6d1f8, 0x10, 0x1f) = 0
19:19:09.648050,1023,clock_gettime(CLOCK_MONOTONIC, {167, 933015466}) = 0
19:19:09.648748,1023,clock_gettime(CLOCK_MONOTONIC, {167, 933691616}) = 0
19:19:09.649426,1023,recvfrom(37, 0xbee6c9a8, 24, 64, 0, 0) = -1 EAGAIN (Try again)
19:19:09.650035,1023,ioctl(9, 0xc0186201, 0xbee6d178) = 0
19:19:09.650962,1023,getpid() = 1023
19:19:09.651648,1023,getuid32() = 10050
19:19:09.652244,1023,epoll_wait(0x1e, 0xbee6d1f8, 0x10, 0) = 0
19:19:09.652830,1023,clock_gettime(CLOCK_MONOTONIC, {167, 937771315}) = 0
19:19:09.653496,1023,epoll_wait(0x1e, 0xbee6d1f8, 0x10, 0xffffffff) = 1
19:19:09.660089,1023,recvfrom(37, "nysv\0\0\0\0\\¼ñ\31'\0\0\0\r\6\0\0\224Â'¸", 24, MSG_DONTWAIT, NULL, NULL) = 24
19:19:09.660840,1023,recvfrom(37, 0xbee6c828, 24, 64, 0, 0) = -1 EAGAIN (Try again)
19:19:09.661471,1023,clock_gettime(CLOCK_MONOTONIC, {167, 946412999}) = 0
19:19:09.662219,1023,write(29, "W", 1) = 1
19:19:09.663397,1023,clock_gettime(CLOCK_MONOTONIC, {167, 948381929}) = 0
19:19:09.664141,1023,clock_gettime(CLOCK_MONOTONIC, {167, 949093710}) = 0
19:19:09.664837,1023,clock_gettime(CLOCK_MONOTONIC, {167, 949779659}) = 0
19:19:09.665488,1023,clock_gettime(CLOCK_MONOTONIC, {167, 960559027}) = 0
19:19:09.676584,1023,clock_gettime(CLOCK_MONOTONIC, {167, 961539898}) = 0
19:19:09.677291,1023,clock_gettime(CLOCK_MONOTONIC, {167, 962247129}) = 0
19:19:09.677996,1023,recvfrom(37, 0xbee6c9a8, 24, 64, 0, 0) = -1 EAGAIN (Try again)
19:19:09.679009,1023,ioctl(9, 0xc0186201, 0xbee6d178) = 0
19:19:09.679954,1023,clock_gettime(CLOCK_MONOTONIC, {167, 964975269}) = 0
19:19:09.680819,1023,clock_gettime(CLOCK_MONOTONIC, {167, 965764108}) = 0
19:19:09.681480,1023,clock_gettime(CLOCK_MONOTONIC, {167, 966487652}) = 0
19:19:09.682302,1023,clock_gettime(CLOCK_MONOTONIC, {167, 967448306}) = 0
19:19:09.683191,1023,clock_gettime(CLOCK_MONOTONIC, {167, 968135207}) = 0
19:19:09.683948,1023,write(29, "W", 1) = 1
19:19:09.684808,1023,ioctl(9, 0xc0186201, 0xbee6cf10) = 0
19:19:09.685690,1023,ioctl(9, 0xc0186201, 0xbee6cf10) = 0
19:19:09.706822,1023,clock_gettime(CLOCK_MONOTONIC, {167, 991812148}) = 0
19:19:09.712025,1023,clock_gettime(CLOCK_MONOTONIC, {167, 997007648}) = 0
19:19:09.712749,1023,ioctl(9, 0xc0186201, 0xbee6d0c8) = 0
19:19:09.713939,1023,getpid() = 1023
19:19:09.714501,1023,getuid32() = 10050
19:19:09.715539,1023,epoll_wait(0x1e, 0xbee6d1f8, 0x10, 0) = 2
19:19:09.716120,1023,read(23, "WW", 16) = 2
19:19:09.716741,1023,recvfrom(37, "nysv\0\0\0\0¢ä\213\33'\0\0\0\16\6\0\0\224Â'¸", 24, MSG_DONTWAIT, NULL, NULL) = 24
19:19:09.738710,1023,recvfrom(37, 0xbee6c828, 24, 64, 0, 0) = -1 EAGAIN (Try again)
19:19:09.739352,1023,clock_gettime(CLOCK_MONOTONIC, {168, 24301054}) = 0
19:19:09.740090,1023,clock_gettime(CLOCK_MONOTONIC, {168, 25032575}) = 0
19:19:09.761947,1023,clock_gettime(CLOCK_MONOTONIC, {168, 46898594}) = 0
19:19:09.762612,1023,clock_gettime(CLOCK_MONOTONIC, {168, 47555463}) = 0
19:19:09.763279,1023,recvfrom(38, 0xb88738b0, 1240, 64, 0, 0) = -1 EAGAIN (Try again)
19:19:09.763956,1023,clock_gettime(CLOCK_MONOTONIC, {168, 48898604}) = 0
19:19:09.764604,1023,clock_gettime(CLOCK_MONOTONIC, {168, 49584238}) = 0
19:19:09.765287,1023,getpid() = 1023
19:19:09.765842,1023,getuid32() = 10050
19:19:09.766437,1023,epoll_wait(0x1e, 0xbee6d1f8, 0x10, 0) = 0
19:19:09.767020,1023,clock_gettime(CLOCK_MONOTONIC, {168, 51960863}) = 0
19:19:09.784622,1023,ioctl(9, 0xc0186201, 0xbee6d328) = 0
19:19:09.785244,1023,epoll_wait(0x1e, 0xbee6d1f8, 0x10, 0x5) = 0
19:19:09.809998,1023,clock_gettime(CLOCK_MONOTONIC, {168, 94951070}) = 0
19:19:09.810694,1023,clock_gettime(CLOCK_MONOTONIC, {168, 95645437}) = 0
19:19:09.811389,1023,recvfrom(37, 0xbee6c9a8, 24, 64, 0, 0) = -1 EAGAIN (Try again)
19:19:09.812027,1023,ioctl(9, 0xc0186201, 0xbee6d178) = 0
19:19:09.813097,1023,getpid() = 1023
19:19:09.813681,1023,getuid32() = 10050
19:19:09.814295,1023,epoll_wait(0x1e, 0xbee6d1f8, 0x10, 0) = 0
19:19:09.814901,1023,clock_gettime(CLOCK_MONOTONIC, {168, 99848200}) = 0
19:19:09.815590,1023,epoll_wait(0x1e, 0xbee6d1f8, 0x10, 0xffffffff) = 1
19:19:09.831063,1023,recvfrom(37, "nysv\0\0\0\0\0®\216#'\0\0\0\20\6\0\0\224Â'¸", 24, MSG_DONTWAIT, NULL, NULL) = 24
19:19:09.831847,1023,recvfrom(37, 0xbee6c828, 24, 64, 0, 0) = -1 EAGAIN (Try again)
19:19:09.832502,1023,clock_gettime(CLOCK_MONOTONIC, {168, 117451622}) = 0
19:19:09.833197,1023,write(29, "W", 1) = 1
19:19:09.833921,1023,clock_gettime(CLOCK_MONOTONIC, {168, 118871218}) = 0
19:19:09.834604,1023,clock_gettime(CLOCK_MONOTONIC, {168, 119553606}) = 0
19:19:09.835270,1023,clock_gettime(CLOCK_MONOTONIC, {168, 120224230}) = 0
19:19:09.835943,1023,clock_gettime(CLOCK_MONOTONIC, {168, 120891848}) = 0
19:19:09.836885,1023,clock_gettime(CLOCK_MONOTONIC, {168, 121836664}) = 0
19:19:09.837579,1023,clock_gettime(CLOCK_MONOTONIC, {168, 122529977}) = 0
19:19:09.838273,1023,recvfrom(37, 0xbee6c9a8, 24, 64, 0, 0) = -1 EAGAIN (Try again)
19:19:09.838898,1023,ioctl(9, 0xc0186201, 0xbee6d178) = 0
19:19:09.839797,1023,clock_gettime(CLOCK_MONOTONIC, {168, 124804602}) = 0
19:19:09.840560,1023,clock_gettime(CLOCK_MONOTONIC, {168, 125510815}) = 0
19:19:09.841237,1023,clock_gettime(CLOCK_MONOTONIC, {168, 126193429}) = 0
19:19:09.841917,1023,clock_gettime(CLOCK_MONOTONIC, {168, 126866866}) = 0
19:19:09.842620,1023,clock_gettime(CLOCK_MONOTONIC, {168, 127569323}) = 0
19:19:09.843315,1023,write(29, "W", 1) = 1
19:19:09.844169,1023,ioctl(9, 0xc0186201, 0xbee6cf10) = 0
19:19:09.845022,1023,ioctl(9, 0xc0186201, 0xbee6cf10) = 0
19:19:09.846410,1023,clock_gettime(CLOCK_MONOTONIC, {168, 131370056}) = 0
19:19:09.880204,1023,clock_gettime(CLOCK_MONOTONIC, {168, 165189112}) = 0
19:19:09.880939,1023,ioctl(9, 0xc0186201, 0xbee6d0c8) = 0
19:19:09.881930,1023,ioctl(9, 0xc0186201, 0xbee6d0c8) = 0
19:19:09.882751,1023,getpid() = 1023
19:19:09.883329,1023,getuid32() = 10050
19:19:09.884156,1023,epoll_wait(0x1e, 0xbee6d1f8, 0x10, 0) = 2
19:19:09.884790,1023,read(23, "WW", 16) = 2
19:19:09.885405,1023,recvfrom(37, "nysv\0\0\0\0(\16y$'\0\0\0\21\6\0\0\224Â'¸", 24, MSG_DONTWAIT, NULL, NULL) = 24
19:19:09.886153,1023,recvfrom(37, 0xbee6c828, 24, 64, 0, 0) = -1 EAGAIN (Try again)
19:19:09.886784,1023,clock_gettime(CLOCK_MONOTONIC, {168, 171724984}) = 0
19:19:09.887508,1023,clock_gettime(CLOCK_MONOTONIC, {168, 172449752}) = 0
19:19:09.888159,1023,clock_gettime(CLOCK_MONOTONIC, {168, 173101120}) = 0
19:19:09.888805,1023,clock_gettime(CLOCK_MONOTONIC, {168, 173746608}) = 0
19:19:09.889473,1023,recvfrom(38, 0xb88738b0, 1240, 64, 0, 0) = -1 EAGAIN (Try again)
19:19:09.890083,1023,clock_gettime(CLOCK_MONOTONIC, {168, 175024486}) = 0
19:19:09.890733,1023,clock_gettime(CLOCK_MONOTONIC, {168, 175672598}) = 0
19:19:09.891372,1023,getpid() = 1023
19:19:09.891924,1023,getuid32() = 10050
19:19:09.892513,1023,epoll_wait(0x1e, 0xbee6d1f8, 0x10, 0) = 0
19:19:09.893095,1023,clock_gettime(CLOCK_MONOTONIC, {168, 178035145}) = 0
19:19:09.893747,1023,ioctl(9, 0xc0186201, 0xbee6d328) = 0
19:19:09.894343,1023,epoll_wait(0x1e, 0xbee6d1f8, 0x10, 0x25) = 0
19:19:09.991490,1023,clock_gettime(CLOCK_MONOTONIC, {168, 276453824}) = 0
19:19:09.992214,1023,clock_gettime(CLOCK_MONOTONIC, {168, 277144477}) = 0
19:19:09.992922,1023,recvfrom(37, 0xbee6c9a8, 24, 64, 0, 0) = -1 EAGAIN (Try again)
19:19:09.993603,1023,ioctl(9, 0xc0186201, 0xbee6d178) = 0
19:19:09.994672,1023,getpid() = 1023
19:19:09.995183,1023,getuid32() = 10050
19:19:09.995786,1023,epoll_wait(0x1e, 0xbee6d1f8, 0x10, 0) = 0
19:19:09.996318,1023,clock_gettime(CLOCK_MONOTONIC, {168, 290804547}) = 0
19:19:10.006601,1023,epoll_wait(0x1e, 0xbee6d1f8, 0x10, 0xffffffff) = 1
19:19:10.007163,1023,recvfrom(37, "nysv\0\0\0\0Ö\227P.'\0\0\0\23\6\0\0\224Â'¸", 24, MSG_DONTWAIT, NULL, NULL) = 24
19:19:10.007940,1023,recvfrom(37, 0xbee6c828, 24, 64, 0, 0) = -1 EAGAIN (Try again)
19:19:10.008592,1023,clock_gettime(CLOCK_MONOTONIC, {168, 293557798}) = 0
19:19:10.009265,1023,write(29, "W", 1) = 1
19:19:10.010406,1023,clock_gettime(CLOCK_MONOTONIC, {168, 295514385}) = 0
19:19:10.011334,1023,clock_gettime(CLOCK_MONOTONIC, {168, 296317149}) = 0
19:19:10.011984,1023,clock_gettime(CLOCK_MONOTONIC, {168, 296918534}) = 0
19:19:10.012643,1023,clock_gettime(CLOCK_MONOTONIC, {168, 297575472}) = 0
19:19:10.013767,1023,clock_gettime(CLOCK_MONOTONIC, {168, 298738151}) = 0
19:19:10.014534,1023,clock_gettime(CLOCK_MONOTONIC, {168, 299461141}) = 0
19:19:10.015147,1023,recvfrom(37, 0xbee6c9a8, 24, 64, 0, 0) = -1 EAGAIN (Try again)
19:19:10.015737,1023,ioctl(9, 0xc0186201, 0xbee6d178) = 0
19:19:10.016704,1023,clock_gettime(CLOCK_MONOTONIC, {168, 301632792}) = 0
19:19:10.017322,1023,clock_gettime(CLOCK_MONOTONIC, {168, 302287363}) = 0
19:19:10.017956,1023,clock_gettime(CLOCK_MONOTONIC, {168, 302881826}) = 0
19:19:10.018587,1023,clock_gettime(CLOCK_MONOTONIC, {168, 303512202}) = 0
19:19:10.019262,1023,clock_gettime(CLOCK_MONOTONIC, {168, 304212635}) = 0
19:19:10.019912,1023,write(29, "W", 1) = 1
19:19:10.020768,1023,ioctl(9, 0xc0186201, 0xbee6cf10) = 0
19:19:10.022354,1023,clock_gettime(CLOCK_MONOTONIC, {168, 312635016}) = 0
19:19:10.031379,1023,clock_gettime(CLOCK_MONOTONIC, {168, 316364533}) = 0
19:19:10.032128,1023,ioctl(9, 0xc0186201, 0xbee6d0c8) = 0
19:19:10.033043,1023,ioctl(9, 0xc0186201, 0xbee6d0c8) = 0
19:19:10.033759,1023,getpid() = 1023
19:19:10.034288,1023,getuid32() = 10050
19:19:10.034894,1023,epoll_wait(0x1e, 0xbee6d1f8, 0x10, 0) = 2
19:19:10.035544,1023,read(23, "WW", 16) = 2
19:19:10.036129,1023,recvfrom(37, "nysv\0\0\0\0\22(°/'\0\0\0\24\6\0\0\224Â'¸", 24, MSG_DONTWAIT, NULL, NULL) = 24
19:19:10.036874,1023,recvfrom(37, 0xbee6c828, 24, 64, 0, 0) = -1 EAGAIN (Try again)
19:19:10.037563,1023,clock_gettime(CLOCK_MONOTONIC, {168, 322495294}) = 0
19:19:10.038237,1023,clock_gettime(CLOCK_MONOTONIC, {168, 323193607}) = 0
19:19:10.038897,1023,clock_gettime(CLOCK_MONOTONIC, {168, 323890460}) = 0
19:19:10.039608,1023,clock_gettime(CLOCK_MONOTONIC, {168, 324541913}) = 0
19:19:10.040300,1023,recvfrom(38, 0xb88738b0, 1240, 64, 0, 0) = -1 EAGAIN (Try again)
19:19:10.040982,1023,clock_gettime(CLOCK_MONOTONIC, {168, 325943417}) = 0
19:19:10.041664,1023,clock_gettime(CLOCK_MONOTONIC, {168, 326596161}) = 0
19:19:10.042336,1023,getpid() = 1023
19:19:10.042900,1023,getuid32() = 10050
19:19:10.043497,1023,epoll_wait(0x1e, 0xbee6d1f8, 0x10, 0) = 0
19:19:10.044114,1023,clock_gettime(CLOCK_MONOTONIC, {168, 329045246}) = 0
19:19:10.044771,1023,ioctl(9, 0xc0186201, 0xbee6d328) = 0
19:19:10.045396,1023,epoll_wait(0x1e, 0xbee6d1f8, 0x10, 0x40) = 0
19:19:10.119360,1023,clock_gettime(CLOCK_MONOTONIC, {168, 404324514}) = 0
19:19:10.120116,1023,clock_gettime(CLOCK_MONOTONIC, {168, 405051860}) = 0
19:19:10.120795,1023,recvfrom(37, 0xbee6c9a8, 24, 64, 0, 0) = -1 EAGAIN (Try again)
19:19:10.121403,1023,ioctl(9, 0xc0186201, 0xbee6d178) = 0
19:19:10.122339,1023,getpid() = 1023
19:19:10.123128,1023,getuid32() = 10050
19:19:10.123773,1023,epoll_wait(0x1e, 0xbee6d1f8, 0x10, 0) = 0
19:19:10.124306,1023,clock_gettime(CLOCK_MONOTONIC, {168, 409289555}) = 0
19:19:10.124971,1023,epoll_wait(0x1e, 0xbee6d1f8, 0x10, 0xffffffff) = 1
19:19:10.148115,1023,recvfrom(37, "nysv\0\0\0\0*É\0306'\0\0\0\26\6\0\0\224Â'¸", 24, MSG_DONTWAIT, NULL, NULL) = 24
19:19:10.149919,1023,recvfrom(37, 0xbee6c828, 24, 64, 0, 0) = -1 EAGAIN (Try again)
19:19:10.150579,1023,clock_gettime(CLOCK_MONOTONIC, {168, 435517582}) = 0
19:19:10.151240,1023,write(29, "W", 1) = 1
19:19:10.151957,1023,clock_gettime(CLOCK_MONOTONIC, {168, 436893712}) = 0
19:19:10.152624,1023,clock_gettime(CLOCK_MONOTONIC, {168, 437560102}) = 0
19:19:10.153242,1023,clock_gettime(CLOCK_MONOTONIC, {168, 438199608}) = 0
19:19:10.153896,1023,clock_gettime(CLOCK_MONOTONIC, {168, 438890459}) = 0
19:19:10.154859,1023,clock_gettime(CLOCK_MONOTONIC, {168, 439796092}) = 0
19:19:10.155534,1023,clock_gettime(CLOCK_MONOTONIC, {168, 440468683}) = 0
19:19:10.156235,1023,recvfrom(37, 0xbee6c9a8, 24, 64, 0, 0) = -1 EAGAIN (Try again)
19:19:10.156852,1023,ioctl(9, 0xc0186201, 0xbee6d178) = 0
19:19:10.157772,1023,clock_gettime(CLOCK_MONOTONIC, {168, 442818518}) = 0
19:19:10.158565,1023,clock_gettime(CLOCK_MONOTONIC, {168, 443500645}) = 0
19:19:10.159188,1023,clock_gettime(CLOCK_MONOTONIC, {168, 444123300}) = 0
19:19:10.159846,1023,clock_gettime(CLOCK_MONOTONIC, {168, 444779484}) = 0
19:19:10.160527,1023,clock_gettime(CLOCK_MONOTONIC, {168, 445461610}) = 0
19:19:10.161254,1023,write(29, "W", 1) = 1
19:19:10.162074,1023,ioctl(9, 0xc0186201, 0xbee6cf10) = 0
19:19:10.162902,1023,ioctl(9, 0xc0186201, 0xbee6cf10) = 0
19:19:10.164240,1023,clock_gettime(CLOCK_MONOTONIC, {168, 449208876}) = 0
19:19:10.190278,1023,clock_gettime(CLOCK_MONOTONIC, {168, 475352165}) = 0
19:19:10.191054,1023,ioctl(9, 0xc0186201, 0xbee6d0c8) = 0
19:19:10.192395,1023,getpid() = 1023
19:19:10.193005,1023,getuid32() = 10050
19:19:10.193663,1023,epoll_wait(0x1e, 0xbee6d1f8, 0x10, 0) = 2
19:19:10.194339,1023,read(23, "WW", 16) = 2
19:19:10.195097,1023,recvfrom(37, "nysv\0\0\0\0fYx7'\0\0\0\27\6\0\0\224Â'¸", 24, MSG_DONTWAIT, NULL, NULL) = 24
19:19:10.195874,1023,recvfrom(37, 0xbee6c828, 24, 64, 0, 0) = -1 EAGAIN (Try again)
19:19:10.196530,1023,clock_gettime(CLOCK_MONOTONIC, {168, 481473693}) = 0
19:19:10.197255,1023,clock_gettime(CLOCK_MONOTONIC, {168, 482240331}) = 0
19:19:10.197956,1023,clock_gettime(CLOCK_MONOTONIC, {168, 482900834}) = 0
19:19:10.220358,1023,clock_gettime(CLOCK_MONOTONIC, {168, 505359804}) = 0
19:19:10.221101,1023,recvfrom(38, 0xb88738b0, 1240, 64, 0, 0) = -1 EAGAIN (Try again)
19:19:10.221758,1023,clock_gettime(CLOCK_MONOTONIC, {168, 506697705}) = 0
19:19:10.222394,1023,clock_gettime(CLOCK_MONOTONIC, {168, 507371268}) = 0
19:19:10.223124,1023,getpid() = 1023
19:19:10.223690,1023,getuid32() = 10050
19:19:10.224257,1023,epoll_wait(0x1e, 0xbee6d1f8, 0x10, 0) = 0
19:19:10.224858,1023,clock_gettime(CLOCK_MONOTONIC, {168, 533355199}) = 0
19:19:10.249119,1023,clock_gettime(CLOCK_MONOTONIC, {168, 534139487}) = 0
19:19:10.249910,1023,recvfrom(37, 0xbee6c9a8, 24, 64, 0, 0) = -1 EAGAIN (Try again)
19:19:10.250535,1023,ioctl(9, 0xc0186201, 0xbee6d178) = 0
19:19:10.251357,1023,getpid() = 1023
19:19:10.252107,1023,getuid32() = 10050
19:19:10.252719,1023,epoll_wait(0x1e, 0xbee6d1f8, 0x10, 0) = 0
19:19:10.253335,1023,clock_gettime(CLOCK_MONOTONIC, {168, 538307208}) = 0
19:19:10.254006,1023,epoll_wait(0x1e, 0xbee6d1f8, 0x10, 0xffffffff) = 1
19:19:10.258272,1023,recvfrom(37, "nysv\0\0\0\0tb¦='\0\0\0\31\6\0\0\224Â'¸", 24, MSG_DONTWAIT, NULL, NULL) = 24
19:19:10.259084,1023,recvfrom(37, 0xbee6c828, 24, 64, 0, 0) = -1 EAGAIN (Try again)
19:19:10.259714,1023,clock_gettime(CLOCK_MONOTONIC, {168, 544641726}) = 0
19:19:10.260381,1023,write(29, "W", 1) = 1
19:19:10.261133,1023,clock_gettime(CLOCK_MONOTONIC, {168, 546061208}) = 0
19:19:10.261949,1023,clock_gettime(CLOCK_MONOTONIC, {168, 546976844}) = 0
19:19:10.262874,1023,clock_gettime(CLOCK_MONOTONIC, {168, 547829590}) = 0
19:19:10.263577,1023,clock_gettime(CLOCK_MONOTONIC, {168, 548504968}) = 0
19:19:10.264434,1023,clock_gettime(CLOCK_MONOTONIC, {168, 549391605}) = 0
19:19:10.265072,1023,clock_gettime(CLOCK_MONOTONIC, {168, 550000018}) = 0
19:19:10.265725,1023,recvfrom(37, 0xbee6c9a8, 24, 64, 0, 0) = -1 EAGAIN (Try again)
19:19:10.266336,1023,ioctl(9, 0xc0186201, 0xbee6d178) = 0
19:19:10.267153,1023,clock_gettime(CLOCK_MONOTONIC, {168, 552129824}) = 0
19:19:10.267857,1023,clock_gettime(CLOCK_MONOTONIC, {168, 552784563}) = 0
19:19:10.268492,1023,clock_gettime(CLOCK_MONOTONIC, {168, 553419403}) = 0
19:19:10.269086,1023,clock_gettime(CLOCK_MONOTONIC, {168, 554012770}) = 0
19:19:10.269740,1023,clock_gettime(CLOCK_MONOTONIC, {168, 554667406}) = 0
19:19:10.270352,1023,write(29, "W", 1) = 1
19:19:10.271188,1023,ioctl(9, 0xc0186201, 0xbee6cf10) = 0
19:19:10.272037,1023,ioctl(9, 0xc0186201, 0xbee6cf10) = 0
19:19:10.273299,1023,clock_gettime(CLOCK_MONOTONIC, {168, 558269094}) = 0
19:19:10.276654,1023,clock_gettime(CLOCK_MONOTONIC, {168, 561591880}) = 0
19:19:10.277284,1023,ioctl(9, 0xc0186201, 0xbee6d0c8) = 0
19:19:10.278585,1023,ioctl(9, 0xc0186201, 0xbee6d0c8) = 0
19:19:10.344152,1023,getpid() = 1023
19:19:10.344775,1023,getuid32() = 10050
19:19:10.345331,1023,epoll_wait(0x1e, 0xbee6d1f8, 0x10, 0) = 2
19:19:10.356927,1023,read(23, "WW", 16) = 2
19:19:10.357642,1023,recvfrom(37, "nysv\0\0\0\0\222*V>'\0\0\0\32\6\0\0\224Â'¸", 24, MSG_DONTWAIT, NULL, NULL) = 24
19:19:10.358602,1023,recvfrom(37, 0xbee6c828, 24, 64, 0, 0) = -1 EAGAIN (Try again)
19:19:10.359242,1023,clock_gettime(CLOCK_MONOTONIC, {168, 644199345}) = 0
19:19:10.359990,1023,clock_gettime(CLOCK_MONOTONIC, {168, 644918237}) = 0
19:19:10.360648,1023,clock_gettime(CLOCK_MONOTONIC, {168, 645576336}) = 0
19:19:10.361240,1023,clock_gettime(CLOCK_MONOTONIC, {168, 646194084}) = 0
19:19:10.361906,1023,recvfrom(38, 0xb88738b0, 1240, 64, 0, 0) = -1 EAGAIN (Try again)
19:19:10.362560,1023,clock_gettime(CLOCK_MONOTONIC, {168, 647486578}) = 0
19:19:10.363588,1023,clock_gettime(CLOCK_MONOTONIC, {168, 648524406}) = 0
19:19:10.364316,1023,clock_gettime(CLOCK_MONOTONIC, {168, 649306205}) = 0
19:19:10.365011,1023,recvfrom(37, 0xbee6c9a8, 24, 64, 0, 0) = -1 EAGAIN (Try again)
19:19:10.365644,1023,ioctl(9, 0xc0186201, 0xbee6d178) = 0
19:19:10.389643,1023,clock_gettime(CLOCK_MONOTONIC, {168, 674589496}) = 0
19:19:10.390297,1023,clock_gettime(CLOCK_MONOTONIC, {168, 675265262}) = 0
19:19:10.390936,1023,clock_gettime(CLOCK_MONOTONIC, {168, 676014439}) = 0
19:19:10.391783,1023,clock_gettime(CLOCK_MONOTONIC, {168, 676747066}) = 0
19:19:10.392550,1023,clock_gettime(CLOCK_MONOTONIC, {168, 677492673}) = 0
19:19:10.393998,1023,ioctl(9, 0xc0186201, 0xbee6cf10) = 0
19:19:10.395774,1023,clock_gettime(CLOCK_MONOTONIC, {168, 680718843}) = 0
19:19:10.399310,1023,clock_gettime(CLOCK_MONOTONIC, {168, 684291438}) = 0
19:19:10.400049,1023,ioctl(9, 0xc0186201, 0xbee6d0c8) = 0
19:19:10.401116,1023,getpid() = 1023
19:19:10.401688,1023,getuid32() = 10050
19:19:10.402289,1023,epoll_wait(0x1e, 0xbee6d1f8, 0x10, 0) = 1
19:19:10.402883,1023,recvfrom(37, "nysv\0\0\0\0ÜÃãE'\0\0\0\33\6\0\0\224Â'¸", 24, MSG_DONTWAIT, NULL, NULL) = 24
19:19:10.403689,1023,recvfrom(37, 0xbee6c828, 24, 64, 0, 0) = -1 EAGAIN (Try again)
19:19:10.426055,1023,clock_gettime(CLOCK_MONOTONIC, {168, 711067573}) = 0
19:19:10.427087,1023,clock_gettime(CLOCK_MONOTONIC, {168, 712095040}) = 0
19:19:10.428096,1023,getpid() = 1023
19:19:10.428706,1023,getuid32() = 10050
19:19:10.429415,1023,epoll_wait(0x1e, 0xbee6d1f8, 0x10, 0) = 0
19:19:10.430193,1023,clock_gettime(CLOCK_MONOTONIC, {168, 715133889}) = 0
19:19:10.431080,1023,clock_gettime(CLOCK_MONOTONIC, {168, 716080016}) = 0
19:19:10.431905,1023,clock_gettime(CLOCK_MONOTONIC, {168, 716875927}) = 0
19:19:10.432633,1023,recvfrom(38, 0xb88738b0, 1240, 64, 0, 0) = -1 EAGAIN (Try again)
19:19:10.433290,1023,clock_gettime(CLOCK_MONOTONIC, {168, 718274085}) = 0
19:19:10.433999,1023,clock_gettime(CLOCK_MONOTONIC, {168, 718926719}) = 0
19:19:10.434785,1023,getpid() = 1023
19:19:10.435296,1023,getuid32() = 10050
19:19:10.435913,1023,epoll_wait(0x1e, 0xbee6d1f8, 0x10, 0) = 0
19:19:10.436504,1023,clock_gettime(CLOCK_MONOTONIC, {168, 721440233}) = 0
19:19:10.437136,1023,ioctl(9, 0xc0186201, 0xbee6d328) = 0
19:19:10.437767,1023,epoll_wait(0x1e, 0xbee6d1f8, 0x10, 0x2c) = 0
19:19:10.483204,1023,clock_gettime(CLOCK_MONOTONIC, {168, 768171576}) = 0
19:19:10.483941,1023,clock_gettime(CLOCK_MONOTONIC, {168, 768880969}) = 0
19:19:10.484656,1023,recvfrom(37, 0xbee6c9a8, 24, 64, 0, 0) = -1 EAGAIN (Try again)
19:19:10.485343,1023,ioctl(9, 0xc0186201, 0xbee6d178) = 0
19:19:10.501188,1023,getpid() = 1023
19:19:10.501745,1023,getuid32() = 10050
19:19:10.502299,1023,epoll_wait(0x1e, 0xbee6d1f8, 0x10, 0) = 0
19:19:10.502881,1023,clock_gettime(CLOCK_MONOTONIC, {168, 787868429}) = 0
19:19:10.503589,1023,epoll_wait(0x1e, 0xbee6d1f8, 0x10, 0xffffffff) = 1
19:19:10.504366,1023,recvfrom(37, "nysv\0\0\0\0Ö\234\234K'\0\0\0\35\6\0\0\224Â'¸", 24, MSG_DONTWAIT, NULL, NULL) = 24
19:19:10.505089,1023,recvfrom(37, 0xbee6c828, 24, 64, 0, 0) = -1 EAGAIN (Try again)
19:19:10.505702,1023,clock_gettime(CLOCK_MONOTONIC, {168, 790629979}) = 0
19:19:10.506372,1023,write(29, "W", 1) = 1
19:19:10.517870,1023,clock_gettime(CLOCK_MONOTONIC, {168, 802870168}) = 0
19:19:10.518622,1023,clock_gettime(CLOCK_MONOTONIC, {168, 803551887}) = 0
19:19:10.519219,1023,clock_gettime(CLOCK_MONOTONIC, {168, 804146575}) = 0
19:19:10.519867,1023,clock_gettime(CLOCK_MONOTONIC, {168, 804793582}) = 0
19:19:10.520757,1023,clock_gettime(CLOCK_MONOTONIC, {168, 805685869}) = 0
19:19:10.521367,1023,clock_gettime(CLOCK_MONOTONIC, {168, 806351021}) = 0
19:19:10.522036,1023,recvfrom(37, 0xbee6c9a8, 24, 64, 0, 0) = -1 EAGAIN (Try again)
19:19:10.522661,1023,ioctl(9, 0xc0186201, 0xbee6d178) = 0
19:19:10.523394,1023,clock_gettime(CLOCK_MONOTONIC, {168, 808380452}) = 0
19:19:10.524069,1023,clock_gettime(CLOCK_MONOTONIC, {168, 808997251}) = 0
19:19:10.524722,1023,clock_gettime(CLOCK_MONOTONIC, {168, 809652221}) = 0
19:19:10.537104,1023,clock_gettime(CLOCK_MONOTONIC, {168, 822051674}) = 0
19:19:10.537938,1023,clock_gettime(CLOCK_MONOTONIC, {168, 822869530}) = 0
19:19:10.538613,1023,write(29, "W", 1) = 1
19:19:10.539400,1023,ioctl(9, 0xc0186201, 0xbee6cf10) = 0
19:19:10.540261,1023,ioctl(9, 0xc0186201, 0xbee6cf10) = 0
19:19:10.541526,1023,clock_gettime(CLOCK_MONOTONIC, {168, 826457364}) = 0
19:19:10.544450,1023,clock_gettime(CLOCK_MONOTONIC, {168, 829395926}) = 0
19:19:10.545086,1023,ioctl(9, 0xc0186201, 0xbee6d0c8) = 0
19:19:10.545954,1023,ioctl(9, 0xc0186201, 0xbee6d0c8) = 0
19:19:10.546680,1023,getpid() = 1023
19:19:10.547189,1023,getuid32() = 10050
19:19:10.547739,1023,epoll_wait(0x1e, 0xbee6d1f8, 0x10, 0) = 2
19:19:10.548287,1023,read(23, "WW", 16) = 2
19:19:10.548870,1023,recvfrom(37, "nysv\0\0\0\0:\215æM'\0\0\0\36\6\0\0\224Â'¸", 24, MSG_DONTWAIT, NULL, NULL) = 24
19:19:10.549573,1023,recvfrom(37, 0xbee6c828, 24, 64, 0, 0) = -1 EAGAIN (Try again)
19:19:10.550164,1023,clock_gettime(CLOCK_MONOTONIC, {168, 835090391}) = 0
19:19:10.550816,1023,clock_gettime(CLOCK_MONOTONIC, {168, 835743390}) = 0
19:19:10.551419,1023,clock_gettime(CLOCK_MONOTONIC, {168, 836346180}) = 0
19:19:10.552021,1023,clock_gettime(CLOCK_MONOTONIC, {168, 836953214}) = 0
19:19:10.552650,1023,recvfrom(38, 0xb88738b0, 1240, 64, 0, 0) = -1 EAGAIN (Try again)
19:19:10.553226,1023,clock_gettime(CLOCK_MONOTONIC, {168, 838157108}) = 0
19:19:10.559571,1023,clock_gettime(CLOCK_MONOTONIC, {168, 844575520}) = 0
19:19:10.560343,1023,getpid() = 1023
19:19:10.560879,1023,getuid32() = 10050
19:19:10.561454,1023,epoll_wait(0x1e, 0xbee6d1f8, 0x10, 0) = 0
19:19:10.562079,1023,clock_gettime(CLOCK_MONOTONIC, {168, 847015025}) = 0
19:19:10.562712,1023,ioctl(9, 0xc0186201, 0xbee6d328) = 0
19:19:10.563322,1023,epoll_wait(0x1e, 0xbee6d1f8, 0x10, 0x40) = 0
19:19:10.631548,1023,clock_gettime(CLOCK_MONOTONIC, {168, 916498921}) = 0
19:19:10.632249,1023,clock_gettime(CLOCK_MONOTONIC, {168, 917203508}) = 0
19:19:10.632908,1023,recvfrom(37, 0xbee6c9a8, 24, 64, 0, 0) = -1 EAGAIN (Try again)
19:19:10.633552,1023,ioctl(9, 0xc0186201, 0xbee6d178) = 0
19:19:10.634430,1023,getpid() = 1023
19:19:10.635064,1023,getuid32() = 10050
19:19:10.635650,1023,epoll_wait(0x1e, 0xbee6d1f8, 0x10, 0) = 0
19:19:10.636240,1023,clock_gettime(CLOCK_MONOTONIC, {168, 921172147}) = 0
19:19:10.636852,1023,epoll_wait(0x1e, 0xbee6d1f8, 0x10, 0xffffffff) = 1
19:19:10.640575,1023,recvfrom(37, "nysv\0\0\0\0\\Æ\211T'\0\0\0 \6\0\0\224Â'¸", 24, MSG_DONTWAIT, NULL, NULL) = 24
19:19:10.641311,1023,recvfrom(37, 0xbee6c828, 24, 64, 0, 0) = -1 EAGAIN (Try again)
19:19:10.641948,1023,clock_gettime(CLOCK_MONOTONIC, {168, 926882181}) = 0
19:19:10.642625,1023,write(29, "W", 1) = 1
19:19:10.643322,1023,clock_gettime(CLOCK_MONOTONIC, {168, 928288549}) = 0
19:19:10.643977,1023,clock_gettime(CLOCK_MONOTONIC, {168, 928912597}) = 0
19:19:10.644651,1023,clock_gettime(CLOCK_MONOTONIC, {168, 957275881}) = 0
19:19:10.673069,1023,clock_gettime(CLOCK_MONOTONIC, {168, 958034034}) = 0
19:19:10.674050,1023,clock_gettime(CLOCK_MONOTONIC, {168, 958981108}) = 0
19:19:10.674704,1023,clock_gettime(CLOCK_MONOTONIC, {168, 959632678}) = 0
19:19:10.675366,1023,recvfrom(37, 0xbee6c9a8, 24, 64, 0, 0) = -1 EAGAIN (Try again)
19:19:10.675991,1023,ioctl(9, 0xc0186201, 0xbee6d178) = 0
19:19:10.677005,1023,clock_gettime(CLOCK_MONOTONIC, {168, 961934999}) = 0
19:19:10.677664,1023,clock_gettime(CLOCK_MONOTONIC, {168, 962592098}) = 0
19:19:10.678321,1023,clock_gettime(CLOCK_MONOTONIC, {168, 963287640}) = 0
19:19:10.678953,1023,clock_gettime(CLOCK_MONOTONIC, {168, 963880270}) = 0
19:19:10.679608,1023,clock_gettime(CLOCK_MONOTONIC, {168, 964534947}) = 0
19:19:10.680221,1023,write(29, "W", 1) = 1
19:19:10.681016,1023,ioctl(9, 0xc0186201, 0xbee6cf10) = 0
19:19:10.682644,1023,clock_gettime(CLOCK_MONOTONIC, {168, 967575899}) = 0
19:19:10.685974,1023,clock_gettime(CLOCK_MONOTONIC, {168, 970913823}) = 0
19:19:10.686642,1023,ioctl(9, 0xc0186201, 0xbee6d0c8) = 0
19:19:10.688289,1023,ioctl(9, 0xc0186201, 0xbee6d0c8) = 0
19:19:10.689249,1023,getpid() = 1023
19:19:10.689839,1023,getuid32() = 10050
19:19:10.690434,1023,epoll_wait(0x1e, 0xbee6d1f8, 0x10, 0) = 2
19:19:10.691017,1023,read(23, "WW", 16) = 2
19:19:10.691660,1023,recvfrom(37, "nysv\0\0\0\0ÊN\16W'\0\0\0!\6\0\0\224Â'¸", 24, MSG_DONTWAIT, NULL, NULL) = 24
19:19:10.692366,1023,recvfrom(37, 0xbee6c828, 24, 64, 0, 0) = -1 EAGAIN (Try again)
19:19:10.693015,1023,clock_gettime(CLOCK_MONOTONIC, {168, 977948846}) = 0
19:19:10.693768,1023,clock_gettime(CLOCK_MONOTONIC, {168, 978703204}) = 0
19:19:10.694393,1023,clock_gettime(CLOCK_MONOTONIC, {168, 979382413}) = 0
19:19:10.716077,1023,clock_gettime(CLOCK_MONOTONIC, {169, 1060633}) = 0
19:19:10.716863,1023,recvfrom(38, 0xb88738b0, 1240, 64, 0, 0) = -1 EAGAIN (Try again)
19:19:10.717619,1023,clock_gettime(CLOCK_MONOTONIC, {169, 2548977}) = 0
19:19:10.718212,1023,clock_gettime(CLOCK_MONOTONIC, {169, 3139860}) = 0
19:19:10.718948,1023,getpid() = 1023
19:19:10.719515,1023,getuid32() = 10050
19:19:10.720592,1023,epoll_wait(0x1e, 0xbee6d1f8, 0x10, 0) = 0
19:19:10.721138,1023,clock_gettime(CLOCK_MONOTONIC, {169, 6065467}) = 0
19:19:10.721792,1023,ioctl(9, 0xc0186201, 0xbee6d328) = 0
19:19:10.722428,1023,epoll_wait(0x1e, 0xbee6d1f8, 0x10, 0x2e) = 0
19:19:10.828812,1023,clock_gettime(CLOCK_MONOTONIC, {169, 113764480}) = 0
19:19:10.829492,1023,clock_gettime(CLOCK_MONOTONIC, {169, 114420815}) = 0
19:19:10.830112,1023,recvfrom(37, 0xbee6c9a8, 24, 64, 0, 0) = -1 EAGAIN (Try again)
19:19:10.830932,1023,ioctl(9, 0xc0186201, 0xbee6d178) = 0
19:19:10.832556,1023,getpid() = 1023
19:19:10.833210,1023,getuid32() = 10050
19:19:10.833807,1023,epoll_wait(0x1e, 0xbee6d1f8, 0x10, 0) = 0
19:19:10.834530,1023,clock_gettime(CLOCK_MONOTONIC, {169, 119534110}) = 0
19:19:10.835391,1023,epoll_wait(0x1e, 0xbee6d1f8, 0x10, 0xffffffff) = 1
19:19:10.835972,1023,recvfrom(37, "nysv\0\0\0\0Z\0206`'\0\0\0#\6\0\0\224Â'¸", 24, MSG_DONTWAIT, NULL, NULL) = 24
19:19:10.836690,1023,recvfrom(37, 0xbee6c828, 24, 64, 0, 0) = -1 EAGAIN (Try again)
19:19:10.837327,1023,clock_gettime(CLOCK_MONOTONIC, {169, 122292516}) = 0
19:19:10.837977,1023,write(29, "W", 1) = 1
19:19:10.845828,1023,clock_gettime(CLOCK_MONOTONIC, {169, 130789713}) = 0
19:19:10.846531,1023,clock_gettime(CLOCK_MONOTONIC, {169, 131461222}) = 0
19:19:10.847189,1023,clock_gettime(CLOCK_MONOTONIC, {169, 132117750}) = 0
19:19:10.847788,1023,clock_gettime(CLOCK_MONOTONIC, {169, 132715465}) = 0
19:19:10.848637,1023,clock_gettime(CLOCK_MONOTONIC, {169, 133565984}) = 0
19:19:10.849249,1023,clock_gettime(CLOCK_MONOTONIC, {169, 134203783}) = 0
19:19:10.849904,1023,recvfrom(37, 0xbee6c9a8, 24, 64, 0, 0) = -1 EAGAIN (Try again)
19:19:10.850500,1023,ioctl(9, 0xc0186201, 0xbee6d178) = 0
19:19:10.851433,1023,clock_gettime(CLOCK_MONOTONIC, {169, 136441123}) = 0
19:19:10.852292,1023,clock_gettime(CLOCK_MONOTONIC, {169, 137262997}) = 0
19:19:10.852937,1023,clock_gettime(CLOCK_MONOTONIC, {169, 137865481}) = 0
19:19:10.853783,1023,clock_gettime(CLOCK_MONOTONIC, {169, 138819075}) = 0
19:19:10.854593,1023,clock_gettime(CLOCK_MONOTONIC, {169, 139523457}) = 0
19:19:10.855211,1023,write(29, "W", 1) = 1
19:19:10.856012,1023,ioctl(9, 0xc0186201, 0xbee6cf10) = 0
19:19:10.856811,1023,ioctl(9, 0xc0186201, 0xbee6cf10) = 0
19:19:10.858090,1023,clock_gettime(CLOCK_MONOTONIC, {169, 143026438}) = 0
19:19:10.861421,1023,clock_gettime(CLOCK_MONOTONIC, {169, 146359493}) = 0
19:19:10.862047,1023,ioctl(9, 0xc0186201, 0xbee6d0c8) = 0
19:19:10.862878,1023,ioctl(9, 0xc0186201, 0xbee6d0c8) = 0
19:19:10.863543,1023,getpid() = 1023
19:19:10.864128,1023,getuid32() = 10050
19:19:10.864725,1023,epoll_wait(0x1e, 0xbee6d1f8, 0x10, 0) = 2
19:19:10.865254,1023,read(23, "WW", 16) = 2
19:19:10.865855,1023,recvfrom(37, "nysv\0\0\0\0\214\10[a'\0\0\0$\6\0\0\224Â'¸", 24, MSG_DONTWAIT, NULL, NULL) = 24
19:19:10.866600,1023,recvfrom(37, 0xbee6c828, 24, 64, 0, 0) = -1 EAGAIN (Try again)
19:19:10.867165,1023,clock_gettime(CLOCK_MONOTONIC, {169, 152117130}) = 0
19:19:10.867844,1023,clock_gettime(CLOCK_MONOTONIC, {169, 152771792}) = 0
19:19:10.868447,1023,clock_gettime(CLOCK_MONOTONIC, {169, 153375652}) = 0
19:19:10.869049,1023,clock_gettime(CLOCK_MONOTONIC, {169, 153980625}) = 0
19:19:10.869681,1023,recvfrom(38, 0xb88738b0, 1240, 64, 0, 0) = -1 EAGAIN (Try again)
19:19:10.870256,1023,clock_gettime(CLOCK_MONOTONIC, {169, 172251728}) = 0
19:19:10.888122,1023,clock_gettime(CLOCK_MONOTONIC, {169, 173063091}) = 0
19:19:10.888774,1023,getpid() = 1023
19:19:10.889283,1023,getuid32() = 10050
19:19:10.889867,1023,epoll_wait(0x1e, 0xbee6d1f8, 0x10, 0) = 0
19:19:10.890434,1023,clock_gettime(CLOCK_MONOTONIC, {169, 175374793}) = 0
19:19:10.891120,1023,ioctl(9, 0xc0186201, 0xbee6d328) = 0
19:19:10.891726,1023,epoll_wait(0x1e, 0xbee6d1f8, 0x10, 0x35) = 0
19:19:10.968841,1023,clock_gettime(CLOCK_MONOTONIC, {169, 254316380}) = 0
19:19:10.970592,1023,clock_gettime(CLOCK_MONOTONIC, {169, 255624791}) = 0
19:19:10.971408,1023,recvfrom(37, 0xbee6c9a8, 24, 64, 0, 0) = -1 EAGAIN (Try again)
19:19:10.972062,1023,ioctl(9, 0xc0186201, 0xbee6d178) = 0
19:19:10.972995,1023,getpid() = 1023
19:19:10.973718,1023,getuid32() = 10050
19:19:10.974312,1023,epoll_wait(0x1e, 0xbee6d1f8, 0x10, 0) = 0
19:19:10.975009,1023,clock_gettime(CLOCK_MONOTONIC, {169, 259961658}) = 0
19:19:10.975751,1023,epoll_wait(0x1e, 0xbee6d1f8, 0x10, 0xffffffff) = 1
19:19:10.977621,1023,recvfrom(37, "nysv\0\0\0\0Ì\t®h'\0\0\0&\6\0\0\224Â'¸", 24, MSG_DONTWAIT, NULL, NULL) = 24
19:19:10.978522,1023,recvfrom(37, 0xbee6c828, 24, 64, 0, 0) = -1 EAGAIN (Try again)
19:19:10.979188,1023,clock_gettime(CLOCK_MONOTONIC, {169, 264138454}) = 0
19:19:10.980125,1023,write(29, "W", 1) = 1
19:19:10.980943,1023,clock_gettime(CLOCK_MONOTONIC, {169, 266283992}) = 0
19:19:10.982020,1023,clock_gettime(CLOCK_MONOTONIC, {169, 267023753}) = 0
19:19:10.982760,1023,clock_gettime(CLOCK_MONOTONIC, {169, 267710706}) = 0
19:19:10.983544,1023,clock_gettime(CLOCK_MONOTONIC, {169, 268556890}) = 0
19:19:10.984665,1023,clock_gettime(CLOCK_MONOTONIC, {169, 269647051}) = 0
19:19:10.985396,1023,clock_gettime(CLOCK_MONOTONIC, {169, 270354343}) = 0
19:19:10.986105,1023,recvfrom(37, 0xbee6c9a8, 24, 64, 0, 0) = -1 EAGAIN (Try again)
19:19:10.986996,1023,ioctl(9, 0xc0186201, 0xbee6d178) = 0
19:19:10.988019,1023,clock_gettime(CLOCK_MONOTONIC, {169, 272964567}) = 0
19:19:10.988704,1023,clock_gettime(CLOCK_MONOTONIC, {169, 273646179}) = 0
19:19:10.989353,1023,clock_gettime(CLOCK_MONOTONIC, {169, 274303166}) = 0
19:19:10.990088,1023,clock_gettime(CLOCK_MONOTONIC, {169, 275032252}) = 0
19:19:10.990774,1023,clock_gettime(CLOCK_MONOTONIC, {169, 275716729}) = 0
19:19:10.991451,1023,write(29, "W", 1) = 1
19:19:10.992645,1023,ioctl(9, 0xc0186201, 0xbee6cf10) = 0
19:19:10.994430,1023,clock_gettime(CLOCK_MONOTONIC, {169, 279385060}) = 0
19:19:10.998384,1023,clock_gettime(CLOCK_MONOTONIC, {169, 283356610}) = 0
19:19:10.999101,1023,ioctl(9, 0xc0186201, 0xbee6d0c8) = 0
19:19:11.000680,1023,getpid() = 1023
19:19:11.001241,1023,getuid32() = 10050
19:19:11.001886,1023,epoll_wait(0x1e, 0xbee6d1f8, 0x10, 0) = 2
19:19:11.002471,1023,read(23, "WW", 16) = 2
19:19:11.003082,1023,recvfrom(37, "nysv\0\0\0\0ôi\230i'\0\0\0'\6\0\0\224Â'¸", 24, MSG_DONTWAIT, NULL, NULL) = 24
19:19:11.003955,1023,recvfrom(37, 0xbee6c828, 24, 64, 0, 0) = -1 EAGAIN (Try again)
19:19:11.026063,1023,clock_gettime(CLOCK_MONOTONIC, {169, 311020867}) = 0
19:19:11.026827,1023,clock_gettime(CLOCK_MONOTONIC, {169, 311770940}) = 0
19:19:11.027492,1023,clock_gettime(CLOCK_MONOTONIC, {169, 312433263}) = 0
19:19:11.028136,1023,clock_gettime(CLOCK_MONOTONIC, {169, 313076453}) = 0
19:19:11.028807,1023,recvfrom(38, 0xb88738b0, 1240, 64, 0, 0) = -1 EAGAIN (Try again)
19:19:11.029425,1023,clock_gettime(CLOCK_MONOTONIC, {169, 314365722}) = 0
19:19:11.030067,1023,clock_gettime(CLOCK_MONOTONIC, {169, 315006452}) = 0
19:19:11.030716,1023,getpid() = 1023
19:19:11.031264,1023,getuid32() = 10050
19:19:11.031884,1023,epoll_wait(0x1e, 0xbee6d1f8, 0x10, 0) = 0
19:19:11.032476,1023,clock_gettime(CLOCK_MONOTONIC, {169, 317416549}) = 0
19:19:11.033125,1023,ioctl(9, 0xc0186201, 0xbee6d328) = 0
19:19:11.033733,1023,epoll_wait(0x1e, 0xbee6d1f8, 0x10, 0x2f) = 0
19:19:11.082118,1023,clock_gettime(CLOCK_MONOTONIC, {169, 367078255}) = 0
19:19:11.082811,1023,clock_gettime(CLOCK_MONOTONIC, {169, 367753223}) = 0
19:19:11.083488,1023,recvfrom(37, 0xbee6c9a8, 24, 64, 0, 0) = -1 EAGAIN (Try again)
19:19:11.084097,1023,ioctl(9, 0xc0186201, 0xbee6d178) = 0
19:19:11.084972,1023,getpid() = 1023
19:19:11.085651,1023,getuid32() = 10050
19:19:11.086244,1023,epoll_wait(0x1e, 0xbee6d1f8, 0x10, 0) = 0
19:19:11.086828,1023,clock_gettime(CLOCK_MONOTONIC, {169, 371767990}) = 0
19:19:11.087493,1023,epoll_wait(0x1e, 0xbee6d1f8, 0x10, 0xffffffff) = 1
19:19:11.098405,1023,recvfrom(37, "nysv\0\0\0\0îBQo'\0\0\0)\6\0\0\224Â'¸", 24, MSG_DONTWAIT, NULL, NULL) = 24
19:19:11.099178,1023,recvfrom(37, 0xbee6c828, 24, 64, 0, 0) = -1 EAGAIN (Try again)
19:19:11.099836,1023,clock_gettime(CLOCK_MONOTONIC, {169, 384784534}) = 0
19:19:11.100537,1023,write(29, "W", 1) = 1
19:19:11.101339,1023,clock_gettime(CLOCK_MONOTONIC, {169, 386377027}) = 0
19:19:11.102155,1023,clock_gettime(CLOCK_MONOTONIC, {169, 387106986}) = 0
19:19:11.102834,1023,clock_gettime(CLOCK_MONOTONIC, {169, 387784552}) = 0
19:19:11.103514,1023,clock_gettime(CLOCK_MONOTONIC, {169, 388463227}) = 0
19:19:11.104460,1023,clock_gettime(CLOCK_MONOTONIC, {169, 389409867}) = 0
19:19:11.105150,1023,clock_gettime(CLOCK_MONOTONIC, {169, 390100709}) = 0
19:19:11.105851,1023,recvfrom(37, 0xbee6c9a8, 24, 64, 0, 0) = -1 EAGAIN (Try again)
19:19:11.106482,1023,ioctl(9, 0xc0186201, 0xbee6d178) = 0
19:19:11.107350,1023,clock_gettime(CLOCK_MONOTONIC, {169, 392363408}) = 0
19:19:11.108114,1023,clock_gettime(CLOCK_MONOTONIC, {169, 393065549}) = 0
19:19:11.108800,1023,clock_gettime(CLOCK_MONOTONIC, {169, 393748556}) = 0
19:19:11.109477,1023,clock_gettime(CLOCK_MONOTONIC, {169, 394427143}) = 0
19:19:11.110176,1023,clock_gettime(CLOCK_MONOTONIC, {169, 395125377}) = 0
19:19:11.119026,1023,write(29, "W", 1) = 1
19:19:11.119920,1023,ioctl(9, 0xc0186201, 0xbee6cf10) = 0
19:19:11.120751,1023,ioctl(9, 0xc0186201, 0xbee6cf10) = 0
19:19:11.122094,1023,clock_gettime(CLOCK_MONOTONIC, {169, 407041602}) = 0
19:19:11.125779,1023,clock_gettime(CLOCK_MONOTONIC, {169, 410735000}) = 0
19:19:11.126465,1023,ioctl(9, 0xc0186201, 0xbee6d0c8) = 0
19:19:11.127231,1023,ioctl(9, 0xc0186201, 0xbee6d0c8) = 0
19:19:11.128211,1023,getpid() = 1023
19:19:11.128773,1023,getuid32() = 10050
19:19:11.129361,1023,epoll_wait(0x1e, 0xbee6d1f8, 0x10, 0) = 2
19:19:11.129943,1023,read(23, "WW", 16) = 2
19:19:11.130559,1023,recvfrom(37, "nysv\0\0\0\0\26£;p'\0\0\0*\6\0\0\224Â'¸", 24, MSG_DONTWAIT, NULL, NULL) = 24
19:19:11.131293,1023,recvfrom(37, 0xbee6c828, 24, 64, 0, 0) = -1 EAGAIN (Try again)
19:19:11.131916,1023,clock_gettime(CLOCK_MONOTONIC, {169, 416857501}) = 0
19:19:11.132624,1023,clock_gettime(CLOCK_MONOTONIC, {169, 417565577}) = 0
19:19:11.141808,1023,clock_gettime(CLOCK_MONOTONIC, {169, 426882793}) = 0
19:19:11.142730,1023,clock_gettime(CLOCK_MONOTONIC, {169, 434239030}) = 0
19:19:11.150157,1023,recvfrom(38, 0xb88738b0, 1240, 64, 0, 0) = -1 EAGAIN (Try again)
19:19:11.150885,1023,clock_gettime(CLOCK_MONOTONIC, {169, 435839743}) = 0
19:19:11.151569,1023,clock_gettime(CLOCK_MONOTONIC, {169, 436521300}) = 0
19:19:11.152247,1023,getpid() = 1023
19:19:11.153079,1023,getuid32() = 10050
19:19:11.153715,1023,epoll_wait(0x1e, 0xbee6d1f8, 0x10, 0) = 0
19:19:11.154336,1023,clock_gettime(CLOCK_MONOTONIC, {169, 439283914}) = 0
19:19:11.154995,1023,ioctl(9, 0xc0186201, 0xbee6d328) = 0
19:19:11.155604,1023,epoll_wait(0x1e, 0xbee6d1f8, 0x10, 0x2d) = 0
19:19:11.201563,1023,clock_gettime(CLOCK_MONOTONIC, {169, 486539383}) = 0
19:19:11.202341,1023,clock_gettime(CLOCK_MONOTONIC, {169, 487367840}) = 0
19:19:11.203120,1023,recvfrom(37, 0xbee6c9a8, 24, 64, 0, 0) = -1 EAGAIN (Try again)
19:19:11.203829,1023,ioctl(9, 0xc0186201, 0xbee6d178) = 0
19:19:11.204728,1023,getpid() = 1023
19:19:11.205410,1023,getuid32() = 10050
19:19:11.206010,1023,epoll_wait(0x1e, 0xbee6d1f8, 0x10, 0) = 0
19:19:11.206964,1023,clock_gettime(CLOCK_MONOTONIC, {169, 491911023}) = 0
19:19:11.207706,1023,epoll_wait(0x1e, 0xbee6d1f8, 0x10, 0xffffffff) = 1
19:19:11.208683,1023,recvfrom(37, "nysv\0\0\0\0$¬iv'\0\0\0,\6\0\0\224Â'¸", 24, MSG_DONTWAIT, NULL, NULL) = 24
19:19:11.209428,1023,recvfrom(37, 0xbee6c828, 24, 64, 0, 0) = -1 EAGAIN (Try again)
19:19:11.210052,1023,clock_gettime(CLOCK_MONOTONIC, {169, 494993654}) = 0
19:19:11.210723,1023,write(29, "W", 1) = 1
19:19:11.211420,1023,clock_gettime(CLOCK_MONOTONIC, {169, 496363375}) = 0
19:19:11.212072,1023,clock_gettime(CLOCK_MONOTONIC, {169, 497013379}) = 0
19:19:11.212718,1023,clock_gettime(CLOCK_MONOTONIC, {169, 497658960}) = 0
19:19:11.213358,1023,clock_gettime(CLOCK_MONOTONIC, {169, 498306722}) = 0
19:19:11.214260,1023,clock_gettime(CLOCK_MONOTONIC, {169, 499209496}) = 0
19:19:11.214927,1023,clock_gettime(CLOCK_MONOTONIC, {169, 500111975}) = 0
19:19:11.215847,1023,recvfrom(37, 0xbee6c9a8, 24, 64, 0, 0) = -1 EAGAIN (Try again)
19:19:11.216453,1023,ioctl(9, 0xc0186201, 0xbee6d178) = 0
19:19:11.217391,1023,clock_gettime(CLOCK_MONOTONIC, {169, 502342351}) = 0
19:19:11.238976,1023,clock_gettime(CLOCK_MONOTONIC, {169, 523940187}) = 0
19:19:11.239663,1023,clock_gettime(CLOCK_MONOTONIC, {169, 524608266}) = 0
19:19:11.240316,1023,clock_gettime(CLOCK_MONOTONIC, {169, 525659304}) = 0
19:19:11.241442,1023,clock_gettime(CLOCK_MONOTONIC, {169, 526385546}) = 0
19:19:11.242156,1023,write(29, "W", 1) = 1
19:19:11.243014,1023,ioctl(9, 0xc0186201, 0xbee6cf10) = 0
19:19:11.243880,1023,ioctl(9, 0xc0186201, 0xbee6cf10) = 0
19:19:11.245235,1023,clock_gettime(CLOCK_MONOTONIC, {169, 530188677}) = 0
19:19:11.256067,1041,<... select resumed> ) = 0 (Timeout)
19:19:11.256446,1041,close(36) = 0
19:19:11.257447,1041,close(43) = 0
19:19:11.258038,1041,open("/dev/urandom", O_RDONLY) = 36
19:19:11.258862,1041,read(36, "\7\233ß§", 4) = 4
19:19:11.259459,1041,close(36) = 0
19:19:11.260146,1041,socket(PF_INET, SOCK_DGRAM, IPPROTO_IP) = 36
19:19:11.260734,1041,open("/dev/urandom", O_RDONLY) = 43
19:19:11.261385,1041,read(43, "k\17^\5", 4) = 4
19:19:11.261981,1041,close(43) = 0
19:19:11.262514,1041,bind(36, {sa_family=AF_INET, sin_port=htons(4972), sin_addr=inet_addr("0.0.0.0")}, 16) = 0
19:19:11.263187,1041,connect(36, {sa_family=AF_INET, sin_port=htons(53), sin_addr=inet_addr("10.0.2.3")}, 16) = 0
19:19:11.263851,1041,sendto(36, "\233\7\1\0\0\1\0\0\0\0\0\0\6client\nmustmobile\3c"..., 39, 0, NULL, 0) = 39
19:19:11.264845,1041,clock_gettime(CLOCK_REALTIME, {1738783151, 265034284}) = 0
19:19:11.265462,1041,clock_gettime(CLOCK_REALTIME, {1738783151, 265646977}) = 0
19:19:11.266065,1041,select(37, [36], NULL, NULL, {4, 999388} <unfinished ...>
19:19:11.267293,1023,clock_gettime(CLOCK_MONOTONIC, {169, 552245716}) = 0
19:19:11.267967,1023,ioctl(9, 0xc0186201, 0xbee6d0c8) = 0
19:19:11.269138,1023,getpid() = 1023
19:19:11.269700,1023,getuid32() = 10050
19:19:11.270294,1023,epoll_wait(0x1e, 0xbee6d1f8, 0x10, 0) = 2
19:19:11.270878,1023,read(23, "WW", 16) = 2
19:19:11.271495,1023,recvfrom(37, "nysv\0\0\0\0Bt\31w'\0\0\0-\6\0\0\224Â'¸", 24, MSG_DONTWAIT, NULL, NULL) = 24
19:19:11.272229,1023,recvfrom(37, 0xbee6c828, 24, 64, 0, 0) = -1 EAGAIN (Try again)
19:19:11.272856,1023,clock_gettime(CLOCK_MONOTONIC, {169, 557798221}) = 0
19:19:11.273569,1023,clock_gettime(CLOCK_MONOTONIC, {169, 558511134}) = 0
19:19:11.274219,1023,clock_gettime(CLOCK_MONOTONIC, {169, 559167213}) = 0
19:19:11.296715,1023,clock_gettime(CLOCK_MONOTONIC, {169, 581686823}) = 0
19:19:11.297439,1023,recvfrom(38, 0xb88738b0, 1240, 64, 0, 0) = -1 EAGAIN (Try again)
19:19:11.298065,1023,clock_gettime(CLOCK_MONOTONIC, {169, 583007970}) = 0
19:19:11.298717,1023,clock_gettime(CLOCK_MONOTONIC, {169, 583660218}) = 0
19:19:11.299365,1023,getpid() = 1023
19:19:11.299951,1023,getuid32() = 10050
19:19:11.300547,1023,epoll_wait(0x1e, 0xbee6d1f8, 0x10, 0) = 0
19:19:11.312676,1023,clock_gettime(CLOCK_MONOTONIC, {169, 597630626}) = 0
19:19:11.313355,1023,ioctl(9, 0xc0186201, 0xbee6d328) = 0
19:19:11.313969,1023,epoll_wait(0x1e, 0xbee6d1f8, 0x10, 0x11 <unfinished ...>
19:19:11.318462,1043,<... select resumed> ) = 0 (Timeout)
19:19:11.318799,1043,close(39) = 0
19:19:11.319365,1043,close(44) = 0
19:19:11.319955,1043,open("/dev/urandom", O_RDONLY) = 39
19:19:11.320668,1043,read(39, "èúì!", 4) = 4
19:19:11.321267,1043,close(39) = 0
19:19:11.321848,1043,socket(PF_INET, SOCK_DGRAM, IPPROTO_IP) = 39
19:19:11.322448,1043,open("/dev/urandom", O_RDONLY) = 43
19:19:11.323125,1043,read(43, "6ê\230\226", 4) = 4
19:19:11.323727,1043,close(43) = 0
19:19:11.324273,1043,bind(39, {sa_family=AF_INET, sin_port=htons(60983), sin_addr=inet_addr("0.0.0.0")}, 16) = 0
19:19:11.324968,1043,connect(39, {sa_family=AF_INET, sin_port=htons(53), sin_addr=inet_addr("10.0.2.3")}, 16) = 0
19:19:11.325659,1043,sendto(39, "úè\1\0\0\1\0\0\0\0\0\0\6client\nmustmobile\3c"..., 39, 0, NULL, 0) = 39
19:19:11.326674,1043,clock_gettime(CLOCK_REALTIME, {1738783151, 326870500}) = 0
19:19:11.327307,1043,clock_gettime(CLOCK_REALTIME, {1738783151, 327505510}) = 0
19:19:11.327938,1043,select(40, [39], NULL, NULL, {4, 999365} <unfinished ...>
19:19:11.386038,1023,<... epoll_wait resumed> ) = 0
19:19:11.386473,1023,clock_gettime(CLOCK_MONOTONIC, {169, 671422278}) = 0
19:19:11.387148,1023,clock_gettime(CLOCK_MONOTONIC, {169, 672092749}) = 0
19:19:11.387830,1023,recvfrom(37, 0xbee6c9a8, 24, 64, 0, 0) = -1 EAGAIN (Try again)
19:19:11.388447,1023,ioctl(9, 0xc0186201, 0xbee6d178) = 0
19:19:11.389322,1023,getpid() = 1023
19:19:11.390098,1023,getuid32() = 10050
19:19:11.390974,1023,epoll_wait(0x1e, 0xbee6d1f8, 0x10, 0) = 1
19:19:11.391566,1023,recvfrom(37, "nysv\0\0\0\0\4.f\201'\0\0\0/\6\0\0\224Â'¸", 24, MSG_DONTWAIT, NULL, NULL) = 24
19:19:11.392314,1023,recvfrom(37, 0xbee6c828, 24, 64, 0, 0) = -1 EAGAIN (Try again)
19:19:11.393018,1023,clock_gettime(CLOCK_MONOTONIC, {169, 677961839}) = 0
19:19:11.393748,1023,clock_gettime(CLOCK_MONOTONIC, {169, 678690957}) = 0
19:19:11.394651,1023,clock_gettime(CLOCK_MONOTONIC, {169, 679651021}) = 0
19:19:11.395354,1023,clock_gettime(CLOCK_MONOTONIC, {169, 680304224}) = 0
19:19:11.396007,1023,clock_gettime(CLOCK_MONOTONIC, {169, 680948150}) = 0
19:19:11.396913,1023,clock_gettime(CLOCK_MONOTONIC, {169, 681856292}) = 0
19:19:11.397583,1023,clock_gettime(CLOCK_MONOTONIC, {169, 682525415}) = 0
19:19:11.398248,1023,recvfrom(37, 0xbee6c9a8, 24, 64, 0, 0) = -1 EAGAIN (Try again)
19:19:11.398854,1023,ioctl(9, 0xc0186201, 0xbee6d178) = 0
19:19:11.399689,1023,clock_gettime(CLOCK_MONOTONIC, {169, 684684483}) = 0
19:19:11.400421,1023,clock_gettime(CLOCK_MONOTONIC, {169, 685364230}) = 0
19:19:11.401071,1023,clock_gettime(CLOCK_MONOTONIC, {169, 686012507}) = 0
19:19:11.401722,1023,clock_gettime(CLOCK_MONOTONIC, {169, 686664117}) = 0
19:19:11.402392,1023,clock_gettime(CLOCK_MONOTONIC, {169, 687340013}) = 0
19:19:11.421138,1023,write(29, "W", 1) = 1
19:19:11.423876,1023,ioctl(9, 0xc0186201, 0xbee6cf10) = 0
19:19:11.426338,1023,ioctl(9, 0xc0186201, 0xbee6cf10) = 0
19:19:11.427717,1023,clock_gettime(CLOCK_MONOTONIC, {169, 712666237}) = 0
19:19:11.430250,1023,clock_gettime(CLOCK_MONOTONIC, {169, 715487373}) = 0
19:19:11.431284,1023,ioctl(9, 0xc0186201, 0xbee6d0c8) = 0
19:19:11.432321,1023,ioctl(9, 0xc0186201, 0xbee6d0c8) = 0
19:19:11.433093,1023,getpid() = 1023
19:19:11.433654,1023,getuid32() = 10050
19:19:11.434245,1023,epoll_wait(0x1e, 0xbee6d1f8, 0x10, 0) = 2
19:19:11.434826,1023,read(23, "W", 16) = 1
19:19:11.435539,1023,recvfrom(37, "nysv\0\0\0\0\30^Û\201'\0\0\0000\6\0\0\224Â'¸", 24, MSG_DONTWAIT, NULL, NULL) = 24
19:19:11.446502,1023,recvfrom(37, 0xbee6c828, 24, 64, 0, 0) = -1 EAGAIN (Try again)
19:19:11.447317,1023,clock_gettime(CLOCK_MONOTONIC, {169, 732295092}) = 0
19:19:11.448223,1023,clock_gettime(CLOCK_MONOTONIC, {169, 733235526}) = 0
19:19:11.448983,1023,clock_gettime(CLOCK_MONOTONIC, {169, 733927927}) = 0
19:19:11.449638,1023,clock_gettime(CLOCK_MONOTONIC, {169, 734580892}) = 0
19:19:11.450305,1023,recvfrom(38, 0xb88738b0, 1240, 64, 0, 0) = -1 EAGAIN (Try again)
19:19:11.450997,1023,clock_gettime(CLOCK_MONOTONIC, {169, 735949997}) = 0
19:19:11.451759,1023,clock_gettime(CLOCK_MONOTONIC, {169, 736702902}) = 0
19:19:11.452414,1023,getpid() = 1023
19:19:11.453006,1023,getuid32() = 10050
19:19:11.453599,1023,epoll_wait(0x1e, 0xbee6d1f8, 0x10, 0) = 0
19:19:11.454545,1023,clock_gettime(CLOCK_MONOTONIC, {169, 739487707}) = 0
19:19:11.455199,1023,ioctl(9, 0xc0186201, 0xbee6d328) = 0
19:19:11.466350,1023,epoll_wait(0x1e, 0xbee6d1f8, 0x10, 0x24) = 0
19:19:11.503531,1023,clock_gettime(CLOCK_MONOTONIC, {169, 788532236}) = 0
19:19:11.504263,1023,clock_gettime(CLOCK_MONOTONIC, {169, 789215589}) = 0
19:19:11.504963,1023,recvfrom(37, 0xbee6c9a8, 24, 64, 0, 0) = -1 EAGAIN (Try again)
19:19:11.505609,1023,ioctl(9, 0xc0186201, 0xbee6d178) = 0
19:19:11.506531,1023,getpid() = 1023
19:19:11.507240,1023,getuid32() = 10050
19:19:11.507873,1023,epoll_wait(0x1e, 0xbee6d1f8, 0x10, 0) = 0
19:19:11.508484,1023,clock_gettime(CLOCK_MONOTONIC, {169, 793434857}) = 0
19:19:11.509174,1023,epoll_wait(0x1e, 0xbee6d1f8, 0x10, 0xffffffff) = 1
19:19:11.513985,1023,recvfrom(37, "nysv\0\0\0\0:\227~\210'\0\0\0002\6\0\0\224Â'¸", 24, MSG_DONTWAIT, NULL, NULL) = 24
19:19:11.514740,1023,recvfrom(37, 0xbee6c828, 24, 64, 0, 0) = -1 EAGAIN (Try again)
19:19:11.515365,1023,clock_gettime(CLOCK_MONOTONIC, {169, 800313652}) = 0
19:19:11.516036,1023,write(29, "W", 1) = 1
19:19:11.526612,1023,clock_gettime(CLOCK_MONOTONIC, {169, 811561725}) = 0
19:19:11.527282,1023,clock_gettime(CLOCK_MONOTONIC, {169, 812232050}) = 0
19:19:11.527934,1023,clock_gettime(CLOCK_MONOTONIC, {169, 812875860}) = 0
19:19:11.528582,1023,clock_gettime(CLOCK_MONOTONIC, {169, 813525064}) = 0
19:19:11.529487,1023,clock_gettime(CLOCK_MONOTONIC, {169, 814603491}) = 0
19:19:11.530474,1023,clock_gettime(CLOCK_MONOTONIC, {169, 815453825}) = 0
19:19:11.531181,1023,recvfrom(37, 0xbee6c9a8, 24, 64, 0, 0) = -1 EAGAIN (Try again)
19:19:11.531792,1023,ioctl(9, 0xc0186201, 0xbee6d178) = 0
19:19:11.532645,1023,clock_gettime(CLOCK_MONOTONIC, {169, 817649866}) = 0
19:19:11.533436,1023,clock_gettime(CLOCK_MONOTONIC, {169, 818381227}) = 0
19:19:11.534088,1023,clock_gettime(CLOCK_MONOTONIC, {169, 819030874}) = 0
19:19:11.534742,1023,clock_gettime(CLOCK_MONOTONIC, {169, 819684179}) = 0
19:19:11.535419,1023,clock_gettime(CLOCK_MONOTONIC, {169, 820360775}) = 0
19:19:11.536086,1023,write(29, "W", 1) = 1
19:19:11.536908,1023,ioctl(9, 0xc0186201, 0xbee6cf10) = 0
19:19:11.537731,1023,ioctl(9, 0xc0186201, 0xbee6cf10) = 0
19:19:11.539064,1023,clock_gettime(CLOCK_MONOTONIC, {169, 824011158}) = 0
19:19:11.542545,1023,clock_gettime(CLOCK_MONOTONIC, {169, 827495261}) = 0
19:19:11.543209,1023,ioctl(9, 0xc0186201, 0xbee6d0c8) = 0
19:19:11.544088,1023,ioctl(9, 0xc0186201, 0xbee6d0c8) = 0
19:19:11.544791,1023,getpid() = 1023
19:19:11.545344,1023,getuid32() = 10050
19:19:11.545940,1023,epoll_wait(0x1e, 0xbee6d1f8, 0x10, 0) = 1
19:19:11.565874,1023,read(23, "WW", 16) = 2
19:19:11.566586,1023,clock_gettime(CLOCK_MONOTONIC, {169, 851532690}) = 0
19:19:11.567257,1023,ioctl(9, 0xc0186201, 0xbee6d328) = 0
19:19:11.567872,1023,epoll_wait(0x1e, 0xbee6d1f8, 0x10, 0x39) = 1
19:19:11.568467,1023,recvfrom(37, "nysv\0\0\0\0\200¿\30\212'\0\0\0003\6\0\0\224Â'¸", 24, MSG_DONTWAIT, NULL, NULL) = 24
19:19:11.569208,1023,recvfrom(37, 0xbee6c828, 24, 64, 0, 0) = -1 EAGAIN (Try again)
19:19:11.569837,1023,clock_gettime(CLOCK_MONOTONIC, {169, 854778706}) = 0
19:19:11.570512,1023,write(29, "W", 1) = 1
19:19:11.571196,1023,clock_gettime(CLOCK_MONOTONIC, {169, 856139093}) = 0
19:19:11.571854,1023,clock_gettime(CLOCK_MONOTONIC, {169, 856797206}) = 0
19:19:11.572502,1023,clock_gettime(CLOCK_MONOTONIC, {169, 857471638}) = 0
19:19:11.573194,1023,recvfrom(38, 0xb88738b0, 1240, 64, 0, 0) = -1 EAGAIN (Try again)
19:19:11.573810,1023,clock_gettime(CLOCK_MONOTONIC, {169, 858752189}) = 0
19:19:11.574458,1023,clock_gettime(CLOCK_MONOTONIC, {169, 859400390}) = 0
19:19:11.575101,1023,getpid() = 1023
19:19:11.575656,1023,getuid32() = 10050
19:19:11.576237,1023,epoll_wait(0x1e, 0xbee6d1f8, 0x10, 0) = 1
19:19:11.576803,1023,read(23, "W", 16) = 1
19:19:11.577427,1023,clock_gettime(CLOCK_MONOTONIC, {169, 862368222}) = 0
19:19:11.578086,1023,epoll_wait(0x1e, 0xbee6d1f8, 0x10, 0x2e) = 0
19:19:11.627053,1023,clock_gettime(CLOCK_MONOTONIC, {169, 912032853}) = 0
19:19:11.627788,1023,clock_gettime(CLOCK_MONOTONIC, {169, 912742278}) = 0
19:19:11.628501,1023,recvfrom(37, 0xbee6c9a8, 24, 64, 0, 0) = -1 EAGAIN (Try again)
19:19:11.629139,1023,ioctl(9, 0xc0186201, 0xbee6d178) = 0
19:19:11.630055,1023,getpid() = 1023
19:19:11.630774,1023,getuid32() = 10050
19:19:11.631406,1023,epoll_wait(0x1e, 0xbee6d1f8, 0x10, 0) = 0
19:19:11.632012,1023,clock_gettime(CLOCK_MONOTONIC, {169, 916962802}) = 0
19:19:11.632707,1023,epoll_wait(0x1e, 0xbee6d1f8, 0x10, 0xffffffff) = 1
19:19:11.641303,1023,recvfrom(37, "nysv\0\0\0\0z\230Ñ\217'\0\0\0004\6\0\0\224Â'¸", 24, MSG_DONTWAIT, NULL, NULL) = 24
19:19:11.642059,1023,recvfrom(37, 0xbee6c828, 24, 64, 0, 0) = -1 EAGAIN (Try again)
19:19:11.642696,1023,clock_gettime(CLOCK_MONOTONIC, {169, 927639046}) = 0
19:19:11.643364,1023,write(29, "W", 1) = 1
19:19:11.644065,1023,clock_gettime(CLOCK_MONOTONIC, {169, 929007502}) = 0
19:19:11.644722,1023,clock_gettime(CLOCK_MONOTONIC, {169, 929664139}) = 0
19:19:11.645361,1023,clock_gettime(CLOCK_MONOTONIC, {169, 930308643}) = 0
19:19:11.646007,1023,clock_gettime(CLOCK_MONOTONIC, {169, 930948585}) = 0
19:19:11.646909,1023,clock_gettime(CLOCK_MONOTONIC, {169, 931852809}) = 0
19:19:11.647577,1023,clock_gettime(CLOCK_MONOTONIC, {169, 932519993}) = 0
19:19:11.648326,1023,recvfrom(37, 0xbee6c9a8, 24, 64, 0, 0) = -1 EAGAIN (Try again)
19:19:11.669365,1023,ioctl(9, 0xc0186201, 0xbee6d178) = 0
19:19:11.670289,1023,clock_gettime(CLOCK_MONOTONIC, {169, 955320421}) = 0
19:19:11.671257,1023,clock_gettime(CLOCK_MONOTONIC, {169, 956211697}) = 0
19:19:11.671921,1023,clock_gettime(CLOCK_MONOTONIC, {169, 956863941}) = 0
19:19:11.672576,1023,clock_gettime(CLOCK_MONOTONIC, {169, 957517903}) = 0
19:19:11.673252,1023,clock_gettime(CLOCK_MONOTONIC, {169, 958200274}) = 0
19:19:11.673979,1023,write(29, "W", 1) = 1
19:19:11.674846,1023,ioctl(9, 0xc0186201, 0xbee6cf10) = 0
19:19:11.675714,1023,ioctl(9, 0xc0186201, 0xbee6cf10) = 0
19:19:11.677131,1023,clock_gettime(CLOCK_MONOTONIC, {169, 962086360}) = 0
19:19:11.680774,1023,clock_gettime(CLOCK_MONOTONIC, {169, 965732174}) = 0
19:19:11.681475,1023,ioctl(9, 0xc0186201, 0xbee6d0c8) = 0
19:19:11.682401,1023,ioctl(9, 0xc0186201, 0xbee6d0c8) = 0
19:19:11.683132,1023,getpid() = 1023
19:19:11.683717,1023,getuid32() = 10050
19:19:11.684334,1023,epoll_wait(0x1e, 0xbee6d1f8, 0x10, 0) = 1
19:19:11.684932,1023,read(23, "WW", 16) = 2
19:19:11.685597,1023,clock_gettime(CLOCK_MONOTONIC, {169, 970546616}) = 0
19:19:11.686275,1023,ioctl(9, 0xc0186201, 0xbee6d328) = 0
19:19:11.686899,1023,epoll_wait(0x1e, 0xbee6d1f8, 0x10, 0x4d) = 1
19:19:11.704983,1023,recvfrom(37, "nysv\0\0\0\0è V\222'\0\0\0005\6\0\0\224Â'¸", 24, MSG_DONTWAIT, NULL, NULL) = 24
19:19:11.705808,1023,recvfrom(37, 0xbee6c828, 24, 64, 0, 0) = -1 EAGAIN (Try again)
19:19:11.706447,1023,clock_gettime(CLOCK_MONOTONIC, {169, 991391905}) = 0
19:19:11.707133,1023,write(29, "W", 1) = 1
19:19:11.707836,1023,clock_gettime(CLOCK_MONOTONIC, {169, 992780617}) = 0
19:19:11.708499,1023,clock_gettime(CLOCK_MONOTONIC, {169, 993442013}) = 0
19:19:11.709142,1023,clock_gettime(CLOCK_MONOTONIC, {169, 994083877}) = 0
19:19:11.709812,1023,recvfrom(38, 0xb88738b0, 1240, 64, 0, 0) = -1 EAGAIN (Try again)
19:19:11.720334,1023,clock_gettime(CLOCK_MONOTONIC, {170, 5307526}) = 0
19:19:11.721026,1023,clock_gettime(CLOCK_MONOTONIC, {170, 5970556}) = 0
19:19:11.721706,1023,getpid() = 1023
19:19:11.722258,1023,getuid32() = 10050
19:19:11.722857,1023,epoll_wait(0x1e, 0xbee6d1f8, 0x10, 0) = 1
19:19:11.723427,1023,read(23, "W", 16) = 1
19:19:11.724058,1023,clock_gettime(CLOCK_MONOTONIC, {170, 8999773}) = 0
19:19:11.724724,1023,epoll_wait(0x1e, 0xbee6d1f8, 0x10, 0x27) = 0
19:19:11.781100,1023,clock_gettime(CLOCK_MONOTONIC, {170, 66087962}) = 0
19:19:11.781828,1023,clock_gettime(CLOCK_MONOTONIC, {170, 66773289}) = 0
19:19:11.782508,1023,recvfrom(37, 0xbee6c9a8, 24, 64, 0, 0) = -1 EAGAIN (Try again)
19:19:11.783119,1023,ioctl(9, 0xc0186201, 0xbee6d178) = 0
19:19:11.784186,1023,getpid() = 1023
19:19:11.784747,1023,getuid32() = 10050
19:19:11.785340,1023,epoll_wait(0x1e, 0xbee6d1f8, 0x10, 0) = 0
19:19:11.797856,1023,clock_gettime(CLOCK_MONOTONIC, {170, 82933429}) = 0
19:19:11.798743,1023,epoll_wait(0x1e, 0xbee6d1f8, 0x10, 0xffffffff) = 1
19:19:11.799334,1023,recvfrom(37, "nysv\0\0\0\0\nZù\230'\0\0\0006\6\0\0\224Â'¸", 24, MSG_DONTWAIT, NULL, NULL) = 24
19:19:11.800079,1023,recvfrom(37, 0xbee6c828, 24, 64, 0, 0) = -1 EAGAIN (Try again)
19:19:11.800741,1023,clock_gettime(CLOCK_MONOTONIC, {170, 85684510}) = 0
19:19:11.801411,1023,write(29, "W", 1) = 1
19:19:11.802159,1023,clock_gettime(CLOCK_MONOTONIC, {170, 87159003}) = 0
19:19:11.802888,1023,clock_gettime(CLOCK_MONOTONIC, {170, 87839637}) = 0
19:19:11.803563,1023,clock_gettime(CLOCK_MONOTONIC, {170, 88512958}) = 0
19:19:11.804232,1023,clock_gettime(CLOCK_MONOTONIC, {170, 89189731}) = 0
19:19:11.805173,1023,clock_gettime(CLOCK_MONOTONIC, {170, 90124276}) = 0
19:19:11.805869,1023,clock_gettime(CLOCK_MONOTONIC, {170, 90820811}) = 0
19:19:11.806567,1023,recvfrom(37, 0xbee6c9a8, 24, 64, 0, 0) = -1 EAGAIN (Try again)
19:19:11.807193,1023,ioctl(9, 0xc0186201, 0xbee6d178) = 0
19:19:11.808280,1023,clock_gettime(CLOCK_MONOTONIC, {170, 93238940}) = 0
19:19:11.808987,1023,clock_gettime(CLOCK_MONOTONIC, {170, 93939151}) = 0
19:19:11.809670,1023,clock_gettime(CLOCK_MONOTONIC, {170, 94620407}) = 0
19:19:11.810341,1023,clock_gettime(CLOCK_MONOTONIC, {170, 95297175}) = 0
19:19:11.811044,1023,clock_gettime(CLOCK_MONOTONIC, {170, 95993990}) = 0
19:19:11.811743,1023,write(29, "W", 1) = 1
19:19:11.812596,1023,ioctl(9, 0xc0186201, 0xbee6cf10) = 0
19:19:11.814308,1023,clock_gettime(CLOCK_MONOTONIC, {170, 99270322}) = 0
19:19:11.817728,1023,clock_gettime(CLOCK_MONOTONIC, {170, 102685712}) = 0
19:19:11.818423,1023,ioctl(9, 0xc0186201, 0xbee6d0c8) = 0
19:19:11.819520,1023,getpid() = 1023
19:19:11.820103,1023,getuid32() = 10050
19:19:11.846465,1023,epoll_wait(0x1e, 0xbee6d1f8, 0x10, 0) = 2
19:19:11.847333,1023,read(23, "WW", 16) = 2
19:19:11.847988,1023,recvfrom(37, "nysv\0\0\0\0FêX\232'\0\0\0007\6\0\0\224Â'¸", 24, MSG_DONTWAIT, NULL, NULL) = 24
19:19:11.848769,1023,recvfrom(37, 0xbee6c828, 24, 64, 0, 0) = -1 EAGAIN (Try again)
19:19:11.849429,1023,clock_gettime(CLOCK_MONOTONIC, {170, 134382600}) = 0
19:19:11.850186,1023,clock_gettime(CLOCK_MONOTONIC, {170, 135137379}) = 0
19:19:11.850874,1023,clock_gettime(CLOCK_MONOTONIC, {170, 135825141}) = 0
19:19:11.851552,1023,clock_gettime(CLOCK_MONOTONIC, {170, 136501895}) = 0
19:19:11.852245,1023,recvfrom(38, 0xb88738b0, 1240, 64, 0, 0) = -1 EAGAIN (Try again)
19:19:11.852890,1023,clock_gettime(CLOCK_MONOTONIC, {170, 137840664}) = 0
19:19:11.853566,1023,clock_gettime(CLOCK_MONOTONIC, {170, 138515712}) = 0
19:19:11.854236,1023,getpid() = 1023
19:19:11.854816,1023,getuid32() = 10050
19:19:11.855433,1023,epoll_wait(0x1e, 0xbee6d1f8, 0x10, 0) = 0
19:19:11.856041,1023,clock_gettime(CLOCK_MONOTONIC, {170, 140991812}) = 0
19:19:11.856724,1023,ioctl(9, 0xc0186201, 0xbee6d328) = 0
19:19:11.857349,1023,epoll_wait(0x1e, 0xbee6d1f8, 0x10, 0x2c) = 0
19:19:11.905294,1023,clock_gettime(CLOCK_MONOTONIC, {170, 190256450}) = 0
19:19:11.905977,1023,clock_gettime(CLOCK_MONOTONIC, {170, 190921055}) = 0
19:19:11.906654,1023,recvfrom(37, 0xbee6c9a8, 24, 64, 0, 0) = -1 EAGAIN (Try again)
19:19:11.907262,1023,ioctl(9, 0xc0186201, 0xbee6d178) = 0
19:19:11.908163,1023,getpid() = 1023
19:19:11.908843,1023,getuid32() = 10050
19:19:11.909442,1023,epoll_wait(0x1e, 0xbee6d1f8, 0x10, 0) = 0
19:19:11.910096,1023,clock_gettime(CLOCK_MONOTONIC, {170, 195023486}) = 0
19:19:11.910776,1023,epoll_wait(0x1e, 0xbee6d1f8, 0x10, 0xffffffff) = 1
19:19:11.920016,1023,recvfrom(37, "nysv\0\0\0\0Tó\206 '\0\0\0008\6\0\0\224Â'¸", 24, MSG_DONTWAIT, NULL, NULL) = 24
19:19:11.920759,1023,recvfrom(37, 0xbee6c828, 24, 64, 0, 0) = -1 EAGAIN (Try again)
19:19:11.921333,1023,clock_gettime(CLOCK_MONOTONIC, {170, 206303525}) = 0
19:19:11.921990,1023,write(29, "W", 1) = 1
19:19:11.922681,1023,clock_gettime(CLOCK_MONOTONIC, {170, 207609512}) = 0
19:19:11.923280,1023,clock_gettime(CLOCK_MONOTONIC, {170, 208263160}) = 0
19:19:11.923923,1023,clock_gettime(CLOCK_MONOTONIC, {170, 208851644}) = 0
19:19:11.924952,1023,clock_gettime(CLOCK_MONOTONIC, {170, 209882825}) = 0
19:19:11.925845,1023,clock_gettime(CLOCK_MONOTONIC, {170, 210774794}) = 0
19:19:11.926513,1023,clock_gettime(CLOCK_MONOTONIC, {170, 211441283}) = 0
19:19:11.927125,1023,recvfrom(37, 0xbee6c9a8, 24, 64, 0, 0) = -1 EAGAIN (Try again)
19:19:11.927733,1023,ioctl(9, 0xc0186201, 0xbee6d178) = 0
19:19:11.949384,1023,clock_gettime(CLOCK_MONOTONIC, {170, 234420059}) = 0
19:19:11.950146,1023,clock_gettime(CLOCK_MONOTONIC, {170, 235083173}) = 0
19:19:11.950829,1023,clock_gettime(CLOCK_MONOTONIC, {170, 235764923}) = 0
19:19:11.951508,1023,clock_gettime(CLOCK_MONOTONIC, {170, 236442150}) = 0
19:19:11.952154,1023,clock_gettime(CLOCK_MONOTONIC, {170, 237090091}) = 0
19:19:11.952834,1023,write(29, "W", 1) = 1
19:19:11.953675,1023,ioctl(9, 0xc0186201, 0xbee6cf10) = 0
19:19:11.955307,1023,clock_gettime(CLOCK_MONOTONIC, {170, 240286288}) = 0
19:19:11.959115,1023,clock_gettime(CLOCK_MONOTONIC, {170, 244057468}) = 0
19:19:11.959746,1023,ioctl(9, 0xc0186201, 0xbee6d0c8) = 0
19:19:11.960821,1023,getpid() = 1023
19:19:11.961334,1023,getuid32() = 10050
19:19:11.962074,1023,epoll_wait(0x1e, 0xbee6d1f8, 0x10, 0) = 2
19:19:11.962644,1023,read(23, "WW", 16) = 2
19:19:11.963401,1023,recvfrom(37, "nysv\0\0\0\0\206ë«¡'\0\0\0009\6\0\0\224Â'¸", 24, MSG_DONTWAIT, NULL, NULL) = 24
19:19:11.987439,1023,recvfrom(37, 0xbee6c828, 24, 64, 0, 0) = -1 EAGAIN (Try again)
19:19:11.988069,1023,clock_gettime(CLOCK_MONOTONIC, {170, 272999188}) = 0
19:19:11.988847,1023,clock_gettime(CLOCK_MONOTONIC, {170, 273860276}) = 0
19:19:11.989678,1023,clock_gettime(CLOCK_MONOTONIC, {170, 274619223}) = 0
19:19:11.990455,1023,clock_gettime(CLOCK_MONOTONIC, {170, 275394769}) = 0
19:19:11.991257,1023,recvfrom(38, 0xb88738b0, 1240, 64, 0, 0) = -1 EAGAIN (Try again)
19:19:11.991947,1023,clock_gettime(CLOCK_MONOTONIC, {170, 276876872}) = 0
19:19:11.992688,1023,clock_gettime(CLOCK_MONOTONIC, {170, 277646613}) = 0
19:19:11.993370,1023,getpid() = 1023
19:19:11.993956,1023,getuid32() = 10050
19:19:11.994674,1023,epoll_wait(0x1e, 0xbee6d1f8, 0x10, 0) = 0
19:19:11.995283,1023,clock_gettime(CLOCK_MONOTONIC, {170, 280266626}) = 0
19:19:11.995978,1023,ioctl(9, 0xc0186201, 0xbee6d328) = 0
19:19:11.996922,1023,epoll_wait(0x1e, 0xbee6d1f8, 0x10, 0x2e) = 0
19:19:12.112961,1023,clock_gettime(CLOCK_MONOTONIC, {170, 397937643}) = 0
19:19:12.113668,1023,clock_gettime(CLOCK_MONOTONIC, {170, 398599058}) = 0
19:19:12.114290,1023,recvfrom(37, 0xbee6c9a8, 24, 64, 0, 0) = -1 EAGAIN (Try again)
19:19:12.114893,1023,ioctl(9, 0xc0186201, 0xbee6d178) = 0
19:19:12.115759,1023,getpid() = 1023
19:19:12.116450,1023,getuid32() = 10050
19:19:12.117061,1023,epoll_wait(0x1e, 0xbee6d1f8, 0x10, 0) = 0
19:19:12.117600,1023,clock_gettime(CLOCK_MONOTONIC, {170, 402526311}) = 0
19:19:12.118267,1023,epoll_wait(0x1e, 0xbee6d1f8, 0x10, 0xffffffff) = 1
19:19:12.125954,1023,recvfrom(37, "nysv\0\0\0\0p\5ã¬'\0\0\0;\6\0\0\224Â'¸", 24, MSG_DONTWAIT, NULL, NULL) = 24
19:19:12.142355,1023,recvfrom(37, 0xbee6c828, 24, 64, 0, 0) = -1 EAGAIN (Try again)
19:19:12.143011,1023,clock_gettime(CLOCK_MONOTONIC, {170, 427973147}) = 0
19:19:12.143730,1023,write(29, "W", 1) = 1
19:19:12.144436,1023,clock_gettime(CLOCK_MONOTONIC, {170, 429383595}) = 0
19:19:12.145075,1023,clock_gettime(CLOCK_MONOTONIC, {170, 430010021}) = 0
19:19:12.145746,1023,clock_gettime(CLOCK_MONOTONIC, {170, 430680107}) = 0
19:19:12.146361,1023,clock_gettime(CLOCK_MONOTONIC, {170, 431577796}) = 0
19:19:12.164790,1023,clock_gettime(CLOCK_MONOTONIC, {170, 449734636}) = 0
19:19:12.165508,1023,clock_gettime(CLOCK_MONOTONIC, {170, 450450029}) = 0
19:19:12.166170,1023,recvfrom(37, 0xbee6c9a8, 24, 64, 0, 0) = -1 EAGAIN (Try again)
19:19:12.166806,1023,ioctl(9, 0xc0186201, 0xbee6d178) = 0
19:19:12.167735,1023,clock_gettime(CLOCK_MONOTONIC, {170, 452735322}) = 0
19:19:12.168534,1023,clock_gettime(CLOCK_MONOTONIC, {170, 453471696}) = 0
19:19:12.169221,1023,clock_gettime(CLOCK_MONOTONIC, {170, 454180589}) = 0
19:19:12.169909,1023,clock_gettime(CLOCK_MONOTONIC, {170, 454902235}) = 0
19:19:12.170649,1023,clock_gettime(CLOCK_MONOTONIC, {170, 455584038}) = 0
19:19:12.171290,1023,write(29, "W", 1) = 1
19:19:12.172125,1023,ioctl(9, 0xc0186201, 0xbee6cf10) = 0
19:19:12.179159,1023,ioctl(9, 0xc0186201, 0xbee6cf10) = 0
19:19:12.180475,1023,clock_gettime(CLOCK_MONOTONIC, {170, 465407443}) = 0
19:19:12.184205,1023,clock_gettime(CLOCK_MONOTONIC, {170, 469153927}) = 0
19:19:12.184848,1023,ioctl(9, 0xc0186201, 0xbee6d0c8) = 0
19:19:12.185671,1023,ioctl(9, 0xc0186201, 0xbee6d0c8) = 0
19:19:12.186585,1023,getpid() = 1023
19:19:12.187096,1023,getuid32() = 10050
19:19:12.187648,1023,epoll_wait(0x1e, 0xbee6d1f8, 0x10, 0) = 2
19:19:12.188196,1023,read(23, "WW", 16) = 2
19:19:12.188782,1023,recvfrom(37, "nysv\0\0\0\0ò½Ü¯'\0\0\0<\6\0\0\224Â'¸", 24, MSG_DONTWAIT, NULL, NULL) = 24
19:19:12.189483,1023,recvfrom(37, 0xbee6c828, 24, 64, 0, 0) = -1 EAGAIN (Try again)
19:19:12.190086,1023,clock_gettime(CLOCK_MONOTONIC, {170, 475013249}) = 0
19:19:12.190776,1023,clock_gettime(CLOCK_MONOTONIC, {170, 475703954}) = 0
19:19:12.191374,1023,clock_gettime(CLOCK_MONOTONIC, {170, 476341495}) = 0
19:19:12.192003,1023,clock_gettime(CLOCK_MONOTONIC, {170, 476946392}) = 0
19:19:12.192679,1023,recvfrom(38, 0xb88738b0, 1240, 64, 0, 0) = -1 EAGAIN (Try again)
19:19:12.193290,1023,clock_gettime(CLOCK_MONOTONIC, {170, 485926218}) = 0
19:19:12.201807,1023,clock_gettime(CLOCK_MONOTONIC, {170, 491613587}) = 0
19:19:12.207588,1023,getpid() = 1023
19:19:12.208428,1023,getuid32() = 10050
19:19:12.209182,1023,epoll_wait(0x1e, 0xbee6d1f8, 0x10, 0) = 0
19:19:12.209805,1023,clock_gettime(CLOCK_MONOTONIC, {170, 494747863}) = 0
19:19:12.210607,1023,ioctl(9, 0xc0186201, 0xbee6d328) = 0
19:19:12.211257,1023,epoll_wait(0x1e, 0xbee6d1f8, 0x10, 0x31) = 0
19:19:12.261186,1023,clock_gettime(CLOCK_MONOTONIC, {170, 546135150}) = 0
19:19:12.261992,1023,clock_gettime(CLOCK_MONOTONIC, {170, 546981199}) = 0
19:19:12.262790,1023,recvfrom(37, 0xbee6c9a8, 24, 64, 0, 0) = -1 EAGAIN (Try again)
19:19:12.263352,1023,ioctl(9, 0xc0186201, 0xbee6d178) = 0
19:19:12.264760,1023,getpid() = 1023
19:19:12.265527,1023,getuid32() = 10050
19:19:12.284368,1023,epoll_wait(0x1e, 0xbee6d1f8, 0x10, 0) = 1
19:19:12.285068,1023,recvfrom(37, "nysv\0\0\0\0ì\226\225µ'\0\0\0>\6\0\0\224Â'¸", 24, MSG_DONTWAIT, NULL, NULL) = 24
19:19:12.285826,1023,recvfrom(37, 0xbee6c828, 24, 64, 0, 0) = -1 EAGAIN (Try again)
19:19:12.286472,1023,clock_gettime(CLOCK_MONOTONIC, {170, 571408687}) = 0
19:19:12.287224,1023,clock_gettime(CLOCK_MONOTONIC, {170, 572185327}) = 0
19:19:12.287892,1023,clock_gettime(CLOCK_MONOTONIC, {170, 572886398}) = 0
19:19:12.288607,1023,clock_gettime(CLOCK_MONOTONIC, {170, 573541271}) = 0
19:19:12.289282,1023,clock_gettime(CLOCK_MONOTONIC, {170, 574254732}) = 0
19:19:12.290219,1023,clock_gettime(CLOCK_MONOTONIC, {170, 575179352}) = 0
19:19:12.290894,1023,clock_gettime(CLOCK_MONOTONIC, {170, 575829300}) = 0
19:19:12.291573,1023,recvfrom(37, 0xbee6c9a8, 24, 64, 0, 0) = -1 EAGAIN (Try again)
19:19:12.301291,1023,ioctl(9, 0xc0186201, 0xbee6d178) = 0
19:19:12.302182,1023,clock_gettime(CLOCK_MONOTONIC, {170, 587210996}) = 0
19:19:12.302976,1023,clock_gettime(CLOCK_MONOTONIC, {170, 587905621}) = 0
19:19:12.303615,1023,clock_gettime(CLOCK_MONOTONIC, {170, 588543624}) = 0
19:19:12.304271,1023,clock_gettime(CLOCK_MONOTONIC, {170, 589236453}) = 0
19:19:12.304929,1023,clock_gettime(CLOCK_MONOTONIC, {170, 589915400}) = 0
19:19:12.305640,1023,write(29, "W", 1) = 1
19:19:12.306431,1023,ioctl(9, 0xc0186201, 0xbee6cf10) = 0
19:19:12.307200,1023,ioctl(9, 0xc0186201, 0xbee6cf10) = 0
19:19:12.308506,1023,clock_gettime(CLOCK_MONOTONIC, {170, 593438120}) = 0
19:19:12.311456,1023,clock_gettime(CLOCK_MONOTONIC, {170, 596394195}) = 0
19:19:12.312094,1023,ioctl(9, 0xc0186201, 0xbee6d0c8) = 0
19:19:12.312936,1023,ioctl(9, 0xc0186201, 0xbee6d0c8) = 0
19:19:12.325517,1063,<... select resumed> ) = 0 (Timeout)
19:19:12.325948,1023,getpid( <unfinished ...>
19:19:12.326284,1063,socket(PF_INET, SOCK_DGRAM, IPPROTO_IP <unfinished ...>
19:19:12.326608,1023,<... getpid resumed> ) = 1023
19:19:12.326922,1063,<... socket resumed> ) = 43
19:19:12.327228,1023,getuid32( <unfinished ...>
19:19:12.327543,1063,open("/dev/urandom", O_RDONLY <unfinished ...>
19:19:12.327914,1023,<... getuid32 resumed> ) = 10050
19:19:12.328222,1063,<... open resumed> ) = 44
19:19:12.328611,1023,epoll_wait(0x1e, 0xbee6d1f8, 0x10, 0 <unfinished ...>
19:19:12.328896,1063,read(44, <unfinished ...>
19:19:12.329229,1023,<... epoll_wait resumed> ) = 2
19:19:12.329551,1063,<... read resumed> "{\207ª\23", 4) = 4
19:19:12.329911,1023,read(23, <unfinished ...>
19:19:12.330248,1063,close(44 <unfinished ...>
19:19:12.330617,1023,<... read resumed> "W", 16) = 1
19:19:12.330919,1063,<... close resumed> ) = 0
19:19:12.331229,1023,recvfrom(37, <unfinished ...>
19:19:12.331563,1063,bind(43, {sa_family=AF_INET, sin_port=htons(35708), sin_addr=inet_addr("0.0.0.0")}, 16 <unfinished ...>
19:19:12.331974,1023,<... recvfrom resumed> "nysv\0\0\0\0P\207ß·'\0\0\0?\6\0\0\224Â'¸", 24, MSG_DONTWAIT, NULL, NULL) = 24
19:19:12.332472,1063,<... bind resumed> ) = 0
19:19:12.332793,1023,recvfrom(37, <unfinished ...>
19:19:12.339784,1063,connect(43, {sa_family=AF_INET, sin_port=htons(53), sin_addr=inet_addr("10.0.2.4")}, 16 <unfinished ...>
19:19:12.340139,1023,<... recvfrom resumed> 0xbee6c828, 24, 64, 0, 0) = -1 EAGAIN (Try again)
19:19:12.340498,1063,<... connect resumed> ) = 0
19:19:12.340879,1023,clock_gettime(CLOCK_MONOTONIC, <unfinished ...>
19:19:12.341173,1063,sendto(43, "Gò\1\0\0\1\0\0\0\0\0\0\6client\nmustmobile\3c"..., 39, 0, NULL, 0 <unfinished ...>
19:19:12.341710,1023,<... clock_gettime resumed> {170, 626350720}) = 0
19:19:12.342314,1063,<... sendto resumed> ) = 39
19:19:12.342791,1023,clock_gettime(CLOCK_MONOTONIC, <unfinished ...>
19:19:12.343089,1063,clock_gettime(CLOCK_REALTIME, <unfinished ...>
19:19:12.343382,1023,<... clock_gettime resumed> {170, 628024823}) = 0
19:19:12.343762,1063,<... clock_gettime resumed> {1738783152, 343673041}) = 0
19:19:12.344198,1023,clock_gettime(CLOCK_MONOTONIC, <unfinished ...>
19:19:12.344530,1063,clock_gettime(CLOCK_REALTIME, <unfinished ...>
19:19:12.344821,1023,<... clock_gettime resumed> {170, 629464680}) = 0
19:19:12.345193,1063,<... clock_gettime resumed> {1738783152, 345091498}) = 0
19:19:12.345675,1023,clock_gettime(CLOCK_MONOTONIC, <unfinished ...>
19:19:12.346051,1063,select(44, [43], NULL, NULL, {4, 998582} <unfinished ...>
19:19:12.346527,1023,<... clock_gettime resumed> {170, 631131234}) = 0
19:19:12.347010,1023,recvfrom(38, 0xb88738b0, 1240, 64, 0, 0) = -1 EAGAIN (Try again)
19:19:12.347611,1023,clock_gettime(CLOCK_MONOTONIC, {170, 632547261}) = 0
19:19:12.348293,1023,clock_gettime(CLOCK_MONOTONIC, {170, 633233199}) = 0
19:19:12.348918,1023,getpid() = 1023
19:19:12.349482,1023,getuid32() = 10050
19:19:12.350061,1023,epoll_wait(0x1e, 0xbee6d1f8, 0x10, 0) = 0
19:19:12.350675,1023,clock_gettime(CLOCK_MONOTONIC, {170, 635614130}) = 0
19:19:12.351322,1023,ioctl(9, 0xc0186201, 0xbee6d328) = 0
19:19:12.351941,1023,epoll_wait(0x1e, 0xbee6d1f8, 0x10, 0x2b) = 0
19:19:12.406639,1023,clock_gettime(CLOCK_MONOTONIC, {170, 691593283}) = 0
19:19:12.407344,1023,clock_gettime(CLOCK_MONOTONIC, {170, 692314140}) = 0
19:19:12.408064,1023,recvfrom(37, 0xbee6c9a8, 24, 64, 0, 0) = -1 EAGAIN (Try again)
19:19:12.408663,1023,ioctl(9, 0xc0186201, 0xbee6d178) = 0
19:19:12.409501,1023,getpid() = 1023
19:19:12.410220,1023,getuid32() = 10050
19:19:12.410841,1023,epoll_wait(0x1e, 0xbee6d1f8, 0x10, 0) = 0
19:19:12.411843,1023,clock_gettime(CLOCK_MONOTONIC, {170, 696946325}) = 0
19:19:12.412834,1023,epoll_wait(0x1e, 0xbee6d1f8, 0x10, 0xffffffff) = 1
19:19:12.413494,1023,recvfrom(37, "nysv\0\0\0\0h(H¾'\0\0\0@\6\0\0\224Â'¸", 24, MSG_DONTWAIT, NULL, NULL) = 24
19:19:12.414259,1023,recvfrom(37, 0xbee6c828, 24, 64, 0, 0) = -1 EAGAIN (Try again)
19:19:12.414892,1023,clock_gettime(CLOCK_MONOTONIC, {170, 699863799}) = 0
19:19:12.415588,1023,write(29, "W", 1) = 1
19:19:12.416225,1023,clock_gettime(CLOCK_MONOTONIC, {170, 701177297}) = 0
19:19:12.416862,1023,clock_gettime(CLOCK_MONOTONIC, {170, 701790531}) = 0
19:19:12.417490,1023,clock_gettime(CLOCK_MONOTONIC, {170, 702417581}) = 0
19:19:12.418082,1023,clock_gettime(CLOCK_MONOTONIC, {170, 703008879}) = 0
19:19:12.418950,1023,clock_gettime(CLOCK_MONOTONIC, {170, 703937656}) = 0
19:19:12.419657,1023,clock_gettime(CLOCK_MONOTONIC, {170, 704585811}) = 0
19:19:12.420328,1023,recvfrom(37, 0xbee6c9a8, 24, 64, 0, 0) = -1 EAGAIN (Try again)
19:19:12.420915,1023,ioctl(9, 0xc0186201, 0xbee6d178) = 0
19:19:12.421718,1023,clock_gettime(CLOCK_MONOTONIC, {170, 706696135}) = 0
19:19:12.422410,1023,clock_gettime(CLOCK_MONOTONIC, {170, 707352584}) = 0
19:19:12.423081,1023,clock_gettime(CLOCK_MONOTONIC, {170, 708008415}) = 0
19:19:12.423712,1023,clock_gettime(CLOCK_MONOTONIC, {170, 708639799}) = 0
19:19:12.424328,1023,clock_gettime(CLOCK_MONOTONIC, {170, 719256568}) = 0
19:19:12.435594,1023,write(29, "W", 1) = 1
19:19:12.446718,1023,ioctl(9, 0xc0186201, 0xbee6cf10) = 0
19:19:12.447861,1023,ioctl(9, 0xc0186201, 0xbee6cf10) = 0
19:19:12.449276,1023,clock_gettime(CLOCK_MONOTONIC, {170, 734273290}) = 0
19:19:12.453356,1023,clock_gettime(CLOCK_MONOTONIC, {170, 738356106}) = 0
19:19:12.454044,1023,ioctl(9, 0xc0186201, 0xbee6d0c8) = 0
19:19:12.455058,1023,ioctl(9, 0xc0186201, 0xbee6d0c8) = 0
19:19:12.455834,1023,getpid() = 1023
19:19:12.465836,1023,getuid32() = 10050
19:19:12.467282,1023,epoll_wait(0x1e, 0xbee6d1f8, 0x10, 0) = 2
19:19:12.467930,1023,read(23, "WW", 16) = 2
19:19:12.468600,1023,recvfrom(37, "nysv\0\0\0\0rÀ\202¾'\0\0\0A\6\0\0\224Â'¸", 24, MSG_DONTWAIT, NULL, NULL) = 24
19:19:12.469350,1023,recvfrom(37, 0xbee6c828, 24, 64, 0, 0) = -1 EAGAIN (Try again)
19:19:12.470024,1023,clock_gettime(CLOCK_MONOTONIC, {170, 754969969}) = 0
19:19:12.470888,1023,clock_gettime(CLOCK_MONOTONIC, {170, 755890702}) = 0
19:19:12.471689,1023,clock_gettime(CLOCK_MONOTONIC, {170, 756660007}) = 0
19:19:12.472348,1023,clock_gettime(CLOCK_MONOTONIC, {170, 757326072}) = 0
19:19:12.473138,1023,recvfrom(38, 0xb88738b0, 1240, 64, 0, 0) = -1 EAGAIN (Try again)
19:19:12.473839,1023,clock_gettime(CLOCK_MONOTONIC, {170, 758800388}) = 0
19:19:12.474627,1023,clock_gettime(CLOCK_MONOTONIC, {170, 759572264}) = 0
19:19:12.475282,1023,getpid() = 1023
19:19:12.475880,1023,getuid32() = 10050
19:19:12.476532,1023,epoll_wait(0x1e, 0xbee6d1f8, 0x10, 0) = 0
19:19:12.486316,1023,clock_gettime(CLOCK_MONOTONIC, {170, 771430392}) = 0
19:19:12.487191,1023,ioctl(9, 0xc0186201, 0xbee6d328) = 0
19:19:12.487868,1023,epoll_wait(0x1e, 0xbee6d1f8, 0x10, 0x1a) = 0
19:19:12.539920,1023,clock_gettime(CLOCK_MONOTONIC, {170, 825589834}) = 0
19:19:12.541302,1023,clock_gettime(CLOCK_MONOTONIC, {170, 826276205}) = 0
19:19:12.541984,1023,recvfrom(37, 0xbee6c9a8, 24, 64, 0, 0) = -1 EAGAIN (Try again)
19:19:12.542608,1023,ioctl(9, 0xc0186201, 0xbee6d178) = 0
19:19:12.543721,1023,getpid() = 1023
19:19:12.544253,1023,getuid32() = 10050
19:19:12.544866,1023,epoll_wait(0x1e, 0xbee6d1f8, 0x10, 0) = 0
19:19:12.545484,1023,clock_gettime(CLOCK_MONOTONIC, {170, 830419201}) = 0
19:19:12.546118,1023,epoll_wait(0x1e, 0xbee6d1f8, 0x10, 0xffffffff) = 1
19:19:12.553955,1023,recvfrom(37, "nysv\0\0\0\0ÆñJÆ'\0\0\0C\6\0\0\224Â'¸", 24, MSG_DONTWAIT, NULL, NULL) = 24
19:19:12.554738,1023,recvfrom(37, 0xbee6c828, 24, 64, 0, 0) = -1 EAGAIN (Try again)
19:19:12.555316,1023,clock_gettime(CLOCK_MONOTONIC, {170, 840314426}) = 0
19:19:12.556063,1023,write(29, "W", 1) = 1
19:19:12.556713,1023,clock_gettime(CLOCK_MONOTONIC, {170, 841641364}) = 0
19:19:12.557312,1023,clock_gettime(CLOCK_MONOTONIC, {170, 842245115}) = 0
19:19:12.557908,1023,clock_gettime(CLOCK_MONOTONIC, {170, 842834669}) = 0
19:19:12.558504,1023,clock_gettime(CLOCK_MONOTONIC, {170, 843430627}) = 0
19:19:12.559351,1023,clock_gettime(CLOCK_MONOTONIC, {170, 844291154}) = 0
19:19:12.559984,1023,clock_gettime(CLOCK_MONOTONIC, {170, 844916718}) = 0
19:19:12.560619,1023,recvfrom(37, 0xbee6c9a8, 24, 64, 0, 0) = -1 EAGAIN (Try again)
19:19:12.561188,1023,ioctl(9, 0xc0186201, 0xbee6d178) = 0
19:19:12.561964,1023,clock_gettime(CLOCK_MONOTONIC, {170, 846960114}) = 0
19:19:12.562667,1023,clock_gettime(CLOCK_MONOTONIC, {170, 847600095}) = 0
19:19:12.563285,1023,clock_gettime(CLOCK_MONOTONIC, {170, 848218713}) = 0
19:19:12.563884,1023,clock_gettime(CLOCK_MONOTONIC, {170, 848824253}) = 0
19:19:12.564529,1023,clock_gettime(CLOCK_MONOTONIC, {170, 849460638}) = 0
19:19:12.565157,1023,write(29, "W", 1) = 1
19:19:12.565960,1023,ioctl(9, 0xc0186201, 0xbee6cf10) = 0
19:19:12.566736,1023,ioctl(9, 0xc0186201, 0xbee6cf10) = 0
19:19:12.567998,1023,clock_gettime(CLOCK_MONOTONIC, {170, 852934629}) = 0
19:19:12.589738,1023,clock_gettime(CLOCK_MONOTONIC, {170, 874704344}) = 0
19:19:12.590404,1023,ioctl(9, 0xc0186201, 0xbee6d0c8) = 0
19:19:12.591525,1023,getpid() = 1023
19:19:12.592051,1023,getuid32() = 10050
19:19:12.592648,1023,epoll_wait(0x1e, 0xbee6d1f8, 0x10, 0) = 2
19:19:12.593225,1023,read(23, "WW", 16) = 2
19:19:12.593855,1023,recvfrom(37, "nysv\0\0\0\0Ú!ÀÆ'\0\0\0D\6\0\0\224Â'¸", 24, MSG_DONTWAIT, NULL, NULL) = 24
19:19:12.594628,1023,recvfrom(37, 0xbee6c828, 24, 64, 0, 0) = -1 EAGAIN (Try again)
19:19:12.595196,1023,clock_gettime(CLOCK_MONOTONIC, {170, 880123705}) = 0
19:19:12.595886,1023,clock_gettime(CLOCK_MONOTONIC, {170, 880874387}) = 0
19:19:12.596551,1023,clock_gettime(CLOCK_MONOTONIC, {170, 881478479}) = 0
19:19:12.597199,1023,clock_gettime(CLOCK_MONOTONIC, {170, 882126392}) = 0
19:19:12.597815,1023,recvfrom(38, 0xb88738b0, 1240, 64, 0, 0) = -1 EAGAIN (Try again)
19:19:12.598441,1023,clock_gettime(CLOCK_MONOTONIC, {170, 883368933}) = 0
19:19:12.599032,1023,clock_gettime(CLOCK_MONOTONIC, {170, 883958588}) = 0
19:19:12.599628,1023,getpid() = 1023
19:19:12.600130,1023,getuid32() = 10050
19:19:12.600671,1023,epoll_wait(0x1e, 0xbee6d1f8, 0x10, 0) = 0
19:19:12.601222,1023,clock_gettime(CLOCK_MONOTONIC, {170, 886176808}) = 0
19:19:12.601870,1023,ioctl(9, 0xc0186201, 0xbee6d328) = 0
19:19:12.602470,1023,epoll_wait(0x1e, 0xbee6d1f8, 0x10, 0x33) = 0
19:19:12.703933,1023,clock_gettime(CLOCK_MONOTONIC, {170, 988919475}) = 0
19:19:12.704675,1023,clock_gettime(CLOCK_MONOTONIC, {170, 989606707}) = 0
19:19:12.705297,1023,recvfrom(37, 0xbee6c9a8, 24, 64, 0, 0) = -1 EAGAIN (Try again)
19:19:12.705898,1023,ioctl(9, 0xc0186201, 0xbee6d178) = 0
19:19:12.706900,1023,getpid() = 1023
19:19:12.707437,1023,getuid32() = 10050
19:19:12.708066,1023,epoll_wait(0x1e, 0xbee6d1f8, 0x10, 0) = 0
19:19:12.708637,1023,clock_gettime(CLOCK_MONOTONIC, {170, 993564295}) = 0
19:19:12.709244,1023,epoll_wait(0x1e, 0xbee6d1f8, 0x10, 0xffffffff) = 1
19:19:12.714259,1023,recvfrom(37, "nysv\0\0\0\0jãçÏ'\0\0\0F\6\0\0\224Â'¸", 24, MSG_DONTWAIT, NULL, NULL) = 24
19:19:12.715086,1023,recvfrom(37, 0xbee6c828, 24, 64, 0, 0) = -1 EAGAIN (Try again)
19:19:12.715743,1023,clock_gettime(CLOCK_MONOTONIC, {171, 676832}) = 0
19:19:12.716377,1023,write(29, "W", 1) = 1
19:19:12.717082,1023,clock_gettime(CLOCK_MONOTONIC, {171, 2017508}) = 0
19:19:12.717795,1023,clock_gettime(CLOCK_MONOTONIC, {171, 2732461}) = 0
19:19:12.718434,1023,clock_gettime(CLOCK_MONOTONIC, {171, 3380954}) = 0
19:19:12.726674,1023,clock_gettime(CLOCK_MONOTONIC, {171, 11647148}) = 0
19:19:12.727609,1023,clock_gettime(CLOCK_MONOTONIC, {171, 12539200}) = 0
19:19:12.728223,1023,clock_gettime(CLOCK_MONOTONIC, {171, 13177179}) = 0
19:19:12.728874,1023,recvfrom(37, 0xbee6c9a8, 24, 64, 0, 0) = -1 EAGAIN (Try again)
19:19:12.729468,1023,ioctl(9, 0xc0186201, 0xbee6d178) = 0
19:19:12.730247,1023,clock_gettime(CLOCK_MONOTONIC, {171, 15258974}) = 0
19:19:12.730980,1023,clock_gettime(CLOCK_MONOTONIC, {171, 15928133}) = 0
19:19:12.731721,1023,clock_gettime(CLOCK_MONOTONIC, {171, 16649264}) = 0
19:19:12.732358,1023,clock_gettime(CLOCK_MONOTONIC, {171, 17334494}) = 0
19:19:12.733157,1023,clock_gettime(CLOCK_MONOTONIC, {171, 18085570}) = 0
19:19:12.733862,1023,write(29, "W", 1) = 1
19:19:12.734748,1023,ioctl(9, 0xc0186201, 0xbee6cf10) = 0
19:19:12.735644,1023,ioctl(9, 0xc0186201, 0xbee6cf10) = 0
19:19:12.736989,1023,clock_gettime(CLOCK_MONOTONIC, {171, 21928707}) = 0
19:19:12.740239,1023,clock_gettime(CLOCK_MONOTONIC, {171, 25190050}) = 0
19:19:12.740894,1023,ioctl(9, 0xc0186201, 0xbee6d0c8) = 0
19:19:12.741644,1023,ioctl(9, 0xc0186201, 0xbee6d0c8) = 0
19:19:12.745884,1023,getpid() = 1023
19:19:12.746912,1023,getuid32() = 10050
19:19:12.756318,1023,epoll_wait(0x1e, 0xbee6d1f8, 0x10, 0) = 2
19:19:12.757030,1023,read(23, "WW", 16) = 2
19:19:12.757673,1023,recvfrom(37, "nysv\0\0\0\0ÎÓ1Ò'\0\0\0G\6\0\0\224Â'¸", 24, MSG_DONTWAIT, NULL, NULL) = 24
19:19:12.758993,1023,recvfrom(37, 0xbee6c828, 24, 64, 0, 0) = -1 EAGAIN (Try again)
19:19:12.759746,1023,clock_gettime(CLOCK_MONOTONIC, {171, 44683212}) = 0
19:19:12.760490,1023,clock_gettime(CLOCK_MONOTONIC, {171, 45425944}) = 0
19:19:12.761117,1023,clock_gettime(CLOCK_MONOTONIC, {171, 46052293}) = 0
19:19:12.761788,1023,clock_gettime(CLOCK_MONOTONIC, {171, 46782555}) = 0
19:19:12.762582,1023,recvfrom(38, 0xb88738b0, 1240, 64, 0, 0) = -1 EAGAIN (Try again)
19:19:12.763231,1023,clock_gettime(CLOCK_MONOTONIC, {171, 48195821}) = 0
19:19:12.763903,1023,clock_gettime(CLOCK_MONOTONIC, {171, 48838033}) = 0
19:19:12.764625,1023,getpid() = 1023
19:19:12.765192,1023,getuid32() = 10050
19:19:12.765787,1023,epoll_wait(0x1e, 0xbee6d1f8, 0x10, 0) = 0
19:19:12.776230,1023,clock_gettime(CLOCK_MONOTONIC, {171, 61227480}) = 0
19:19:12.776962,1023,ioctl(9, 0xc0186201, 0xbee6d328) = 0
19:19:12.777566,1023,epoll_wait(0x1e, 0xbee6d1f8, 0x10, 0x2d) = 0
19:19:12.836824,1023,clock_gettime(CLOCK_MONOTONIC, {171, 121848899}) = 0
19:19:12.837600,1023,clock_gettime(CLOCK_MONOTONIC, {171, 122537579}) = 0
19:19:12.838249,1023,recvfrom(37, 0xbee6c9a8, 24, 64, 0, 0) = -1 EAGAIN (Try again)
19:19:12.839108,1023,ioctl(9, 0xc0186201, 0xbee6d178) = 0
19:19:12.840191,1023,getpid() = 1023
19:19:12.840918,1023,getuid32() = 10050
19:19:12.841608,1023,epoll_wait(0x1e, 0xbee6d1f8, 0x10, 0) = 0
19:19:12.842142,1023,clock_gettime(CLOCK_MONOTONIC, {171, 127069879}) = 0
19:19:12.842826,1023,epoll_wait(0x1e, 0xbee6d1f8, 0x10, 0xffffffff) = 1
19:19:12.874060,1023,recvfrom(37, "nysv\0\0\0\0È¬ê×'\0\0\0H\6\0\0\224Â'¸", 24, MSG_DONTWAIT, NULL, NULL) = 24
19:19:12.874852,1023,recvfrom(37, 0xbee6c828, 24, 64, 0, 0) = -1 EAGAIN (Try again)
19:19:12.875494,1023,clock_gettime(CLOCK_MONOTONIC, {171, 160431576}) = 0
19:19:12.876149,1023,write(29, "W", 1) = 1
19:19:12.876819,1023,clock_gettime(CLOCK_MONOTONIC, {171, 161755078}) = 0
19:19:12.877451,1023,clock_gettime(CLOCK_MONOTONIC, {171, 162386451}) = 0
19:19:12.878082,1023,clock_gettime(CLOCK_MONOTONIC, {171, 163021542}) = 0
19:19:12.878721,1023,clock_gettime(CLOCK_MONOTONIC, {171, 163660247}) = 0
19:19:12.879605,1023,clock_gettime(CLOCK_MONOTONIC, {171, 164540817}) = 0
19:19:12.880259,1023,clock_gettime(CLOCK_MONOTONIC, {171, 165204983}) = 0
19:19:12.880921,1023,recvfrom(37, 0xbee6c9a8, 24, 64, 0, 0) = -1 EAGAIN (Try again)
19:19:12.881519,1023,ioctl(9, 0xc0186201, 0xbee6d178) = 0
19:19:12.882374,1023,clock_gettime(CLOCK_MONOTONIC, {171, 167366489}) = 0
19:19:12.883075,1023,clock_gettime(CLOCK_MONOTONIC, {171, 168012511}) = 0
19:19:12.883703,1023,clock_gettime(CLOCK_MONOTONIC, {171, 168637264}) = 0
19:19:12.884345,1023,clock_gettime(CLOCK_MONOTONIC, {171, 169289246}) = 0
19:19:12.885011,1023,clock_gettime(CLOCK_MONOTONIC, {171, 169950591}) = 0
19:19:12.885704,1023,write(29, "W", 1) = 1
19:19:12.886512,1023,ioctl(9, 0xc0186201, 0xbee6cf10) = 0
19:19:12.887327,1023,ioctl(9, 0xc0186201, 0xbee6cf10) = 0
19:19:12.888652,1023,clock_gettime(CLOCK_MONOTONIC, {171, 173594967}) = 0
19:19:12.892313,1023,clock_gettime(CLOCK_MONOTONIC, {171, 177326843}) = 0
19:19:12.893053,1023,ioctl(9, 0xc0186201, 0xbee6d0c8) = 0
19:19:12.893993,1023,ioctl(9, 0xc0186201, 0xbee6d0c8) = 0
19:19:12.894721,1023,getpid() = 1023
19:19:12.895311,1023,getuid32() = 10050
19:19:12.895933,1023,epoll_wait(0x1e, 0xbee6d1f8, 0x10, 0) = 1
19:19:12.896541,1023,read(23, "WW", 16) = 2
19:19:12.897148,1023,clock_gettime(CLOCK_MONOTONIC, {171, 182082224}) = 0
19:19:12.897779,1023,ioctl(9, 0xc0186201, 0xbee6d328) = 0
19:19:12.929647,1023,epoll_wait(0x1e, 0xbee6d1f8, 0x10, 0x4d) = 1
19:19:12.930518,1023,recvfrom(37, "nysv\0\0\0\0\"\5úÙ'\0\0\0I\6\0\0\224Â'¸", 24, MSG_DONTWAIT, NULL, NULL) = 24
19:19:12.931302,1023,recvfrom(37, 0xbee6c828, 24, 64, 0, 0) = -1 EAGAIN (Try again)
19:19:12.932002,1023,clock_gettime(CLOCK_MONOTONIC, {171, 216954832}) = 0
19:19:12.932723,1023,write(29, "W", 1) = 1
19:19:12.933459,1023,clock_gettime(CLOCK_MONOTONIC, {171, 218411891}) = 0
19:19:12.934144,1023,clock_gettime(CLOCK_MONOTONIC, {171, 219095110}) = 0
19:19:12.934821,1023,clock_gettime(CLOCK_MONOTONIC, {171, 219770584}) = 0
19:19:12.935520,1023,recvfrom(38, 0xb88738b0, 1240, 64, 0, 0) = -1 EAGAIN (Try again)
19:19:12.936159,1023,clock_gettime(CLOCK_MONOTONIC, {171, 221109816}) = 0
19:19:12.936836,1023,clock_gettime(CLOCK_MONOTONIC, {171, 221786873}) = 0
19:19:12.937517,1023,getpid() = 1023
19:19:12.938091,1023,getuid32() = 10050
19:19:12.938708,1023,epoll_wait(0x1e, 0xbee6d1f8, 0x10, 0) = 1
19:19:12.955372,1023,read(23, "W", 16) = 1
19:19:12.956022,1023,clock_gettime(CLOCK_MONOTONIC, {171, 241057774}) = 0
19:19:12.976042,1050,<... futex resumed> ) = -1 ETIMEDOUT (Connection timed out)
19:19:12.976513,1023,epoll_wait(0x1e, 0xbee6d1f8, 0x10, 0x12 <unfinished ...>
19:19:12.976878,1050,clock_gettime(CLOCK_MONOTONIC, {171, 261875246}) = 0
19:19:12.977543,1050,clock_gettime(CLOCK_MONOTONIC, {171, 262494915}) = 0
19:19:12.978149,1050,futex(0xb8882488, FUTEX_WAIT_PRIVATE, 0, {14, 999380331} <unfinished ...>
19:19:12.995707,1023,<... epoll_wait resumed> ) = 0
19:19:13.006031,1023,clock_gettime(CLOCK_MONOTONIC, {171, 291024624}) = 0
19:19:13.006788,1023,clock_gettime(CLOCK_MONOTONIC, {171, 291739417}) = 0
19:19:13.007541,1023,recvfrom(37, 0xbee6c9a8, 24, 64, 0, 0) = -1 EAGAIN (Try again)
19:19:13.008163,1023,ioctl(9, 0xc0186201, 0xbee6d178) = 0
19:19:13.009720,1023,getpid() = 1023
19:19:13.010336,1023,getuid32() = 10050
19:19:13.011330,1023,epoll_wait(0x1e, 0xbee6d1f8, 0x10, 0) = 1
19:19:13.011919,1023,recvfrom(37, "nysv\0\0\0\0\200Îüá'\0\0\0J\6\0\0\224Â'¸", 24, MSG_DONTWAIT, NULL, NULL) = 24
19:19:13.012662,1023,recvfrom(37, 0xbee6c828, 24, 64, 0, 0) = -1 EAGAIN (Try again)
19:19:13.013286,1023,clock_gettime(CLOCK_MONOTONIC, {171, 298263415}) = 0
19:19:13.014053,1023,clock_gettime(CLOCK_MONOTONIC, {171, 299003419}) = 0
19:19:13.015042,1023,clock_gettime(CLOCK_MONOTONIC, {171, 300053566}) = 0
19:19:13.015795,1023,clock_gettime(CLOCK_MONOTONIC, {171, 300737703}) = 0
19:19:13.025888,1023,clock_gettime(CLOCK_MONOTONIC, {171, 310864722}) = 0
19:19:13.026861,1023,clock_gettime(CLOCK_MONOTONIC, {171, 311805447}) = 0
19:19:13.027537,1023,clock_gettime(CLOCK_MONOTONIC, {171, 312535481}) = 0
19:19:13.028263,1023,recvfrom(37, 0xbee6c9a8, 24, 64, 0, 0) = -1 EAGAIN (Try again)
19:19:13.028920,1023,ioctl(9, 0xc0186201, 0xbee6d178) = 0
19:19:13.029777,1023,clock_gettime(CLOCK_MONOTONIC, {171, 314809500}) = 0
19:19:13.030658,1023,clock_gettime(CLOCK_MONOTONIC, {171, 315601774}) = 0
19:19:13.031398,1023,clock_gettime(CLOCK_MONOTONIC, {171, 316340385}) = 0
19:19:13.032045,1023,clock_gettime(CLOCK_MONOTONIC, {171, 316984422}) = 0
19:19:13.032719,1023,clock_gettime(CLOCK_MONOTONIC, {171, 317658969}) = 0
19:19:13.033391,1023,write(29, "W", 1) = 1
19:19:13.034309,1023,ioctl(9, 0xc0186201, 0xbee6cf10) = 0
19:19:13.035340,1023,ioctl(9, 0xc0186201, 0xbee6cf10) = 0
19:19:13.036697,1023,clock_gettime(CLOCK_MONOTONIC, {171, 321643375}) = 0
19:19:13.040176,1023,clock_gettime(CLOCK_MONOTONIC, {171, 325122688}) = 0
19:19:13.040843,1023,ioctl(9, 0xc0186201, 0xbee6d0c8) = 0
19:19:13.041724,1023,ioctl(9, 0xc0186201, 0xbee6d0c8) = 0
19:19:13.042427,1023,getpid() = 1023
19:19:13.042979,1023,getuid32() = 10050
19:19:13.043573,1023,epoll_wait(0x1e, 0xbee6d1f8, 0x10, 0) = 2
19:19:13.044145,1023,read(23, "W", 16) = 1
19:19:13.044758,1023,recvfrom(37, "nysv\0\0\0\0¼^\\ã'\0\0\0K\6\0\0\224Â'¸", 24, MSG_DONTWAIT, NULL, NULL) = 24
19:19:13.045496,1023,recvfrom(37, 0xbee6c828, 24, 64, 0, 0) = -1 EAGAIN (Try again)
19:19:13.046109,1023,clock_gettime(CLOCK_MONOTONIC, {171, 331049105}) = 0
19:19:13.046814,1023,clock_gettime(CLOCK_MONOTONIC, {171, 331754978}) = 0
19:19:13.047468,1023,clock_gettime(CLOCK_MONOTONIC, {171, 332409054}) = 0
19:19:13.048104,1023,clock_gettime(CLOCK_MONOTONIC, {171, 333043953}) = 0
19:19:13.048769,1023,recvfrom(38, 0xb88738b0, 1240, 64, 0, 0) = -1 EAGAIN (Try again)
19:19:13.049375,1023,clock_gettime(CLOCK_MONOTONIC, {171, 334321567}) = 0
19:19:13.083330,1023,clock_gettime(CLOCK_MONOTONIC, {171, 368501457}) = 0
19:19:13.084244,1023,getpid() = 1023
19:19:13.084808,1023,getuid32() = 10050
19:19:13.085411,1023,epoll_wait(0x1e, 0xbee6d1f8, 0x10, 0) = 0
19:19:13.086002,1023,clock_gettime(CLOCK_MONOTONIC, {171, 370942089}) = 0
19:19:13.086661,1023,ioctl(9, 0xc0186201, 0xbee6d328) = 0
19:19:13.087262,1023,epoll_wait(0x1e, 0xbee6d1f8, 0x10, 0x23) = 0
19:19:13.125335,1023,clock_gettime(CLOCK_MONOTONIC, {171, 410449475}) = 0
19:19:13.143633,1023,clock_gettime(CLOCK_MONOTONIC, {171, 428587432}) = 0
19:19:13.144340,1023,recvfrom(37, 0xbee6c9a8, 24, 64, 0, 0) = -1 EAGAIN (Try again)
19:19:13.144983,1023,ioctl(9, 0xc0186201, 0xbee6d178) = 0
19:19:13.145905,1023,getpid() = 1023
19:19:13.146663,1023,getuid32() = 10050
19:19:13.147289,1023,epoll_wait(0x1e, 0xbee6d1f8, 0x10, 0) = 0
19:19:13.147942,1023,clock_gettime(CLOCK_MONOTONIC, {171, 432892807}) = 0
19:19:13.148681,1023,epoll_wait(0x1e, 0xbee6d1f8, 0x10, 0xffffffff) = 1
19:19:13.152849,1023,recvfrom(37, "nysv\0\0\0\0è/:ê'\0\0\0M\6\0\0\224Â'¸", 24, MSG_DONTWAIT, NULL, NULL) = 24
19:19:13.153603,1023,recvfrom(37, 0xbee6c828, 24, 64, 0, 0) = -1 EAGAIN (Try again)
19:19:13.154231,1023,clock_gettime(CLOCK_MONOTONIC, {171, 439180314}) = 0
19:19:13.154908,1023,write(29, "W", 1) = 1
19:19:13.155608,1023,clock_gettime(CLOCK_MONOTONIC, {171, 440550709}) = 0
19:19:13.156258,1023,clock_gettime(CLOCK_MONOTONIC, {171, 441206766}) = 0
19:19:13.166243,1023,clock_gettime(CLOCK_MONOTONIC, {171, 451243486}) = 0
19:19:13.166960,1023,clock_gettime(CLOCK_MONOTONIC, {171, 451903619}) = 0
19:19:13.167874,1023,clock_gettime(CLOCK_MONOTONIC, {171, 452817825}) = 0
19:19:13.168546,1023,clock_gettime(CLOCK_MONOTONIC, {171, 453488660}) = 0
19:19:13.169213,1023,recvfrom(37, 0xbee6c9a8, 24, 64, 0, 0) = -1 EAGAIN (Try again)
19:19:13.169821,1023,ioctl(9, 0xc0186201, 0xbee6d178) = 0
19:19:13.170602,1023,clock_gettime(CLOCK_MONOTONIC, {171, 455546341}) = 0
19:19:13.171272,1023,clock_gettime(CLOCK_MONOTONIC, {171, 456221011}) = 0
19:19:13.171925,1023,clock_gettime(CLOCK_MONOTONIC, {171, 456867382}) = 0
19:19:13.172577,1023,clock_gettime(CLOCK_MONOTONIC, {171, 457518740}) = 0
19:19:13.173692,1023,clock_gettime(CLOCK_MONOTONIC, {171, 458660282}) = 0
19:19:13.174404,1023,write(29, "W", 1) = 1
19:19:13.175239,1023,ioctl(9, 0xc0186201, 0xbee6cf10) = 0
19:19:13.176089,1023,ioctl(9, 0xc0186201, 0xbee6cf10) = 0
19:19:13.177458,1023,clock_gettime(CLOCK_MONOTONIC, {171, 462405233}) = 0
19:19:13.187371,1023,clock_gettime(CLOCK_MONOTONIC, {171, 472420255}) = 0
19:19:13.188142,1023,ioctl(9, 0xc0186201, 0xbee6d0c8) = 0
19:19:13.188946,1023,ioctl(9, 0xc0186201, 0xbee6d0c8) = 0
19:19:13.190000,1023,getpid() = 1023
19:19:13.190963,1023,getuid32() = 10050
19:19:13.191566,1023,epoll_wait(0x1e, 0xbee6d1f8, 0x10, 0) = 2
19:19:13.192142,1023,read(23, "WW", 16) = 2
19:19:13.192758,1023,recvfrom(37, "nysv\0\0\0\0B\210Iì'\0\0\0N\6\0\0\224Â'¸", 24, MSG_DONTWAIT, NULL, NULL) = 24
19:19:13.193498,1023,recvfrom(37, 0xbee6c828, 24, 64, 0, 0) = -1 EAGAIN (Try again)
19:19:13.194121,1023,clock_gettime(CLOCK_MONOTONIC, {171, 479062559}) = 0
19:19:13.194839,1023,clock_gettime(CLOCK_MONOTONIC, {171, 479780947}) = 0
19:19:13.195494,1023,clock_gettime(CLOCK_MONOTONIC, {171, 480436206}) = 0
19:19:13.196134,1023,clock_gettime(CLOCK_MONOTONIC, {171, 481074432}) = 0
19:19:13.196800,1023,recvfrom(38, 0xb88738b0, 1240, 64, 0, 0) = -1 EAGAIN (Try again)
19:19:13.197415,1023,clock_gettime(CLOCK_MONOTONIC, {171, 482357013}) = 0
19:19:13.198056,1023,clock_gettime(CLOCK_MONOTONIC, {171, 482996611}) = 0
19:19:13.198703,1023,getpid() = 1023
19:19:13.199248,1023,getuid32() = 10050
19:19:13.208781,1023,epoll_wait(0x1e, 0xbee6d1f8, 0x10, 0) = 0
19:19:13.209402,1023,clock_gettime(CLOCK_MONOTONIC, {171, 494348352}) = 0
19:19:13.210070,1023,ioctl(9, 0xc0186201, 0xbee6d328) = 0
19:19:13.211707,1023,epoll_wait(0x1e, 0xbee6d1f8, 0x10, 0x35) = 0
19:19:13.267529,1023,clock_gettime(CLOCK_MONOTONIC, {171, 552506000}) = 0
19:19:13.268256,1023,clock_gettime(CLOCK_MONOTONIC, {171, 553212814}) = 0
19:19:13.269026,1023,recvfrom(37, 0xbee6c9a8, 24, 64, 0, 0) = -1 EAGAIN (Try again)
19:19:13.269647,1023,ioctl(9, 0xc0186201, 0xbee6d178) = 0
19:19:13.270651,1023,getpid() = 1023
19:19:13.271396,1023,getuid32() = 10050
19:19:13.272063,1023,epoll_wait(0x1e, 0xbee6d1f8, 0x10, 0) = 0
19:19:13.272860,1023,clock_gettime(CLOCK_MONOTONIC, {171, 557813477}) = 0
19:19:13.273566,1023,epoll_wait(0x1e, 0xbee6d1f8, 0x10, 0xffffffff) = 1
19:19:13.274172,1023,recvfrom(37, "nysv\0\0\0\0(1\215ñ'\0\0\0P\6\0\0\224Â'¸", 24, MSG_DONTWAIT, NULL, NULL) = 24
19:19:13.275082,1023,recvfrom(37, 0xbee6c828, 24, 64, 0, 0) = -1 EAGAIN (Try again)
19:19:13.275756,1023,clock_gettime(CLOCK_MONOTONIC, {171, 560698086}) = 0
19:19:13.276428,1023,write(29, "W", 1) = 1
19:19:13.277117,1023,clock_gettime(CLOCK_MONOTONIC, {171, 562058828}) = 0
19:19:13.286572,1023,clock_gettime(CLOCK_MONOTONIC, {171, 571533822}) = 0
19:19:13.287243,1023,clock_gettime(CLOCK_MONOTONIC, {171, 572193319}) = 0
19:19:13.287896,1023,clock_gettime(CLOCK_MONOTONIC, {171, 572837850}) = 0
19:19:13.288873,1023,clock_gettime(CLOCK_MONOTONIC, {171, 573818559}) = 0
19:19:13.289548,1023,clock_gettime(CLOCK_MONOTONIC, {171, 574491905}) = 0
19:19:13.290259,1023,recvfrom(37, 0xbee6c9a8, 24, 64, 0, 0) = -1 EAGAIN (Try again)
19:19:13.290872,1023,ioctl(9, 0xc0186201, 0xbee6d178) = 0
19:19:13.291731,1023,clock_gettime(CLOCK_MONOTONIC, {171, 576740139}) = 0
19:19:13.292671,1023,clock_gettime(CLOCK_MONOTONIC, {171, 577617571}) = 0
19:19:13.293327,1023,clock_gettime(CLOCK_MONOTONIC, {171, 578275496}) = 0
19:19:13.293981,1023,clock_gettime(CLOCK_MONOTONIC, {171, 578922479}) = 0
19:19:13.294658,1023,clock_gettime(CLOCK_MONOTONIC, {171, 579601051}) = 0
19:19:13.295327,1023,write(29, "W", 1) = 1
19:19:13.296162,1023,ioctl(9, 0xc0186201, 0xbee6cf10) = 0
19:19:13.296996,1023,ioctl(9, 0xc0186201, 0xbee6cf10) = 0
19:19:13.298339,1023,clock_gettime(CLOCK_MONOTONIC, {171, 583292852}) = 0
19:19:13.301820,1023,clock_gettime(CLOCK_MONOTONIC, {171, 586769076}) = 0
19:19:13.302489,1023,ioctl(9, 0xc0186201, 0xbee6d0c8) = 0
19:19:13.303364,1023,ioctl(9, 0xc0186201, 0xbee6d0c8) = 0
19:19:13.304067,1023,getpid() = 1023
19:19:13.304626,1023,getuid32() = 10050
19:19:13.305213,1023,epoll_wait(0x1e, 0xbee6d1f8, 0x10, 0) = 1
19:19:13.305788,1023,read(23, "WW", 16) = 2
19:19:13.306451,1023,clock_gettime(CLOCK_MONOTONIC, {171, 591393528}) = 0
19:19:13.307101,1023,ioctl(9, 0xc0186201, 0xbee6d328) = 0
19:19:13.307699,1023,epoll_wait(0x1e, 0xbee6d1f8, 0x10, 0x4c) = 1
19:19:13.321334,1023,recvfrom(37, "nysv\0\0\0\0dÁìò'\0\0\0Q\6\0\0\224Â'¸", 24, MSG_DONTWAIT, NULL, NULL) = 24
19:19:13.322181,1023,recvfrom(37, 0xbee6c828, 24, 64, 0, 0) = -1 EAGAIN (Try again)
19:19:13.322822,1023,clock_gettime(CLOCK_MONOTONIC, {171, 607765470}) = 0
19:19:13.323513,1023,write(29, "W", 1) = 1
19:19:13.324208,1023,clock_gettime(CLOCK_MONOTONIC, {171, 609156858}) = 0
19:19:13.324867,1023,clock_gettime(CLOCK_MONOTONIC, {171, 609809567}) = 0
19:19:13.325514,1023,clock_gettime(CLOCK_MONOTONIC, {171, 610455989}) = 0
19:19:13.326178,1023,recvfrom(38, 0xb88738b0, 1240, 64, 0, 0) = -1 EAGAIN (Try again)
19:19:13.326795,1023,clock_gettime(CLOCK_MONOTONIC, {171, 611737422}) = 0
19:19:13.327444,1023,clock_gettime(CLOCK_MONOTONIC, {171, 612385262}) = 0
19:19:13.328086,1023,getpid() = 1023
19:19:13.328640,1023,getuid32() = 10050
19:19:13.329224,1023,epoll_wait(0x1e, 0xbee6d1f8, 0x10, 0) = 1
19:19:13.329790,1023,read(23, "W", 16) = 1
19:19:13.330418,1023,clock_gettime(CLOCK_MONOTONIC, {171, 615359554}) = 0
19:19:13.331081,1023,epoll_wait(0x1e, 0xbee6d1f8, 0x10, 0x34) = 0
19:19:13.396490,1023,clock_gettime(CLOCK_MONOTONIC, {171, 681457186}) = 0
19:19:13.397188,1023,clock_gettime(CLOCK_MONOTONIC, {171, 682139144}) = 0
19:19:13.397872,1023,recvfrom(37, 0xbee6c9a8, 24, 64, 0, 0) = -1 EAGAIN (Try again)
19:19:13.398675,1023,ioctl(9, 0xc0186201, 0xbee6d178) = 0
19:19:13.399562,1023,getpid() = 1023
19:19:13.400248,1023,getuid32() = 10050
19:19:13.400854,1023,epoll_wait(0x1e, 0xbee6d1f8, 0x10, 0) = 0
19:19:13.401442,1023,clock_gettime(CLOCK_MONOTONIC, {171, 686383961}) = 0
19:19:13.402103,1023,epoll_wait(0x1e, 0xbee6d1f8, 0x10, 0xffffffff) = 1
19:19:13.403308,1023,recvfrom(37, "nysv\0\0\0\0|bUù'\0\0\0R\6\0\0\224Â'¸", 24, MSG_DONTWAIT, NULL, NULL) = 24
19:19:13.404057,1023,recvfrom(37, 0xbee6c828, 24, 64, 0, 0) = -1 EAGAIN (Try again)
19:19:13.404690,1023,clock_gettime(CLOCK_MONOTONIC, {171, 689632808}) = 0
19:19:13.405356,1023,write(29, "W", 1) = 1
19:19:13.424274,1046,<... select resumed> ) = 0 (Timeout)
19:19:13.424778,1023,clock_gettime(CLOCK_MONOTONIC, <unfinished ...>
19:19:13.425103,1046,close(42 <unfinished ...>
19:19:13.425416,1023,<... clock_gettime resumed> {171, 710046611}) = 0
19:19:13.425829,1046,<... close resumed> ) = 0
19:19:13.426201,1023,clock_gettime(CLOCK_MONOTONIC, <unfinished ...>
19:19:13.426517,1046,close(45 <unfinished ...>
19:19:13.426818,1023,<... clock_gettime resumed> {171, 711457272}) = 0
19:19:13.427207,1046,<... close resumed> ) = 0
19:19:13.427572,1023,clock_gettime(CLOCK_MONOTONIC, <unfinished ...>
19:19:13.447199,1046,open("/dev/urandom", O_RDONLY <unfinished ...>
19:19:13.447769,1023,<... clock_gettime resumed> {171, 713490456}) = 0
19:19:13.448730,1046,<... open resumed> ) = 42
19:19:13.449173,1023,clock_gettime(CLOCK_MONOTONIC, <unfinished ...>
19:19:13.450200,1046,read(42, <unfinished ...>
19:19:13.450851,1023,<... clock_gettime resumed> {171, 735475226}) = 0
19:19:13.451717,1046,<... read resumed> "dû^3", 4) = 4
19:19:13.452462,1023,clock_gettime(CLOCK_MONOTONIC, <unfinished ...>
19:19:13.454321,1046,close(42 <unfinished ...>
19:19:13.454769,1023,<... clock_gettime resumed> {171, 739363956}) = 0
19:19:13.455194,1046,<... close resumed> ) = 0
19:19:13.455610,1023,clock_gettime(CLOCK_MONOTONIC, <unfinished ...>
19:19:13.456101,1046,socket(PF_INET, SOCK_DGRAM, IPPROTO_IP <unfinished ...>
19:19:13.456432,1023,<... clock_gettime resumed> {171, 741056474}) = 0
19:19:13.456885,1046,<... socket resumed> ) = 42
19:19:13.457301,1023,recvfrom(37, <unfinished ...>
19:19:13.457637,1046,open("/dev/urandom", O_RDONLY <unfinished ...>
19:19:13.458243,1023,<... recvfrom resumed> 0xbee6c9a8, 24, 64, 0, 0) = -1 EAGAIN (Try again)
19:19:13.458732,1046,<... open resumed> ) = 44
19:19:13.459127,1023,ioctl(9, 0xc0186201 <unfinished ...>
19:19:13.459496,1046,read(44, <unfinished ...>
19:19:13.459894,1023,<... ioctl resumed> , 0xbee6d178) = 0
19:19:13.460225,1046,<... read resumed> "F°Õ«", 4) = 4
19:19:13.461302,1023,clock_gettime(CLOCK_MONOTONIC, <unfinished ...>
19:19:13.461638,1046,close(44 <unfinished ...>
19:19:13.462013,1023,<... clock_gettime resumed> {171, 746651425}) = 0
19:19:13.462399,1046,<... close resumed> ) = 0
19:19:13.462940,1023,clock_gettime(CLOCK_MONOTONIC, <unfinished ...>
19:19:13.463271,1046,bind(42, {sa_family=AF_INET, sin_port=htons(46151), sin_addr=inet_addr("0.0.0.0")}, 16 <unfinished ...>
19:19:13.463839,1023,<... clock_gettime resumed> {171, 748388559}) = 0
19:19:13.464229,1046,<... bind resumed> ) = 0
19:19:13.464734,1023,clock_gettime(CLOCK_MONOTONIC, <unfinished ...>
19:19:13.465078,1046,connect(42, {sa_family=AF_INET, sin_port=htons(53), sin_addr=inet_addr("10.0.2.3")}, 16 <unfinished ...>
19:19:13.477016,1023,<... clock_gettime resumed> {171, 750325546}) = 0
19:19:13.477323,1046,<... connect resumed> ) = 0
19:19:13.477732,1023,clock_gettime(CLOCK_MONOTONIC, <unfinished ...>
19:19:13.478093,1046,sendto(42, "ûd\1\0\0\1\0\0\0\0\0\0\6client\nmustmobile\3c"..., 39, 0, NULL, 0 <unfinished ...>
19:19:13.478751,1023,<... clock_gettime resumed> {171, 763355997}) = 0
19:19:13.479359,1046,<... sendto resumed> ) = 39
19:19:13.479831,1023,clock_gettime(CLOCK_MONOTONIC, <unfinished ...>
19:19:13.480162,1046,clock_gettime(CLOCK_REALTIME, <unfinished ...>
19:19:13.480484,1023,<... clock_gettime resumed> {171, 765111615}) = 0
19:19:13.480865,1046,<... clock_gettime resumed> {1738783153, 480759722}) = 0
19:19:13.481359,1023,write(29, "W", 1 <unfinished ...>
19:19:13.481732,1046,clock_gettime(CLOCK_REALTIME, <unfinished ...>
19:19:13.482077,1023,<... write resumed> ) = 1
19:19:13.482384,1046,<... clock_gettime resumed> {1738783153, 482274907}) = 0
19:19:13.483088,1023,ioctl(9, 0xc0186201 <unfinished ...>
19:19:13.483418,1046,select(43, [42], NULL, NULL, {4, 998485} <unfinished ...>
19:19:13.483905,1023,<... ioctl resumed> , 0xbee6cf10) = 0
19:19:13.484591,1023,ioctl(9, 0xc0186201, 0xbee6cf10) = 0
19:19:13.497243,1023,clock_gettime(CLOCK_MONOTONIC, {171, 782243179}) = 0
19:19:13.501261,1023,clock_gettime(CLOCK_MONOTONIC, {171, 786299376}) = 0
19:19:13.502095,1023,ioctl(9, 0xc0186201, 0xbee6d0c8) = 0
19:19:13.503507,1023,getpid() = 1023
19:19:13.504111,1023,getuid32() = 10050
19:19:13.504779,1023,epoll_wait(0x1e, 0xbee6d1f8, 0x10, 0) = 2
19:19:13.505437,1023,read(23, "WW", 16) = 2
19:19:13.506184,1023,recvfrom(37, "nysv\0\0\0\0\34ãþü'\0\0\0S\6\0\0\224Â'¸", 24, MSG_DONTWAIT, NULL, NULL) = 24
19:19:13.529321,1023,recvfrom(37, 0xbee6c828, 24, 64, 0, 0) = -1 EAGAIN (Try again)
19:19:13.530018,1023,clock_gettime(CLOCK_MONOTONIC, {171, 814963266}) = 0
19:19:13.530766,1023,clock_gettime(CLOCK_MONOTONIC, {171, 815709866}) = 0
19:19:13.531430,1023,clock_gettime(CLOCK_MONOTONIC, {171, 816373331}) = 0
19:19:13.532073,1023,clock_gettime(CLOCK_MONOTONIC, {171, 817014689}) = 0
19:19:13.532745,1023,recvfrom(38, 0xb88738b0, 1240, 64, 0, 0) = -1 EAGAIN (Try again)
19:19:13.533622,1023,clock_gettime(CLOCK_MONOTONIC, {171, 818570008}) = 0
19:19:13.534276,1023,clock_gettime(CLOCK_MONOTONIC, {171, 819224631}) = 0
19:19:13.534950,1023,getpid() = 1023
19:19:13.535528,1023,getuid32() = 10050
19:19:13.536144,1023,epoll_wait(0x1e, 0xbee6d1f8, 0x10, 0) = 0
19:19:13.536765,1023,clock_gettime(CLOCK_MONOTONIC, {171, 821714336}) = 0
19:19:13.537451,1023,ioctl(9, 0xc0186201, 0xbee6d328) = 0
19:19:13.538080,1023,epoll_wait(0x1e, 0xbee6d1f8, 0x10, 0x1e) = 0
19:19:13.569098,1023,clock_gettime(CLOCK_MONOTONIC, {171, 854057134}) = 0
19:19:13.569789,1023,clock_gettime(CLOCK_MONOTONIC, {171, 854734445}) = 0
19:19:13.570468,1023,recvfrom(37, 0xbee6c9a8, 24, 64, 0, 0) = -1 EAGAIN (Try again)
19:19:13.571075,1023,ioctl(9, 0xc0186201, 0xbee6d178) = 0
19:19:13.571939,1023,getpid() = 1023
19:19:13.572684,1023,getuid32() = 10050
19:19:13.573326,1023,epoll_wait(0x1e, 0xbee6d1f8, 0x10, 0) = 0
19:19:13.573941,1023,clock_gettime(CLOCK_MONOTONIC, {171, 858882787}) = 0
19:19:13.574607,1023,epoll_wait(0x1e, 0xbee6d1f8, 0x10, 0xffffffff) = 1
19:19:13.589711,1023,recvfrom(37, "nysv\0\0\0\0>\34¢\3(\0\0\0U\6\0\0\224Â'¸", 24, MSG_DONTWAIT, NULL, NULL) = 24
19:19:13.590517,1023,recvfrom(37, 0xbee6c828, 24, 64, 0, 0) = -1 EAGAIN (Try again)
19:19:13.591172,1023,clock_gettime(CLOCK_MONOTONIC, {171, 876125029}) = 0
19:19:13.591887,1023,write(29, "W", 1) = 1
19:19:13.592613,1023,clock_gettime(CLOCK_MONOTONIC, {171, 877565094}) = 0
19:19:13.593298,1023,clock_gettime(CLOCK_MONOTONIC, {171, 878254525}) = 0
19:19:13.593974,1023,clock_gettime(CLOCK_MONOTONIC, {171, 879134849}) = 0
19:19:13.594894,1023,clock_gettime(CLOCK_MONOTONIC, {171, 879838915}) = 0
19:19:13.595802,1023,clock_gettime(CLOCK_MONOTONIC, {171, 880744622}) = 0
19:19:13.596471,1023,clock_gettime(CLOCK_MONOTONIC, {171, 881412945}) = 0
19:19:13.597136,1023,recvfrom(37, 0xbee6c9a8, 24, 64, 0, 0) = -1 EAGAIN (Try again)
19:19:13.617160,1023,ioctl(9, 0xc0186201, 0xbee6d178) = 0
19:19:13.618270,1023,clock_gettime(CLOCK_MONOTONIC, {171, 903232248}) = 0
19:19:13.618995,1023,clock_gettime(CLOCK_MONOTONIC, {171, 903947465}) = 0
19:19:13.619682,1023,clock_gettime(CLOCK_MONOTONIC, {171, 904633104}) = 0
19:19:13.620358,1023,clock_gettime(CLOCK_MONOTONIC, {171, 905315682}) = 0
19:19:13.621069,1023,clock_gettime(CLOCK_MONOTONIC, {171, 906021537}) = 0
19:19:13.621773,1023,write(29, "W", 1) = 1
19:19:13.622646,1023,ioctl(9, 0xc0186201, 0xbee6cf10) = 0
19:19:13.624366,1023,clock_gettime(CLOCK_MONOTONIC, {171, 909662279}) = 0
19:19:13.628001,1023,clock_gettime(CLOCK_MONOTONIC, {171, 912950240}) = 0
19:19:13.629044,1023,ioctl(9, 0xc0186201, 0xbee6d0c8) = 0
19:19:13.630717,1023,getpid() = 1023
19:19:13.631279,1023,getuid32() = 10050
19:19:13.631880,1023,epoll_wait(0x1e, 0xbee6d1f8, 0x10, 0) = 2
19:19:13.632464,1023,read(23, "WW", 16) = 2
19:19:13.633077,1023,recvfrom(37, "nysv\0\0\0\0¶<a\6(\0\0\0V\6\0\0\224Â'¸", 24, MSG_DONTWAIT, NULL, NULL) = 24
19:19:13.633820,1023,recvfrom(37, 0xbee6c828, 24, 64, 0, 0) = -1 EAGAIN (Try again)
19:19:13.634446,1023,clock_gettime(CLOCK_MONOTONIC, {171, 941021237}) = 0
19:19:13.673879,1023,clock_gettime(CLOCK_MONOTONIC, {171, 958841144}) = 0
19:19:13.674573,1023,clock_gettime(CLOCK_MONOTONIC, {171, 959517723}) = 0
19:19:13.675221,1023,clock_gettime(CLOCK_MONOTONIC, {171, 960169809}) = 0
19:19:13.675894,1023,recvfrom(38, 0xb88738b0, 1240, 64, 0, 0) = -1 EAGAIN (Try again)
19:19:13.676630,1023,clock_gettime(CLOCK_MONOTONIC, {171, 989086642}) = 0
19:19:13.704904,1023,clock_gettime(CLOCK_MONOTONIC, {171, 989866351}) = 0
19:19:13.705586,1023,getpid() = 1023
19:19:13.706139,1023,getuid32() = 10050
19:19:13.706745,1023,epoll_wait(0x1e, 0xbee6d1f8, 0x10, 0) = 0
19:19:13.707337,1023,clock_gettime(CLOCK_MONOTONIC, {171, 992286298}) = 0
19:19:13.707998,1023,ioctl(9, 0xc0186201, 0xbee6d328) = 0
19:19:13.708613,1023,epoll_wait(0x1e, 0xbee6d1f8, 0x10, 0x2) = 0
19:19:13.713284,1023,clock_gettime(CLOCK_MONOTONIC, {171, 998240003}) = 0
19:19:13.714006,1023,clock_gettime(CLOCK_MONOTONIC, {171, 998950220}) = 0
19:19:13.714686,1023,recvfrom(37, 0xbee6c9a8, 24, 64, 0, 0) = -1 EAGAIN (Try again)
19:19:13.715292,1023,ioctl(9, 0xc0186201, 0xbee6d178) = 0
19:19:13.716169,1023,getpid() = 1023
19:19:13.716852,1023,getuid32() = 10050
19:19:13.717450,1023,epoll_wait(0x1e, 0xbee6d1f8, 0x10, 0) = 0
19:19:13.736932,1023,clock_gettime(CLOCK_MONOTONIC, {172, 21882017}) = 0
19:19:13.737614,1023,epoll_wait(0x1e, 0xbee6d1f8, 0x10, 0xffffffff) = 1
19:19:13.738196,1023,recvfrom(37, "nysv\0\0\0\0°\25\32\f(\0\0\0X\6\0\0\224Â'¸", 24, MSG_DONTWAIT, NULL, NULL) = 24
19:19:13.738941,1023,recvfrom(37, 0xbee6c828, 24, 64, 0, 0) = -1 EAGAIN (Try again)
19:19:13.739572,1023,clock_gettime(CLOCK_MONOTONIC, {172, 24513036}) = 0
19:19:13.740233,1023,write(29, "W", 1) = 1
19:19:13.740997,1023,clock_gettime(CLOCK_MONOTONIC, {172, 25940039}) = 0
19:19:13.741687,1023,clock_gettime(CLOCK_MONOTONIC, {172, 26630907}) = 0
19:19:13.742326,1023,clock_gettime(CLOCK_MONOTONIC, {172, 27275039}) = 0
19:19:13.742973,1023,clock_gettime(CLOCK_MONOTONIC, {172, 27914608}) = 0
19:19:13.743874,1023,clock_gettime(CLOCK_MONOTONIC, {172, 28818701}) = 0
19:19:13.744541,1023,clock_gettime(CLOCK_MONOTONIC, {172, 29483245}) = 0
19:19:13.745203,1023,recvfrom(37, 0xbee6c9a8, 24, 64, 0, 0) = -1 EAGAIN (Try again)
19:19:13.745806,1023,ioctl(9, 0xc0186201, 0xbee6d178) = 0
19:19:13.746581,1023,clock_gettime(CLOCK_MONOTONIC, {172, 31526323}) = 0
19:19:13.747249,1023,clock_gettime(CLOCK_MONOTONIC, {172, 32196901}) = 0
19:19:13.747902,1023,clock_gettime(CLOCK_MONOTONIC, {172, 33144850}) = 0
19:19:13.748880,1023,clock_gettime(CLOCK_MONOTONIC, {172, 33832400}) = 0
19:19:13.749587,1023,clock_gettime(CLOCK_MONOTONIC, {172, 34575944}) = 0
19:19:13.750308,1023,write(29, "W", 1) = 1
19:19:13.751279,1023,ioctl(9, 0xc0186201, 0xbee6cf10) = 0
19:19:13.752152,1023,ioctl(9, 0xc0186201, 0xbee6cf10) = 0
19:19:13.753916,1023,clock_gettime(CLOCK_MONOTONIC, {172, 38866489}) = 0
19:19:13.768976,1023,clock_gettime(CLOCK_MONOTONIC, {172, 53965155}) = 0
19:19:13.769750,1023,ioctl(9, 0xc0186201, 0xbee6d0c8) = 0
19:19:13.771339,1023,getpid() = 1023
19:19:13.771937,1023,getuid32() = 10050
19:19:13.772549,1023,epoll_wait(0x1e, 0xbee6d1f8, 0x10, 0) = 2
19:19:13.773155,1023,read(23, "WW", 16) = 2
19:19:13.773801,1023,recvfrom(37, "nysv\0\0\0\0\36\236\236\16(\0\0\0Y\6\0\0\224Â'¸", 24, MSG_DONTWAIT, NULL, NULL) = 24
19:19:13.774641,1023,recvfrom(37, 0xbee6c828, 24, 64, 0, 0) = -1 EAGAIN (Try again)
19:19:13.775273,1023,clock_gettime(CLOCK_MONOTONIC, {172, 60230365}) = 0
19:19:13.787189,1023,clock_gettime(CLOCK_MONOTONIC, {172, 83201576}) = 0
19:19:13.799360,1023,clock_gettime(CLOCK_MONOTONIC, {172, 84333401}) = 0
19:19:13.800065,1023,clock_gettime(CLOCK_MONOTONIC, {172, 85018171}) = 0
19:19:13.800774,1023,recvfrom(38, 0xb88738b0, 1240, 64, 0, 0) = -1 EAGAIN (Try again)
19:19:13.801431,1023,clock_gettime(CLOCK_MONOTONIC, {172, 86382409}) = 0
19:19:13.802104,1023,clock_gettime(CLOCK_MONOTONIC, {172, 87053943}) = 0
19:19:13.802781,1023,getpid() = 1023
19:19:13.803354,1023,getuid32() = 10050
19:19:13.803974,1023,epoll_wait(0x1e, 0xbee6d1f8, 0x10, 0) = 0
19:19:13.804593,1023,clock_gettime(CLOCK_MONOTONIC, {172, 89541669}) = 0
19:19:13.805268,1023,ioctl(9, 0xc0186201, 0xbee6d328) = 0
19:19:13.805903,1023,epoll_wait(0x1e, 0xbee6d1f8, 0x10, 0x21) = 0
19:19:13.842755,1023,clock_gettime(CLOCK_MONOTONIC, {172, 127714743}) = 0
19:19:13.843445,1023,clock_gettime(CLOCK_MONOTONIC, {172, 128388739}) = 0
19:19:13.844116,1023,recvfrom(37, 0xbee6c9a8, 24, 64, 0, 0) = -1 EAGAIN (Try again)
19:19:13.844727,1023,ioctl(9, 0xc0186201, 0xbee6d178) = 0
19:19:13.845579,1023,getpid() = 1023
19:19:13.846255,1023,getuid32() = 10050
19:19:13.846857,1023,epoll_wait(0x1e, 0xbee6d1f8, 0x10, 0) = 0
19:19:13.847440,1023,clock_gettime(CLOCK_MONOTONIC, {172, 132381797}) = 0
19:19:13.848099,1023,epoll_wait(0x1e, 0xbee6d1f8, 0x10, 0xffffffff) = 1
19:19:13.850334,1023,recvfrom(37, "nysv\0\0\0\0\4Gâ\23(\0\0\0[\6\0\0\224Â'¸", 24, MSG_DONTWAIT, NULL, NULL) = 24
19:19:13.851092,1023,recvfrom(37, 0xbee6c828, 24, 64, 0, 0) = -1 EAGAIN (Try again)
19:19:13.851725,1023,clock_gettime(CLOCK_MONOTONIC, {172, 136668141}) = 0
19:19:13.852402,1023,write(29, "W", 1) = 1
19:19:13.853092,1023,clock_gettime(CLOCK_MONOTONIC, {172, 138035544}) = 0
19:19:13.853866,1023,clock_gettime(CLOCK_MONOTONIC, {172, 138895286}) = 0
19:19:13.854678,1023,clock_gettime(CLOCK_MONOTONIC, {172, 139630477}) = 0
19:19:13.855353,1023,clock_gettime(CLOCK_MONOTONIC, {172, 140309215}) = 0
19:19:13.856297,1023,clock_gettime(CLOCK_MONOTONIC, {172, 141254169}) = 0
19:19:13.856995,1023,clock_gettime(CLOCK_MONOTONIC, {172, 141947033}) = 0
19:19:13.857697,1023,recvfrom(37, 0xbee6c9a8, 24, 64, 0, 0) = -1 EAGAIN (Try again)
19:19:13.858325,1023,ioctl(9, 0xc0186201, 0xbee6d178) = 0
19:19:13.859304,1023,clock_gettime(CLOCK_MONOTONIC, {172, 144345866}) = 0
19:19:13.860098,1023,clock_gettime(CLOCK_MONOTONIC, {172, 145050786}) = 0
19:19:13.860783,1023,clock_gettime(CLOCK_MONOTONIC, {172, 145734029}) = 0
19:19:13.861463,1023,clock_gettime(CLOCK_MONOTONIC, {172, 146413890}) = 0
19:19:13.862162,1023,clock_gettime(CLOCK_MONOTONIC, {172, 147113097}) = 0
19:19:13.862865,1023,write(29, "W", 1) = 1
19:19:13.863723,1023,ioctl(9, 0xc0186201, 0xbee6cf10) = 0
19:19:13.864589,1023,ioctl(9, 0xc0186201, 0xbee6cf10) = 0
19:19:13.865981,1023,clock_gettime(CLOCK_MONOTONIC, {172, 150936388}) = 0
19:19:13.869587,1023,clock_gettime(CLOCK_MONOTONIC, {172, 154544416}) = 0
19:19:13.870281,1023,ioctl(9, 0xc0186201, 0xbee6d0c8) = 0
19:19:13.871202,1023,ioctl(9, 0xc0186201, 0xbee6d0c8) = 0
19:19:13.871936,1023,getpid() = 1023
19:19:13.872523,1023,getuid32() = 10050
19:19:13.873139,1023,epoll_wait(0x1e, 0xbee6d1f8, 0x10, 0) = 1
19:19:13.873739,1023,read(23, "WW", 16) = 2
19:19:13.874404,1023,clock_gettime(CLOCK_MONOTONIC, {172, 159354975}) = 0
19:19:13.875084,1023,ioctl(9, 0xc0186201, 0xbee6d328) = 0
19:19:13.875711,1023,epoll_wait(0x1e, 0xbee6d1f8, 0x10, 0x4d) = 1
19:19:13.917219,1023,recvfrom(37, "nysv\0\0\0\0\30wW\24(\0\0\0\\\6\0\0\224Â'¸", 24, MSG_DONTWAIT, NULL, NULL) = 24
19:19:13.918062,1023,recvfrom(37, 0xbee6c828, 24, 64, 0, 0) = -1 EAGAIN (Try again)
19:19:13.918776,1023,clock_gettime(CLOCK_MONOTONIC, {172, 203707404}) = 0
19:19:13.919484,1023,write(29, "W", 1) = 1
19:19:13.920140,1023,clock_gettime(CLOCK_MONOTONIC, {172, 205075907}) = 0
19:19:13.920824,1023,clock_gettime(CLOCK_MONOTONIC, {172, 205759507}) = 0
19:19:13.921498,1023,clock_gettime(CLOCK_MONOTONIC, {172, 206434200}) = 0
19:19:13.922138,1023,recvfrom(38, 0xb88738b0, 1240, 64, 0, 0) = -1 EAGAIN (Try again)
19:19:13.922783,1023,clock_gettime(CLOCK_MONOTONIC, {172, 207718856}) = 0
19:19:13.923444,1023,clock_gettime(CLOCK_MONOTONIC, {172, 208390644}) = 0
19:19:13.924075,1023,getpid() = 1023
19:19:13.924692,1023,getuid32() = 10050
19:19:13.925257,1023,epoll_wait(0x1e, 0xbee6d1f8, 0x10, 0) = 1
19:19:13.925835,1023,read(23, "W", 16) = 1
19:19:13.926473,1023,clock_gettime(CLOCK_MONOTONIC, {172, 211408197}) = 0
19:19:13.927112,1023,epoll_wait(0x1e, 0xbee6d1f8, 0x10, 0x19) = 0
19:19:13.958222,1023,clock_gettime(CLOCK_MONOTONIC, {172, 243209688}) = 0
19:19:13.958899,1023,clock_gettime(CLOCK_MONOTONIC, {172, 243828845}) = 0
19:19:13.959558,1023,recvfrom(37, 0xbee6c9a8, 24, 64, 0, 0) = -1 EAGAIN (Try again)
19:19:13.960120,1023,ioctl(9, 0xc0186201, 0xbee6d178) = 0
19:19:13.960893,1023,getpid() = 1023
19:19:13.961443,1023,getuid32() = 10050
19:19:13.961987,1023,epoll_wait(0x1e, 0xbee6d1f8, 0x10, 0) = 0
19:19:13.962556,1023,clock_gettime(CLOCK_MONOTONIC, {172, 247483057}) = 0
19:19:13.963162,1023,epoll_wait(0x1e, 0xbee6d1f8, 0x10, 0xffffffff) = 1
19:19:13.976891,1023,recvfrom(37, "nysv\0\0\0\0:°ú\32(\0\0\0]\6\0\0\224Â'¸", 24, MSG_DONTWAIT, NULL, NULL) = 24
19:19:13.977654,1023,recvfrom(37, 0xbee6c828, 24, 64, 0, 0) = -1 EAGAIN (Try again)
19:19:13.978239,1023,clock_gettime(CLOCK_MONOTONIC, {172, 263230556}) = 0
19:19:13.978934,1023,write(29, "W", 1) = 1
19:19:13.979589,1023,clock_gettime(CLOCK_MONOTONIC, {172, 264518519}) = 0
19:19:13.980193,1023,clock_gettime(CLOCK_MONOTONIC, {172, 265121727}) = 0
19:19:13.980791,1023,clock_gettime(CLOCK_MONOTONIC, {172, 265873249}) = 0
19:19:13.981599,1023,clock_gettime(CLOCK_MONOTONIC, {172, 266535775}) = 0
19:19:13.982507,1023,clock_gettime(CLOCK_MONOTONIC, {172, 267443605}) = 0
19:19:13.983206,1023,clock_gettime(CLOCK_MONOTONIC, {172, 268166959}) = 0
19:19:13.984063,1023,recvfrom(37, 0xbee6c9a8, 24, 64, 0, 0) = -1 EAGAIN (Try again)
19:19:13.984743,1023,ioctl(9, 0xc0186201, 0xbee6d178) = 0
19:19:13.985614,1023,clock_gettime(CLOCK_MONOTONIC, {172, 270606043}) = 0
19:19:13.986318,1023,clock_gettime(CLOCK_MONOTONIC, {172, 271293234}) = 0
19:19:13.986983,1023,clock_gettime(CLOCK_MONOTONIC, {172, 271919086}) = 0
19:19:13.996740,1023,clock_gettime(CLOCK_MONOTONIC, {172, 283434687}) = 0
19:19:13.999235,1023,clock_gettime(CLOCK_MONOTONIC, {172, 284240073}) = 0
19:19:13.999960,1023,write(29, "W", 1) = 1
19:19:14.000838,1023,ioctl(9, 0xc0186201, 0xbee6cf10) = 0
19:19:14.002553,1023,ioctl(9, 0xc0186201, 0xbee6cf10) = 0
19:19:14.004066,1023,clock_gettime(CLOCK_MONOTONIC, {172, 289060091}) = 0
19:19:14.017345,1023,clock_gettime(CLOCK_MONOTONIC, {172, 302383929}) = 0
19:19:14.018097,1023,ioctl(9, 0xc0186201, 0xbee6d0c8) = 0
19:19:14.019421,1023,getpid() = 1023
19:19:14.019981,1023,getuid32() = 10050
19:19:14.043242,1023,epoll_wait(0x1e, 0xbee6d1f8, 0x10, 0) = 2
19:19:14.043884,1023,read(23, "WW", 16) = 2
19:19:14.044571,1023,recvfrom(37, "nysv\0\0\0\0v@Z\34(\0\0\0^\6\0\0\224Â'¸", 24, MSG_DONTWAIT, NULL, NULL) = 24
19:19:14.045322,1023,recvfrom(37, 0xbee6c828, 24, 64, 0, 0) = -1 EAGAIN (Try again)
19:19:14.046048,1023,clock_gettime(CLOCK_MONOTONIC, {172, 330976650}) = 0
19:19:14.056118,1023,clock_gettime(CLOCK_MONOTONIC, {172, 341049948}) = 0
19:19:14.056792,1023,clock_gettime(CLOCK_MONOTONIC, {172, 341719899}) = 0
19:19:14.057413,1023,clock_gettime(CLOCK_MONOTONIC, {172, 342367075}) = 0
19:19:14.058129,1023,recvfrom(38, 0xb88738b0, 1240, 64, 0, 0) = -1 EAGAIN (Try again)
19:19:14.058766,1023,clock_gettime(CLOCK_MONOTONIC, {172, 343691845}) = 0
19:19:14.059355,1023,clock_gettime(CLOCK_MONOTONIC, {172, 344350524}) = 0
19:19:14.060015,1023,getpid() = 1023
19:19:14.060573,1023,getuid32() = 10050
19:19:14.061195,1023,epoll_wait(0x1e, 0xbee6d1f8, 0x10, 0) = 0
19:19:14.061798,1023,clock_gettime(CLOCK_MONOTONIC, {172, 346730038}) = 0
19:19:14.062489,1023,ioctl(9, 0xc0186201, 0xbee6d328) = 0
19:19:14.063279,1023,epoll_wait(0x1e, 0xbee6d1f8, 0x10, 0x1b) = 0
19:19:14.094591,1023,clock_gettime(CLOCK_MONOTONIC, {172, 379521402}) = 0
19:19:14.095195,1023,clock_gettime(CLOCK_MONOTONIC, {172, 380121978}) = 0
19:19:14.095846,1023,recvfrom(37, 0xbee6c9a8, 24, 64, 0, 0) = -1 EAGAIN (Try again)
19:19:14.096437,1023,ioctl(9, 0xc0186201, 0xbee6d178) = 0
19:19:14.097230,1023,getpid() = 1023
19:19:14.097885,1023,getuid32() = 10050
19:19:14.098498,1023,epoll_wait(0x1e, 0xbee6d1f8, 0x10, 0) = 0
19:19:14.099028,1023,clock_gettime(CLOCK_MONOTONIC, {172, 383953435}) = 0
19:19:14.099671,1023,epoll_wait(0x1e, 0xbee6d1f8, 0x10, 0xffffffff) = 1
19:19:14.101702,1023,recvfrom(37, "nysv\0\0\0\0\230yý\"(\0\0\0`\6\0\0\224Â'¸", 24, MSG_DONTWAIT, NULL, NULL) = 24
19:19:14.102410,1023,recvfrom(37, 0xbee6c828, 24, 64, 0, 0) = -1 EAGAIN (Try again)
19:19:14.103058,1023,clock_gettime(CLOCK_MONOTONIC, {172, 387984479}) = 0
19:19:14.103709,1023,write(29, "W", 1) = 1
19:19:14.104341,1023,clock_gettime(CLOCK_MONOTONIC, {172, 389306843}) = 0
19:19:14.104978,1023,clock_gettime(CLOCK_MONOTONIC, {172, 389904673}) = 0
19:19:14.105603,1023,clock_gettime(CLOCK_MONOTONIC, {172, 390529986}) = 0
19:19:14.106193,1023,clock_gettime(CLOCK_MONOTONIC, {172, 391118157}) = 0
19:19:14.123907,1023,clock_gettime(CLOCK_MONOTONIC, {172, 408840058}) = 0
19:19:14.124698,1023,clock_gettime(CLOCK_MONOTONIC, {172, 409628553}) = 0
19:19:14.125462,1023,recvfrom(37, 0xbee6c9a8, 24, 64, 0, 0) = -1 EAGAIN (Try again)
19:19:14.126020,1023,ioctl(9, 0xc0186201, 0xbee6d178) = 0
19:19:14.162685,1023,clock_gettime(CLOCK_MONOTONIC, {172, 447739452}) = 0
19:19:14.163564,1023,clock_gettime(CLOCK_MONOTONIC, {172, 448504025}) = 0
19:19:14.164197,1023,clock_gettime(CLOCK_MONOTONIC, {172, 449156337}) = 0
19:19:14.164859,1023,clock_gettime(CLOCK_MONOTONIC, {172, 449794285}) = 0
19:19:14.165549,1023,clock_gettime(CLOCK_MONOTONIC, {172, 450483101}) = 0
19:19:14.166252,1023,write(29, "W", 1) = 1
19:19:14.184754,1023,ioctl(9, 0xc0186201, 0xbee6cf10) = 0
19:19:14.186344,1023,ioctl(9, 0xc0186201, 0xbee6cf10) = 0
19:19:14.188172,1023,clock_gettime(CLOCK_MONOTONIC, {172, 473107982}) = 0
19:19:14.200670,1023,clock_gettime(CLOCK_MONOTONIC, {172, 485629554}) = 0
19:19:14.201324,1023,ioctl(9, 0xc0186201, 0xbee6d0c8) = 0
19:19:14.202529,1023,getpid() = 1023
19:19:14.204713,1023,getuid32() = 10050
19:19:14.228485,1023,epoll_wait(0x1e, 0xbee6d1f8, 0x10, 0) = 2
19:19:14.229138,1023,read(23, "WW", 16) = 2
19:19:14.229774,1023,recvfrom(37, "nysv\0\0\0\0Þ¡\227$(\0\0\0a\6\0\0\224Â'¸", 24, MSG_DONTWAIT, NULL, NULL) = 24
19:19:14.230522,1023,recvfrom(37, 0xbee6c828, 24, 64, 0, 0) = -1 EAGAIN (Try again)
19:19:14.231127,1023,clock_gettime(CLOCK_MONOTONIC, {172, 516062683}) = 0
19:19:14.231865,1023,clock_gettime(CLOCK_MONOTONIC, {172, 516846111}) = 0
19:19:14.232578,1023,clock_gettime(CLOCK_MONOTONIC, {172, 517513453}) = 0
19:19:14.233255,1023,clock_gettime(CLOCK_MONOTONIC, {172, 518225978}) = 0
19:19:14.233929,1023,recvfrom(38, 0xb88738b0, 1240, 64, 0, 0) = -1 EAGAIN (Try again)
19:19:14.234614,1023,clock_gettime(CLOCK_MONOTONIC, {172, 519548430}) = 0
19:19:14.235231,1023,clock_gettime(CLOCK_MONOTONIC, {172, 520202224}) = 0
19:19:14.235886,1023,getpid() = 1023
19:19:14.236508,1023,getuid32() = 10050
19:19:14.237125,1023,epoll_wait(0x1e, 0xbee6d1f8, 0x10, 0) = 0
19:19:14.237722,1023,clock_gettime(CLOCK_MONOTONIC, {172, 522657252}) = 0
19:19:14.238347,1023,ioctl(9, 0xc0186201, 0xbee6d328) = 0
19:19:14.238969,1023,epoll_wait(0x1e, 0xbee6d1f8, 0x10, 0x10) = 0
19:19:14.266957,1023,clock_gettime(CLOCK_MONOTONIC, {172, 551915586}) = 0
19:19:14.267678,1023,clock_gettime(CLOCK_MONOTONIC, {172, 552608532}) = 0
19:19:14.268297,1023,recvfrom(37, 0xbee6c9a8, 24, 64, 0, 0) = -1 EAGAIN (Try again)
19:19:14.269052,1023,ioctl(9, 0xc0186201, 0xbee6d178) = 0
19:19:14.270268,1023,getpid() = 1023
19:19:14.270908,1023,getuid32() = 10050
19:19:14.271926,1023,epoll_wait(0x1e, 0xbee6d1f8, 0x10, 0) = 1
19:19:14.272543,1023,recvfrom(37, "nysv\0\0\0\0P\233\17-(\0\0\0c\6\0\0\224Â'¸", 24, MSG_DONTWAIT, NULL, NULL) = 24
19:19:14.273260,1023,recvfrom(37, 0xbee6c828, 24, 64, 0, 0) = -1 EAGAIN (Try again)
19:19:14.273944,1023,clock_gettime(CLOCK_MONOTONIC, {172, 558871898}) = 0
19:19:14.274983,1023,clock_gettime(CLOCK_MONOTONIC, {172, 559930467}) = 0
19:19:14.275686,1023,clock_gettime(CLOCK_MONOTONIC, {172, 560616946}) = 0
19:19:14.276408,1023,clock_gettime(CLOCK_MONOTONIC, {172, 561364392}) = 0
19:19:14.277028,1023,clock_gettime(CLOCK_MONOTONIC, {172, 561955923}) = 0
19:19:14.277915,1023,clock_gettime(CLOCK_MONOTONIC, {172, 562902150}) = 0
19:19:14.279236,1023,clock_gettime(CLOCK_MONOTONIC, {172, 564244087}) = 0
19:19:14.280073,1023,recvfrom(37, 0xbee6c9a8, 24, 64, 0, 0) = -1 EAGAIN (Try again)
19:19:14.280759,1023,ioctl(9, 0xc0186201, 0xbee6d178) = 0
19:19:14.281752,1023,clock_gettime(CLOCK_MONOTONIC, {172, 566938132}) = 0
19:19:14.282692,1023,clock_gettime(CLOCK_MONOTONIC, {172, 567746095}) = 0
19:19:14.283541,1023,clock_gettime(CLOCK_MONOTONIC, {172, 568471046}) = 0
19:19:14.284199,1023,clock_gettime(CLOCK_MONOTONIC, {172, 569149847}) = 0
19:19:14.284856,1023,clock_gettime(CLOCK_MONOTONIC, {172, 569783779}) = 0
19:19:14.285511,1023,write(29, "W", 1) = 1
19:19:14.286344,1023,ioctl(9, 0xc0186201, 0xbee6cf10) = 0
19:19:14.288075,1023,clock_gettime(CLOCK_MONOTONIC, {172, 573008245}) = 0
19:19:14.291546,1023,clock_gettime(CLOCK_MONOTONIC, {172, 576479604}) = 0
19:19:14.292216,1023,ioctl(9, 0xc0186201, 0xbee6d0c8) = 0
19:19:14.293261,1023,getpid() = 1023
19:19:14.293812,1023,getuid32() = 10050
19:19:14.294354,1023,epoll_wait(0x1e, 0xbee6d1f8, 0x10, 0) = 2
19:19:14.294923,1023,read(23, "W", 16) = 1
19:19:14.295583,1023,recvfrom(37, "nysv\0\0\0\0nc¿-(\0\0\0d\6\0\0\224Â'¸", 24, MSG_DONTWAIT, NULL, NULL) = 24
19:19:14.296257,1023,recvfrom(37, 0xbee6c828, 24, 64, 0, 0) = -1 EAGAIN (Try again)
19:19:14.296862,1023,clock_gettime(CLOCK_MONOTONIC, {172, 581788159}) = 0
19:19:14.297547,1023,clock_gettime(CLOCK_MONOTONIC, {172, 582473923}) = 0
19:19:14.298144,1023,clock_gettime(CLOCK_MONOTONIC, {172, 583071753}) = 0
19:19:14.328737,1023,clock_gettime(CLOCK_MONOTONIC, {172, 613965239}) = 0
19:19:14.329781,1023,recvfrom(38, 0xb88738b0, 1240, 64, 0, 0) = -1 EAGAIN (Try again)
19:19:14.330482,1023,clock_gettime(CLOCK_MONOTONIC, {172, 615411149}) = 0
19:19:14.331104,1023,clock_gettime(CLOCK_MONOTONIC, {172, 616033043}) = 0
19:19:14.331759,1023,getpid() = 1023
19:19:14.332325,1023,getuid32() = 10050
19:19:14.332924,1023,epoll_wait(0x1e, 0xbee6d1f8, 0x10, 0) = 0
19:19:14.333577,1023,clock_gettime(CLOCK_MONOTONIC, {172, 618504408}) = 0
19:19:14.334176,1023,ioctl(9, 0xc0186201, 0xbee6d328) = 0
19:19:14.334785,1023,epoll_wait(0x1e, 0xbee6d1f8, 0x10, 0x28) = 0
19:19:14.393661,1023,clock_gettime(CLOCK_MONOTONIC, {172, 678637430}) = 0
19:19:14.394391,1023,clock_gettime(CLOCK_MONOTONIC, {172, 679347643}) = 0
19:19:14.395073,1023,recvfrom(37, 0xbee6c9a8, 24, 64, 0, 0) = -1 EAGAIN (Try again)
19:19:14.395714,1023,ioctl(9, 0xc0186201, 0xbee6d178) = 0
19:19:14.427295,1023,getpid() = 1023
19:19:14.427940,1023,getuid32() = 10050
19:19:14.428566,1023,epoll_wait(0x1e, 0xbee6d1f8, 0x10, 0) = 1
19:19:14.429130,1023,recvfrom(37, "nysv\0\0\0\0\2324\2354(\0\0\0f\6\0\0\224Â'¸", 24, MSG_DONTWAIT, NULL, NULL) = 24
19:19:14.429883,1023,recvfrom(37, 0xbee6c828, 24, 64, 0, 0) = -1 EAGAIN (Try again)
19:19:14.430586,1023,clock_gettime(CLOCK_MONOTONIC, {172, 715522619}) = 0
19:19:14.431338,1023,clock_gettime(CLOCK_MONOTONIC, {172, 716310861}) = 0
19:19:14.432001,1023,clock_gettime(CLOCK_MONOTONIC, {172, 716937293}) = 0
19:19:14.432656,1023,clock_gettime(CLOCK_MONOTONIC, {172, 717590104}) = 0
19:19:14.433272,1023,clock_gettime(CLOCK_MONOTONIC, {172, 718244611}) = 0
19:19:14.435196,1023,clock_gettime(CLOCK_MONOTONIC, {172, 720164214}) = 0
19:19:14.435874,1023,clock_gettime(CLOCK_MONOTONIC, {172, 720804101}) = 0
19:19:14.436550,1023,recvfrom(37, 0xbee6c9a8, 24, 64, 0, 0) = -1 EAGAIN (Try again)
19:19:14.437107,1023,ioctl(9, 0xc0186201, 0xbee6d178) = 0
19:19:14.438107,1023,clock_gettime(CLOCK_MONOTONIC, {172, 723036167}) = 0
19:19:14.438771,1023,clock_gettime(CLOCK_MONOTONIC, {172, 723729863}) = 0
19:19:14.440096,1023,clock_gettime(CLOCK_MONOTONIC, {172, 725029551}) = 0
19:19:14.440779,1023,clock_gettime(CLOCK_MONOTONIC, {172, 725708968}) = 0
19:19:14.441445,1023,clock_gettime(CLOCK_MONOTONIC, {172, 726386087}) = 0
19:19:14.442076,1023,write(29, "W", 1) = 1
19:19:14.442890,1023,ioctl(9, 0xc0186201, 0xbee6cf10) = 0
19:19:14.444610,1023,clock_gettime(CLOCK_MONOTONIC, {172, 729542989}) = 0
19:19:14.448760,1023,clock_gettime(CLOCK_MONOTONIC, {172, 733704033}) = 0
19:19:14.449412,1023,ioctl(9, 0xc0186201, 0xbee6d0c8) = 0
19:19:14.450547,1023,getpid() = 1023
19:19:14.451059,1023,getuid32() = 10050
19:19:14.451658,1023,epoll_wait(0x1e, 0xbee6d1f8, 0x10, 0) = 2
19:19:14.452189,1023,read(23, "W", 16) = 1
19:19:14.479317,1023,recvfrom(37, "nysv\0\0\0\0\10½!7(\0\0\0g\6\0\0\224Â'¸", 24, MSG_DONTWAIT, NULL, NULL) = 24
19:19:14.480098,1023,recvfrom(37, 0xbee6c828, 24, 64, 0, 0) = -1 EAGAIN (Try again)
19:19:14.481202,1023,clock_gettime(CLOCK_MONOTONIC, {172, 766191981}) = 0
19:19:14.482687,1023,clock_gettime(CLOCK_MONOTONIC, {172, 767636617}) = 0
19:19:14.483351,1023,clock_gettime(CLOCK_MONOTONIC, {172, 768355583}) = 0
19:19:14.484092,1023,clock_gettime(CLOCK_MONOTONIC, {172, 769038498}) = 0
19:19:14.484824,1023,recvfrom(38, 0xb88738b0, 1240, 64, 0, 0) = -1 EAGAIN (Try again)
19:19:14.485487,1023,clock_gettime(CLOCK_MONOTONIC, {172, 770427525}) = 0
19:19:14.486136,1023,clock_gettime(CLOCK_MONOTONIC, {172, 771080862}) = 0
19:19:14.499749,1023,getpid() = 1023
19:19:14.500302,1023,getuid32() = 10050
19:19:14.501063,1023,epoll_wait(0x1e, 0xbee6d1f8, 0x10, 0) = 0
19:19:14.501876,1023,clock_gettime(CLOCK_MONOTONIC, {172, 786820379}) = 0
19:19:14.502855,1023,ioctl(9, 0xc0186201, 0xbee6d328) = 0
19:19:14.503490,1023,epoll_wait(0x1e, 0xbee6d1f8, 0x10, 0x1b) = 0
19:19:14.532345,1023,clock_gettime(CLOCK_MONOTONIC, {172, 817344580}) = 0
19:19:14.533028,1023,clock_gettime(CLOCK_MONOTONIC, {172, 817957941}) = 0
19:19:14.533703,1023,recvfrom(37, 0xbee6c9a8, 24, 64, 0, 0) = -1 EAGAIN (Try again)
19:19:14.534322,1023,ioctl(9, 0xc0186201, 0xbee6d178) = 0
19:19:14.535508,1023,getpid() = 1023
19:19:14.536745,1023,getuid32() = 10050
19:19:14.546756,1023,epoll_wait(0x1e, 0xbee6d1f8, 0x10, 0) = 1
19:19:14.547305,1023,recvfrom(37, "nysv\0\0\0\0\f.\25=(\0\0\0i\6\0\0\224Â'¸", 24, MSG_DONTWAIT, NULL, NULL) = 24
19:19:14.548045,1023,recvfrom(37, 0xbee6c828, 24, 64, 0, 0) = -1 EAGAIN (Try again)
19:19:14.549229,1023,clock_gettime(CLOCK_MONOTONIC, {172, 834279778}) = 0
19:19:14.550040,1023,clock_gettime(CLOCK_MONOTONIC, {172, 834977366}) = 0
19:19:14.550915,1023,clock_gettime(CLOCK_MONOTONIC, {172, 835902437}) = 0
19:19:14.551653,1023,clock_gettime(CLOCK_MONOTONIC, {172, 836581726}) = 0
19:19:14.552245,1023,clock_gettime(CLOCK_MONOTONIC, {172, 837229562}) = 0
19:19:14.553193,1023,clock_gettime(CLOCK_MONOTONIC, {172, 838220123}) = 0
19:19:14.553904,1023,clock_gettime(CLOCK_MONOTONIC, {172, 838891612}) = 0
19:19:14.554651,1023,recvfrom(37, 0xbee6c9a8, 24, 64, 0, 0) = -1 EAGAIN (Try again)
19:19:14.555205,1023,ioctl(9, 0xc0186201, 0xbee6d178) = 0
19:19:14.556030,1023,clock_gettime(CLOCK_MONOTONIC, {172, 841015827}) = 0
19:19:14.556790,1023,clock_gettime(CLOCK_MONOTONIC, {172, 841720032}) = 0
19:19:14.557415,1023,clock_gettime(CLOCK_MONOTONIC, {172, 842355875}) = 0
19:19:14.558068,1023,clock_gettime(CLOCK_MONOTONIC, {172, 842995802}) = 0
19:19:14.558723,1023,clock_gettime(CLOCK_MONOTONIC, {172, 843649999}) = 0
19:19:14.559357,1023,write(29, "W", 1) = 1
19:19:14.583825,1023,ioctl(9, 0xc0186201, 0xbee6cf10) = 0
19:19:14.585659,1023,clock_gettime(CLOCK_MONOTONIC, {172, 870607440}) = 0
19:19:14.589250,1023,clock_gettime(CLOCK_MONOTONIC, {172, 874236315}) = 0
19:19:14.589939,1023,ioctl(9, 0xc0186201, 0xbee6d0c8) = 0
19:19:14.591070,1023,getpid() = 1023
19:19:14.591653,1023,getuid32() = 10050
19:19:14.592228,1023,epoll_wait(0x1e, 0xbee6d1f8, 0x10, 0) = 2
19:19:14.592831,1023,read(23, "W", 16) = 1
19:19:14.593431,1023,recvfrom(37, "nysv\0\0\0\0>&:>(\0\0\0j\6\0\0\224Â'¸", 24, MSG_DONTWAIT, NULL, NULL) = 24
19:19:14.594146,1023,recvfrom(37, 0xbee6c828, 24, 64, 0, 0) = -1 EAGAIN (Try again)
19:19:14.594752,1023,clock_gettime(CLOCK_MONOTONIC, {172, 879688816}) = 0
19:19:14.595447,1023,clock_gettime(CLOCK_MONOTONIC, {172, 880383770}) = 0
19:19:14.596079,1023,clock_gettime(CLOCK_MONOTONIC, {172, 881014873}) = 0
19:19:14.596708,1023,clock_gettime(CLOCK_MONOTONIC, {172, 881635167}) = 0
19:19:14.597318,1023,recvfrom(38, 0xb88738b0, 1240, 64, 0, 0) = -1 EAGAIN (Try again)
19:19:14.597917,1023,clock_gettime(CLOCK_MONOTONIC, {172, 882844623}) = 0
19:19:14.598547,1023,clock_gettime(CLOCK_MONOTONIC, {172, 883473042}) = 0
19:19:14.599135,1023,getpid() = 1023
19:19:14.599675,1023,getuid32() = 10050
19:19:14.621916,1023,epoll_wait(0x1e, 0xbee6d1f8, 0x10, 0) = 0
19:19:14.622601,1023,clock_gettime(CLOCK_MONOTONIC, {172, 907536050}) = 0
19:19:14.623232,1023,ioctl(9, 0xc0186201, 0xbee6d328) = 0
19:19:14.623842,1023,epoll_wait(0x1e, 0xbee6d1f8, 0x10, 0x18) = 0
19:19:14.648705,1023,clock_gettime(CLOCK_MONOTONIC, {172, 933644985}) = 0
19:19:14.649426,1023,clock_gettime(CLOCK_MONOTONIC, {172, 934355697}) = 0
19:19:14.650106,1023,recvfrom(37, 0xbee6c9a8, 24, 64, 0, 0) = -1 EAGAIN (Try again)
19:19:14.650704,1023,ioctl(9, 0xc0186201, 0xbee6d178) = 0
19:19:14.651766,1023,getpid() = 1023
19:19:14.652485,1023,getuid32() = 10050
19:19:14.653067,1023,epoll_wait(0x1e, 0xbee6d1f8, 0x10, 0) = 0
19:19:14.653685,1023,clock_gettime(CLOCK_MONOTONIC, {172, 938621589}) = 0
19:19:14.654327,1023,epoll_wait(0x1e, 0xbee6d1f8, 0x10, 0xffffffff) = 1
19:19:14.668857,1023,recvfrom(37, "nysv\0\0\0\0008ÿòC(\0\0\0l\6\0\0\224Â'¸", 24, MSG_DONTWAIT, NULL, NULL) = 24
19:19:14.669696,1023,recvfrom(37, 0xbee6c828, 24, 64, 0, 0) = -1 EAGAIN (Try again)
19:19:14.670283,1023,clock_gettime(CLOCK_MONOTONIC, {172, 955270975}) = 0
19:19:14.671068,1023,write(29, "W", 1) = 1
19:19:14.671970,1023,clock_gettime(CLOCK_MONOTONIC, {172, 956937123}) = 0
19:19:14.672669,1023,clock_gettime(CLOCK_MONOTONIC, {172, 957605030}) = 0
19:19:14.673289,1023,clock_gettime(CLOCK_MONOTONIC, {172, 958262392}) = 0
19:19:14.674002,1023,clock_gettime(CLOCK_MONOTONIC, {172, 958966273}) = 0
19:19:14.674939,1023,clock_gettime(CLOCK_MONOTONIC, {172, 959874934}) = 0
19:19:14.675615,1023,clock_gettime(CLOCK_MONOTONIC, {172, 960550206}) = 0
19:19:14.676257,1023,recvfrom(37, 0xbee6c9a8, 24, 64, 0, 0) = -1 EAGAIN (Try again)
19:19:14.676876,1023,ioctl(9, 0xc0186201, 0xbee6d178) = 0
19:19:14.677736,1023,clock_gettime(CLOCK_MONOTONIC, {172, 962724216}) = 0
19:19:14.678472,1023,clock_gettime(CLOCK_MONOTONIC, {172, 963409268}) = 0
19:19:14.679098,1023,clock_gettime(CLOCK_MONOTONIC, {172, 964034000}) = 0
19:19:14.679758,1023,clock_gettime(CLOCK_MONOTONIC, {172, 964691497}) = 0
19:19:14.680472,1023,clock_gettime(CLOCK_MONOTONIC, {172, 965408396}) = 0
19:19:14.681114,1023,write(29, "W", 1) = 1
19:19:14.681973,1023,ioctl(9, 0xc0186201, 0xbee6cf10) = 0
19:19:14.682824,1023,ioctl(9, 0xc0186201, 0xbee6cf10) = 0
19:19:14.684181,1023,clock_gettime(CLOCK_MONOTONIC, {172, 969146952}) = 0
19:19:14.687766,1023,clock_gettime(CLOCK_MONOTONIC, {172, 972709032}) = 0
19:19:14.688445,1023,ioctl(9, 0xc0186201, 0xbee6d0c8) = 0
19:19:14.689290,1023,ioctl(9, 0xc0186201, 0xbee6d0c8) = 0
19:19:14.690001,1023,getpid() = 1023
19:19:14.690571,1023,getuid32() = 10050
19:19:14.691141,1023,epoll_wait(0x1e, 0xbee6d1f8, 0x10, 0) = 1
19:19:14.691727,1023,read(23, "WW", 16) = 2
19:19:14.692334,1023,clock_gettime(CLOCK_MONOTONIC, {172, 977306095}) = 0
19:19:14.692997,1023,ioctl(9, 0xc0186201, 0xbee6d328) = 0
19:19:14.693642,1023,epoll_wait(0x1e, 0xbee6d1f8, 0x10, 0x4c) = 1
19:19:14.712697,1023,recvfrom(37, "nysv\0\0\0\0j÷\27E(\0\0\0m\6\0\0\224Â'¸", 24, MSG_DONTWAIT, NULL, NULL) = 24
19:19:14.713527,1023,recvfrom(37, 0xbee6c828, 24, 64, 0, 0) = -1 EAGAIN (Try again)
19:19:14.714115,1023,clock_gettime(CLOCK_MONOTONIC, {172, 999044698}) = 0
19:19:14.714790,1023,write(29, "W", 1) = 1
19:19:14.715536,1023,clock_gettime(CLOCK_MONOTONIC, {173, 465120}) = 0
19:19:14.716193,1023,clock_gettime(CLOCK_MONOTONIC, {173, 1146111}) = 0
19:19:14.716819,1023,clock_gettime(CLOCK_MONOTONIC, {173, 1746735}) = 0
19:19:14.717464,1023,recvfrom(38, 0xb88738b0, 1240, 64, 0, 0) = -1 EAGAIN (Try again)
19:19:14.718073,1023,clock_gettime(CLOCK_MONOTONIC, {173, 3001119}) = 0
19:19:14.718700,1023,clock_gettime(CLOCK_MONOTONIC, {173, 3626127}) = 0
19:19:14.719287,1023,getpid() = 1023
19:19:14.719831,1023,getuid32() = 10050
19:19:14.720395,1023,epoll_wait(0x1e, 0xbee6d1f8, 0x10, 0) = 1
19:19:14.720936,1023,read(23, "W", 16) = 1
19:19:14.721548,1023,clock_gettime(CLOCK_MONOTONIC, {173, 6474951}) = 0
19:19:14.722154,1023,epoll_wait(0x1e, 0xbee6d1f8, 0x10, 0x2f) = 0
19:19:14.769971,1023,clock_gettime(CLOCK_MONOTONIC, {173, 54917443}) = 0
19:19:14.770723,1023,clock_gettime(CLOCK_MONOTONIC, {173, 55654152}) = 0
19:19:14.771344,1023,recvfrom(37, 0xbee6c9a8, 24, 64, 0, 0) = -1 EAGAIN (Try again)
19:19:14.771964,1023,ioctl(9, 0xc0186201, 0xbee6d178) = 0
19:19:14.772813,1023,getpid() = 1023
19:19:14.773490,1023,getuid32() = 10050
19:19:14.774100,1023,epoll_wait(0x1e, 0xbee6d1f8, 0x10, 0) = 0
19:19:14.774770,1023,clock_gettime(CLOCK_MONOTONIC, {173, 59699828}) = 0
19:19:14.775513,1023,epoll_wait(0x1e, 0xbee6d1f8, 0x10, 0xffffffff) = 1
19:19:14.778099,1023,recvfrom(37, "nysv\0\0\0\0x\0FK(\0\0\0n\6\0\0\224Â'¸", 24, MSG_DONTWAIT, NULL, NULL) = 24
19:19:14.778883,1023,recvfrom(37, 0xbee6c828, 24, 64, 0, 0) = -1 EAGAIN (Try again)
19:19:14.779633,1023,clock_gettime(CLOCK_MONOTONIC, {173, 64561549}) = 0
19:19:14.780326,1023,write(29, "W", 1) = 1
19:19:14.781182,1023,clock_gettime(CLOCK_MONOTONIC, {173, 66111616}) = 0
19:19:14.782599,1023,clock_gettime(CLOCK_MONOTONIC, {173, 67584362}) = 0
19:19:14.783251,1023,clock_gettime(CLOCK_MONOTONIC, {173, 68284267}) = 0
19:19:14.783949,1023,clock_gettime(CLOCK_MONOTONIC, {173, 68877220}) = 0
19:19:14.784862,1023,clock_gettime(CLOCK_MONOTONIC, {173, 69857645}) = 0
19:19:14.785629,1023,clock_gettime(CLOCK_MONOTONIC, {173, 70564073}) = 0
19:19:14.786266,1023,recvfrom(37, 0xbee6c9a8, 24, 64, 0, 0) = -1 EAGAIN (Try again)
19:19:14.786972,1023,ioctl(9, 0xc0186201, 0xbee6d178) = 0
19:19:14.787872,1023,clock_gettime(CLOCK_MONOTONIC, {173, 72859049}) = 0
19:19:14.788622,1023,clock_gettime(CLOCK_MONOTONIC, {173, 73577068}) = 0
19:19:14.795646,1023,clock_gettime(CLOCK_MONOTONIC, {173, 80606556}) = 0
19:19:14.796301,1023,clock_gettime(CLOCK_MONOTONIC, {173, 81304306}) = 0
19:19:14.797027,1023,clock_gettime(CLOCK_MONOTONIC, {173, 81964693}) = 0
19:19:14.797720,1023,write(29, "W", 1) = 1
19:19:14.799051,1023,ioctl(9, 0xc0186201, 0xbee6cf10) = 0
19:19:14.800109,1023,ioctl(9, 0xc0186201, 0xbee6cf10) = 0
19:19:14.801533,1023,clock_gettime(CLOCK_MONOTONIC, {173, 86476083}) = 0
19:19:14.804210,1023,clock_gettime(CLOCK_MONOTONIC, {173, 89197010}) = 0
19:19:14.804944,1023,ioctl(9, 0xc0186201, 0xbee6d0c8) = 0
19:19:14.805925,1023,ioctl(9, 0xc0186201, 0xbee6d0c8) = 0
19:19:14.818070,1023,getpid() = 1023
19:19:14.818650,1023,getuid32() = 10050
19:19:14.819200,1023,epoll_wait(0x1e, 0xbee6d1f8, 0x10, 0) = 2
19:19:14.819773,1023,read(23, "WW", 16) = 2
19:19:14.820440,1023,recvfrom(37, "nysv\0\0\0\0\2140»K(\0\0\0o\6\0\0\224Â'¸", 24, MSG_DONTWAIT, NULL, NULL) = 24
19:19:14.821593,1023,recvfrom(37, 0xbee6c828, 24, 64, 0, 0) = -1 EAGAIN (Try again)
19:19:14.839231,1023,clock_gettime(CLOCK_MONOTONIC, {173, 124354473}) = 0
19:19:14.840171,1023,clock_gettime(CLOCK_MONOTONIC, {173, 125102615}) = 0
19:19:14.840836,1023,clock_gettime(CLOCK_MONOTONIC, {173, 125764894}) = 0
19:19:14.841507,1023,clock_gettime(CLOCK_MONOTONIC, {173, 126435176}) = 0
19:19:14.842119,1023,recvfrom(38, 0xb88738b0, 1240, 64, 0, 0) = -1 EAGAIN (Try again)
19:19:14.842742,1023,clock_gettime(CLOCK_MONOTONIC, {173, 127669402}) = 0
19:19:14.843332,1023,clock_gettime(CLOCK_MONOTONIC, {173, 128297229}) = 0
19:19:14.843961,1023,getpid() = 1023
19:19:14.844564,1023,getuid32() = 10050
19:19:14.845105,1023,epoll_wait(0x1e, 0xbee6d1f8, 0x10, 0) = 0
19:19:14.859432,1023,clock_gettime(CLOCK_MONOTONIC, {173, 144584281}) = 0
19:19:14.860299,1023,ioctl(9, 0xc0186201, 0xbee6d328) = 0
19:19:14.860971,1023,epoll_wait(0x1e, 0xbee6d1f8, 0x10, 0x14) = 0
19:19:14.882325,1023,clock_gettime(CLOCK_MONOTONIC, {173, 167320740}) = 0
19:19:14.883028,1023,clock_gettime(CLOCK_MONOTONIC, {173, 167964675}) = 0
19:19:14.883712,1023,recvfrom(37, 0xbee6c9a8, 24, 64, 0, 0) = -1 EAGAIN (Try again)
19:19:14.884294,1023,ioctl(9, 0xc0186201, 0xbee6d178) = 0
19:19:14.885451,1023,getpid() = 1023
19:19:14.886105,1023,getuid32() = 10050
19:19:14.886684,1023,epoll_wait(0x1e, 0xbee6d1f8, 0x10, 0) = 0
19:19:14.887240,1023,clock_gettime(CLOCK_MONOTONIC, {173, 172179427}) = 0
19:19:14.887878,1023,epoll_wait(0x1e, 0xbee6d1f8, 0x10, 0xffffffff) = 1
19:19:14.903618,1023,recvfrom(37, "nysv\0\0\0\0\2329éQ(\0\0\0q\6\0\0\224Â'¸", 24, MSG_DONTWAIT, NULL, NULL) = 24
19:19:14.904335,1023,recvfrom(37, 0xbee6c828, 24, 64, 0, 0) = -1 EAGAIN (Try again)
19:19:14.905012,1023,clock_gettime(CLOCK_MONOTONIC, {173, 189947868}) = 0
19:19:14.905719,1023,write(29, "W", 1) = 1
19:19:14.906511,1023,clock_gettime(CLOCK_MONOTONIC, {173, 191447852}) = 0
19:19:14.907139,1023,clock_gettime(CLOCK_MONOTONIC, {173, 192075157}) = 0
19:19:14.907794,1023,clock_gettime(CLOCK_MONOTONIC, {173, 192759911}) = 0
19:19:14.908506,1023,clock_gettime(CLOCK_MONOTONIC, {173, 193441646}) = 0
19:19:14.909467,1023,clock_gettime(CLOCK_MONOTONIC, {173, 194404764}) = 0
19:19:14.910103,1023,clock_gettime(CLOCK_MONOTONIC, {173, 195039052}) = 0
19:19:14.910780,1023,recvfrom(37, 0xbee6c9a8, 24, 64, 0, 0) = -1 EAGAIN (Try again)
19:19:14.911451,1023,ioctl(9, 0xc0186201, 0xbee6d178) = 0
19:19:14.912292,1023,clock_gettime(CLOCK_MONOTONIC, {173, 197382351}) = 0
19:19:14.913191,1023,clock_gettime(CLOCK_MONOTONIC, {173, 198173820}) = 0
19:19:14.913914,1023,clock_gettime(CLOCK_MONOTONIC, {173, 198864161}) = 0
19:19:14.914595,1023,clock_gettime(CLOCK_MONOTONIC, {173, 199545172}) = 0
19:19:14.915295,1023,clock_gettime(CLOCK_MONOTONIC, {173, 200251301}) = 0
19:19:14.915997,1023,write(29, "W", 1) = 1
19:19:14.916885,1023,ioctl(9, 0xc0186201, 0xbee6cf10) = 0
19:19:14.917757,1023,ioctl(9, 0xc0186201, 0xbee6cf10) = 0
19:19:14.919151,1023,clock_gettime(CLOCK_MONOTONIC, {173, 204108075}) = 0
19:19:14.924858,1023,clock_gettime(CLOCK_MONOTONIC, {173, 209842207}) = 0
19:19:14.925596,1023,ioctl(9, 0xc0186201, 0xbee6d0c8) = 0
19:19:14.926729,1023,getpid() = 1023
19:19:14.927311,1023,getuid32() = 10050
19:19:14.927933,1023,epoll_wait(0x1e, 0xbee6d1f8, 0x10, 0) = 2
19:19:14.928542,1023,read(23, "WW", 16) = 2
19:19:14.929182,1023,recvfrom(37, "nysv\0\0\0\0Â\231ÓR(\0\0\0r\6\0\0\224Â'¸", 24, MSG_DONTWAIT, NULL, NULL) = 24
19:19:14.929955,1023,recvfrom(37, 0xbee6c828, 24, 64, 0, 0) = -1 EAGAIN (Try again)
19:19:14.930604,1023,clock_gettime(CLOCK_MONOTONIC, {173, 215554451}) = 0
19:19:14.931336,1023,clock_gettime(CLOCK_MONOTONIC, {173, 216292836}) = 0
19:19:14.932020,1023,clock_gettime(CLOCK_MONOTONIC, {173, 216972342}) = 0
19:19:14.932692,1023,clock_gettime(CLOCK_MONOTONIC, {173, 217643629}) = 0
19:19:14.933388,1023,recvfrom(38, 0xb88738b0, 1240, 64, 0, 0) = -1 EAGAIN (Try again)
19:19:14.934023,1023,clock_gettime(CLOCK_MONOTONIC, {173, 218971910}) = 0
19:19:14.934698,1023,clock_gettime(CLOCK_MONOTONIC, {173, 219648292}) = 0
19:19:14.935373,1023,getpid() = 1023
19:19:14.935946,1023,getuid32() = 10050
19:19:14.936560,1023,epoll_wait(0x1e, 0xbee6d1f8, 0x10, 0) = 0
19:19:14.937167,1023,clock_gettime(CLOCK_MONOTONIC, {173, 222122100}) = 0
19:19:14.937848,1023,ioctl(9, 0xc0186201, 0xbee6d328) = 0
19:19:14.938511,1023,epoll_wait(0x1e, 0xbee6d1f8, 0x10, 0x43) = 0
19:19:15.007109,1023,clock_gettime(CLOCK_MONOTONIC, {173, 292086853}) = 0
19:19:15.007842,1023,clock_gettime(CLOCK_MONOTONIC, {173, 292792010}) = 0
19:19:15.008548,1023,recvfrom(37, 0xbee6c9a8, 24, 64, 0, 0) = -1 EAGAIN (Try again)
19:19:15.009180,1023,ioctl(9, 0xc0186201, 0xbee6d178) = 0
19:19:15.010082,1023,getpid() = 1023
19:19:15.010835,1023,getuid32() = 10050
19:19:15.011439,1023,epoll_wait(0x1e, 0xbee6d1f8, 0x10, 0) = 0
19:19:15.012018,1023,clock_gettime(CLOCK_MONOTONIC, {173, 296957458}) = 0
19:19:15.012683,1023,epoll_wait(0x1e, 0xbee6d1f8, 0x10, 0xffffffff) = 1
19:19:15.014285,1023,recvfrom(37, "nysv\0\0\0\0Ú:<Y(\0\0\0t\6\0\0\224Â'¸", 24, MSG_DONTWAIT, NULL, NULL) = 24
19:19:15.015036,1023,recvfrom(37, 0xbee6c828, 24, 64, 0, 0) = -1 EAGAIN (Try again)
19:19:15.026583,1023,clock_gettime(CLOCK_MONOTONIC, {173, 311607427}) = 0
19:19:15.027387,1023,write(29, "W", 1) = 1
19:19:15.028092,1023,clock_gettime(CLOCK_MONOTONIC, {173, 313034704}) = 0
19:19:15.028829,1023,clock_gettime(CLOCK_MONOTONIC, {173, 313771515}) = 0
19:19:15.029531,1023,clock_gettime(CLOCK_MONOTONIC, {173, 314490881}) = 0
19:19:15.030615,1023,clock_gettime(CLOCK_MONOTONIC, {173, 315561544}) = 0
19:19:15.031573,1023,clock_gettime(CLOCK_MONOTONIC, {173, 316548406}) = 0
19:19:15.032319,1023,clock_gettime(CLOCK_MONOTONIC, {173, 317289640}) = 0
19:19:15.033062,1023,recvfrom(37, 0xbee6c9a8, 24, 64, 0, 0) = -1 EAGAIN (Try again)
19:19:15.033733,1023,ioctl(9, 0xc0186201, 0xbee6d178) = 0
19:19:15.034701,1023,clock_gettime(CLOCK_MONOTONIC, {173, 319711060}) = 0
19:19:15.035543,1023,clock_gettime(CLOCK_MONOTONIC, {173, 320487497}) = 0
19:19:15.036201,1023,clock_gettime(CLOCK_MONOTONIC, {173, 321156608}) = 0
19:19:15.036884,1023,clock_gettime(CLOCK_MONOTONIC, {173, 321832235}) = 0
19:19:15.037589,1023,clock_gettime(CLOCK_MONOTONIC, {173, 322537974}) = 0
19:19:15.038286,1023,write(29, "W", 1) = 1
19:19:15.047459,1023,ioctl(9, 0xc0186201, 0xbee6cf10) = 0
19:19:15.048403,1023,ioctl(9, 0xc0186201, 0xbee6cf10) = 0
19:19:15.049902,1023,clock_gettime(CLOCK_MONOTONIC, {173, 334928347}) = 0
19:19:15.053692,1023,clock_gettime(CLOCK_MONOTONIC, {173, 338680901}) = 0
19:19:15.054407,1023,ioctl(9, 0xc0186201, 0xbee6d0c8) = 0
19:19:15.055287,1023,ioctl(9, 0xc0186201, 0xbee6d0c8) = 0
19:19:15.056055,1023,getpid() = 1023
19:19:15.056615,1023,getuid32() = 10050
19:19:15.057204,1023,epoll_wait(0x1e, 0xbee6d1f8, 0x10, 0) = 2
19:19:15.057811,1023,read(23, "WW", 16) = 2
19:19:15.058428,1023,recvfrom(37, "nysv\0\0\0\0 cÖZ(\0\0\0u\6\0\0\224Â'¸", 24, MSG_DONTWAIT, NULL, NULL) = 24
19:19:15.059162,1023,recvfrom(37, 0xbee6c828, 24, 64, 0, 0) = -1 EAGAIN (Try again)
19:19:15.059783,1023,clock_gettime(CLOCK_MONOTONIC, {173, 344722460}) = 0
19:19:15.060491,1023,clock_gettime(CLOCK_MONOTONIC, {173, 345432670}) = 0
19:19:15.061140,1023,clock_gettime(CLOCK_MONOTONIC, {173, 346080957}) = 0
19:19:15.061785,1023,clock_gettime(CLOCK_MONOTONIC, {173, 346724920}) = 0
19:19:15.062451,1023,recvfrom(38, 0xb88738b0, 1240, 64, 0, 0) = -1 EAGAIN (Try again)
19:19:15.063057,1023,clock_gettime(CLOCK_MONOTONIC, {173, 347996219}) = 0
19:19:15.063703,1023,clock_gettime(CLOCK_MONOTONIC, {173, 348643577}) = 0
19:19:15.064343,1023,getpid() = 1023
19:19:15.076287,1023,getuid32() = 10050
19:19:15.076915,1023,epoll_wait(0x1e, 0xbee6d1f8, 0x10, 0) = 0
19:19:15.077514,1023,clock_gettime(CLOCK_MONOTONIC, {173, 362456418}) = 0
19:19:15.078252,1023,ioctl(9, 0xc0186201, 0xbee6d328) = 0
19:19:15.078986,1023,epoll_wait(0x1e, 0xbee6d1f8, 0x10, 0x30) = 0
19:19:15.131092,1023,clock_gettime(CLOCK_MONOTONIC, {173, 416055878}) = 0
19:19:15.131790,1023,clock_gettime(CLOCK_MONOTONIC, {173, 416733905}) = 0
19:19:15.132471,1023,recvfrom(37, 0xbee6c9a8, 24, 64, 0, 0) = -1 EAGAIN (Try again)
19:19:15.133080,1023,ioctl(9, 0xc0186201, 0xbee6d178) = 0
19:19:15.133953,1023,getpid() = 1023
19:19:15.134633,1023,getuid32() = 10050
19:19:15.135229,1023,epoll_wait(0x1e, 0xbee6d1f8, 0x10, 0) = 0
19:19:15.158792,1023,clock_gettime(CLOCK_MONOTONIC, {173, 444199755}) = 0
19:19:15.161469,1023,epoll_wait(0x1e, 0xbee6d1f8, 0x10, 0xffffffff) = 1
19:19:15.174145,1023,recvfrom(37, "nysv\0\0\0\0$ÔÉ`(\0\0\0w\6\0\0\224Â'¸", 24, MSG_DONTWAIT, NULL, NULL) = 24
19:19:15.176274,1023,recvfrom(37, 0xbee6c828, 24, 64, 0, 0) = -1 EAGAIN (Try again)
19:19:15.177288,1023,clock_gettime(CLOCK_MONOTONIC, {173, 462251833}) = 0
19:19:15.178017,1023,write(29, "W", 1) = 1
19:19:15.178755,1023,clock_gettime(CLOCK_MONOTONIC, {173, 463706633}) = 0
19:19:15.179447,1023,clock_gettime(CLOCK_MONOTONIC, {173, 464397697}) = 0
19:19:15.180118,1023,clock_gettime(CLOCK_MONOTONIC, {173, 465067835}) = 0
19:19:15.180795,1023,clock_gettime(CLOCK_MONOTONIC, {173, 465744767}) = 0
19:19:15.181737,1023,clock_gettime(CLOCK_MONOTONIC, {173, 466690457}) = 0
19:19:15.182435,1023,clock_gettime(CLOCK_MONOTONIC, {173, 467385840}) = 0
19:19:15.183131,1023,recvfrom(37, 0xbee6c9a8, 24, 64, 0, 0) = -1 EAGAIN (Try again)
19:19:15.183761,1023,ioctl(9, 0xc0186201, 0xbee6d178) = 0
19:19:15.184654,1023,clock_gettime(CLOCK_MONOTONIC, {173, 469675021}) = 0
19:19:15.185490,1023,clock_gettime(CLOCK_MONOTONIC, {173, 470443035}) = 0
19:19:15.186171,1023,clock_gettime(CLOCK_MONOTONIC, {173, 471126938}) = 0
19:19:15.186853,1023,clock_gettime(CLOCK_MONOTONIC, {173, 471802796}) = 0
19:19:15.187558,1023,clock_gettime(CLOCK_MONOTONIC, {173, 472509147}) = 0
19:19:15.188255,1023,write(29, "W", 1) = 1
19:19:15.189110,1023,ioctl(9, 0xc0186201, 0xbee6cf10) = 0
19:19:15.189979,1023,ioctl(9, 0xc0186201, 0xbee6cf10) = 0
19:19:15.191371,1023,clock_gettime(CLOCK_MONOTONIC, {173, 476326190}) = 0
19:19:15.194787,1023,clock_gettime(CLOCK_MONOTONIC, {173, 479744451}) = 0
19:19:15.218452,1023,ioctl(9, 0xc0186201, 0xbee6d0c8) = 0
19:19:15.219441,1023,ioctl(9, 0xc0186201, 0xbee6d0c8) = 0
19:19:15.220242,1023,getpid() = 1023
19:19:15.220868,1023,getuid32() = 10050
19:19:15.221473,1023,epoll_wait(0x1e, 0xbee6d1f8, 0x10, 0) = 2
19:19:15.222082,1023,read(23, "WW", 16) = 2
19:19:15.222833,1023,recvfrom(37, "nysv\0\0\0\0¦\214Ãc(\0\0\0x\6\0\0\224Â'¸", 24, MSG_DONTWAIT, NULL, NULL) = 24
19:19:15.223771,1023,recvfrom(37, 0xbee6c828, 24, 64, 0, 0) = -1 EAGAIN (Try again)
19:19:15.226334,1023,clock_gettime(CLOCK_MONOTONIC, {173, 511308132}) = 0
19:19:15.227221,1023,clock_gettime(CLOCK_MONOTONIC, {173, 512261719}) = 0
19:19:15.228062,1023,clock_gettime(CLOCK_MONOTONIC, {173, 513034545}) = 0
19:19:15.228746,1023,clock_gettime(CLOCK_MONOTONIC, {173, 513688048}) = 0
19:19:15.229418,1023,recvfrom(38, 0xb88738b0, 1240, 64, 0, 0) = -1 EAGAIN (Try again)
19:19:15.230032,1023,clock_gettime(CLOCK_MONOTONIC, {173, 514973850}) = 0
19:19:15.230681,1023,clock_gettime(CLOCK_MONOTONIC, {173, 515623117}) = 0
19:19:15.231325,1023,getpid() = 1023
19:19:15.231880,1023,getuid32() = 10050
19:19:15.232469,1023,epoll_wait(0x1e, 0xbee6d1f8, 0x10, 0) = 0
19:19:15.233051,1023,clock_gettime(CLOCK_MONOTONIC, {173, 517991059}) = 0
19:19:15.233704,1023,ioctl(9, 0xc0186201, 0xbee6d328) = 0
19:19:15.234302,1023,epoll_wait(0x1e, 0xbee6d1f8, 0x10, 0x2b) = 0
19:19:15.280264,1023,clock_gettime(CLOCK_MONOTONIC, {173, 565234239}) = 0
19:19:15.280966,1023,clock_gettime(CLOCK_MONOTONIC, {173, 565910406}) = 0
19:19:15.281797,1023,recvfrom(37, 0xbee6c9a8, 24, 64, 0, 0) = -1 EAGAIN (Try again)
19:19:15.282449,1023,ioctl(9, 0xc0186201, 0xbee6d178) = 0
19:19:15.283423,1023,getpid() = 1023
19:19:15.284144,1023,getuid32() = 10050
19:19:15.284753,1023,epoll_wait(0x1e, 0xbee6d1f8, 0x10, 0) = 0
19:19:15.285367,1023,clock_gettime(CLOCK_MONOTONIC, {173, 570318737}) = 0
19:19:15.286062,1023,epoll_wait(0x1e, 0xbee6d1f8, 0x10, 0xffffffff) = 1
19:19:15.288398,1023,recvfrom(37, "nysv\0\0\0\0ªý¶i(\0\0\0z\6\0\0\224Â'¸", 24, MSG_DONTWAIT, NULL, NULL) = 24
19:19:15.289185,1023,recvfrom(37, 0xbee6c828, 24, 64, 0, 0) = -1 EAGAIN (Try again)
19:19:15.289819,1023,clock_gettime(CLOCK_MONOTONIC, {173, 574762829}) = 0
19:19:15.290539,1023,write(29, "W", 1) = 1
19:19:15.291306,1023,clock_gettime(CLOCK_MONOTONIC, {173, 576661488}) = 0
19:19:15.292531,1023,clock_gettime(CLOCK_MONOTONIC, {173, 577542815}) = 0
19:19:15.293286,1023,clock_gettime(CLOCK_MONOTONIC, {173, 578237699}) = 0
19:19:15.293941,1023,clock_gettime(CLOCK_MONOTONIC, {173, 578884735}) = 0
19:19:15.294957,1023,clock_gettime(CLOCK_MONOTONIC, {173, 579909537}) = 0
19:19:15.295660,1023,clock_gettime(CLOCK_MONOTONIC, {173, 580613133}) = 0
19:19:15.296366,1023,recvfrom(37, 0xbee6c9a8, 24, 64, 0, 0) = -1 EAGAIN (Try again)
19:19:15.296996,1023,ioctl(9, 0xc0186201, 0xbee6d178) = 0
19:19:15.328765,1023,clock_gettime(CLOCK_MONOTONIC, {173, 613749689}) = 0
19:19:15.329512,1023,clock_gettime(CLOCK_MONOTONIC, {173, 614457884}) = 0
19:19:15.330165,1023,clock_gettime(CLOCK_MONOTONIC, {173, 615108277}) = 0
19:19:15.330819,1023,clock_gettime(CLOCK_MONOTONIC, {173, 615760874}) = 0
19:19:15.331499,1023,clock_gettime(CLOCK_MONOTONIC, {173, 616441747}) = 0
19:19:15.332169,1023,write(29, "W", 1) = 1
19:19:15.333015,1023,ioctl(9, 0xc0186201, 0xbee6cf10) = 0
19:19:15.334717,1023,clock_gettime(CLOCK_MONOTONIC, {173, 619665043}) = 0
19:19:15.339904,1023,clock_gettime(CLOCK_MONOTONIC, {173, 624886179}) = 0
19:19:15.340630,1023,ioctl(9, 0xc0186201, 0xbee6d0c8) = 0
19:19:15.342898,1023,getpid() = 1023
19:19:15.343543,1023,getuid32() = 10050
19:19:15.344141,1023,epoll_wait(0x1e, 0xbee6d1f8, 0x10, 0) = 2
19:19:15.344729,1023,read(23, "WW", 16) = 2
19:19:15.345341,1023,recvfrom(37, "nysv\0\0\0\0¾-,j(\0\0\0{\6\0\0\224Â'¸", 24, MSG_DONTWAIT, NULL, NULL) = 24
19:19:15.346083,1023,recvfrom(37, 0xbee6c828, 24, 64, 0, 0) = -1 EAGAIN (Try again)
19:19:15.370708,1023,clock_gettime(CLOCK_MONOTONIC, {173, 655688942}) = 0
19:19:15.371503,1023,clock_gettime(CLOCK_MONOTONIC, {173, 656447895}) = 0
19:19:15.372161,1023,clock_gettime(CLOCK_MONOTONIC, {173, 657104133}) = 0
19:19:15.372811,1023,clock_gettime(CLOCK_MONOTONIC, {173, 657753718}) = 0
19:19:15.373482,1023,recvfrom(38, 0xb88738b0, 1240, 64, 0, 0) = -1 EAGAIN (Try again)
19:19:15.374101,1023,clock_gettime(CLOCK_MONOTONIC, {173, 659042300}) = 0
19:19:15.374748,1023,clock_gettime(CLOCK_MONOTONIC, {173, 659688836}) = 0
19:19:15.375396,1023,getpid() = 1023
19:19:15.375944,1023,getuid32() = 10050
19:19:15.376535,1023,epoll_wait(0x1e, 0xbee6d1f8, 0x10, 0) = 0
19:19:15.377121,1023,clock_gettime(CLOCK_MONOTONIC, {173, 662062214}) = 0
19:19:15.377777,1023,ioctl(9, 0xc0186201, 0xbee6d328) = 0
19:19:15.378412,1023,epoll_wait(0x1e, 0xbee6d1f8, 0x10, 0x2a) = 0
19:19:15.424646,1023,clock_gettime(CLOCK_MONOTONIC, {173, 709620108}) = 0
19:19:15.425376,1023,clock_gettime(CLOCK_MONOTONIC, {173, 710329233}) = 0
19:19:15.426082,1023,recvfrom(37, 0xbee6c9a8, 24, 64, 0, 0) = -1 EAGAIN (Try again)
19:19:15.426722,1023,ioctl(9, 0xc0186201, 0xbee6d178) = 0
19:19:15.427619,1023,getpid() = 1023
19:19:15.428324,1023,getuid32() = 10050
19:19:15.428952,1023,epoll_wait(0x1e, 0xbee6d1f8, 0x10, 0) = 0
19:19:15.429563,1023,clock_gettime(CLOCK_MONOTONIC, {173, 714513129}) = 0
19:19:15.430253,1023,epoll_wait(0x1e, 0xbee6d1f8, 0x10, 0xffffffff) = 1
19:19:15.432050,1023,recvfrom(37, "nysv\0\0\0\0\34÷.r(\0\0\0}\6\0\0\224Â'¸", 24, MSG_DONTWAIT, NULL, NULL) = 24
19:19:15.432815,1023,recvfrom(37, 0xbee6c828, 24, 64, 0, 0) = -1 EAGAIN (Try again)
19:19:15.433474,1023,clock_gettime(CLOCK_MONOTONIC, {173, 718425569}) = 0
19:19:15.434177,1023,write(29, "W", 1) = 1
19:19:15.434906,1023,clock_gettime(CLOCK_MONOTONIC, {173, 719857238}) = 0
19:19:15.435595,1023,clock_gettime(CLOCK_MONOTONIC, {173, 720545863}) = 0
19:19:15.436266,1023,clock_gettime(CLOCK_MONOTONIC, {173, 742938312}) = 0
19:19:15.458723,1023,clock_gettime(CLOCK_MONOTONIC, {173, 743701341}) = 0
19:19:15.459717,1023,clock_gettime(CLOCK_MONOTONIC, {173, 744670174}) = 0
19:19:15.460423,1023,clock_gettime(CLOCK_MONOTONIC, {173, 745374639}) = 0
19:19:15.461123,1023,recvfrom(37, 0xbee6c9a8, 24, 64, 0, 0) = -1 EAGAIN (Try again)
19:19:15.461761,1023,ioctl(9, 0xc0186201, 0xbee6d178) = 0
19:19:15.462658,1023,clock_gettime(CLOCK_MONOTONIC, {173, 747681992}) = 0
19:19:15.463495,1023,clock_gettime(CLOCK_MONOTONIC, {173, 748447940}) = 0
19:19:15.464179,1023,clock_gettime(CLOCK_MONOTONIC, {173, 749135110}) = 0
19:19:15.464861,1023,clock_gettime(CLOCK_MONOTONIC, {173, 749810453}) = 0
19:19:15.465566,1023,clock_gettime(CLOCK_MONOTONIC, {173, 750515655}) = 0
19:19:15.466261,1023,write(29, "W", 1) = 1
19:19:15.467129,1023,ioctl(9, 0xc0186201, 0xbee6cf10) = 0
19:19:15.468000,1023,ioctl(9, 0xc0186201, 0xbee6cf10) = 0
19:19:15.469404,1023,clock_gettime(CLOCK_MONOTONIC, {173, 754359511}) = 0
19:19:15.477573,1023,clock_gettime(CLOCK_MONOTONIC, {173, 762635120}) = 0
19:19:15.478516,1023,ioctl(9, 0xc0186201, 0xbee6d0c8) = 0
19:19:15.502462,1023,getpid() = 1023
19:19:15.503138,1023,getuid32() = 10050
19:19:15.503918,1023,epoll_wait(0x1e, 0xbee6d1f8, 0x10, 0) = 2
19:19:15.504570,1023,read(23, "WW", 16) = 2
19:19:15.505190,1023,recvfrom(37, "nysv\0\0\0\0vO>t(\0\0\0~\6\0\0\224Â'¸", 24, MSG_DONTWAIT, NULL, NULL) = 24
19:19:15.505936,1023,recvfrom(37, 0xbee6c828, 24, 64, 0, 0) = -1 EAGAIN (Try again)
19:19:15.516848,1023,clock_gettime(CLOCK_MONOTONIC, {173, 801842744}) = 0
19:19:15.517727,1023,clock_gettime(CLOCK_MONOTONIC, {173, 802676843}) = 0
19:19:15.518399,1023,clock_gettime(CLOCK_MONOTONIC, {173, 803415930}) = 0
19:19:15.519121,1023,clock_gettime(CLOCK_MONOTONIC, {173, 804063864}) = 0
19:19:15.519807,1023,recvfrom(38, 0xb88738b0, 1240, 64, 0, 0) = -1 EAGAIN (Try again)
19:19:15.520460,1023,clock_gettime(CLOCK_MONOTONIC, {173, 805410155}) = 0
19:19:15.521132,1023,clock_gettime(CLOCK_MONOTONIC, {173, 806082211}) = 0
19:19:15.521810,1023,getpid() = 1023
19:19:15.522433,1023,getuid32() = 10050
19:19:15.523021,1023,epoll_wait(0x1e, 0xbee6d1f8, 0x10, 0) = 0
19:19:15.523615,1023,clock_gettime(CLOCK_MONOTONIC, {173, 808555543}) = 0
19:19:15.524751,1023,ioctl(9, 0xc0186201, 0xbee6d328) = 0
19:19:15.525368,1023,epoll_wait(0x1e, 0xbee6d1f8, 0x10, 0x1e) = 0
19:19:15.568288,1023,clock_gettime(CLOCK_MONOTONIC, {173, 853270856}) = 0
19:19:15.569022,1023,clock_gettime(CLOCK_MONOTONIC, {173, 853974960}) = 0
19:19:15.569735,1023,recvfrom(37, 0xbee6c9a8, 24, 64, 0, 0) = -1 EAGAIN (Try again)
19:19:15.570379,1023,ioctl(9, 0xc0186201, 0xbee6d178) = 0
19:19:15.571294,1023,getpid() = 1023
19:19:15.572008,1023,getuid32() = 10050
19:19:15.572703,1023,epoll_wait(0x1e, 0xbee6d1f8, 0x10, 0) = 0
19:19:15.573310,1023,clock_gettime(CLOCK_MONOTONIC, {173, 858261869}) = 0
19:19:15.573982,1023,epoll_wait(0x1e, 0xbee6d1f8, 0x10, 0xffffffff) = 1
19:19:15.582304,1023,recvfrom(37, "nysv\0\0\0\0\230\210áz(\0\0\0\200\6\0\0\224Â'¸", 24, MSG_DONTWAIT, NULL, NULL) = 24
19:19:15.583058,1023,recvfrom(37, 0xbee6c828, 24, 64, 0, 0) = -1 EAGAIN (Try again)
19:19:15.583740,1023,clock_gettime(CLOCK_MONOTONIC, {173, 868682008}) = 0
19:19:15.584413,1023,write(29, "W", 1) = 1
19:19:15.585106,1023,clock_gettime(CLOCK_MONOTONIC, {173, 870048030}) = 0
19:19:15.585762,1023,clock_gettime(CLOCK_MONOTONIC, {173, 870705399}) = 0
19:19:15.597332,1023,clock_gettime(CLOCK_MONOTONIC, {173, 882324587}) = 0
19:19:15.598066,1023,clock_gettime(CLOCK_MONOTONIC, {173, 883018614}) = 0
19:19:15.599118,1023,clock_gettime(CLOCK_MONOTONIC, {173, 884072705}) = 0
19:19:15.599823,1023,clock_gettime(CLOCK_MONOTONIC, {173, 884767086}) = 0
19:19:15.600498,1023,recvfrom(37, 0xbee6c9a8, 24, 64, 0, 0) = -1 EAGAIN (Try again)
19:19:15.601100,1023,ioctl(9, 0xc0186201, 0xbee6d178) = 0
19:19:15.601951,1023,clock_gettime(CLOCK_MONOTONIC, {173, 887011371}) = 0
19:19:15.602803,1023,clock_gettime(CLOCK_MONOTONIC, {173, 887748100}) = 0
19:19:15.603461,1023,clock_gettime(CLOCK_MONOTONIC, {173, 888404038}) = 0
19:19:15.604107,1023,clock_gettime(CLOCK_MONOTONIC, {173, 889486223}) = 0
19:19:15.605222,1023,clock_gettime(CLOCK_MONOTONIC, {173, 890172322}) = 0
19:19:15.605901,1023,write(29, "W", 1) = 1
19:19:15.711842,1023,ioctl(9, 0xc0186201, 0xbee6cf10) = 0
19:19:15.712734,1023,ioctl(9, 0xc0186201, 0xbee6cf10) = 0
19:19:15.714213,1023,clock_gettime(CLOCK_MONOTONIC, {173, 999190500}) = 0
19:19:15.735011,1023,clock_gettime(CLOCK_MONOTONIC, {174, 19993665}) = 0
19:19:15.735727,1023,ioctl(9, 0xc0186201, 0xbee6d0c8) = 0
19:19:15.736873,1023,getpid() = 1023
19:19:15.737439,1023,getuid32() = 10050
19:19:15.738034,1023,epoll_wait(0x1e, 0xbee6d1f8, 0x10, 0) = 2
19:19:15.738620,1023,read(23, "WW", 16) = 2
19:19:15.739230,1023,recvfrom(37, "nysv\0\0\0\0èH¶|(\0\0\0\201\6\0\0\224Â'¸", 24, MSG_DONTWAIT, NULL, NULL) = 24
19:19:15.739976,1023,recvfrom(37, 0xbee6c828, 24, 64, 0, 0) = -1 EAGAIN (Try again)
19:19:15.740602,1023,clock_gettime(CLOCK_MONOTONIC, {174, 25543878}) = 0
19:19:15.741307,1023,clock_gettime(CLOCK_MONOTONIC, {174, 26256189}) = 0
19:19:15.741963,1023,clock_gettime(CLOCK_MONOTONIC, {174, 26904931}) = 0
19:19:15.742723,1023,writev(3, [{"\4", 1}, {"Choreographer\0", 14}, {"Skipped 35 frames! The applicat"..., 83}], 3) = 98
19:19:15.766771,1023,clock_gettime(CLOCK_MONOTONIC, {174, 51744403}) = 0
19:19:15.767494,1023,recvfrom(38, 0xb88738b0, 1240, 64, 0, 0) = -1 EAGAIN (Try again)
19:19:15.768120,1023,clock_gettime(CLOCK_MONOTONIC, {174, 53063751}) = 0
19:19:15.769041,1023,clock_gettime(CLOCK_MONOTONIC, {174, 53985915}) = 0
19:19:15.769715,1023,clock_gettime(CLOCK_MONOTONIC, {174, 54659021}) = 0
19:19:15.775492,1023,recvfrom(37, 0xbee6c9a8, 24, 64, 0, 0) = -1 EAGAIN (Try again)
19:19:15.776159,1023,ioctl(9, 0xc0186201, 0xbee6d178) = 0
19:19:15.777084,1023,clock_gettime(CLOCK_MONOTONIC, {174, 62111021}) = 0
19:19:15.777940,1023,clock_gettime(CLOCK_MONOTONIC, {174, 62893321}) = 0
19:19:15.778742,1023,clock_gettime(CLOCK_MONOTONIC, {174, 63696685}) = 0
19:19:15.779409,1023,clock_gettime(CLOCK_MONOTONIC, {174, 64353218}) = 0
19:19:15.780086,1023,clock_gettime(CLOCK_MONOTONIC, {174, 65028755}) = 0
19:19:15.780945,1023,ioctl(9, 0xc0186201, 0xbee6cf10) = 0
19:19:15.781860,1023,ioctl(9, 0xc0186201, 0xbee6cf10) = 0
19:19:15.783479,1023,clock_gettime(CLOCK_MONOTONIC, {174, 68429266}) = 0
19:19:15.797591,1023,clock_gettime(CLOCK_MONOTONIC, {174, 82625556}) = 0
19:19:15.798380,1023,ioctl(9, 0xc0186201, 0xbee6d0c8) = 0
19:19:15.799655,1023,getpid() = 1023
19:19:15.800231,1023,getuid32() = 10050
19:19:15.800891,1023,epoll_wait(0x1e, 0xbee6d1f8, 0x10, 0) = 1
19:19:15.801481,1023,recvfrom(37, "nysv\0\0\0\0ª\2\3\207(\0\0\0\203\6\0\0\224Â'¸", 24, MSG_DONTWAIT, NULL, NULL) = 24
19:19:15.802313,1023,recvfrom(37, 0xbee6c828, 24, 64, 0, 0) = -1 EAGAIN (Try again)
19:19:15.835734,1023,clock_gettime(CLOCK_MONOTONIC, {174, 120710987}) = 0
19:19:15.836540,1023,clock_gettime(CLOCK_MONOTONIC, {174, 121494953}) = 0
19:19:15.837242,1023,getpid() = 1023
19:19:15.837827,1023,getuid32() = 10050
19:19:15.838453,1023,epoll_wait(0x1e, 0xbee6d1f8, 0x10, 0) = 0
19:19:15.839104,1023,clock_gettime(CLOCK_MONOTONIC, {174, 124046861}) = 0
19:19:15.839757,1023,clock_gettime(CLOCK_MONOTONIC, {174, 124699532}) = 0
19:19:15.840807,1023,clock_gettime(CLOCK_MONOTONIC, {174, 125931094}) = 0
19:19:15.841692,1023,recvfrom(38, 0xb88738b0, 1240, 64, 0, 0) = -1 EAGAIN (Try again)
19:19:15.842341,1023,clock_gettime(CLOCK_MONOTONIC, {174, 127297186}) = 0
19:19:15.843019,1023,clock_gettime(CLOCK_MONOTONIC, {174, 127969823}) = 0
19:19:15.843697,1023,getpid() = 1023
19:19:15.844272,1023,getuid32() = 10050
19:19:15.844886,1023,epoll_wait(0x1e, 0xbee6d1f8, 0x10, 0) = 0
19:19:15.845496,1023,clock_gettime(CLOCK_MONOTONIC, {174, 130444809}) = 0
19:19:15.846176,1023,ioctl(9, 0xc0186201, 0xbee6d328) = 0
19:19:15.846812,1023,epoll_wait(0x1e, 0xbee6d1f8, 0x10, 0x17) = 0
19:19:15.888240,1023,clock_gettime(CLOCK_MONOTONIC, {174, 173214381}) = 0
19:19:15.888940,1023,clock_gettime(CLOCK_MONOTONIC, {174, 173885026}) = 0
19:19:15.889622,1023,recvfrom(37, 0xbee6c9a8, 24, 64, 0, 0) = -1 EAGAIN (Try again)
19:19:15.890231,1023,ioctl(9, 0xc0186201, 0xbee6d178) = 0
19:19:15.891100,1023,getpid() = 1023
19:19:15.891788,1023,getuid32() = 10050
19:19:15.892391,1023,epoll_wait(0x1e, 0xbee6d1f8, 0x10, 0) = 0
19:19:15.892970,1023,clock_gettime(CLOCK_MONOTONIC, {174, 177912308}) = 0
19:19:15.893637,1023,epoll_wait(0x1e, 0xbee6d1f8, 0x10, 0xffffffff) = 1
19:19:15.900684,1023,recvfrom(37, "nysv\0\0\0\0ÖÓà\215(\0\0\0\205\6\0\0\224Â'¸", 24, MSG_DONTWAIT, NULL, NULL) = 24
19:19:15.901476,1023,recvfrom(37, 0xbee6c828, 24, 64, 0, 0) = -1 EAGAIN (Try again)
19:19:15.902152,1023,clock_gettime(CLOCK_MONOTONIC, {174, 187115062}) = 0
19:19:15.902872,1023,write(29, "W", 1) = 1
19:19:15.903611,1023,clock_gettime(CLOCK_MONOTONIC, {174, 188562259}) = 0
19:19:15.904293,1023,clock_gettime(CLOCK_MONOTONIC, {174, 189251235}) = 0
19:19:15.904971,1023,clock_gettime(CLOCK_MONOTONIC, {174, 189922648}) = 0
19:19:15.905649,1023,clock_gettime(CLOCK_MONOTONIC, {174, 190599604}) = 0
19:19:15.906598,1023,clock_gettime(CLOCK_MONOTONIC, {174, 191549515}) = 0
19:19:15.907290,1023,clock_gettime(CLOCK_MONOTONIC, {174, 192246819}) = 0
19:19:15.907993,1023,recvfrom(37, 0xbee6c9a8, 24, 64, 0, 0) = -1 EAGAIN (Try again)
19:19:15.908626,1023,ioctl(9, 0xc0186201, 0xbee6d178) = 0
19:19:15.909520,1023,clock_gettime(CLOCK_MONOTONIC, {174, 194529989}) = 0
19:19:15.910281,1023,clock_gettime(CLOCK_MONOTONIC, {174, 195238550}) = 0
19:19:15.910966,1023,clock_gettime(CLOCK_MONOTONIC, {174, 195915602}) = 0
19:19:15.911645,1023,clock_gettime(CLOCK_MONOTONIC, {174, 196595083}) = 0
19:19:15.912343,1023,clock_gettime(CLOCK_MONOTONIC, {174, 197299448}) = 0
19:19:15.913045,1023,write(29, "W", 1) = 1
19:19:15.913987,1023,ioctl(9, 0xc0186201, 0xbee6cf10) = 0
19:19:15.914830,1023,ioctl(9, 0xc0186201, 0xbee6cf10) = 0
19:19:15.916175,1023,clock_gettime(CLOCK_MONOTONIC, {174, 201159180}) = 0
19:19:15.953910,1023,clock_gettime(CLOCK_MONOTONIC, {174, 238942296}) = 0
19:19:15.954694,1023,ioctl(9, 0xc0186201, 0xbee6d0c8) = 0
19:19:15.986309,1023,getpid() = 1023
19:19:15.986986,1023,getuid32() = 10050
19:19:16.004582,1023,epoll_wait(0x1e, 0xbee6d1f8, 0x10, 0) = 2
19:19:16.005214,1023,read(23, "WW", 16) = 2
19:19:16.005820,1023,recvfrom(37, "nysv\0\0\0\0\34üz\217(\0\0\0\206\6\0\0\224Â'¸", 24, MSG_DONTWAIT, NULL, NULL) = 24
19:19:16.006574,1023,recvfrom(37, 0xbee6c828, 24, 64, 0, 0) = -1 EAGAIN (Try again)
19:19:16.007151,1023,clock_gettime(CLOCK_MONOTONIC, {174, 292076071}) = 0
19:19:16.007860,1023,clock_gettime(CLOCK_MONOTONIC, {174, 292786028}) = 0
19:19:16.008497,1023,clock_gettime(CLOCK_MONOTONIC, {174, 293422382}) = 0
19:19:16.015927,1023,clock_gettime(CLOCK_MONOTONIC, {174, 300963996}) = 0
19:19:16.016791,1023,recvfrom(38, 0xb88738b0, 1240, 64, 0, 0) = -1 EAGAIN (Try again)
19:19:16.017466,1023,clock_gettime(CLOCK_MONOTONIC, {174, 302393878}) = 0
19:19:16.018492,1023,clock_gettime(CLOCK_MONOTONIC, {174, 303420412}) = 0
19:19:16.019107,1023,clock_gettime(CLOCK_MONOTONIC, {174, 304033949}) = 0
19:19:16.019776,1023,recvfrom(37, 0xbee6c9a8, 24, 64, 0, 0) = -1 EAGAIN (Try again)
19:19:16.020329,1023,ioctl(9, 0xc0186201, 0xbee6d178) = 0
19:19:16.021185,1023,clock_gettime(CLOCK_MONOTONIC, {174, 306229208}) = 0
19:19:16.022394,1023,clock_gettime(CLOCK_MONOTONIC, {174, 307354055}) = 0
19:19:16.023030,1023,clock_gettime(CLOCK_MONOTONIC, {174, 307957317}) = 0
19:19:16.023684,1023,clock_gettime(CLOCK_MONOTONIC, {174, 308610172}) = 0
19:19:16.024302,1023,clock_gettime(CLOCK_MONOTONIC, {174, 309271581}) = 0
19:19:16.025132,1023,ioctl(9, 0xc0186201, 0xbee6cf10) = 0
19:19:16.036867,1023,ioctl(9, 0xc0186201, 0xbee6cf10) = 0
19:19:16.038644,1023,clock_gettime(CLOCK_MONOTONIC, {174, 323580890}) = 0
19:19:16.041944,1023,clock_gettime(CLOCK_MONOTONIC, {174, 326885895}) = 0
19:19:16.042641,1023,ioctl(9, 0xc0186201, 0xbee6d0c8) = 0
19:19:16.043705,1023,ioctl(9, 0xc0186201, 0xbee6d0c8) = 0
19:19:16.044574,1023,getpid() = 1023
19:19:16.045116,1023,getuid32() = 10050
19:19:16.046207,1023,epoll_wait(0x1e, 0xbee6d1f8, 0x10, 0) = 1
19:19:16.046846,1023,recvfrom(37, "nysv\0\0\0\0*\5©\225(\0\0\0\210\6\0\0\224Â'¸", 24, MSG_DONTWAIT, NULL, NULL) = 24
19:19:16.047683,1023,recvfrom(37, 0xbee6c828, 24, 64, 0, 0) = -1 EAGAIN (Try again)
19:19:16.070848,1023,clock_gettime(CLOCK_MONOTONIC, {174, 355824145}) = 0
19:19:16.071662,1023,clock_gettime(CLOCK_MONOTONIC, {174, 356598538}) = 0
19:19:16.072306,1023,getpid() = 1023
19:19:16.072873,1023,getuid32() = 10050
19:19:16.073477,1023,epoll_wait(0x1e, 0xbee6d1f8, 0x10, 0) = 0
19:19:16.074039,1023,clock_gettime(CLOCK_MONOTONIC, {174, 358972167}) = 0
19:19:16.074695,1023,clock_gettime(CLOCK_MONOTONIC, {174, 359629801}) = 0
19:19:16.075308,1023,clock_gettime(CLOCK_MONOTONIC, {174, 360279363}) = 0
19:19:16.075985,1023,recvfrom(38, 0xb88738b0, 1240, 64, 0, 0) = -1 EAGAIN (Try again)
19:19:16.139816,1023,clock_gettime(CLOCK_MONOTONIC, {174, 424761266}) = 0
19:19:16.140738,1023,clock_gettime(CLOCK_MONOTONIC, {174, 425668879}) = 0
19:19:16.141384,1023,clock_gettime(CLOCK_MONOTONIC, {174, 426326786}) = 0
19:19:16.142078,1023,recvfrom(37, 0xbee6c9a8, 24, 64, 0, 0) = -1 EAGAIN (Try again)
19:19:16.142703,1023,ioctl(9, 0xc0186201, 0xbee6d178) = 0
19:19:16.143619,1023,clock_gettime(CLOCK_MONOTONIC, {174, 428609836}) = 0
19:19:16.144449,1023,clock_gettime(CLOCK_MONOTONIC, {174, 429378952}) = 0
19:19:16.145108,1023,clock_gettime(CLOCK_MONOTONIC, {174, 430036833}) = 0
19:19:16.145742,1023,clock_gettime(CLOCK_MONOTONIC, {174, 432554202}) = 0
19:19:16.148293,1023,clock_gettime(CLOCK_MONOTONIC, {174, 433271592}) = 0
19:19:16.149150,1023,ioctl(9, 0xc0186201, 0xbee6cf10) = 0
19:19:16.151611,1023,ioctl(9, 0xc0186201, 0xbee6cf10) = 0
19:19:16.153759,1023,clock_gettime(CLOCK_MONOTONIC, {174, 438704629}) = 0
19:19:16.158308,1023,clock_gettime(CLOCK_MONOTONIC, {174, 443301428}) = 0
19:19:16.159011,1023,ioctl(9, 0xc0186201, 0xbee6d0c8) = 0
19:19:16.159968,1023,ioctl(9, 0xc0186201, 0xbee6d0c8) = 0
19:19:16.160719,1023,getpid() = 1023
19:19:16.161252,1023,getuid32() = 10050
19:19:16.161861,1023,epoll_wait(0x1e, 0xbee6d1f8, 0x10, 0) = 1
19:19:16.162458,1023,recvfrom(37, "nysv\0\0\0\0j\6ü\234(\0\0\0\212\6\0\0\224Â'¸", 24, MSG_DONTWAIT, NULL, NULL) = 24
19:19:16.163229,1023,recvfrom(37, 0xbee6c828, 24, 64, 0, 0) = -1 EAGAIN (Try again)
19:19:16.163865,1023,clock_gettime(CLOCK_MONOTONIC, {174, 448799920}) = 0
19:19:16.164582,1023,clock_gettime(CLOCK_MONOTONIC, {174, 449516529}) = 0
19:19:16.165819,1023,getpid() = 1023
19:19:16.166645,1023,getuid32() = 10050
19:19:16.187765,1023,epoll_wait(0x1e, 0xbee6d1f8, 0x10, 0) = 0
19:19:16.188434,1023,clock_gettime(CLOCK_MONOTONIC, {174, 473394582}) = 0
19:19:16.189154,1023,clock_gettime(CLOCK_MONOTONIC, {174, 474081438}) = 0
19:19:16.189784,1023,clock_gettime(CLOCK_MONOTONIC, {174, 474712351}) = 0
19:19:16.191186,1023,recvfrom(38, 0xb88738b0, 1240, 64, 0, 0) = -1 EAGAIN (Try again)
19:19:16.192129,1023,clock_gettime(CLOCK_MONOTONIC, {174, 477091343}) = 0
19:19:16.192801,1023,clock_gettime(CLOCK_MONOTONIC, {174, 477743813}) = 0
19:19:16.193456,1023,getpid() = 1023
19:19:16.194011,1023,getuid32() = 10050
19:19:16.194605,1023,epoll_wait(0x1e, 0xbee6d1f8, 0x10, 0) = 0
19:19:16.195136,1023,clock_gettime(CLOCK_MONOTONIC, {174, 480062759}) = 0
19:19:16.195774,1023,ioctl(9, 0xc0186201, 0xbee6d328) = 0
19:19:16.196330,1023,epoll_wait(0x1e, 0xbee6d1f8, 0x10, 0x29) = 0
19:19:16.252002,1023,clock_gettime(CLOCK_MONOTONIC, {174, 536946949}) = 0
19:19:16.252673,1023,clock_gettime(CLOCK_MONOTONIC, {174, 537603266}) = 0
19:19:16.253340,1023,recvfrom(37, 0xbee6c9a8, 24, 64, 0, 0) = -1 EAGAIN (Try again)
19:19:16.253938,1023,ioctl(9, 0xc0186201, 0xbee6d178) = 0
19:19:16.254754,1023,getpid() = 1023
19:19:16.255474,1023,getuid32() = 10050
19:19:16.256022,1023,epoll_wait(0x1e, 0xbee6d1f8, 0x10, 0) = 0
19:19:16.256559,1023,clock_gettime(CLOCK_MONOTONIC, {174, 541486605}) = 0
19:19:16.257168,1023,epoll_wait(0x1e, 0xbee6d1f8, 0x10, 0xffffffff <unfinished ...>
19:19:16.267676,1041,<... select resumed> ) = 0 (Timeout)
19:19:16.268196,1041,socket(PF_INET, SOCK_DGRAM, IPPROTO_IP) = 44
19:19:16.268783,1041,open("/dev/urandom", O_RDONLY) = 45
19:19:16.269508,1041,read(45, "=\216\0365", 4) = 4
19:19:16.270066,1041,close(45) = 0
19:19:16.270593,1041,bind(44, {sa_family=AF_INET, sin_port=htons(37438), sin_addr=inet_addr("0.0.0.0")}, 16) = 0
19:19:16.271204,1041,connect(44, {sa_family=AF_INET, sin_port=htons(53), sin_addr=inet_addr("10.0.2.4")}, 16) = 0
19:19:16.271850,1041,sendto(44, "\233\7\1\0\0\1\0\0\0\0\0\0\6client\nmustmobile\3c"..., 39, 0, NULL, 0) = 39
19:19:16.272798,1041,clock_gettime(CLOCK_REALTIME, {1738783156, 272972897}) = 0
19:19:16.273385,1041,clock_gettime(CLOCK_REALTIME, {1738783156, 273568933}) = 0
19:19:16.273953,1041,select(45, [44], NULL, NULL, {4, 999404} <unfinished ...>
19:19:16.276581,1023,<... epoll_wait resumed> ) = 1
19:19:16.276936,1023,recvfrom(37, "nysv\0\0\0\0\214?\237£(\0\0\0\214\6\0\0\224Â'¸", 24, MSG_DONTWAIT, NULL, NULL) = 24
19:19:16.277633,1023,recvfrom(37, 0xbee6c828, 24, 64, 0, 0) = -1 EAGAIN (Try again)
19:19:16.278290,1023,clock_gettime(CLOCK_MONOTONIC, {174, 563229671}) = 0
19:19:16.278936,1023,write(29, "W", 1) = 1
19:19:16.279586,1023,clock_gettime(CLOCK_MONOTONIC, {174, 564514826}) = 0
19:19:16.280186,1023,clock_gettime(CLOCK_MONOTONIC, {174, 565118799}) = 0
19:19:16.280784,1023,clock_gettime(CLOCK_MONOTONIC, {174, 565945302}) = 0
19:19:16.281626,1023,clock_gettime(CLOCK_MONOTONIC, {174, 566561325}) = 0
19:19:16.282494,1023,clock_gettime(CLOCK_MONOTONIC, {174, 567431192}) = 0
19:19:16.283146,1023,clock_gettime(CLOCK_MONOTONIC, {174, 568086687}) = 0
19:19:16.283809,1023,recvfrom(37, 0xbee6c9a8, 24, 64, 0, 0) = -1 EAGAIN (Try again)
19:19:16.284408,1023,ioctl(9, 0xc0186201, 0xbee6d178) = 0
19:19:16.286066,1023,clock_gettime(CLOCK_MONOTONIC, {174, 571006639}) = 0
19:19:16.286995,1023,clock_gettime(CLOCK_MONOTONIC, {174, 571927245}) = 0
19:19:16.287675,1023,clock_gettime(CLOCK_MONOTONIC, {174, 572603017}) = 0
19:19:16.288272,1023,clock_gettime(CLOCK_MONOTONIC, {174, 573254524}) = 0
19:19:16.288978,1023,clock_gettime(CLOCK_MONOTONIC, {174, 573933077}) = 0
19:19:16.289677,1023,write(29, "W", 1) = 1
19:19:16.290495,1023,ioctl(9, 0xc0186201, 0xbee6cf10) = 0
19:19:16.292385,1023,clock_gettime(CLOCK_MONOTONIC, {174, 577391504}) = 0
19:19:16.295984,1023,clock_gettime(CLOCK_MONOTONIC, {174, 580942440}) = 0
19:19:16.317253,1023,ioctl(9, 0xc0186201, 0xbee6d0c8) = 0
19:19:16.318447,1023,ioctl(9, 0xc0186201, 0xbee6d0c8) = 0
19:19:16.319561,1023,getpid() = 1023
19:19:16.320197,1023,getuid32() = 10050
19:19:16.320831,1023,epoll_wait(0x1e, 0xbee6d1f8, 0x10, 0) = 2
19:19:16.321781,1023,read(23, "WW", 16) = 2
19:19:16.326802,1023,recvfrom(37, "nysv\0\0\0\0Òg9¥(\0\0\0\215\6\0\0\224Â'¸", 24, MSG_DONTWAIT, NULL, NULL) = 24
19:19:16.327662,1023,recvfrom(37, 0xbee6c828, 24, 64, 0, 0) = -1 EAGAIN (Try again)
19:19:16.328245,1023,clock_gettime(CLOCK_MONOTONIC, {174, 613242704}) = 0
19:19:16.328990,1023,clock_gettime(CLOCK_MONOTONIC, {174, 613918576}) = 0
19:19:16.329651,1023,clock_gettime(CLOCK_MONOTONIC, {174, 614579633}) = 0
19:19:16.330474,1023,clock_gettime(CLOCK_MONOTONIC, <unfinished ...>
19:19:16.330812,1043,<... select resumed> ) = 0 (Timeout)
19:19:16.331098,1023,<... clock_gettime resumed> {174, 615749507}) = 0
19:19:16.331576,1043,socket(PF_INET, SOCK_DGRAM, IPPROTO_IP <unfinished ...>
19:19:16.331932,1023,recvfrom(38, <unfinished ...>
19:19:16.332333,1043,<... socket resumed> ) = 45
19:19:16.332691,1023,<... recvfrom resumed> 0xb88738b0, 1240, 64, 0, 0) = -1 EAGAIN (Try again)
19:19:16.333102,1043,open("/dev/urandom", O_RDONLY <unfinished ...>
19:19:16.333626,1023,clock_gettime(CLOCK_MONOTONIC, <unfinished ...>
19:19:16.334007,1043,<... open resumed> ) = 48
19:19:16.334327,1023,<... clock_gettime resumed> {174, 618977434}) = 0
19:19:16.334742,1043,read(48, <unfinished ...>
19:19:16.335071,1023,clock_gettime(CLOCK_MONOTONIC, <unfinished ...>
19:19:16.335381,1043,<... read resumed> "q\225ã\f", 4) = 4
19:19:16.335712,1023,<... clock_gettime resumed> {174, 620362323}) = 0
19:19:16.336126,1043,close(48 <unfinished ...>
19:19:16.336493,1023,getpid( <unfinished ...>
19:19:16.336762,1043,<... close resumed> ) = 0
19:19:16.337097,1023,<... getpid resumed> ) = 1023
19:19:16.337426,1043,bind(45, {sa_family=AF_INET, sin_port=htons(39282), sin_addr=inet_addr("0.0.0.0")}, 16 <unfinished ...>
19:19:16.337837,1023,getuid32( <unfinished ...>
19:19:16.338180,1043,<... bind resumed> ) = 0
19:19:16.338496,1023,<... getuid32 resumed> ) = 10050
19:19:16.338789,1043,connect(45, {sa_family=AF_INET, sin_port=htons(53), sin_addr=inet_addr("10.0.2.4")}, 16 <unfinished ...>
19:19:16.339288,1023,epoll_wait(0x1e, 0xbee6d1f8, 0x10, 0 <unfinished ...>
19:19:16.339622,1043,<... connect resumed> ) = 0
19:19:16.339909,1023,<... epoll_wait resumed> ) = 0
19:19:16.340195,1043,sendto(45, "úè\1\0\0\1\0\0\0\0\0\0\6client\nmustmobile\3c"..., 39, 0, NULL, 0 <unfinished ...>
19:19:16.340746,1023,clock_gettime(CLOCK_MONOTONIC, <unfinished ...>
19:19:16.341309,1043,<... sendto resumed> ) = 39
19:19:16.341638,1023,<... clock_gettime resumed> {174, 626287436}) = 0
19:19:16.342059,1043,clock_gettime(CLOCK_REALTIME, <unfinished ...>
19:19:16.342435,1023,ioctl(9, 0xc0186201 <unfinished ...>
19:19:16.342705,1043,<... clock_gettime resumed> {1738783156, 342611365}) = 0
19:19:16.343084,1023,<... ioctl resumed> , 0xbee6d328) = 0
19:19:16.348562,1043,clock_gettime(CLOCK_REALTIME, <unfinished ...>
19:19:16.348989,1023,epoll_wait(0x1e, 0xbee6d1f8, 0x10, 0x24 <unfinished ...>
19:19:16.349290,1043,<... clock_gettime resumed> {1738783156, 349194779}) = 0
19:19:16.349757,1043,select(46, [45], NULL, NULL, {4, 993417} <unfinished ...>
19:19:16.386032,1023,<... epoll_wait resumed> ) = 0
19:19:16.386483,1023,clock_gettime(CLOCK_MONOTONIC, {174, 671417117}) = 0
19:19:16.387251,1023,clock_gettime(CLOCK_MONOTONIC, {174, 672240594}) = 0
19:19:16.387967,1023,recvfrom(37, 0xbee6c9a8, 24, 64, 0, 0) = -1 EAGAIN (Try again)
19:19:16.388675,1023,ioctl(9, 0xc0186201, 0xbee6d178) = 0
19:19:16.389571,1023,getpid() = 1023
19:19:16.391784,1023,getuid32() = 10050
19:19:16.392396,1023,epoll_wait(0x1e, 0xbee6d1f8, 0x10, 0) = 0
19:19:16.392970,1023,clock_gettime(CLOCK_MONOTONIC, {174, 677899632}) = 0
19:19:16.393629,1023,epoll_wait(0x1e, 0xbee6d1f8, 0x10, 0xffffffff) = 1
19:19:16.395690,1023,recvfrom(37, "nysv\0\0\0\0ê\10¢«(\0\0\0\217\6\0\0\224Â'¸", 24, MSG_DONTWAIT, NULL, NULL) = 24
19:19:16.396445,1023,recvfrom(37, 0xbee6c828, 24, 64, 0, 0) = -1 EAGAIN (Try again)
19:19:16.397025,1023,clock_gettime(CLOCK_MONOTONIC, {174, 681952734}) = 0
19:19:16.397673,1023,write(29, "W", 1) = 1
19:19:16.398317,1023,clock_gettime(CLOCK_MONOTONIC, {174, 683251130}) = 0
19:19:16.398922,1023,clock_gettime(CLOCK_MONOTONIC, {174, 683866142}) = 0
19:19:16.399546,1023,clock_gettime(CLOCK_MONOTONIC, {174, 684477832}) = 0
19:19:16.400164,1023,clock_gettime(CLOCK_MONOTONIC, {174, 685091170}) = 0
19:19:16.401000,1023,clock_gettime(CLOCK_MONOTONIC, {174, 685927391}) = 0
19:19:16.401613,1023,clock_gettime(CLOCK_MONOTONIC, {174, 686541390}) = 0
19:19:16.402245,1023,recvfrom(37, 0xbee6c9a8, 24, 64, 0, 0) = -1 EAGAIN (Try again)
19:19:16.402818,1023,ioctl(9, 0xc0186201, 0xbee6d178) = 0
19:19:16.413015,1023,clock_gettime(CLOCK_MONOTONIC, {174, 697952333}) = 0
19:19:16.413693,1023,clock_gettime(CLOCK_MONOTONIC, {174, 698622068}) = 0
19:19:16.414338,1023,clock_gettime(CLOCK_MONOTONIC, {174, 699304345}) = 0
19:19:16.414972,1023,clock_gettime(CLOCK_MONOTONIC, {174, 699899231}) = 0
19:19:16.415633,1023,clock_gettime(CLOCK_MONOTONIC, {174, 700560201}) = 0
19:19:16.416248,1023,write(29, "W", 1) = 1
19:19:16.431774,1023,ioctl(9, 0xc0186201, 0xbee6cf10) = 0
19:19:16.433567,1023,clock_gettime(CLOCK_MONOTONIC, {174, 718647144}) = 0
19:19:16.436266,1023,clock_gettime(CLOCK_MONOTONIC, {174, 721245465}) = 0
19:19:16.436969,1023,ioctl(9, 0xc0186201, 0xbee6d0c8) = 0
19:19:16.438123,1023,getpid() = 1023
19:19:16.464382,1023,getuid32() = 10050
19:19:16.465011,1023,epoll_wait(0x1e, 0xbee6d1f8, 0x10, 0) = 2
19:19:16.465624,1023,read(23, "WW", 16) = 2
19:19:16.466192,1023,recvfrom(37, "nysv\0\0\0\00001<­(\0\0\0\220\6\0\0\224Â'¸", 24, MSG_DONTWAIT, NULL, NULL) = 24
19:19:16.466876,1023,recvfrom(37, 0xbee6c828, 24, 64, 0, 0) = -1 EAGAIN (Try again)
19:19:16.467517,1023,clock_gettime(CLOCK_MONOTONIC, {174, 752447022}) = 0
19:19:16.468219,1023,clock_gettime(CLOCK_MONOTONIC, {174, 753153362}) = 0
19:19:16.468826,1023,clock_gettime(CLOCK_MONOTONIC, {174, 753753000}) = 0
19:19:16.469421,1023,clock_gettime(CLOCK_MONOTONIC, {174, 754348659}) = 0
19:19:16.470032,1023,recvfrom(38, 0xb88738b0, 1240, 64, 0, 0) = -1 EAGAIN (Try again)
19:19:16.470599,1023,clock_gettime(CLOCK_MONOTONIC, {174, 755525522}) = 0
19:19:16.471189,1023,clock_gettime(CLOCK_MONOTONIC, {174, 756121388}) = 0
19:19:16.471786,1023,getpid() = 1023
19:19:16.472316,1023,getuid32() = 10050
19:19:16.472888,1023,epoll_wait(0x1e, 0xbee6d1f8, 0x10, 0) = 0
19:19:16.473460,1023,clock_gettime(CLOCK_MONOTONIC, {174, 758391728}) = 0
19:19:16.474074,1023,ioctl(9, 0xc0186201, 0xbee6d328) = 0
19:19:16.474648,1023,epoll_wait(0x1e, 0xbee6d1f8, 0x10, 0x1e) = 0
19:19:16.507676,1023,clock_gettime(CLOCK_MONOTONIC, {174, 792633104}) = 0
19:19:16.508398,1023,clock_gettime(CLOCK_MONOTONIC, {174, 793364194}) = 0
19:19:16.509072,1023,recvfrom(37, 0xbee6c9a8, 24, 64, 0, 0) = -1 EAGAIN (Try again)
19:19:16.509780,1023,ioctl(9, 0xc0186201, 0xbee6d178) = 0
19:19:16.510649,1023,getpid() = 1023
19:19:16.511419,1023,getuid32() = 10050
19:19:16.512243,1023,epoll_wait(0x1e, 0xbee6d1f8, 0x10, 0) = 0
19:19:16.513025,1023,clock_gettime(CLOCK_MONOTONIC, {174, 798071966}) = 0
19:19:16.513880,1023,epoll_wait(0x1e, 0xbee6d1f8, 0x10, 0xffffffff) = 1
19:19:16.514635,1023,recvfrom(37, "nysv\0\0\0\0 rº²(\0\0\0\222\6\0\0\224Â'¸", 24, MSG_DONTWAIT, NULL, NULL) = 24
19:19:16.515373,1023,recvfrom(37, 0xbee6c828, 24, 64, 0, 0) = -1 EAGAIN (Try again)
19:19:16.527050,1023,clock_gettime(CLOCK_MONOTONIC, {174, 812005717}) = 0
19:19:16.527822,1023,write(29, "W", 1) = 1
19:19:16.528572,1023,clock_gettime(CLOCK_MONOTONIC, {174, 813566410}) = 0
19:19:16.529272,1023,clock_gettime(CLOCK_MONOTONIC, {174, 814250347}) = 0
19:19:16.529973,1023,clock_gettime(CLOCK_MONOTONIC, {174, 814901623}) = 0
19:19:16.530691,1023,clock_gettime(CLOCK_MONOTONIC, {174, 815727044}) = 0
19:19:16.531750,1023,clock_gettime(CLOCK_MONOTONIC, {174, 816679808}) = 0
19:19:16.532394,1023,clock_gettime(CLOCK_MONOTONIC, {174, 817347950}) = 0
19:19:16.533056,1023,recvfrom(37, 0xbee6c9a8, 24, 64, 0, 0) = -1 EAGAIN (Try again)
19:19:16.533696,1023,ioctl(9, 0xc0186201, 0xbee6d178) = 0
19:19:16.534904,1023,clock_gettime(CLOCK_MONOTONIC, {174, 819835314}) = 0
19:19:16.535586,1023,clock_gettime(CLOCK_MONOTONIC, {174, 832472926}) = 0
19:19:16.548179,1023,clock_gettime(CLOCK_MONOTONIC, {174, 833143973}) = 0
19:19:16.548849,1023,clock_gettime(CLOCK_MONOTONIC, {174, 833778360}) = 0
19:19:16.549530,1023,clock_gettime(CLOCK_MONOTONIC, {174, 834458383}) = 0
19:19:16.550147,1023,write(29, "W", 1) = 1
19:19:16.550973,1023,ioctl(9, 0xc0186201, 0xbee6cf10) = 0
19:19:16.552828,1023,clock_gettime(CLOCK_MONOTONIC, {174, 837779364}) = 0
19:19:16.556742,1023,clock_gettime(CLOCK_MONOTONIC, {174, 841708438}) = 0
19:19:16.557495,1023,ioctl(9, 0xc0186201, 0xbee6d0c8) = 0
19:19:16.559136,1023,getpid() = 1023
19:19:16.581149,1023,getuid32() = 10050
19:19:16.581807,1023,epoll_wait(0x1e, 0xbee6d1f8, 0x10, 0) = 2
19:19:16.582384,1023,read(23, "WW", 16) = 2
19:19:16.583038,1023,recvfrom(37, "nysv\0\0\0\0\\\2\32´(\0\0\0\223\6\0\0\224Â'¸", 24, MSG_DONTWAIT, NULL, NULL) = 24
19:19:16.583762,1023,recvfrom(37, 0xbee6c828, 24, 64, 0, 0) = -1 EAGAIN (Try again)
19:19:16.584336,1023,clock_gettime(CLOCK_MONOTONIC, {174, 869302987}) = 0
19:19:16.585043,1023,clock_gettime(CLOCK_MONOTONIC, {174, 869971648}) = 0
19:19:16.585683,1023,clock_gettime(CLOCK_MONOTONIC, {174, 870610730}) = 0
19:19:16.586333,1023,clock_gettime(CLOCK_MONOTONIC, {174, 871298670}) = 0
19:19:16.586982,1023,recvfrom(38, 0xb88738b0, 1240, 64, 0, 0) = -1 EAGAIN (Try again)
19:19:16.587584,1023,clock_gettime(CLOCK_MONOTONIC, {174, 872511410}) = 0
19:19:16.588175,1023,clock_gettime(CLOCK_MONOTONIC, {174, 873125188}) = 0
19:19:16.588864,1023,getpid() = 1023
19:19:16.589395,1023,getuid32() = 10050
19:19:16.591712,1023,epoll_wait(0x1e, 0xbee6d1f8, 0x10, 0) = 0
19:19:16.592277,1023,clock_gettime(CLOCK_MONOTONIC, {174, 877245098}) = 0
19:19:16.592921,1023,ioctl(9, 0xc0186201, 0xbee6d328) = 0
19:19:16.593537,1023,epoll_wait(0x1e, 0xbee6d1f8, 0x10, 0x2d) = 0
19:19:16.648282,1023,clock_gettime(CLOCK_MONOTONIC, {174, 933289895}) = 0
19:19:16.649012,1023,clock_gettime(CLOCK_MONOTONIC, {174, 933995895}) = 0
19:19:16.649732,1023,recvfrom(37, 0xbee6c9a8, 24, 64, 0, 0) = -1 EAGAIN (Try again)
19:19:16.650291,1023,ioctl(9, 0xc0186201, 0xbee6d178) = 0
19:19:16.651209,1023,getpid() = 1023
19:19:16.651898,1023,getuid32() = 10050
19:19:16.652640,1023,epoll_wait(0x1e, 0xbee6d1f8, 0x10, 0) = 0
19:19:16.653366,1023,clock_gettime(CLOCK_MONOTONIC, {174, 938326020}) = 0
19:19:16.654052,1023,epoll_wait(0x1e, 0xbee6d1f8, 0x10, 0xffffffff) = 1
19:19:16.655446,1023,recvfrom(37, "nysv\0\0\0\0\222k2»(\0\0\0\225\6\0\0\224Â'¸", 24, MSG_DONTWAIT, NULL, NULL) = 24
19:19:16.694147,1023,recvfrom(37, 0xbee6c828, 24, 64, 0, 0) = -1 EAGAIN (Try again)
19:19:16.694889,1023,clock_gettime(CLOCK_MONOTONIC, {174, 979894910}) = 0
19:19:16.695643,1023,write(29, "W", 1) = 1
19:19:16.696294,1023,clock_gettime(CLOCK_MONOTONIC, {174, 981293496}) = 0
19:19:16.696967,1023,clock_gettime(CLOCK_MONOTONIC, {174, 981894088}) = 0
19:19:16.697613,1023,clock_gettime(CLOCK_MONOTONIC, {174, 982541151}) = 0
19:19:16.698264,1023,clock_gettime(CLOCK_MONOTONIC, {174, 983246629}) = 0
19:19:16.699145,1023,clock_gettime(CLOCK_MONOTONIC, {174, 984073611}) = 0
19:19:16.699797,1023,clock_gettime(CLOCK_MONOTONIC, {174, 984724527}) = 0
19:19:16.700466,1023,recvfrom(37, 0xbee6c9a8, 24, 64, 0, 0) = -1 EAGAIN (Try again)
19:19:16.719557,1023,ioctl(9, 0xc0186201, 0xbee6d178) = 0
19:19:16.721500,1023,clock_gettime(CLOCK_MONOTONIC, {175, 6523104}) = 0
19:19:16.722324,1023,clock_gettime(CLOCK_MONOTONIC, {175, 7302095}) = 0
19:19:16.722989,1023,clock_gettime(CLOCK_MONOTONIC, {175, 7923401}) = 0
19:19:16.723645,1023,clock_gettime(CLOCK_MONOTONIC, {175, 8581777}) = 0
19:19:16.724293,1023,clock_gettime(CLOCK_MONOTONIC, {175, 9265784}) = 0
19:19:16.724971,1023,write(29, "W", 1) = 1
19:19:16.725820,1023,ioctl(9, 0xc0186201, 0xbee6cf10) = 0
19:19:16.726667,1023,ioctl(9, 0xc0186201, 0xbee6cf10) = 0
19:19:16.728076,1023,clock_gettime(CLOCK_MONOTONIC, {175, 13039949}) = 0
19:19:16.731603,1023,clock_gettime(CLOCK_MONOTONIC, {175, 16544498}) = 0
19:19:16.732239,1023,ioctl(9, 0xc0186201, 0xbee6d0c8) = 0
19:19:16.733141,1023,ioctl(9, 0xc0186201, 0xbee6d0c8) = 0
19:19:16.733856,1023,getpid() = 1023
19:19:16.734426,1023,getuid32() = 10050
19:19:16.735053,1023,epoll_wait(0x1e, 0xbee6d1f8, 0x10, 0) = 1
19:19:16.735637,1023,read(23, "WW", 16) = 2
19:19:16.736302,1023,clock_gettime(CLOCK_MONOTONIC, {175, 21274991}) = 0
19:19:16.736962,1023,ioctl(9, 0xc0186201, 0xbee6d328) = 0
19:19:16.737569,1023,epoll_wait(0x1e, 0xbee6d1f8, 0x10, 0x4d) = 1
19:19:16.816147,1023,recvfrom(37, "nysv\0\0\0\0F\34Q¿(\0\0\0\226\6\0\0\224Â'¸", 24, MSG_DONTWAIT, NULL, NULL) = 24
19:19:16.817087,1023,recvfrom(37, 0xbee6c828, 24, 64, 0, 0) = -1 EAGAIN (Try again)
19:19:16.817780,1023,clock_gettime(CLOCK_MONOTONIC, {175, 102711461}) = 0
19:19:16.818479,1023,write(29, "W", 1) = 1
19:19:16.819297,1023,clock_gettime(CLOCK_MONOTONIC, {175, 104326373}) = 0
19:19:16.820062,1023,clock_gettime(CLOCK_MONOTONIC, {175, 104991632}) = 0
19:19:16.820724,1023,clock_gettime(CLOCK_MONOTONIC, {175, 105659710}) = 0
19:19:16.821391,1023,recvfrom(38, 0xb88738b0, 1240, 64, 0, 0) = -1 EAGAIN (Try again)
19:19:16.822005,1023,clock_gettime(CLOCK_MONOTONIC, {175, 106972845}) = 0
19:19:16.822996,1023,clock_gettime(CLOCK_MONOTONIC, {175, 107926892}) = 0
19:19:16.823745,1023,clock_gettime(CLOCK_MONOTONIC, {175, 108687680}) = 0
19:19:16.824490,1023,recvfrom(37, 0xbee6c9a8, 24, 64, 0, 0) = -1 EAGAIN (Try again)
19:19:16.825105,1023,ioctl(9, 0xc0186201, 0xbee6d178) = 0
19:19:16.825968,1023,clock_gettime(CLOCK_MONOTONIC, {175, 111454731}) = 0
19:19:16.838691,1023,clock_gettime(CLOCK_MONOTONIC, {175, 123632414}) = 0
19:19:16.839310,1023,clock_gettime(CLOCK_MONOTONIC, {175, 124295691}) = 0
19:19:16.839965,1023,clock_gettime(CLOCK_MONOTONIC, {175, 124894091}) = 0
19:19:16.840711,1023,clock_gettime(CLOCK_MONOTONIC, {175, 125640780}) = 0
19:19:16.841657,1023,ioctl(9, 0xc0186201, 0xbee6cf10) = 0
19:19:16.842834,1023,ioctl(9, 0xc0186201, 0xbee6cf10) = 0
19:19:16.844202,1023,clock_gettime(CLOCK_MONOTONIC, {175, 129200816}) = 0
19:19:16.856702,1023,clock_gettime(CLOCK_MONOTONIC, {175, 142956373}) = 0
19:19:16.876075,1023,ioctl(9, 0xc0186201, 0xbee6d0c8) = 0
19:19:16.877316,1023,getpid() = 1023
19:19:16.877872,1023,getuid32() = 10050
19:19:16.878461,1023,epoll_wait(0x1e, 0xbee6d1f8, 0x10, 0) = 2
19:19:16.879022,1023,read(23, "W", 16) = 1
19:19:16.879626,1023,recvfrom(37, "nysv\0\0\0\0T%\177Å(\0\0\0\227\6\0\0\224Â'¸", 24, MSG_DONTWAIT, NULL, NULL) = 24
19:19:16.880307,1023,recvfrom(37, 0xbee6c828, 24, 64, 0, 0) = -1 EAGAIN (Try again)
19:19:16.880922,1023,clock_gettime(CLOCK_MONOTONIC, {175, 165909452}) = 0
19:19:16.881683,1023,clock_gettime(CLOCK_MONOTONIC, {175, 166611734}) = 0
19:19:16.882371,1023,getpid() = 1023
19:19:16.882892,1023,getuid32() = 10050
19:19:16.883525,1023,epoll_wait(0x1e, 0xbee6d1f8, 0x10, 0) = 0
19:19:16.884061,1023,clock_gettime(CLOCK_MONOTONIC, {175, 168987051}) = 0
19:19:16.884691,1023,clock_gettime(CLOCK_MONOTONIC, {175, 169618201}) = 0
19:19:16.885277,1023,clock_gettime(CLOCK_MONOTONIC, {175, 170242285}) = 0
19:19:16.885922,1023,recvfrom(38, 0xb88738b0, 1240, 64, 0, 0) = -1 EAGAIN (Try again)
19:19:16.886521,1023,clock_gettime(CLOCK_MONOTONIC, {175, 171447756}) = 0
19:19:16.887110,1023,clock_gettime(CLOCK_MONOTONIC, {175, 172036570}) = 0
19:19:16.887738,1023,getpid() = 1023
19:19:16.888242,1023,getuid32() = 10050
19:19:16.888812,1023,epoll_wait(0x1e, 0xbee6d1f8, 0x10, 0) = 0
19:19:16.889386,1023,clock_gettime(CLOCK_MONOTONIC, {175, 174329434}) = 0
19:19:16.890053,1023,ioctl(9, 0xc0186201, 0xbee6d328) = 0
19:19:16.890637,1023,epoll_wait(0x1e, 0xbee6d1f8, 0x10, 0x27) = 0
19:19:16.938355,1023,clock_gettime(CLOCK_MONOTONIC, {175, 223321210}) = 0
19:19:16.939047,1023,clock_gettime(CLOCK_MONOTONIC, {175, 223991817}) = 0
19:19:16.939729,1023,recvfrom(37, 0xbee6c9a8, 24, 64, 0, 0) = -1 EAGAIN (Try again)
19:19:16.940370,1023,ioctl(9, 0xc0186201, 0xbee6d178) = 0
19:19:16.941288,1023,getpid() = 1023
19:19:16.941980,1023,getuid32() = 10050
19:19:16.942630,1023,epoll_wait(0x1e, 0xbee6d1f8, 0x10, 0) = 0
19:19:16.943207,1023,clock_gettime(CLOCK_MONOTONIC, {175, 228155394}) = 0
19:19:16.943965,1023,epoll_wait(0x1e, 0xbee6d1f8, 0x10, 0xffffffff) = 1
19:19:16.944864,1023,recvfrom(37, "nysv\0\0\0\0\200ö\\Ì(\0\0\0\231\6\0\0\224Â'¸", 24, MSG_DONTWAIT, NULL, NULL) = 24
19:19:16.945651,1023,recvfrom(37, 0xbee6c828, 24, 64, 0, 0) = -1 EAGAIN (Try again)
19:19:16.946275,1023,clock_gettime(CLOCK_MONOTONIC, {175, 231224104}) = 0
19:19:16.946946,1023,write(29, "W", 1) = 1
19:19:16.947639,1023,clock_gettime(CLOCK_MONOTONIC, {175, 232582325}) = 0
19:19:16.948289,1023,clock_gettime(CLOCK_MONOTONIC, {175, 233238730}) = 0
19:19:16.948938,1023,clock_gettime(CLOCK_MONOTONIC, {175, 233879509}) = 0
19:19:16.949585,1023,clock_gettime(CLOCK_MONOTONIC, {175, 234527951}) = 0
19:19:16.950486,1023,clock_gettime(CLOCK_MONOTONIC, {175, 235429803}) = 0
19:19:16.951147,1023,clock_gettime(CLOCK_MONOTONIC, {175, 236089261}) = 0
19:19:16.951815,1023,recvfrom(37, 0xbee6c9a8, 24, 64, 0, 0) = -1 EAGAIN (Try again)
19:19:16.952414,1023,ioctl(9, 0xc0186201, 0xbee6d178) = 0
19:19:16.953237,1023,clock_gettime(CLOCK_MONOTONIC, {175, 238238774}) = 0
19:19:16.953965,1023,clock_gettime(CLOCK_MONOTONIC, {175, 238909023}) = 0
19:19:16.954621,1023,clock_gettime(CLOCK_MONOTONIC, {175, 239562561}) = 0
19:19:16.955265,1023,clock_gettime(CLOCK_MONOTONIC, {175, 240212054}) = 0
19:19:16.955939,1023,clock_gettime(CLOCK_MONOTONIC, {175, 240880433}) = 0
19:19:16.956609,1023,write(29, "W", 1) = 1
19:19:16.957425,1023,ioctl(9, 0xc0186201, 0xbee6cf10) = 0
19:19:16.958243,1023,ioctl(9, 0xc0186201, 0xbee6cf10) = 0
19:19:16.959581,1023,clock_gettime(CLOCK_MONOTONIC, {175, 244527026}) = 0
19:19:16.987788,1023,clock_gettime(CLOCK_MONOTONIC, {175, 272782441}) = 0
19:19:16.988543,1023,ioctl(9, 0xc0186201, 0xbee6d0c8) = 0
19:19:16.989351,1023,ioctl(9, 0xc0186201, 0xbee6d0c8) = 0
19:19:16.990541,1023,getpid() = 1023
19:19:16.991122,1023,getuid32() = 10050
19:19:16.991752,1023,epoll_wait(0x1e, 0xbee6d1f8, 0x10, 0) = 2
19:19:16.992364,1023,read(23, "WW", 16) = 2
19:19:16.993006,1023,recvfrom(37, "nysv\0\0\0\0\212\216\227Ì(\0\0\0\232\6\0\0\224Â'¸", 24, MSG_DONTWAIT, NULL, NULL) = 24
19:19:16.993811,1023,recvfrom(37, 0xbee6c828, 24, 64, 0, 0) = -1 EAGAIN (Try again)
19:19:16.994467,1023,clock_gettime(CLOCK_MONOTONIC, {175, 279417177}) = 0
19:19:16.995210,1023,clock_gettime(CLOCK_MONOTONIC, {175, 280167185}) = 0
19:19:16.995897,1023,clock_gettime(CLOCK_MONOTONIC, {175, 280848629}) = 0
19:19:16.996573,1023,clock_gettime(CLOCK_MONOTONIC, {175, 281523765}) = 0
19:19:16.997267,1023,recvfrom(38, 0xb88738b0, 1240, 64, 0, 0) = -1 EAGAIN (Try again)
19:19:16.997912,1023,clock_gettime(CLOCK_MONOTONIC, {175, 282862382}) = 0
19:19:16.998589,1023,clock_gettime(CLOCK_MONOTONIC, {175, 283539306}) = 0
19:19:16.999260,1023,getpid() = 1023
19:19:17.021755,1023,getuid32() = 10050
19:19:17.022422,1023,epoll_wait(0x1e, 0xbee6d1f8, 0x10, 0) = 0
19:19:17.023019,1023,clock_gettime(CLOCK_MONOTONIC, {175, 307961469}) = 0
19:19:17.023688,1023,ioctl(9, 0xc0186201, 0xbee6d328) = 0
19:19:17.024290,1023,epoll_wait(0x1e, 0xbee6d1f8, 0x10, 0x16) = 0
19:19:17.058199,1023,clock_gettime(CLOCK_MONOTONIC, {175, 343171386}) = 0
19:19:17.058900,1023,clock_gettime(CLOCK_MONOTONIC, {175, 343843655}) = 0
19:19:17.059580,1023,recvfrom(37, 0xbee6c9a8, 24, 64, 0, 0) = -1 EAGAIN (Try again)
19:19:17.060190,1023,ioctl(9, 0xc0186201, 0xbee6d178) = 0
19:19:17.061501,1023,getpid() = 1023
19:19:17.062177,1023,getuid32() = 10050
19:19:17.062806,1023,epoll_wait(0x1e, 0xbee6d1f8, 0x10, 0) = 0
19:19:17.063416,1023,clock_gettime(CLOCK_MONOTONIC, {175, 348411328}) = 0
19:19:17.064167,1023,epoll_wait(0x1e, 0xbee6d1f8, 0x10, 0xffffffff) = 1
19:19:17.066917,1023,recvfrom(37, "nysv\0\0\0\0À÷¯Ó(\0\0\0\234\6\0\0\224Â'¸", 24, MSG_DONTWAIT, NULL, NULL) = 24
19:19:17.067753,1023,recvfrom(37, 0xbee6c828, 24, 64, 0, 0) = -1 EAGAIN (Try again)
19:19:17.068433,1023,clock_gettime(CLOCK_MONOTONIC, {175, 353375591}) = 0
19:19:17.069117,1023,write(29, "W", 1) = 1
19:19:17.069858,1023,clock_gettime(CLOCK_MONOTONIC, {175, 354808522}) = 0
19:19:17.070547,1023,clock_gettime(CLOCK_MONOTONIC, {175, 355672722}) = 0
19:19:17.071494,1023,clock_gettime(CLOCK_MONOTONIC, {175, 356438922}) = 0
19:19:17.072150,1023,clock_gettime(CLOCK_MONOTONIC, {175, 357091219}) = 0
19:19:17.073057,1023,clock_gettime(CLOCK_MONOTONIC, {175, 357998987}) = 0
19:19:17.073725,1023,clock_gettime(CLOCK_MONOTONIC, {175, 358666355}) = 0
19:19:17.074485,1023,recvfrom(37, 0xbee6c9a8, 24, 64, 0, 0) = -1 EAGAIN (Try again)
19:19:17.075214,1023,ioctl(9, 0xc0186201, 0xbee6d178) = 0
19:19:17.076098,1023,clock_gettime(CLOCK_MONOTONIC, {175, 361108616}) = 0
19:19:17.088379,1023,clock_gettime(CLOCK_MONOTONIC, {175, 373330936}) = 0
19:19:17.089043,1023,clock_gettime(CLOCK_MONOTONIC, {175, 373985306}) = 0
19:19:17.089698,1023,clock_gettime(CLOCK_MONOTONIC, {175, 374639594}) = 0
19:19:17.090423,1023,clock_gettime(CLOCK_MONOTONIC, {175, 375365179}) = 0
19:19:17.091091,1023,write(29, "W", 1) = 1
19:19:17.091983,1023,ioctl(9, 0xc0186201, 0xbee6cf10) = 0
19:19:17.093279,1023,ioctl(9, 0xc0186201, 0xbee6cf10) = 0
19:19:17.094687,1023,clock_gettime(CLOCK_MONOTONIC, {175, 379634057}) = 0
19:19:17.098159,1023,clock_gettime(CLOCK_MONOTONIC, {175, 383114188}) = 0
19:19:17.098831,1023,ioctl(9, 0xc0186201, 0xbee6d0c8) = 0
19:19:17.099632,1023,ioctl(9, 0xc0186201, 0xbee6d0c8) = 0
19:19:17.100613,1023,getpid() = 1023
19:19:17.101167,1023,getuid32() = 10050
19:19:17.101764,1023,epoll_wait(0x1e, 0xbee6d1f8, 0x10, 0) = 2
19:19:17.102345,1023,read(23, "WW", 16) = 2
19:19:17.102956,1023,recvfrom(37, "nysv\0\0\0\0Þ¿_Ô(\0\0\0\235\6\0\0\224Â'¸", 24, MSG_DONTWAIT, NULL, NULL) = 24
19:19:17.103698,1023,recvfrom(37, 0xbee6c828, 24, 64, 0, 0) = -1 EAGAIN (Try again)
19:19:17.104313,1023,clock_gettime(CLOCK_MONOTONIC, {175, 389260877}) = 0
19:19:17.105020,1023,clock_gettime(CLOCK_MONOTONIC, {175, 389962454}) = 0
19:19:17.105678,1023,clock_gettime(CLOCK_MONOTONIC, {175, 390619730}) = 0
19:19:17.106317,1023,clock_gettime(CLOCK_MONOTONIC, {175, 391264329}) = 0
19:19:17.106983,1023,recvfrom(38, 0xb88738b0, 1240, 64, 0, 0) = -1 EAGAIN (Try again)
19:19:17.107598,1023,clock_gettime(CLOCK_MONOTONIC, {175, 392538676}) = 0
19:19:17.108240,1023,clock_gettime(CLOCK_MONOTONIC, {175, 393187413}) = 0
19:19:17.126584,1023,getpid() = 1023
19:19:17.127196,1023,getuid32() = 10050
19:19:17.127817,1023,epoll_wait(0x1e, 0xbee6d1f8, 0x10, 0) = 0
19:19:17.128415,1023,clock_gettime(CLOCK_MONOTONIC, {175, 413359372}) = 0
19:19:17.129077,1023,ioctl(9, 0xc0186201, 0xbee6d328) = 0
19:19:17.129686,1023,epoll_wait(0x1e, 0xbee6d1f8, 0x10, 0x33) = 0
19:19:17.213999,1023,clock_gettime(CLOCK_MONOTONIC, {175, 498960378}) = 0
19:19:17.214696,1023,clock_gettime(CLOCK_MONOTONIC, {175, 499640923}) = 0
19:19:17.215376,1023,recvfrom(37, 0xbee6c9a8, 24, 64, 0, 0) = -1 EAGAIN (Try again)
19:19:17.215989,1023,ioctl(9, 0xc0186201, 0xbee6d178) = 0
19:19:17.216870,1023,getpid() = 1023
19:19:17.217551,1023,getuid32() = 10050
19:19:17.218150,1023,epoll_wait(0x1e, 0xbee6d1f8, 0x10, 0) = 0
19:19:17.218734,1023,clock_gettime(CLOCK_MONOTONIC, {175, 503675853}) = 0
19:19:17.219399,1023,epoll_wait(0x1e, 0xbee6d1f8, 0x10, 0xffffffff) = 1
19:19:17.223940,1023,recvfrom(37, "nysv\0\0\0\0P¹×Ü(\0\0\0\237\6\0\0\224Â'¸", 24, MSG_DONTWAIT, NULL, NULL) = 24
19:19:17.224698,1023,recvfrom(37, 0xbee6c828, 24, 64, 0, 0) = -1 EAGAIN (Try again)
19:19:17.225323,1023,clock_gettime(CLOCK_MONOTONIC, {175, 510271518}) = 0
19:19:17.226001,1023,write(29, "W", 1) = 1
19:19:17.226697,1023,clock_gettime(CLOCK_MONOTONIC, {175, 511640619}) = 0
19:19:17.227356,1023,clock_gettime(CLOCK_MONOTONIC, {175, 512298943}) = 0
19:19:17.227998,1023,clock_gettime(CLOCK_MONOTONIC, {175, 512939251}) = 0
19:19:17.228646,1023,clock_gettime(CLOCK_MONOTONIC, {175, 513613932}) = 0
19:19:17.229576,1023,clock_gettime(CLOCK_MONOTONIC, {175, 514519939}) = 0
19:19:17.230238,1023,clock_gettime(CLOCK_MONOTONIC, {175, 515187169}) = 0
19:19:17.235869,1023,recvfrom(37, 0xbee6c9a8, 24, 64, 0, 0) = -1 EAGAIN (Try again)
19:19:17.236532,1023,ioctl(9, 0xc0186201, 0xbee6d178) = 0
19:19:17.237386,1023,clock_gettime(CLOCK_MONOTONIC, {175, 522345715}) = 0
19:19:17.238147,1023,clock_gettime(CLOCK_MONOTONIC, {175, 523119585}) = 0
19:19:17.238882,1023,clock_gettime(CLOCK_MONOTONIC, {175, 523857906}) = 0
19:19:17.239571,1023,clock_gettime(CLOCK_MONOTONIC, {175, 524513072}) = 0
19:19:17.240263,1023,clock_gettime(CLOCK_MONOTONIC, {175, 525218662}) = 0
19:19:17.240967,1023,write(29, "W", 1) = 1
19:19:17.241834,1023,ioctl(9, 0xc0186201, 0xbee6cf10) = 0
19:19:17.242831,1023,ioctl(9, 0xc0186201, 0xbee6cf10) = 0
19:19:17.244170,1023,clock_gettime(CLOCK_MONOTONIC, {175, 529124876}) = 0
19:19:17.260446,1023,clock_gettime(CLOCK_MONOTONIC, {175, 545434937}) = 0
19:19:17.261185,1023,ioctl(9, 0xc0186201, 0xbee6d0c8) = 0
19:19:17.306407,1023,ioctl(9, 0xc0186201, 0xbee6d0c8) = 0
19:19:17.307186,1023,getpid() = 1023
19:19:17.307775,1023,getuid32() = 10050
19:19:17.308427,1023,epoll_wait(0x1e, 0xbee6d1f8, 0x10, 0) = 2
19:19:17.309034,1023,read(23, "WW", 16) = 2
19:19:17.309679,1023,recvfrom(37, "nysv\0\0\0\0 y¬Þ(\0\0\0 \6\0\0\224Â'¸", 24, MSG_DONTWAIT, NULL, NULL) = 24
19:19:17.310455,1023,recvfrom(37, 0xbee6c828, 24, 64, 0, 0) = -1 EAGAIN (Try again)
19:19:17.311108,1023,clock_gettime(CLOCK_MONOTONIC, {175, 596059203}) = 0
19:19:17.319711,1023,clock_gettime(CLOCK_MONOTONIC, {175, 604891932}) = 0
19:19:17.320646,1023,clock_gettime(CLOCK_MONOTONIC, {175, 605626852}) = 0
19:19:17.321344,1023,clock_gettime(CLOCK_MONOTONIC, {175, 606288064}) = 0
19:19:17.322047,1023,recvfrom(38, 0xb88738b0, 1240, 64, 0, 0) = -1 EAGAIN (Try again)
19:19:17.322717,1023,clock_gettime(CLOCK_MONOTONIC, {175, 607697665}) = 0
19:19:17.323407,1023,clock_gettime(CLOCK_MONOTONIC, {175, 608349396}) = 0
19:19:17.324066,1023,getpid() = 1023
19:19:17.324645,1023,getuid32() = 10050
19:19:17.325261,1023,epoll_wait(0x1e, 0xbee6d1f8, 0x10, 0) = 0
19:19:17.325880,1023,clock_gettime(CLOCK_MONOTONIC, {175, 610829397}) = 0
19:19:17.326565,1023,ioctl(9, 0xc0186201, 0xbee6d328) = 0
19:19:17.336762,1023,epoll_wait(0x1e, 0xbee6d1f8, 0x10, 0x4) = 0
19:19:17.346385,1063,<... select resumed> ) = 0 (Timeout)
19:19:17.346711,1063,sendto(47, "Gò\1\0\0\1\0\0\0\0\0\0\6client\nmustmobile\3c"..., 39, 0, NULL, 0) = 39
19:19:17.347636,1063,clock_gettime(CLOCK_REALTIME, {1738783157, 347826746}) = 0
19:19:17.348231,1063,clock_gettime(CLOCK_REALTIME, {1738783157, 348422052}) = 0
19:19:17.348823,1063,select(48, [47], NULL, NULL, {4, 999405} <unfinished ...>
19:19:17.357996,1023,clock_gettime(CLOCK_MONOTONIC, {175, 642957761}) = 0
19:19:17.358694,1023,clock_gettime(CLOCK_MONOTONIC, {175, 643637353}) = 0
19:19:17.359371,1023,recvfrom(37, 0xbee6c9a8, 24, 64, 0, 0) = -1 EAGAIN (Try again)
19:19:17.359979,1023,ioctl(9, 0xc0186201, 0xbee6d178) = 0
19:19:17.361164,1023,getpid() = 1023
19:19:17.361733,1023,getuid32() = 10050
19:19:17.362325,1023,epoll_wait(0x1e, 0xbee6d1f8, 0x10, 0) = 0
19:19:17.362908,1023,clock_gettime(CLOCK_MONOTONIC, {175, 647848728}) = 0
19:19:17.363573,1023,epoll_wait(0x1e, 0xbee6d1f8, 0x10, 0xffffffff) = 1
19:19:17.377546,1023,recvfrom(37, "nysv\0\0\0\0Â²Oå(\0\0\0¢\6\0\0\224Â'¸", 24, MSG_DONTWAIT, NULL, NULL) = 24
19:19:17.378303,1023,recvfrom(37, 0xbee6c828, 24, 64, 0, 0) = -1 EAGAIN (Try again)
19:19:17.378943,1023,clock_gettime(CLOCK_MONOTONIC, {175, 663886635}) = 0
19:19:17.379631,1023,write(29, "W", 1) = 1
19:19:17.380331,1023,clock_gettime(CLOCK_MONOTONIC, {175, 665280144}) = 0
19:19:17.381005,1023,clock_gettime(CLOCK_MONOTONIC, {175, 665948161}) = 0
19:19:17.381655,1023,clock_gettime(CLOCK_MONOTONIC, {175, 666597508}) = 0
19:19:17.382298,1023,clock_gettime(CLOCK_MONOTONIC, {175, 667246820}) = 0
19:19:17.383204,1023,clock_gettime(CLOCK_MONOTONIC, {175, 668178761}) = 0
19:19:17.383899,1023,clock_gettime(CLOCK_MONOTONIC, {175, 668842023}) = 0
19:19:17.385837,1023,recvfrom(37, 0xbee6c9a8, 24, 64, 0, 0) = -1 EAGAIN (Try again)
19:19:17.386473,1023,ioctl(9, 0xc0186201, 0xbee6d178) = 0
19:19:17.387444,1023,clock_gettime(CLOCK_MONOTONIC, {175, 672390022}) = 0
19:19:17.388123,1023,clock_gettime(CLOCK_MONOTONIC, {175, 673066658}) = 0
19:19:17.398286,1023,clock_gettime(CLOCK_MONOTONIC, {175, 683308589}) = 0
19:19:17.399055,1023,clock_gettime(CLOCK_MONOTONIC, {175, 683999578}) = 0
19:19:17.399745,1023,clock_gettime(CLOCK_MONOTONIC, {175, 684688470}) = 0
19:19:17.400424,1023,write(29, "W", 1) = 1
19:19:17.401253,1023,ioctl(9, 0xc0186201, 0xbee6cf10) = 0
19:19:17.402106,1023,ioctl(9, 0xc0186201, 0xbee6cf10) = 0
19:19:17.403458,1023,clock_gettime(CLOCK_MONOTONIC, {175, 688404892}) = 0
19:19:17.441861,1023,clock_gettime(CLOCK_MONOTONIC, {175, 726856778}) = 0
19:19:17.442619,1023,ioctl(9, 0xc0186201, 0xbee6d0c8) = 0
19:19:17.443846,1023,getpid() = 1023
19:19:17.444435,1023,getuid32() = 10050
19:19:17.445058,1023,epoll_wait(0x1e, 0xbee6d1f8, 0x10, 0) = 2
19:19:17.445669,1023,read(23, "WW", 16) = 2
19:19:17.446309,1023,recvfrom(37, "nysv\0\0\0\0\10Ûéæ(\0\0\0£\6\0\0\224Â'¸", 24, MSG_DONTWAIT, NULL, NULL) = 24
19:19:17.447082,1023,recvfrom(37, 0xbee6c828, 24, 64, 0, 0) = -1 EAGAIN (Try again)
19:19:17.447736,1023,clock_gettime(CLOCK_MONOTONIC, {175, 732688590}) = 0
19:19:17.448480,1023,clock_gettime(CLOCK_MONOTONIC, {175, 733431482}) = 0
19:19:17.449161,1023,clock_gettime(CLOCK_MONOTONIC, {175, 734116043}) = 0
19:19:17.449836,1023,clock_gettime(CLOCK_MONOTONIC, {175, 734784775}) = 0
19:19:17.450532,1023,recvfrom(38, 0xb88738b0, 1240, 64, 0, 0) = -1 EAGAIN (Try again)
19:19:17.451170,1023,clock_gettime(CLOCK_MONOTONIC, {175, 736126443}) = 0
19:19:17.451848,1023,clock_gettime(CLOCK_MONOTONIC, {175, 736797004}) = 0
19:19:17.452524,1023,getpid() = 1023
19:19:17.453096,1023,getuid32() = 10050
19:19:17.453708,1023,epoll_wait(0x1e, 0xbee6d1f8, 0x10, 0) = 0
19:19:17.454318,1023,clock_gettime(CLOCK_MONOTONIC, {175, 761630649}) = 0
19:19:17.477453,1023,ioctl(9, 0xc0186201, 0xbee6d328) = 0
19:19:17.478086,1023,epoll_wait(0x1e, 0xbee6d1f8, 0x10, 0x2) = 0
19:19:17.483634,1023,clock_gettime(CLOCK_MONOTONIC, {175, 768588358}) = 0
19:19:17.484302,1023,clock_gettime(CLOCK_MONOTONIC, {175, 769253771}) = 0
19:19:17.484979,1023,recvfrom(37, 0xbee6c9a8, 24, 64, 0, 0) = -1 EAGAIN (Try again)
19:19:17.485591,1023,ioctl(9, 0xc0186201, 0xbee6d178) = 0
19:19:17.486611,1023,getpid() = 1023
19:19:17.487164,1023,getuid32() = 10050
19:19:17.487756,1023,epoll_wait(0x1e, 0xbee6d1f8, 0x10, 0) = 0
19:19:17.488336,1023,clock_gettime(CLOCK_MONOTONIC, {175, 773277598}) = 0
19:19:17.488994,1023,epoll_wait(0x1e, 0xbee6d1f8, 0x10, 0xffffffff) = 1
19:19:17.492823,1023,recvfrom(37, "nysv\0\0\0\0\fLÝì(\0\0\0¥\6\0\0\224Â'¸", 24, MSG_DONTWAIT, NULL, NULL) = 24
19:19:17.493570,1023,recvfrom(37, 0xbee6c828, 24, 64, 0, 0) = -1 EAGAIN (Try again)
19:19:17.494192,1023,clock_gettime(CLOCK_MONOTONIC, {175, 779141357}) = 0
19:19:17.494866,1023,write(29, "W", 1) = 1
19:19:17.495560,1023,clock_gettime(CLOCK_MONOTONIC, {175, 780502293}) = 0
19:19:17.496210,1023,clock_gettime(CLOCK_MONOTONIC, {175, 781159577}) = 0
19:19:17.496858,1023,clock_gettime(CLOCK_MONOTONIC, {175, 781799710}) = 0
19:19:17.497506,1023,clock_gettime(CLOCK_MONOTONIC, {175, 782447195}) = 0
19:19:17.506226,1023,clock_gettime(CLOCK_MONOTONIC, {175, 791217406}) = 0
19:19:17.507050,1023,clock_gettime(CLOCK_MONOTONIC, {175, 791998658}) = 0
19:19:17.507772,1023,recvfrom(37, 0xbee6c9a8, 24, 64, 0, 0) = -1 EAGAIN (Try again)
19:19:17.508390,1023,ioctl(9, 0xc0186201, 0xbee6d178) = 0
19:19:17.509430,1023,clock_gettime(CLOCK_MONOTONIC, {175, 794446802}) = 0
19:19:17.510183,1023,clock_gettime(CLOCK_MONOTONIC, {175, 795255195}) = 0
19:19:17.511017,1023,clock_gettime(CLOCK_MONOTONIC, {175, 795959276}) = 0
19:19:17.511676,1023,clock_gettime(CLOCK_MONOTONIC, {175, 796654789}) = 0
19:19:17.512412,1023,clock_gettime(CLOCK_MONOTONIC, {175, 797363882}) = 0
19:19:17.513366,1023,write(29, "W", 1) = 1
19:19:17.514256,1023,ioctl(9, 0xc0186201, 0xbee6cf10) = 0
19:19:17.516762,1023,clock_gettime(CLOCK_MONOTONIC, {175, 801727998}) = 0
19:19:17.520642,1023,clock_gettime(CLOCK_MONOTONIC, {175, 805606825}) = 0
19:19:17.521356,1023,ioctl(9, 0xc0186201, 0xbee6d0c8) = 0
19:19:17.522597,1023,getpid() = 1023
19:19:17.523181,1023,getuid32() = 10050
19:19:17.546519,1023,epoll_wait(0x1e, 0xbee6d1f8, 0x10, 0) = 2
19:19:17.556926,1023,read(23, "WW", 16) = 2
19:19:17.557558,1023,recvfrom(37, "nysv\0\0\0\0HÜ<î(\0\0\0¦\6\0\0\224Â'¸", 24, MSG_DONTWAIT, NULL, NULL) = 24
19:19:17.558344,1023,recvfrom(37, 0xbee6c828, 24, 64, 0, 0) = -1 EAGAIN (Try again)
19:19:17.558974,1023,clock_gettime(CLOCK_MONOTONIC, {175, 843917385}) = 0
19:19:17.559712,1023,clock_gettime(CLOCK_MONOTONIC, {175, 844654410}) = 0
19:19:17.560372,1023,clock_gettime(CLOCK_MONOTONIC, {175, 845315175}) = 0
19:19:17.561015,1023,clock_gettime(CLOCK_MONOTONIC, {175, 845957447}) = 0
19:19:17.561801,1023,recvfrom(38, 0xb88738b0, 1240, 64, 0, 0) = -1 EAGAIN (Try again)
19:19:17.562432,1023,clock_gettime(CLOCK_MONOTONIC, {175, 847374343}) = 0
19:19:17.563075,1023,clock_gettime(CLOCK_MONOTONIC, {175, 848017339}) = 0
19:19:17.563725,1023,getpid() = 1023
19:19:17.564273,1023,getuid32() = 10050
19:19:17.564863,1023,epoll_wait(0x1e, 0xbee6d1f8, 0x10, 0) = 0
19:19:17.565453,1023,clock_gettime(CLOCK_MONOTONIC, {175, 850393892}) = 0
19:19:17.578700,1023,ioctl(9, 0xc0186201, 0xbee6d328) = 0
19:19:17.579374,1023,epoll_wait(0x1e, 0xbee6d1f8, 0x10, 0x24) = 0
19:19:17.624226,1023,clock_gettime(CLOCK_MONOTONIC, {175, 909192007}) = 0
19:19:17.624919,1023,clock_gettime(CLOCK_MONOTONIC, {175, 909863689}) = 0
19:19:17.625598,1023,recvfrom(37, 0xbee6c9a8, 24, 64, 0, 0) = -1 EAGAIN (Try again)
19:19:17.644396,1023,ioctl(9, 0xc0186201, 0xbee6d178) = 0
19:19:17.645365,1023,getpid() = 1023
19:19:17.646045,1023,getuid32() = 10050
19:19:17.646656,1023,epoll_wait(0x1e, 0xbee6d1f8, 0x10, 0) = 0
19:19:17.647236,1023,clock_gettime(CLOCK_MONOTONIC, {175, 932184575}) = 0
19:19:17.647907,1023,epoll_wait(0x1e, 0xbee6d1f8, 0x10, 0xffffffff) = 1
19:19:17.652569,1023,recvfrom(37, "nysv\0\0\0\0°=zö(\0\0\0¨\6\0\0\224Â'¸", 24, MSG_DONTWAIT, NULL, NULL) = 24
19:19:17.653471,1023,recvfrom(37, 0xbee6c828, 24, 64, 0, 0) = -1 EAGAIN (Try again)
19:19:17.654255,1023,clock_gettime(CLOCK_MONOTONIC, {175, 939231636}) = 0
19:19:17.654964,1023,write(29, "W", 1) = 1
19:19:17.655665,1023,clock_gettime(CLOCK_MONOTONIC, {175, 940608284}) = 0
19:19:17.656318,1023,clock_gettime(CLOCK_MONOTONIC, {175, 941265800}) = 0
19:19:17.656965,1023,clock_gettime(CLOCK_MONOTONIC, {175, 941905038}) = 0
19:19:17.657610,1023,clock_gettime(CLOCK_MONOTONIC, {175, 942552238}) = 0
19:19:17.658511,1023,clock_gettime(CLOCK_MONOTONIC, {175, 943454509}) = 0
19:19:17.659173,1023,clock_gettime(CLOCK_MONOTONIC, {175, 944121794}) = 0
19:19:17.659845,1023,recvfrom(37, 0xbee6c9a8, 24, 64, 0, 0) = -1 EAGAIN (Try again)
19:19:17.660446,1023,ioctl(9, 0xc0186201, 0xbee6d178) = 0
19:19:17.661280,1023,clock_gettime(CLOCK_MONOTONIC, {175, 946282265}) = 0
19:19:17.662009,1023,clock_gettime(CLOCK_MONOTONIC, {175, 946952841}) = 0
19:19:17.662664,1023,clock_gettime(CLOCK_MONOTONIC, {175, 947606235}) = 0
19:19:17.663308,1023,clock_gettime(CLOCK_MONOTONIC, {175, 948255897}) = 0
19:19:17.663982,1023,clock_gettime(CLOCK_MONOTONIC, {175, 948923312}) = 0
19:19:17.664652,1023,write(29, "W", 1) = 1
19:19:17.665468,1023,ioctl(9, 0xc0186201, 0xbee6cf10) = 0
19:19:17.666282,1023,ioctl(9, 0xc0186201, 0xbee6cf10) = 0
19:19:17.667608,1023,clock_gettime(CLOCK_MONOTONIC, {175, 952554917}) = 0
19:19:17.682408,1023,clock_gettime(CLOCK_MONOTONIC, {175, 967378897}) = 0
19:19:17.683105,1023,ioctl(9, 0xc0186201, 0xbee6d0c8) = 0
19:19:17.684238,1023,getpid() = 1023
19:19:17.684802,1023,getuid32() = 10050
19:19:17.685398,1023,epoll_wait(0x1e, 0xbee6d1f8, 0x10, 0) = 2
19:19:17.686000,1023,read(23, "WW", 16) = 2
19:19:17.686615,1023,recvfrom(37, "nysv\0\0\0\0Ämïö(\0\0\0©\6\0\0\224Â'¸", 24, MSG_DONTWAIT, NULL, NULL) = 24
19:19:17.687353,1023,recvfrom(37, 0xbee6c828, 24, 64, 0, 0) = -1 EAGAIN (Try again)
19:19:17.687967,1023,clock_gettime(CLOCK_MONOTONIC, {175, 972908606}) = 0
19:19:17.688677,1023,clock_gettime(CLOCK_MONOTONIC, {175, 973619801}) = 0
19:19:17.689327,1023,clock_gettime(CLOCK_MONOTONIC, {175, 974276715}) = 0
19:19:17.689974,1023,clock_gettime(CLOCK_MONOTONIC, {175, 974915523}) = 0
19:19:17.690641,1023,recvfrom(38, 0xb88738b0, 1240, 64, 0, 0) = -1 EAGAIN (Try again)
19:19:17.691250,1023,clock_gettime(CLOCK_MONOTONIC, {175, 976198425}) = 0
19:19:17.691899,1023,clock_gettime(CLOCK_MONOTONIC, {175, 976840077}) = 0
19:19:17.692546,1023,getpid() = 1023
19:19:17.693094,1023,getuid32() = 10050
19:19:17.693703,1023,epoll_wait(0x1e, 0xbee6d1f8, 0x10, 0) = 0
19:19:17.694285,1023,clock_gettime(CLOCK_MONOTONIC, {175, 979233534}) = 0
19:19:17.694940,1023,ioctl(9, 0xc0186201, 0xbee6d328) = 0
19:19:17.695538,1023,epoll_wait(0x1e, 0xbee6d1f8, 0x10, 0x3a) = 0
19:19:17.758103,1023,clock_gettime(CLOCK_MONOTONIC, {176, 43076845}) = 0
19:19:17.758828,1023,clock_gettime(CLOCK_MONOTONIC, {176, 43780134}) = 0
19:19:17.759536,1023,recvfrom(37, 0xbee6c9a8, 24, 64, 0, 0) = -1 EAGAIN (Try again)
19:19:17.760177,1023,ioctl(9, 0xc0186201, 0xbee6d178) = 0
19:19:17.761096,1023,getpid() = 1023
19:19:17.763133,1023,getuid32() = 10050
19:19:17.763755,1023,epoll_wait(0x1e, 0xbee6d1f8, 0x10, 0) = 0
19:19:17.764344,1023,clock_gettime(CLOCK_MONOTONIC, {176, 49287030}) = 0
19:19:17.765006,1023,epoll_wait(0x1e, 0xbee6d1f8, 0x10, 0xffffffff) = 1
19:19:17.777787,1023,recvfrom(37, "nysv\0\0\0\0Ü\16Xý(\0\0\0«\6\0\0\224Â'¸", 24, MSG_DONTWAIT, NULL, NULL) = 24
19:19:17.778569,1023,recvfrom(37, 0xbee6c828, 24, 64, 0, 0) = -1 EAGAIN (Try again)
19:19:17.779224,1023,clock_gettime(CLOCK_MONOTONIC, {176, 64180216}) = 0
19:19:17.779924,1023,write(29, "W", 1) = 1
19:19:17.780656,1023,clock_gettime(CLOCK_MONOTONIC, {176, 65988762}) = 0
19:19:17.781728,1023,clock_gettime(CLOCK_MONOTONIC, {176, 66680108}) = 0
19:19:17.782403,1023,clock_gettime(CLOCK_MONOTONIC, {176, 67352634}) = 0
19:19:17.783072,1023,clock_gettime(CLOCK_MONOTONIC, {176, 68021942}) = 0
19:19:17.784017,1023,clock_gettime(CLOCK_MONOTONIC, {176, 68967807}) = 0
19:19:17.784711,1023,clock_gettime(CLOCK_MONOTONIC, {176, 69663875}) = 0
19:19:17.785411,1023,recvfrom(37, 0xbee6c9a8, 24, 64, 0, 0) = -1 EAGAIN (Try again)
19:19:17.786036,1023,ioctl(9, 0xc0186201, 0xbee6d178) = 0
19:19:17.786928,1023,clock_gettime(CLOCK_MONOTONIC, {176, 71936891}) = 0
19:19:17.787691,1023,clock_gettime(CLOCK_MONOTONIC, {176, 72643362}) = 0
19:19:17.788373,1023,clock_gettime(CLOCK_MONOTONIC, {176, 73322632}) = 0
19:19:17.789044,1023,clock_gettime(CLOCK_MONOTONIC, {176, 73992777}) = 0
19:19:17.789745,1023,clock_gettime(CLOCK_MONOTONIC, {176, 74694562}) = 0
19:19:17.798272,1023,write(29, "W", 1) = 1
19:19:17.799198,1023,ioctl(9, 0xc0186201, 0xbee6cf10) = 0
19:19:17.800090,1023,ioctl(9, 0xc0186201, 0xbee6cf10) = 0
19:19:17.801450,1023,clock_gettime(CLOCK_MONOTONIC, {176, 86398409}) = 0
19:19:17.804961,1023,clock_gettime(CLOCK_MONOTONIC, {176, 89910760}) = 0
19:19:17.805630,1023,ioctl(9, 0xc0186201, 0xbee6d0c8) = 0
19:19:17.806394,1023,ioctl(9, 0xc0186201, 0xbee6d0c8) = 0
19:19:17.807368,1023,getpid() = 1023
19:19:17.807923,1023,getuid32() = 10050
19:19:17.808520,1023,epoll_wait(0x1e, 0xbee6d1f8, 0x10, 0) = 2
19:19:17.809094,1023,read(23, "WW", 16) = 2
19:19:17.809710,1023,recvfrom(37, "nysv\0\0\0\0\"7òþ(\0\0\0¬\6\0\0\224Â'¸", 24, MSG_DONTWAIT, NULL, NULL) = 24
19:19:17.810449,1023,recvfrom(37, 0xbee6c828, 24, 64, 0, 0) = -1 EAGAIN (Try again)
19:19:17.811062,1023,clock_gettime(CLOCK_MONOTONIC, {176, 96003475}) = 0
19:19:17.811766,1023,clock_gettime(CLOCK_MONOTONIC, {176, 96708418}) = 0
19:19:17.812420,1023,clock_gettime(CLOCK_MONOTONIC, {176, 97361973}) = 0
19:19:17.813083,1023,clock_gettime(CLOCK_MONOTONIC, {176, 98025257}) = 0
19:19:17.813749,1023,recvfrom(38, 0xb88738b0, 1240, 64, 0, 0) = -1 EAGAIN (Try again)
19:19:17.814364,1023,clock_gettime(CLOCK_MONOTONIC, {176, 99306358}) = 0
19:19:17.830054,1023,clock_gettime(CLOCK_MONOTONIC, {176, 115231785}) = 0
19:19:17.835637,1023,getpid() = 1023
19:19:17.836391,1023,getuid32() = 10050
19:19:17.837032,1023,epoll_wait(0x1e, 0xbee6d1f8, 0x10, 0) = 0
19:19:17.837657,1023,clock_gettime(CLOCK_MONOTONIC, {176, 122607772}) = 0
19:19:17.838350,1023,ioctl(9, 0xc0186201, 0xbee6d328) = 0
19:19:17.839201,1023,epoll_wait(0x1e, 0xbee6d1f8, 0x10, 0x28) = 0
19:19:17.881120,1023,clock_gettime(CLOCK_MONOTONIC, {176, 166132332}) = 0
19:19:17.881862,1023,clock_gettime(CLOCK_MONOTONIC, {176, 166822281}) = 0
19:19:17.882982,1023,recvfrom(37, 0xbee6c9a8, 24, 64, 0, 0) = -1 EAGAIN (Try again)
19:19:17.883628,1023,ioctl(9, 0xc0186201, 0xbee6d178) = 0
19:19:17.884544,1023,getpid() = 1023
19:19:17.885254,1023,getuid32() = 10050
19:19:17.885882,1023,epoll_wait(0x1e, 0xbee6d1f8, 0x10, 0) = 0
19:19:17.886493,1023,clock_gettime(CLOCK_MONOTONIC, {176, 171443647}) = 0
19:19:17.887182,1023,epoll_wait(0x1e, 0xbee6d1f8, 0x10, 0xffffffff) = 1
19:19:17.894439,1023,recvfrom(37, "nysv\0\0\0\0\34\20«\4)\0\0\0®\6\0\0\224Â'¸", 24, MSG_DONTWAIT, NULL, NULL) = 24
19:19:17.895218,1023,recvfrom(37, 0xbee6c828, 24, 64, 0, 0) = -1 EAGAIN (Try again)
19:19:17.895878,1023,clock_gettime(CLOCK_MONOTONIC, {176, 180829453}) = 0
19:19:17.896585,1023,write(29, "W", 1) = 1
19:19:17.897312,1023,clock_gettime(CLOCK_MONOTONIC, {176, 182269285}) = 0
19:19:17.897999,1023,clock_gettime(CLOCK_MONOTONIC, {176, 182949381}) = 0
19:19:17.898676,1023,clock_gettime(CLOCK_MONOTONIC, {176, 183626776}) = 0
19:19:17.899351,1023,clock_gettime(CLOCK_MONOTONIC, {176, 184301958}) = 0
19:19:17.900290,1023,clock_gettime(CLOCK_MONOTONIC, {176, 185247661}) = 0
19:19:17.900988,1023,clock_gettime(CLOCK_MONOTONIC, {176, 185939043}) = 0
19:19:17.901689,1023,recvfrom(37, 0xbee6c9a8, 24, 64, 0, 0) = -1 EAGAIN (Try again)
19:19:17.902312,1023,ioctl(9, 0xc0186201, 0xbee6d178) = 0
19:19:17.906200,1023,clock_gettime(CLOCK_MONOTONIC, {176, 191178736}) = 0
19:19:17.906946,1023,clock_gettime(CLOCK_MONOTONIC, {176, 191899027}) = 0
19:19:17.907634,1023,clock_gettime(CLOCK_MONOTONIC, {176, 192586430}) = 0
19:19:17.908554,1023,clock_gettime(CLOCK_MONOTONIC, {176, 193554129}) = 0
19:19:17.909300,1023,clock_gettime(CLOCK_MONOTONIC, {176, 194251252}) = 0
19:19:17.909979,1023,write(29, "W", 1) = 1
19:19:17.910816,1023,ioctl(9, 0xc0186201, 0xbee6cf10) = 0
19:19:17.911655,1023,ioctl(9, 0xc0186201, 0xbee6cf10) = 0
19:19:17.913139,1023,clock_gettime(CLOCK_MONOTONIC, {176, 198163038}) = 0
19:19:17.930294,1023,clock_gettime(CLOCK_MONOTONIC, {176, 215314265}) = 0
19:19:17.931023,1023,ioctl(9, 0xc0186201, 0xbee6d0c8) = 0
19:19:17.932204,1023,getpid() = 1023
19:19:17.933013,1023,getuid32() = 10050
19:19:17.933695,1023,epoll_wait(0x1e, 0xbee6d1f8, 0x10, 0) = 2
19:19:17.934254,1023,read(23, "WW", 16) = 2
19:19:17.955965,1023,recvfrom(37, "nysv\0\0\0\0000@ \5)\0\0\0¯\6\0\0\224Â'¸", 24, MSG_DONTWAIT, NULL, NULL) = 24
19:19:17.975171,1023,recvfrom(37, 0xbee6c828, 24, 64, 0, 0) = -1 EAGAIN (Try again)
19:19:17.975837,1023,clock_gettime(CLOCK_MONOTONIC, {176, 260766597}) = 0
19:19:17.976558,1023,clock_gettime(CLOCK_MONOTONIC, {176, 261488099}) = 0
19:19:17.977164,1023,clock_gettime(CLOCK_MONOTONIC, {176, 262118087}) = 0
19:19:17.977798,1023,clock_gettime(CLOCK_MONOTONIC, {176, 262725811}) = 0
19:19:17.978452,1023,recvfrom(38, 0xb88738b0, 1240, 64, 0, 0) = -1 EAGAIN (Try again)
19:19:17.979016,1023,clock_gettime(CLOCK_MONOTONIC, {176, 263944417}) = 0
19:19:17.979646,1023,clock_gettime(CLOCK_MONOTONIC, {176, 264573306}) = 0
19:19:17.980239,1023,getpid() = 1023
19:19:17.980782,1023,getuid32() = 10050
19:19:17.981323,1023,epoll_wait(0x1e, 0xbee6d1f8, 0x10, 0) = 0
19:19:17.986258,1023,clock_gettime(CLOCK_MONOTONIC, {176, 271349896}) = 0
19:19:17.987157,1023,ioctl(9, 0xc0186201, 0xbee6d328) = 0
19:19:17.987826,1023,epoll_wait(0x1e, 0xbee6d1f8, 0x10, 0xb) = 0
19:19:17.999781,1023,clock_gettime(CLOCK_MONOTONIC, {176, 284720988}) = 0
19:19:18.000461,1023,clock_gettime(CLOCK_MONOTONIC, {176, 285385421}) = 0
19:19:18.001075,1023,recvfrom(37, 0xbee6c9a8, 24, 64, 0, 0) = -1 EAGAIN (Try again)
19:19:18.001689,1023,ioctl(9, 0xc0186201, 0xbee6d178) = 0
19:19:18.002809,1023,getpid() = 1023
19:19:18.003516,1023,getuid32() = 10050
19:19:18.004085,1023,epoll_wait(0x1e, 0xbee6d1f8, 0x10, 0) = 0
19:19:18.004694,1023,clock_gettime(CLOCK_MONOTONIC, {176, 289690007}) = 0
19:19:18.005429,1023,epoll_wait(0x1e, 0xbee6d1f8, 0x10, 0xffffffff) = 1
19:19:18.007573,1023,recvfrom(37, "nysv\0\0\0\0RyÃ\v)\0\0\0±\6\0\0\224Â'¸", 24, MSG_DONTWAIT, NULL, NULL) = 24
19:19:18.008301,1023,recvfrom(37, 0xbee6c828, 24, 64, 0, 0) = -1 EAGAIN (Try again)
19:19:18.008928,1023,clock_gettime(CLOCK_MONOTONIC, {176, 293853617}) = 0
19:19:18.009595,1023,write(29, "W", 1) = 1
19:19:18.010229,1023,clock_gettime(CLOCK_MONOTONIC, {176, 295649389}) = 0
19:19:18.011512,1023,clock_gettime(CLOCK_MONOTONIC, {176, 296490730}) = 0
19:19:18.012158,1023,clock_gettime(CLOCK_MONOTONIC, {176, 297111963}) = 0
19:19:18.012806,1023,clock_gettime(CLOCK_MONOTONIC, {176, 297731819}) = 0
19:19:18.013748,1023,clock_gettime(CLOCK_MONOTONIC, {176, 298675677}) = 0
19:19:18.014542,1023,clock_gettime(CLOCK_MONOTONIC, {176, 299559429}) = 0
19:19:18.015490,1023,recvfrom(37, 0xbee6c9a8, 24, 64, 0, 0) = -1 EAGAIN (Try again)
19:19:18.016045,1023,ioctl(9, 0xc0186201, 0xbee6d178) = 0
19:19:18.027776,1023,clock_gettime(CLOCK_MONOTONIC, {176, 312734814}) = 0
19:19:18.028505,1023,clock_gettime(CLOCK_MONOTONIC, {176, 313443343}) = 0
19:19:18.029137,1023,clock_gettime(CLOCK_MONOTONIC, {176, 314071967}) = 0
19:19:18.029769,1023,clock_gettime(CLOCK_MONOTONIC, {176, 314703392}) = 0
19:19:18.030426,1023,clock_gettime(CLOCK_MONOTONIC, {176, 315361284}) = 0
19:19:18.031073,1023,write(29, "W", 1) = 1
19:19:18.031894,1023,ioctl(9, 0xc0186201, 0xbee6cf10) = 0
19:19:18.033524,1023,clock_gettime(CLOCK_MONOTONIC, {176, 318465843}) = 0
19:19:18.035983,1023,clock_gettime(CLOCK_MONOTONIC, {176, 320923565}) = 0
19:19:18.036636,1023,ioctl(9, 0xc0186201, 0xbee6d0c8) = 0
19:19:18.037645,1023,getpid() = 1023
19:19:18.059874,1023,getuid32() = 10050
19:19:18.060548,1023,epoll_wait(0x1e, 0xbee6d1f8, 0x10, 0) = 2
19:19:18.061156,1023,read(23, "WW", 16) = 2
19:19:18.061761,1023,recvfrom(37, "nysv\0\0\0\0\216\t#\r)\0\0\0²\6\0\0\224Â'¸", 24, MSG_DONTWAIT, NULL, NULL) = 24
19:19:18.062480,1023,recvfrom(37, 0xbee6c828, 24, 64, 0, 0) = -1 EAGAIN (Try again)
19:19:18.063054,1023,clock_gettime(CLOCK_MONOTONIC, {176, 347981684}) = 0
19:19:18.063756,1023,clock_gettime(CLOCK_MONOTONIC, {176, 348682395}) = 0
19:19:18.064392,1023,clock_gettime(CLOCK_MONOTONIC, {176, 349318783}) = 0
19:19:18.065040,1023,clock_gettime(CLOCK_MONOTONIC, {176, 349966574}) = 0
19:19:18.065691,1023,recvfrom(38, 0xb88738b0, 1240, 64, 0, 0) = -1 EAGAIN (Try again)
19:19:18.086704,1023,clock_gettime(CLOCK_MONOTONIC, {176, 371710360}) = 0
19:19:18.087506,1023,clock_gettime(CLOCK_MONOTONIC, {176, 372435284}) = 0
19:19:18.088171,1023,getpid() = 1023
19:19:18.088734,1023,getuid32() = 10050
19:19:18.089301,1023,epoll_wait(0x1e, 0xbee6d1f8, 0x10, 0) = 0
19:19:18.089923,1023,clock_gettime(CLOCK_MONOTONIC, {176, 374856846}) = 0
19:19:18.090617,1023,ioctl(9, 0xc0186201, 0xbee6d328) = 0
19:19:18.091240,1023,epoll_wait(0x1e, 0xbee6d1f8, 0x10, 0x1d) = 0
19:19:18.126396,1023,clock_gettime(CLOCK_MONOTONIC, {176, 411350241}) = 0
19:19:18.127116,1023,clock_gettime(CLOCK_MONOTONIC, {176, 412054433}) = 0
19:19:18.127801,1023,recvfrom(37, 0xbee6c9a8, 24, 64, 0, 0) = -1 EAGAIN (Try again)
19:19:18.128479,1023,ioctl(9, 0xc0186201, 0xbee6d178) = 0
19:19:18.129312,1023,getpid() = 1023
19:19:18.130039,1023,getuid32() = 10050
19:19:18.130651,1023,epoll_wait(0x1e, 0xbee6d1f8, 0x10, 0) = 0
19:19:18.131234,1023,clock_gettime(CLOCK_MONOTONIC, {176, 416207254}) = 0
19:19:18.131907,1023,epoll_wait(0x1e, 0xbee6d1f8, 0x10, 0xffffffff) = 1
19:19:18.139746,1023,recvfrom(37, "nysv\0\0\0\0\234\22Q\23)\0\0\0³\6\0\0\224Â'¸", 24, MSG_DONTWAIT, NULL, NULL) = 24
19:19:18.140473,1023,recvfrom(37, 0xbee6c828, 24, 64, 0, 0) = -1 EAGAIN (Try again)
19:19:18.141053,1023,clock_gettime(CLOCK_MONOTONIC, {176, 425979814}) = 0
19:19:18.141709,1023,write(29, "W", 1) = 1
19:19:18.142375,1023,clock_gettime(CLOCK_MONOTONIC, {176, 427316815}) = 0
19:19:18.142988,1023,clock_gettime(CLOCK_MONOTONIC, {176, 427915505}) = 0
19:19:18.143617,1023,clock_gettime(CLOCK_MONOTONIC, {176, 428543773}) = 0
19:19:18.144267,1023,clock_gettime(CLOCK_MONOTONIC, {176, 429232491}) = 0
19:19:18.145133,1023,clock_gettime(CLOCK_MONOTONIC, {176, 430061983}) = 0
19:19:18.145782,1023,clock_gettime(CLOCK_MONOTONIC, {176, 430710206}) = 0
19:19:18.146433,1023,recvfrom(37, 0xbee6c9a8, 24, 64, 0, 0) = -1 EAGAIN (Try again)
19:19:18.146981,1023,ioctl(9, 0xc0186201, 0xbee6d178) = 0
19:19:18.147784,1023,clock_gettime(CLOCK_MONOTONIC, {176, 432761380}) = 0
19:19:18.148489,1023,clock_gettime(CLOCK_MONOTONIC, {176, 433417180}) = 0
19:19:18.149086,1023,clock_gettime(CLOCK_MONOTONIC, {176, 434013603}) = 0
19:19:18.149720,1023,clock_gettime(CLOCK_MONOTONIC, {176, 434647133}) = 0
19:19:18.164238,1023,clock_gettime(CLOCK_MONOTONIC, {176, 449287578}) = 0
19:19:18.165082,1023,write(29, "W", 1) = 1
19:19:18.165925,1023,ioctl(9, 0xc0186201, 0xbee6cf10) = 0
19:19:18.166830,1023,ioctl(9, 0xc0186201, 0xbee6cf10) = 0
19:19:18.168224,1023,clock_gettime(CLOCK_MONOTONIC, {176, 453203397}) = 0
19:19:18.171835,1023,clock_gettime(CLOCK_MONOTONIC, {176, 456775715}) = 0
19:19:18.172512,1023,ioctl(9, 0xc0186201, 0xbee6d0c8) = 0
19:19:18.173299,1023,ioctl(9, 0xc0186201, 0xbee6d0c8) = 0
19:19:18.197607,1023,getpid() = 1023
19:19:18.198176,1023,getuid32() = 10050
19:19:18.198786,1023,epoll_wait(0x1e, 0xbee6d1f8, 0x10, 0) = 2
19:19:18.199434,1023,read(23, "WW", 16) = 2
19:19:18.208765,1023,recvfrom(37, "nysv\0\0\0\0Î\nv\24)\0\0\0´\6\0\0\224Â'¸", 24, MSG_DONTWAIT, NULL, NULL) = 24
19:19:18.209597,1023,recvfrom(37, 0xbee6c828, 24, 64, 0, 0) = -1 EAGAIN (Try again)
19:19:18.210240,1023,clock_gettime(CLOCK_MONOTONIC, {176, 495224962}) = 0
19:19:18.210992,1023,clock_gettime(CLOCK_MONOTONIC, {176, 495949049}) = 0
19:19:18.211662,1023,clock_gettime(CLOCK_MONOTONIC, {176, 496590776}) = 0
19:19:18.212254,1023,clock_gettime(CLOCK_MONOTONIC, {176, 497220197}) = 0
19:19:18.212905,1023,recvfrom(38, 0xb88738b0, 1240, 64, 0, 0) = -1 EAGAIN (Try again)
19:19:18.213567,1023,clock_gettime(CLOCK_MONOTONIC, {176, 498493934}) = 0
19:19:18.214217,1023,clock_gettime(CLOCK_MONOTONIC, {176, 499183224}) = 0
19:19:18.214848,1023,getpid() = 1023
19:19:18.215450,1023,getuid32() = 10050
19:19:18.216018,1023,epoll_wait(0x1e, 0xbee6d1f8, 0x10, 0) = 0
19:19:18.216593,1023,clock_gettime(CLOCK_MONOTONIC, {176, 501519748}) = 0
19:19:18.217250,1023,ioctl(9, 0xc0186201, 0xbee6d328) = 0
19:19:18.217840,1023,epoll_wait(0x1e, 0xbee6d1f8, 0x10, 0x16) = 0
19:19:18.242824,1023,clock_gettime(CLOCK_MONOTONIC, {176, 527773194}) = 0
19:19:18.243517,1023,clock_gettime(CLOCK_MONOTONIC, {176, 528446478}) = 0
19:19:18.244138,1023,recvfrom(37, 0xbee6c9a8, 24, 64, 0, 0) = -1 EAGAIN (Try again)
19:19:18.244755,1023,ioctl(9, 0xc0186201, 0xbee6d178) = 0
19:19:18.245707,1023,getpid() = 1023
19:19:18.257015,1023,getuid32() = 10050
19:19:18.257754,1023,epoll_wait(0x1e, 0xbee6d1f8, 0x10, 0) = 1
19:19:18.258356,1023,recvfrom(37, "nysv\0\0\0\0Èã.\32)\0\0\0¶\6\0\0\224Â'¸", 24, MSG_DONTWAIT, NULL, NULL) = 24
19:19:18.259053,1023,recvfrom(37, 0xbee6c828, 24, 64, 0, 0) = -1 EAGAIN (Try again)
19:19:18.259668,1023,clock_gettime(CLOCK_MONOTONIC, {176, 544595084}) = 0
19:19:18.260427,1023,clock_gettime(CLOCK_MONOTONIC, {176, 545354239}) = 0
19:19:18.261084,1023,clock_gettime(CLOCK_MONOTONIC, {176, 546012619}) = 0
19:19:18.261713,1023,clock_gettime(CLOCK_MONOTONIC, {176, 546664504}) = 0
19:19:18.262427,1023,clock_gettime(CLOCK_MONOTONIC, {176, 547354337}) = 0
19:19:18.263315,1023,clock_gettime(CLOCK_MONOTONIC, {176, 548281891}) = 0
19:19:18.263962,1023,clock_gettime(CLOCK_MONOTONIC, {176, 548890702}) = 0
19:19:18.264614,1023,recvfrom(37, 0xbee6c9a8, 24, 64, 0, 0) = -1 EAGAIN (Try again)
19:19:18.265163,1023,ioctl(9, 0xc0186201, 0xbee6d178) = 0
19:19:18.266183,1023,clock_gettime(CLOCK_MONOTONIC, {176, 551271671}) = 0
19:19:18.267000,1023,clock_gettime(CLOCK_MONOTONIC, {176, 551944592}) = 0
19:19:18.267622,1023,clock_gettime(CLOCK_MONOTONIC, {176, 552548757}) = 0
19:19:18.268276,1023,clock_gettime(CLOCK_MONOTONIC, {176, 553210102}) = 0
19:19:18.268900,1023,clock_gettime(CLOCK_MONOTONIC, {176, 553827653}) = 0
19:19:18.269521,1023,write(29, "W", 1) = 1
19:19:18.270283,1023,ioctl(9, 0xc0186201, 0xbee6cf10) = 0
19:19:18.271812,1023,clock_gettime(CLOCK_MONOTONIC, {176, 556744640}) = 0
19:19:18.275111,1023,clock_gettime(CLOCK_MONOTONIC, {176, 560044794}) = 0
19:19:18.275760,1023,ioctl(9, 0xc0186201, 0xbee6d0c8) = 0
19:19:18.276808,1023,getpid() = 1023
19:19:18.299549,1023,getuid32() = 10050
19:19:18.300192,1023,epoll_wait(0x1e, 0xbee6d1f8, 0x10, 0) = 2
19:19:18.300808,1023,read(23, "W", 16) = 1
19:19:18.301515,1023,recvfrom(37, "nysv\0\0\0\0úÛS\33)\0\0\0·\6\0\0\224Â'¸", 24, MSG_DONTWAIT, NULL, NULL) = 24
19:19:18.302224,1023,recvfrom(37, 0xbee6c828, 24, 64, 0, 0) = -1 EAGAIN (Try again)
19:19:18.302861,1023,clock_gettime(CLOCK_MONOTONIC, {176, 587797963}) = 0
19:19:18.303595,1023,clock_gettime(CLOCK_MONOTONIC, {176, 588707742}) = 0
19:19:18.304444,1023,clock_gettime(CLOCK_MONOTONIC, {176, 589373322}) = 0
19:19:18.305098,1023,clock_gettime(CLOCK_MONOTONIC, {176, 590026159}) = 0
19:19:18.305765,1023,recvfrom(38, 0xb88738b0, 1240, 64, 0, 0) = -1 EAGAIN (Try again)
19:19:18.306428,1023,clock_gettime(CLOCK_MONOTONIC, {176, 591355631}) = 0
19:19:18.307080,1023,clock_gettime(CLOCK_MONOTONIC, {176, 592006480}) = 0
19:19:18.307710,1023,getpid() = 1023
19:19:18.308273,1023,getuid32() = 10050
19:19:18.308848,1023,epoll_wait(0x1e, 0xbee6d1f8, 0x10, 0) = 0
19:19:18.316640,1023,clock_gettime(CLOCK_MONOTONIC, {176, 601573334}) = 0
19:19:18.317252,1023,ioctl(9, 0xc0186201, 0xbee6d328) = 0
19:19:18.317853,1023,epoll_wait(0x1e, 0xbee6d1f8, 0x10, 0x29) = 0
19:19:18.361165,1023,clock_gettime(CLOCK_MONOTONIC, {176, 646181192}) = 0
19:19:18.361905,1023,clock_gettime(CLOCK_MONOTONIC, {176, 646930985}) = 0
19:19:18.362764,1023,recvfrom(37, 0xbee6c9a8, 24, 64, 0, 0) = -1 EAGAIN (Try again)
19:19:18.363411,1023,ioctl(9, 0xc0186201, 0xbee6d178) = 0
19:19:18.364265,1023,getpid() = 1023
19:19:18.365056,1023,getuid32() = 10050
19:19:18.365689,1023,epoll_wait(0x1e, 0xbee6d1f8, 0x10, 0) = 1
19:19:18.379504,1023,recvfrom(37, "nysv\0\0\0\0þLG!)\0\0\0¸\6\0\0\224Â'¸", 24, MSG_DONTWAIT, NULL, NULL) = 24
19:19:18.380240,1023,recvfrom(37, 0xbee6c828, 24, 64, 0, 0) = -1 EAGAIN (Try again)
19:19:18.380911,1023,clock_gettime(CLOCK_MONOTONIC, {176, 665847023}) = 0
19:19:18.381662,1023,clock_gettime(CLOCK_MONOTONIC, {176, 666597852}) = 0
19:19:18.382291,1023,clock_gettime(CLOCK_MONOTONIC, {176, 667278745}) = 0
19:19:18.382962,1023,clock_gettime(CLOCK_MONOTONIC, {176, 667896202}) = 0
19:19:18.383617,1023,clock_gettime(CLOCK_MONOTONIC, {176, 668550346}) = 0
19:19:18.384512,1023,clock_gettime(CLOCK_MONOTONIC, {176, 669447569}) = 0
19:19:18.385206,1023,clock_gettime(CLOCK_MONOTONIC, {176, 670179815}) = 0
19:19:18.385883,1023,recvfrom(37, 0xbee6c9a8, 24, 64, 0, 0) = -1 EAGAIN (Try again)
19:19:18.386558,1023,ioctl(9, 0xc0186201, 0xbee6d178) = 0
19:19:18.387508,1023,clock_gettime(CLOCK_MONOTONIC, {176, 672495392}) = 0
19:19:18.388264,1023,clock_gettime(CLOCK_MONOTONIC, {176, 673238928}) = 0
19:19:18.388927,1023,clock_gettime(CLOCK_MONOTONIC, {176, 673920757}) = 0
19:19:18.389644,1023,clock_gettime(CLOCK_MONOTONIC, {176, 674577673}) = 0
19:19:18.390370,1023,clock_gettime(CLOCK_MONOTONIC, {176, 675317990}) = 0
19:19:18.391024,1023,write(29, "W", 1) = 1
19:19:18.391909,1023,ioctl(9, 0xc0186201, 0xbee6cf10) = 0
19:19:18.392821,1023,ioctl(9, 0xc0186201, 0xbee6cf10) = 0
19:19:18.394179,1023,clock_gettime(CLOCK_MONOTONIC, {176, 679157748}) = 0
19:19:18.397527,1023,clock_gettime(CLOCK_MONOTONIC, {176, 682472992}) = 0
19:19:18.398189,1023,ioctl(9, 0xc0186201, 0xbee6d0c8) = 0
19:19:18.399125,1023,ioctl(9, 0xc0186201, 0xbee6d0c8) = 0
19:19:18.399834,1023,getpid() = 1023
19:19:18.400461,1023,getuid32() = 10050
19:19:18.401028,1023,epoll_wait(0x1e, 0xbee6d1f8, 0x10, 0) = 1
19:19:18.401627,1023,read(23, "W", 16) = 1
19:19:18.402232,1023,clock_gettime(CLOCK_MONOTONIC, {176, 687204874}) = 0
19:19:18.402894,1023,ioctl(9, 0xc0186201, 0xbee6d328) = 0
19:19:18.403525,1023,epoll_wait(0x1e, 0xbee6d1f8, 0x10, 0x4d) = 1
19:19:18.411262,1023,recvfrom(37, "nysv\0\0\0\0&­1\")\0\0\0¹\6\0\0\224Â'¸", 24, MSG_DONTWAIT, NULL, NULL) = 24
19:19:18.412057,1023,recvfrom(37, 0xbee6c828, 24, 64, 0, 0) = -1 EAGAIN (Try again)
19:19:18.412677,1023,clock_gettime(CLOCK_MONOTONIC, {176, 697607376}) = 0
19:19:18.413405,1023,write(29, "W", 1) = 1
19:19:18.414102,1023,clock_gettime(CLOCK_MONOTONIC, {176, 699030228}) = 0
19:19:18.414742,1023,clock_gettime(CLOCK_MONOTONIC, {176, 699669678}) = 0
19:19:18.415431,1023,clock_gettime(CLOCK_MONOTONIC, {176, 700358078}) = 0
19:19:18.416101,1023,recvfrom(38, 0xb88738b0, 1240, 64, 0, 0) = -1 EAGAIN (Try again)
19:19:18.416708,1023,clock_gettime(CLOCK_MONOTONIC, {176, 701635447}) = 0
19:19:18.417300,1023,clock_gettime(CLOCK_MONOTONIC, {176, 702266112}) = 0
19:19:18.446709,1023,getpid() = 1023
19:19:18.447664,1023,getuid32() = 10050
19:19:18.448239,1023,epoll_wait(0x1e, 0xbee6d1f8, 0x10, 0) = 1
19:19:18.448801,1023,read(23, "W", 16) = 1
19:19:18.449423,1023,clock_gettime(CLOCK_MONOTONIC, {176, 734352078}) = 0
19:19:18.450040,1023,epoll_wait(0x1e, 0xbee6d1f8, 0x10, 0x1e) = 0
19:19:18.484753,1023,clock_gettime(CLOCK_MONOTONIC, {176, 770315711}) = 0
19:19:18.486239,1023,clock_gettime(CLOCK_MONOTONIC, {176, 772515534}) = 0
19:19:18.488221,1023,recvfrom(37, 0xbee6c9a8, 24, 64, 0, 0) = -1 EAGAIN (Try again)
19:19:18.488879,1023,ioctl(9, 0xc0186201 <unfinished ...>
19:19:18.506695,1046,<... select resumed> ) = 0 (Timeout)
19:19:18.507339,1023,<... ioctl resumed> , 0xbee6d178) = 0
19:19:18.507786,1046,socket(PF_INET, SOCK_DGRAM, IPPROTO_IP <unfinished ...>
19:19:18.508520,1023,getpid( <unfinished ...>
19:19:18.508978,1046,<... socket resumed> ) = 48
19:19:18.509414,1023,<... getpid resumed> ) = 1023
19:19:18.509812,1046,open("/dev/urandom", O_RDONLY <unfinished ...>
19:19:18.510304,1023,getuid32( <unfinished ...>
19:19:18.510950,1046,<... open resumed> ) = 49
19:19:18.511334,1023,<... getuid32 resumed> ) = 10050
19:19:18.511679,1046,read(49, <unfinished ...>
19:19:18.512094,1023,epoll_wait(0x1e, 0xbee6d1f8, 0x10, 0 <unfinished ...>
19:19:18.512503,1046,<... read resumed> "§\213¶\205", 4) = 4
19:19:18.512971,1023,<... epoll_wait resumed> ) = 0
19:19:18.513500,1046,close(49 <unfinished ...>
19:19:18.513887,1023,clock_gettime(CLOCK_MONOTONIC, <unfinished ...>
19:19:18.514356,1046,<... close resumed> ) = 0
19:19:18.514681,1023,<... clock_gettime resumed> {176, 799325595}) = 0
19:19:18.515190,1046,bind(48, {sa_family=AF_INET, sin_port=htons(36776), sin_addr=inet_addr("0.0.0.0")}, 16 <unfinished ...>
19:19:18.515743,1023,epoll_wait(0x1e, 0xbee6d1f8, 0x10, 0xffffffff <unfinished ...>
19:19:18.516052,1046,<... bind resumed> ) = 0
19:19:18.527397,1023,<... epoll_wait resumed> ) = 1
19:19:18.527766,1046,connect(48, {sa_family=AF_INET, sin_port=htons(53), sin_addr=inet_addr("10.0.2.4")}, 16 <unfinished ...>
19:19:18.528379,1023,recvfrom(37, <unfinished ...>
19:19:18.528777,1046,<... connect resumed> ) = 0
19:19:18.529097,1023,<... recvfrom resumed> "nysv\0\0\0\0zÞù))\0\0\0º\6\0\0\224Â'¸", 24, MSG_DONTWAIT, NULL, NULL) = 24
19:19:18.529617,1046,sendto(48, "ûd\1\0\0\1\0\0\0\0\0\0\6client\nmustmobile\3c"..., 39, 0, NULL, 0 <unfinished ...>
19:19:18.530158,1023,recvfrom(37, <unfinished ...>
19:19:18.530814,1046,<... sendto resumed> ) = 39
19:19:18.531169,1023,<... recvfrom resumed> 0xbee6c828, 24, 64, 0, 0) = -1 EAGAIN (Try again)
19:19:18.531580,1046,clock_gettime(CLOCK_REALTIME, <unfinished ...>
19:19:18.532157,1023,clock_gettime(CLOCK_MONOTONIC, <unfinished ...>
19:19:18.532495,1046,<... clock_gettime resumed> {1738783158, 532372617}) = 0
19:19:18.532902,1023,<... clock_gettime resumed> {176, 817539389}) = 0
19:19:18.533336,1046,clock_gettime(CLOCK_REALTIME, <unfinished ...>
19:19:18.533797,1023,write(29, "W", 1 <unfinished ...>
19:19:18.534267,1046,<... clock_gettime resumed> {1738783158, 534075769}) = 0
19:19:18.534838,1023,<... write resumed> ) = 1
19:19:18.535153,1046,select(49, [48], NULL, NULL, {4, 998297} <unfinished ...>
19:19:18.547017,1023,clock_gettime(CLOCK_MONOTONIC, {176, 831975664}) = 0
19:19:18.547764,1023,clock_gettime(CLOCK_MONOTONIC, {176, 832703317}) = 0
19:19:18.548623,1023,clock_gettime(CLOCK_MONOTONIC, {176, 833554286}) = 0
19:19:18.549222,1023,clock_gettime(CLOCK_MONOTONIC, {176, 834204932}) = 0
19:19:18.550305,1023,clock_gettime(CLOCK_MONOTONIC, {176, 835409356}) = 0
19:19:18.551098,1023,clock_gettime(CLOCK_MONOTONIC, {176, 836028881}) = 0
19:19:18.551772,1023,recvfrom(37, 0xbee6c9a8, 24, 64, 0, 0) = -1 EAGAIN (Try again)
19:19:18.552415,1023,ioctl(9, 0xc0186201, 0xbee6d178) = 0
19:19:18.553476,1023,clock_gettime(CLOCK_MONOTONIC, {176, 838414314}) = 0
19:19:18.554126,1023,clock_gettime(CLOCK_MONOTONIC, {176, 839063087}) = 0
19:19:18.555218,1023,clock_gettime(CLOCK_MONOTONIC, {176, 840209098}) = 0
19:19:18.555879,1023,clock_gettime(CLOCK_MONOTONIC, {176, 840807671}) = 0
19:19:18.556556,1023,clock_gettime(CLOCK_MONOTONIC, {176, 841484029}) = 0
19:19:18.565992,1023,write(29, "W", 1) = 1
19:19:18.567082,1023,ioctl(9, 0xc0186201, 0xbee6cf10) = 0
19:19:18.567995,1023,ioctl(9, 0xc0186201, 0xbee6cf10) = 0
19:19:18.569461,1023,clock_gettime(CLOCK_MONOTONIC, {176, 854414056}) = 0
19:19:18.573495,1023,clock_gettime(CLOCK_MONOTONIC, {176, 858443215}) = 0
19:19:18.574152,1023,ioctl(9, 0xc0186201, 0xbee6d0c8) = 0
19:19:18.575199,1023,ioctl(9, 0xc0186201, 0xbee6d0c8) = 0
19:19:18.586862,1023,getpid() = 1023
19:19:18.587566,1023,getuid32() = 10050
19:19:18.588598,1023,epoll_wait(0x1e, 0xbee6d1f8, 0x10, 0) = 2
19:19:18.589235,1023,read(23, "WW", 16) = 2
19:19:18.589907,1023,recvfrom(37, "nysv\0\0\0\0èf~,)\0\0\0»\6\0\0\224Â'¸", 24, MSG_DONTWAIT, NULL, NULL) = 24
19:19:18.590755,1023,recvfrom(37, 0xbee6c828, 24, 64, 0, 0) = -1 EAGAIN (Try again)
19:19:18.591537,1023,clock_gettime(CLOCK_MONOTONIC, {176, 876509623}) = 0
19:19:18.592276,1023,clock_gettime(CLOCK_MONOTONIC, {176, 877222119}) = 0
19:19:18.592921,1023,clock_gettime(CLOCK_MONOTONIC, {176, 877859530}) = 0
19:19:18.593555,1023,clock_gettime(CLOCK_MONOTONIC, {176, 878492896}) = 0
19:19:18.594246,1023,recvfrom(38, 0xb88738b0, 1240, 64, 0, 0) = -1 EAGAIN (Try again)
19:19:18.594850,1023,clock_gettime(CLOCK_MONOTONIC, {176, 879788302}) = 0
19:19:18.595483,1023,clock_gettime(CLOCK_MONOTONIC, {176, 880420041}) = 0
19:19:18.596107,1023,getpid() = 1023
19:19:18.596650,1023,getuid32() = 10050
19:19:18.597189,1023,epoll_wait(0x1e, 0xbee6d1f8, 0x10, 0) = 0
19:19:18.597799,1023,clock_gettime(CLOCK_MONOTONIC, {176, 882726767}) = 0
19:19:18.598436,1023,ioctl(9, 0xc0186201, 0xbee6d328) = 0
19:19:18.598991,1023,epoll_wait(0x1e, 0xbee6d1f8, 0x10, 0x2f) = 0
19:19:18.662199,1023,clock_gettime(CLOCK_MONOTONIC, {176, 947196958}) = 0
19:19:18.662906,1023,clock_gettime(CLOCK_MONOTONIC, {176, 947845888}) = 0
19:19:18.663562,1023,recvfrom(37, 0xbee6c9a8, 24, 64, 0, 0) = -1 EAGAIN (Try again)
19:19:18.664151,1023,ioctl(9, 0xc0186201, 0xbee6d178) = 0
19:19:18.665014,1023,getpid() = 1023
19:19:18.665705,1023,getuid32() = 10050
19:19:18.666284,1023,epoll_wait(0x1e, 0xbee6d1f8, 0x10, 0) = 0
19:19:18.666846,1023,clock_gettime(CLOCK_MONOTONIC, {176, 951780770}) = 0
19:19:18.667487,1023,epoll_wait(0x1e, 0xbee6d1f8, 0x10, 0xffffffff) = 1
19:19:18.673707,1023,recvfrom(37, "nysv\0\0\0\0\n !3)\0\0\0½\6\0\0\224Â'¸", 24, MSG_DONTWAIT, NULL, NULL) = 24
19:19:18.674522,1023,recvfrom(37, 0xbee6c828, 24, 64, 0, 0) = -1 EAGAIN (Try again)
19:19:18.675128,1023,clock_gettime(CLOCK_MONOTONIC, {176, 960064225}) = 0
19:19:18.675831,1023,write(29, "W", 1) = 1
19:19:18.676504,1023,clock_gettime(CLOCK_MONOTONIC, {176, 961440601}) = 0
19:19:18.677190,1023,clock_gettime(CLOCK_MONOTONIC, {176, 962131816}) = 0
19:19:18.677848,1023,clock_gettime(CLOCK_MONOTONIC, {176, 962783512}) = 0
19:19:18.678471,1023,clock_gettime(CLOCK_MONOTONIC, {176, 963405723}) = 0
19:19:18.679337,1023,clock_gettime(CLOCK_MONOTONIC, {176, 964273422}) = 0
19:19:18.679972,1023,clock_gettime(CLOCK_MONOTONIC, {176, 964923752}) = 0
19:19:18.680677,1023,recvfrom(37, 0xbee6c9a8, 24, 64, 0, 0) = -1 EAGAIN (Try again)
19:19:18.681274,1023,ioctl(9, 0xc0186201, 0xbee6d178) = 0
19:19:18.682117,1023,clock_gettime(CLOCK_MONOTONIC, {176, 967143644}) = 0
19:19:18.682854,1023,clock_gettime(CLOCK_MONOTONIC, {176, 967790300}) = 0
19:19:18.683517,1023,clock_gettime(CLOCK_MONOTONIC, {176, 968452257}) = 0
19:19:18.689726,1023,clock_gettime(CLOCK_MONOTONIC, {176, 974745353}) = 0
19:19:18.690548,1023,clock_gettime(CLOCK_MONOTONIC, {176, 975486802}) = 0
19:19:18.691200,1023,write(29, "W", 1) = 1
19:19:18.692039,1023,ioctl(9, 0xc0186201, 0xbee6cf10) = 0
19:19:18.693106,1023,ioctl(9, 0xc0186201, 0xbee6cf10) = 0
19:19:18.694827,1023,clock_gettime(CLOCK_MONOTONIC, {176, 979843375}) = 0
19:19:18.707518,1023,clock_gettime(CLOCK_MONOTONIC, {176, 992488015}) = 0
19:19:18.708259,1023,ioctl(9, 0xc0186201, 0xbee6d0c8) = 0
19:19:18.709457,1023,getpid() = 1023
19:19:18.709993,1023,getuid32() = 10050
19:19:18.710602,1023,epoll_wait(0x1e, 0xbee6d1f8, 0x10, 0) = 2
19:19:18.711157,1023,read(23, "WW", 16) = 2
19:19:18.711784,1023,recvfrom(37, "nysv\0\0\0\0\36Ð\2263)\0\0\0¾\6\0\0\224Â'¸", 24, MSG_DONTWAIT, NULL, NULL) = 24
19:19:18.712574,1023,recvfrom(37, 0xbee6c828, 24, 64, 0, 0) = -1 EAGAIN (Try again)
19:19:18.713226,1023,clock_gettime(CLOCK_MONOTONIC, {176, 998198818}) = 0
19:19:18.713941,1023,clock_gettime(CLOCK_MONOTONIC, {176, 998936678}) = 0
19:19:18.714667,1023,clock_gettime(CLOCK_MONOTONIC, {176, 999602842}) = 0
19:19:18.715282,1023,clock_gettime(CLOCK_MONOTONIC, {177, 255015}) = 0
19:19:18.715950,1023,recvfrom(38, 0xb88738b0, 1240, 64, 0, 0) = -1 EAGAIN (Try again)
19:19:18.716574,1023,clock_gettime(CLOCK_MONOTONIC, {177, 1507398}) = 0
19:19:18.717185,1023,clock_gettime(CLOCK_MONOTONIC, {177, 2157203}) = 0
19:19:18.717869,1023,getpid() = 1023
19:19:18.718510,1023,getuid32() = 10050
19:19:18.719128,1023,epoll_wait(0x1e, 0xbee6d1f8, 0x10, 0) = 0
19:19:18.832314,1023,clock_gettime(CLOCK_MONOTONIC, {177, 117313559}) = 0
19:19:18.833022,1023,clock_gettime(CLOCK_MONOTONIC, {177, 117959566}) = 0
19:19:18.833759,1023,recvfrom(37, 0xbee6c9a8, 24, 64, 0, 0) = -1 EAGAIN (Try again)
19:19:18.834401,1023,ioctl(9, 0xc0186201, 0xbee6d178) = 0
19:19:18.838435,1023,getpid() = 1023
19:19:18.839085,1023,getuid32() = 10050
19:19:18.839698,1023,epoll_wait(0x1e, 0xbee6d1f8, 0x10, 0) = 0
19:19:18.840233,1023,clock_gettime(CLOCK_MONOTONIC, {177, 125217921}) = 0
19:19:18.840900,1023,epoll_wait(0x1e, 0xbee6d1f8, 0x10, 0xffffffff) = 1
19:19:18.845643,1023,recvfrom(37, "nysv\0\0\0\0ÌYn=)\0\0\0À\6\0\0\224Â'¸", 24, MSG_DONTWAIT, NULL, NULL) = 24
19:19:18.846668,1023,recvfrom(37, 0xbee6c828, 24, 64, 0, 0) = -1 EAGAIN (Try again)
19:19:18.847295,1023,clock_gettime(CLOCK_MONOTONIC, {177, 132287502}) = 0
19:19:18.848002,1023,write(29, "W", 1) = 1
19:19:18.848700,1023,clock_gettime(CLOCK_MONOTONIC, {177, 133635037}) = 0
19:19:18.849424,1023,clock_gettime(CLOCK_MONOTONIC, {177, 134358414}) = 0
19:19:18.850095,1023,clock_gettime(CLOCK_MONOTONIC, {177, 135030252}) = 0
19:19:18.850745,1023,clock_gettime(CLOCK_MONOTONIC, {177, 135679516}) = 0
19:19:18.851611,1023,clock_gettime(CLOCK_MONOTONIC, {177, 136547576}) = 0
19:19:18.852247,1023,clock_gettime(CLOCK_MONOTONIC, {177, 137188805}) = 0
19:19:18.852917,1023,recvfrom(37, 0xbee6c9a8, 24, 64, 0, 0) = -1 EAGAIN (Try again)
19:19:18.853560,1023,ioctl(9, 0xc0186201, 0xbee6d178) = 0
19:19:18.854388,1023,clock_gettime(CLOCK_MONOTONIC, {177, 139376861}) = 0
19:19:18.855143,1023,clock_gettime(CLOCK_MONOTONIC, {177, 140102673}) = 0
19:19:18.855804,1023,clock_gettime(CLOCK_MONOTONIC, {177, 140768398}) = 0
19:19:18.856486,1023,clock_gettime(CLOCK_MONOTONIC, {177, 141420312}) = 0
19:19:18.857187,1023,clock_gettime(CLOCK_MONOTONIC, {177, 142125622}) = 0
19:19:18.857831,1023,write(29, "W", 1) = 1
19:19:18.858653,1023,ioctl(9, 0xc0186201, 0xbee6cf10) = 0
19:19:18.859477,1023,ioctl(9, 0xc0186201, 0xbee6cf10) = 0
19:19:18.860843,1023,clock_gettime(CLOCK_MONOTONIC, {177, 145783281}) = 0
19:19:18.863917,1023,clock_gettime(CLOCK_MONOTONIC, {177, 148916799}) = 0
19:19:18.864648,1023,ioctl(9, 0xc0186201, 0xbee6d0c8) = 0
19:19:18.865521,1023,ioctl(9, 0xc0186201, 0xbee6d0c8) = 0
19:19:18.866251,1023,getpid() = 1023
19:19:18.866788,1023,getuid32() = 10050
19:19:18.867418,1023,epoll_wait(0x1e, 0xbee6d1f8, 0x10, 0) = 1
19:19:18.867960,1023,read(23, "WW", 16) = 2
19:19:18.868569,1023,clock_gettime(CLOCK_MONOTONIC, {177, 153503780}) = 0
19:19:18.869191,1023,ioctl(9, 0xc0186201, 0xbee6d328) = 0
19:19:18.869763,1023,epoll_wait(0x1e, 0xbee6d1f8, 0x10, 0x4e) = 1
19:19:18.917207,1023,recvfrom(37, "nysv\0\0\0\0à\211ã=)\0\0\0Á\6\0\0\224Â'¸", 24, MSG_DONTWAIT, NULL, NULL) = 24
19:19:18.918196,1023,recvfrom(37, 0xbee6c828, 24, 64, 0, 0) = -1 EAGAIN (Try again)
19:19:18.918899,1023,clock_gettime(CLOCK_MONOTONIC, {177, 203869954}) = 0
19:19:18.919646,1023,write(29, "W", 1) = 1
19:19:18.920388,1023,clock_gettime(CLOCK_MONOTONIC, {177, 205341007}) = 0
19:19:18.921073,1023,clock_gettime(CLOCK_MONOTONIC, {177, 206026541}) = 0
19:19:18.921753,1023,clock_gettime(CLOCK_MONOTONIC, {177, 206703561}) = 0
19:19:18.922942,1023,recvfrom(38, 0xb88738b0, 1240, 64, 0, 0) = -1 EAGAIN (Try again)
19:19:18.923663,1023,clock_gettime(CLOCK_MONOTONIC, {177, 208606057}) = 0
19:19:18.924377,1023,clock_gettime(CLOCK_MONOTONIC, {177, 209331053}) = 0
19:19:18.925044,1023,getpid() = 1023
19:19:18.949699,1023,getuid32() = 10050
19:19:18.950574,1023,epoll_wait(0x1e, 0xbee6d1f8, 0x10, 0) = 1
19:19:18.951147,1023,read(23, "W", 16) = 1
19:19:18.951789,1023,clock_gettime(CLOCK_MONOTONIC, {177, 236732571}) = 0
19:19:18.952452,1023,clock_gettime(CLOCK_MONOTONIC, {177, 237394805}) = 0
19:19:18.953120,1023,recvfrom(37, 0xbee6c9a8, 24, 64, 0, 0) = -1 EAGAIN (Try again)
19:19:18.953797,1023,ioctl(9, 0xc0186201, 0xbee6d178) = 0
19:19:18.954704,1023,getpid() = 1023
19:19:18.955413,1023,getuid32() = 10050
19:19:18.956031,1023,epoll_wait(0x1e, 0xbee6d1f8, 0x10, 0) = 1
19:19:18.971563,1023,recvfrom(37, "nysv\0\0\0\0\2Ã\206D)\0\0\0Â\6\0\0\224Â'¸", 24, MSG_DONTWAIT, NULL, NULL) = 24
19:19:18.972330,1023,recvfrom(37, 0xbee6c828, 24, 64, 0, 0) = -1 EAGAIN (Try again)
19:19:18.972960,1023,clock_gettime(CLOCK_MONOTONIC, {177, 257903415}) = 0
19:19:18.973695,1023,clock_gettime(CLOCK_MONOTONIC, {177, 258638309}) = 0
19:19:18.974356,1023,clock_gettime(CLOCK_MONOTONIC, {177, 259298924}) = 0
19:19:18.975000,1023,clock_gettime(CLOCK_MONOTONIC, {177, 259943222}) = 0
19:19:18.975651,1023,clock_gettime(CLOCK_MONOTONIC, {177, 260593215}) = 0
19:19:18.976558,1023,clock_gettime(CLOCK_MONOTONIC, {177, 261501565}) = 0
19:19:18.977221,1023,clock_gettime(CLOCK_MONOTONIC, {177, 262170007}) = 0
19:19:18.977894,1023,recvfrom(37, 0xbee6c9a8, 24, 64, 0, 0) = -1 EAGAIN (Try again)
19:19:18.978499,1023,ioctl(9, 0xc0186201, 0xbee6d178) = 0
19:19:18.979512,1023,clock_gettime(CLOCK_MONOTONIC, {177, 264458052}) = 0
19:19:18.980184,1023,clock_gettime(CLOCK_MONOTONIC, {177, 265133546}) = 0
19:19:18.980840,1023,clock_gettime(CLOCK_MONOTONIC, {177, 265782256}) = 0
19:19:18.981492,1023,clock_gettime(CLOCK_MONOTONIC, {177, 266433277}) = 0
19:19:18.982161,1023,clock_gettime(CLOCK_MONOTONIC, {177, 267109485}) = 0
19:19:18.982834,1023,write(29, "W", 1) = 1
19:19:18.983662,1023,ioctl(9, 0xc0186201, 0xbee6cf10) = 0
19:19:19.003192,1023,clock_gettime(CLOCK_MONOTONIC, {177, 288611457}) = 0
19:19:19.007618,1023,clock_gettime(CLOCK_MONOTONIC, {177, 292570003}) = 0
19:19:19.008291,1023,ioctl(9, 0xc0186201, 0xbee6d0c8) = 0
19:19:19.010121,1023,ioctl(9, 0xc0186201, 0xbee6d0c8) = 0
19:19:19.021402,1023,getpid() = 1023
19:19:19.021988,1023,getuid32() = 10050
19:19:19.022615,1023,epoll_wait(0x1e, 0xbee6d1f8, 0x10, 0) = 2
19:19:19.023217,1023,read(23, "W", 16) = 1
19:19:19.023859,1023,recvfrom(37, "nysv\0\0\0\0>SæE)\0\0\0Ã\6\0\0\224Â'¸", 24, MSG_DONTWAIT, NULL, NULL) = 24
19:19:19.024628,1023,recvfrom(37, 0xbee6c828, 24, 64, 0, 0) = -1 EAGAIN (Try again)
19:19:19.025275,1023,clock_gettime(CLOCK_MONOTONIC, {177, 310229493}) = 0
19:19:19.026023,1023,clock_gettime(CLOCK_MONOTONIC, {177, 310972475}) = 0
19:19:19.036145,1023,clock_gettime(CLOCK_MONOTONIC, {177, 321237011}) = 0
19:19:19.037029,1023,clock_gettime(CLOCK_MONOTONIC, {177, 321973333}) = 0
19:19:19.037716,1023,recvfrom(38, 0xb88738b0, 1240, 64, 0, 0) = -1 EAGAIN (Try again)
19:19:19.038345,1023,clock_gettime(CLOCK_MONOTONIC, {177, 323286783}) = 0
19:19:19.038988,1023,clock_gettime(CLOCK_MONOTONIC, {177, 323928841}) = 0
19:19:19.039640,1023,getpid() = 1023
19:19:19.040187,1023,getuid32() = 10050
19:19:19.040782,1023,epoll_wait(0x1e, 0xbee6d1f8, 0x10, 0) = 0
19:19:19.041373,1023,clock_gettime(CLOCK_MONOTONIC, {177, 326313260}) = 0
19:19:19.042021,1023,ioctl(9, 0xc0186201, 0xbee6d328) = 0
19:19:19.042628,1023,epoll_wait(0x1e, 0xbee6d1f8, 0x10, 0x1e) = 0
19:19:19.091725,1023,clock_gettime(CLOCK_MONOTONIC, {177, 376690393}) = 0
19:19:19.092470,1023,clock_gettime(CLOCK_MONOTONIC, {177, 377413442}) = 0
19:19:19.093142,1023,recvfrom(37, 0xbee6c9a8, 24, 64, 0, 0) = -1 EAGAIN (Try again)
19:19:19.093758,1023,ioctl(9, 0xc0186201, 0xbee6d178) = 0
19:19:19.094790,1023,getpid() = 1023
19:19:19.095348,1023,getuid32() = 10050
19:19:19.095938,1023,epoll_wait(0x1e, 0xbee6d1f8, 0x10, 0) = 0
19:19:19.096519,1023,clock_gettime(CLOCK_MONOTONIC, {177, 381458433}) = 0
19:19:19.097176,1023,epoll_wait(0x1e, 0xbee6d1f8, 0x10, 0xffffffff) = 1
19:19:19.108879,1023,recvfrom(37, "nysv\0\0\0\0j$ÄL)\0\0\0Å\6\0\0\224Â'¸", 24, MSG_DONTWAIT, NULL, NULL) = 24
19:19:19.109658,1023,recvfrom(37, 0xbee6c828, 24, 64, 0, 0) = -1 EAGAIN (Try again)
19:19:19.110310,1023,clock_gettime(CLOCK_MONOTONIC, {177, 395265591}) = 0
19:19:19.111014,1023,write(29, "W", 1) = 1
19:19:19.111742,1023,clock_gettime(CLOCK_MONOTONIC, {177, 396692595}) = 0
19:19:19.112426,1023,clock_gettime(CLOCK_MONOTONIC, {177, 397376052}) = 0
19:19:19.113094,1023,clock_gettime(CLOCK_MONOTONIC, {177, 398044171}) = 0
19:19:19.113770,1023,clock_gettime(CLOCK_MONOTONIC, {177, 398719188}) = 0
19:19:19.114715,1023,clock_gettime(CLOCK_MONOTONIC, {177, 399666188}) = 0
19:19:19.115412,1023,clock_gettime(CLOCK_MONOTONIC, {177, 400362858}) = 0
19:19:19.116105,1023,recvfrom(37, 0xbee6c9a8, 24, 64, 0, 0) = -1 EAGAIN (Try again)
19:19:19.116732,1023,ioctl(9, 0xc0186201, 0xbee6d178) = 0
19:19:19.129854,1023,clock_gettime(CLOCK_MONOTONIC, {177, 414865891}) = 0
19:19:19.130644,1023,clock_gettime(CLOCK_MONOTONIC, {177, 415597762}) = 0
19:19:19.131332,1023,clock_gettime(CLOCK_MONOTONIC, {177, 416281829}) = 0
19:19:19.132009,1023,clock_gettime(CLOCK_MONOTONIC, {177, 416958238}) = 0
19:19:19.132715,1023,clock_gettime(CLOCK_MONOTONIC, {177, 417665413}) = 0
19:19:19.133419,1023,write(29, "W", 1) = 1
19:19:19.134282,1023,ioctl(9, 0xc0186201, 0xbee6cf10) = 0
19:19:19.135152,1023,ioctl(9, 0xc0186201, 0xbee6cf10) = 0
19:19:19.136556,1023,clock_gettime(CLOCK_MONOTONIC, {177, 421510682}) = 0
19:19:19.150620,1023,clock_gettime(CLOCK_MONOTONIC, {177, 435591891}) = 0
19:19:19.151345,1023,ioctl(9, 0xc0186201, 0xbee6d0c8) = 0
19:19:19.152549,1023,getpid() = 1023
19:19:19.153130,1023,getuid32() = 10050
19:19:19.153754,1023,epoll_wait(0x1e, 0xbee6d1f8, 0x10, 0) = 2
19:19:19.154363,1023,read(23, "WW", 16) = 2
19:19:19.155002,1023,recvfrom(37, "nysv\0\0\0\0\210ìsM)\0\0\0Æ\6\0\0\224Â'¸", 24, MSG_DONTWAIT, NULL, NULL) = 24
19:19:19.155918,1023,recvfrom(37, 0xbee6c828, 24, 64, 0, 0) = -1 EAGAIN (Try again)
19:19:19.156619,1023,clock_gettime(CLOCK_MONOTONIC, {177, 441568094}) = 0
19:19:19.157415,1023,clock_gettime(CLOCK_MONOTONIC, {177, 442366217}) = 0
19:19:19.158097,1023,clock_gettime(CLOCK_MONOTONIC, {177, 443046468}) = 0
19:19:19.158812,1023,clock_gettime(CLOCK_MONOTONIC, {177, 466565762}) = 0
19:19:19.182428,1023,recvfrom(38, 0xb88738b0, 1240, 64, 0, 0) = -1 EAGAIN (Try again)
19:19:19.183236,1023,clock_gettime(CLOCK_MONOTONIC, {177, 468192064}) = 0
19:19:19.183915,1023,clock_gettime(CLOCK_MONOTONIC, {177, 468866155}) = 0
19:19:19.184600,1023,getpid() = 1023
19:19:19.185177,1023,getuid32() = 10050
19:19:19.185802,1023,epoll_wait(0x1e, 0xbee6d1f8, 0x10, 0) = 0
19:19:19.186420,1023,clock_gettime(CLOCK_MONOTONIC, {177, 471368902}) = 0
19:19:19.187101,1023,ioctl(9, 0xc0186201, 0xbee6d328) = 0
19:19:19.187735,1023,epoll_wait(0x1e, 0xbee6d1f8, 0x10, 0x22) = 0
19:19:19.237184,1023,clock_gettime(CLOCK_MONOTONIC, {177, 522163917}) = 0
19:19:19.237912,1023,clock_gettime(CLOCK_MONOTONIC, {177, 522864323}) = 0
19:19:19.238619,1023,recvfrom(37, 0xbee6c9a8, 24, 64, 0, 0) = -1 EAGAIN (Try again)
19:19:19.239253,1023,ioctl(9, 0xc0186201, 0xbee6d178) = 0
19:19:19.240162,1023,getpid() = 1023
19:19:19.240877,1023,getuid32() = 10050
19:19:19.241504,1023,epoll_wait(0x1e, 0xbee6d1f8, 0x10, 0) = 0
19:19:19.242109,1023,clock_gettime(CLOCK_MONOTONIC, {177, 527058485}) = 0
19:19:19.242806,1023,epoll_wait(0x1e, 0xbee6d1f8, 0x10, 0xffffffff) = 1
19:19:19.250379,1023,recvfrom(37, "nysv\0\0\0\0æµvU)\0\0\0È\6\0\0\224Â'¸", 24, MSG_DONTWAIT, NULL, NULL) = 24
19:19:19.251193,1023,recvfrom(37, 0xbee6c828, 24, 64, 0, 0) = -1 EAGAIN (Try again)
19:19:19.251828,1023,clock_gettime(CLOCK_MONOTONIC, {177, 536779906}) = 0
19:19:19.252535,1023,write(29, "W", 1) = 1
19:19:19.253261,1023,clock_gettime(CLOCK_MONOTONIC, {177, 538218314}) = 0
19:19:19.253947,1023,clock_gettime(CLOCK_MONOTONIC, {177, 538897173}) = 0
19:19:19.254623,1023,clock_gettime(CLOCK_MONOTONIC, {177, 539944329}) = 0
19:19:19.255655,1023,clock_gettime(CLOCK_MONOTONIC, {177, 540597363}) = 0
19:19:19.273872,1023,clock_gettime(CLOCK_MONOTONIC, {177, 558883955}) = 0
19:19:19.274638,1023,clock_gettime(CLOCK_MONOTONIC, {177, 559583258}) = 0
19:19:19.275319,1023,recvfrom(37, 0xbee6c9a8, 24, 64, 0, 0) = -1 EAGAIN (Try again)
19:19:19.275925,1023,ioctl(9, 0xc0186201, 0xbee6d178) = 0
19:19:19.276780,1023,clock_gettime(CLOCK_MONOTONIC, {177, 561786472}) = 0
19:19:19.305528,1023,clock_gettime(CLOCK_MONOTONIC, {177, 590582934}) = 0
19:19:19.306343,1023,clock_gettime(CLOCK_MONOTONIC, {177, 591288953}) = 0
19:19:19.306999,1023,clock_gettime(CLOCK_MONOTONIC, {177, 591941354}) = 0
19:19:19.307682,1023,clock_gettime(CLOCK_MONOTONIC, {177, 592624453}) = 0
19:19:19.308359,1023,write(29, "W", 1) = 1
19:19:19.326538,1023,ioctl(9, 0xc0186201, 0xbee6cf10) = 0
19:19:19.328265,1023,clock_gettime(CLOCK_MONOTONIC, {177, 613222097}) = 0
19:19:19.331613,1023,clock_gettime(CLOCK_MONOTONIC, {177, 616562235}) = 0
19:19:19.332275,1023,ioctl(9, 0xc0186201, 0xbee6d0c8) = 0
19:19:19.333404,1023,getpid() = 1023
19:19:19.333961,1023,getuid32() = 10050
19:19:19.334652,1023,epoll_wait(0x1e, 0xbee6d1f8, 0x10, 0) = 2
19:19:19.335231,1023,read(23, "WW", 16) = 2
19:19:19.335849,1023,recvfrom(37, "nysv\0\0\0\0J¦ÀW)\0\0\0É\6\0\0\224Â'¸", 24, MSG_DONTWAIT, NULL, NULL) = 24
19:19:19.336591,1023,recvfrom(37, 0xbee6c828, 24, 64, 0, 0) = -1 EAGAIN (Try again)
19:19:19.337207,1023,clock_gettime(CLOCK_MONOTONIC, {177, 622155206}) = 0
19:19:19.337919,1023,clock_gettime(CLOCK_MONOTONIC, {177, 622860828}) = 0
19:19:19.338573,1023,clock_gettime(CLOCK_MONOTONIC, {177, 623515224}) = 0
19:19:19.339212,1023,clock_gettime(CLOCK_MONOTONIC, {177, 624160926}) = 0
19:19:19.339879,1023,recvfrom(38, 0xb88738b0, 1240, 64, 0, 0) = -1 EAGAIN (Try again)
19:19:19.340495,1023,clock_gettime(CLOCK_MONOTONIC, {177, 625462779}) = 0
19:19:19.341164,1023,clock_gettime(CLOCK_MONOTONIC, {177, 626112876}) = 0
19:19:19.341812,1023,getpid() = 1023
19:19:19.342365,1023,getuid32() = 10050
19:19:19.342947,1023,epoll_wait(0x1e, 0xbee6d1f8, 0x10, 0) = 0
19:19:19.343534,1023,clock_gettime(CLOCK_MONOTONIC, {177, 628475357}) = 0
19:19:19.366585,1023,ioctl(9, 0xc0186201, 0xbee6d328) = 0
19:19:19.367240,1023,epoll_wait(0x1e, 0xbee6d1f8, 0x10, 0x34) = 0
19:19:19.422998,1023,clock_gettime(CLOCK_MONOTONIC, {177, 707957474}) = 0
19:19:19.423689,1023,clock_gettime(CLOCK_MONOTONIC, {177, 708633475}) = 0
19:19:19.424366,1023,recvfrom(37, 0xbee6c9a8, 24, 64, 0, 0) = -1 EAGAIN (Try again)
19:19:19.424973,1023,ioctl(9, 0xc0186201, 0xbee6d178) = 0
19:19:19.426056,1023,getpid() = 1023
19:19:19.448512,1023,getuid32() = 10050
19:19:19.449147,1023,epoll_wait(0x1e, 0xbee6d1f8, 0x10, 0) = 1
19:19:19.449743,1023,recvfrom(37, "nysv\0\0\0\0Æ7s`)\0\0\0Ë\6\0\0\224Â'¸", 24, MSG_DONTWAIT, NULL, NULL) = 24
19:19:19.450537,1023,recvfrom(37, 0xbee6c828, 24, 64, 0, 0) = -1 EAGAIN (Try again)
19:19:19.451164,1023,clock_gettime(CLOCK_MONOTONIC, {177, 736113332}) = 0
19:19:19.451946,1023,clock_gettime(CLOCK_MONOTONIC, {177, 736961471}) = 0
19:19:19.452696,1023,clock_gettime(CLOCK_MONOTONIC, {177, 737639991}) = 0
19:19:19.453348,1023,clock_gettime(CLOCK_MONOTONIC, {177, 738289705}) = 0
19:19:19.453991,1023,clock_gettime(CLOCK_MONOTONIC, {177, 738931609}) = 0
19:19:19.454985,1023,clock_gettime(CLOCK_MONOTONIC, {177, 739931801}) = 0
19:19:19.455659,1023,clock_gettime(CLOCK_MONOTONIC, {177, 740601654}) = 0
19:19:19.456331,1023,recvfrom(37, 0xbee6c9a8, 24, 64, 0, 0) = -1 EAGAIN (Try again)
19:19:19.473627,1023,ioctl(9, 0xc0186201, 0xbee6d178) = 0
19:19:19.474558,1023,clock_gettime(CLOCK_MONOTONIC, {177, 759570691}) = 0
19:19:19.475371,1023,clock_gettime(CLOCK_MONOTONIC, {177, 760314683}) = 0
19:19:19.476021,1023,clock_gettime(CLOCK_MONOTONIC, {177, 760964123}) = 0
19:19:19.476676,1023,clock_gettime(CLOCK_MONOTONIC, {177, 761617516}) = 0
19:19:19.477356,1023,clock_gettime(CLOCK_MONOTONIC, {177, 762297603}) = 0
19:19:19.478025,1023,write(29, "W", 1) = 1
19:19:19.478866,1023,ioctl(9, 0xc0186201, 0xbee6cf10) = 0
19:19:19.479689,1023,ioctl(9, 0xc0186201, 0xbee6cf10) = 0
19:19:19.520252,1023,clock_gettime(CLOCK_MONOTONIC, {177, 805281059}) = 0
19:19:19.524825,1023,clock_gettime(CLOCK_MONOTONIC, {177, 809808193}) = 0
19:19:19.525560,1023,ioctl(9, 0xc0186201, 0xbee6d0c8) = 0
19:19:19.527021,1023,getpid() = 1023
19:19:19.527606,1023,getuid32() = 10050
19:19:19.528203,1023,epoll_wait(0x1e, 0xbee6d1f8, 0x10, 0) = 2
19:19:19.528788,1023,read(23, "W", 16) = 1
19:19:19.529407,1023,recvfrom(37, "nysv\0\0\0\0Hðlc)\0\0\0Ì\6\0\0\224Â'¸", 24, MSG_DONTWAIT, NULL, NULL) = 24
19:19:19.530143,1023,recvfrom(37, 0xbee6c828, 24, 64, 0, 0) = -1 EAGAIN (Try again)
19:19:19.553519,1023,clock_gettime(CLOCK_MONOTONIC, {177, 838524807}) = 0
19:19:19.554425,1023,clock_gettime(CLOCK_MONOTONIC, {177, 839979515}) = 0
19:19:19.556014,1023,clock_gettime(CLOCK_MONOTONIC, {177, 840970765}) = 0
19:19:19.556696,1023,clock_gettime(CLOCK_MONOTONIC, {177, 841648948}) = 0
19:19:19.557404,1023,recvfrom(38, 0xb88738b0, 1240, 64, 0, 0) = -1 EAGAIN (Try again)
19:19:19.558054,1023,clock_gettime(CLOCK_MONOTONIC, {177, 843005257}) = 0
19:19:19.558804,1023,clock_gettime(CLOCK_MONOTONIC, {177, 843748194}) = 0
19:19:19.559458,1023,getpid() = 1023
19:19:19.560072,1023,getuid32() = 10050
19:19:19.560702,1023,epoll_wait(0x1e, 0xbee6d1f8, 0x10, 0) = 0
19:19:19.561289,1023,clock_gettime(CLOCK_MONOTONIC, {177, 846280900}) = 0
19:19:19.562025,1023,ioctl(9, 0xc0186201, 0xbee6d328) = 0
19:19:19.562698,1023,epoll_wait(0x1e, 0xbee6d1f8, 0x10, 0x5) = 0
19:19:19.571561,1023,clock_gettime(CLOCK_MONOTONIC, {177, 856521891}) = 0
19:19:19.572247,1023,clock_gettime(CLOCK_MONOTONIC, {177, 857198100}) = 0
19:19:19.572977,1023,recvfrom(37, 0xbee6c9a8, 24, 64, 0, 0) = -1 EAGAIN (Try again)
19:19:19.573616,1023,ioctl(9, 0xc0186201, 0xbee6d178) = 0
19:19:19.574550,1023,getpid() = 1023
19:19:19.575227,1023,getuid32() = 10050
19:19:19.575832,1023,epoll_wait(0x1e, 0xbee6d1f8, 0x10, 0) = 0
19:19:19.576418,1023,clock_gettime(CLOCK_MONOTONIC, {177, 861359977}) = 0
19:19:19.577078,1023,epoll_wait(0x1e, 0xbee6d1f8, 0x10, 0xffffffff) = 1
19:19:19.590986,1023,recvfrom(37, "nysv\0\0\0\0La`i)\0\0\0Î\6\0\0\224Â'¸", 24, MSG_DONTWAIT, NULL, NULL) = 24
19:19:19.591754,1023,recvfrom(37, 0xbee6c828, 24, 64, 0, 0) = -1 EAGAIN (Try again)
19:19:19.592387,1023,clock_gettime(CLOCK_MONOTONIC, {177, 877330853}) = 0
19:19:19.593065,1023,write(29, "W", 1) = 1
19:19:19.593761,1023,clock_gettime(CLOCK_MONOTONIC, {177, 878703867}) = 0
19:19:19.594536,1023,clock_gettime(CLOCK_MONOTONIC, {177, 879564579}) = 0
19:19:19.595329,1023,clock_gettime(CLOCK_MONOTONIC, {177, 880273161}) = 0
19:19:19.595976,1023,clock_gettime(CLOCK_MONOTONIC, {177, 880918642}) = 0
19:19:19.596877,1023,clock_gettime(CLOCK_MONOTONIC, {177, 881821049}) = 0
19:19:19.597547,1023,clock_gettime(CLOCK_MONOTONIC, {177, 882489423}) = 0
19:19:19.598217,1023,recvfrom(37, 0xbee6c9a8, 24, 64, 0, 0) = -1 EAGAIN (Try again)
19:19:19.615444,1023,ioctl(9, 0xc0186201, 0xbee6d178) = 0
19:19:19.616324,1023,clock_gettime(CLOCK_MONOTONIC, {177, 901337290}) = 0
19:19:19.617133,1023,clock_gettime(CLOCK_MONOTONIC, {177, 902084047}) = 0
19:19:19.617792,1023,clock_gettime(CLOCK_MONOTONIC, {177, 902735226}) = 0
19:19:19.618447,1023,clock_gettime(CLOCK_MONOTONIC, {177, 903388594}) = 0
19:19:19.631578,1023,clock_gettime(CLOCK_MONOTONIC, {177, 916525707}) = 0
19:19:19.632259,1023,write(29, "W", 1) = 1
19:19:19.633105,1023,ioctl(9, 0xc0186201, 0xbee6cf10) = 0
19:19:19.633942,1023,ioctl(9, 0xc0186201, 0xbee6cf10) = 0
19:19:19.635297,1023,clock_gettime(CLOCK_MONOTONIC, {177, 920249971}) = 0
19:19:19.659531,1023,clock_gettime(CLOCK_MONOTONIC, {177, 944567822}) = 0
19:19:19.660349,1023,ioctl(9, 0xc0186201, 0xbee6d0c8) = 0
19:19:19.661172,1023,ioctl(9, 0xc0186201, 0xbee6d0c8) = 0
19:19:19.662224,1023,getpid() = 1023
19:19:19.662809,1023,getuid32() = 10050
19:19:19.663439,1023,epoll_wait(0x1e, 0xbee6d1f8, 0x10, 0) = 2
19:19:19.664045,1023,read(23, "WW", 16) = 2
19:19:19.664690,1023,recvfrom(37, "nysv\0\0\0\0ºéäk)\0\0\0Ï\6\0\0\224Â'¸", 24, MSG_DONTWAIT, NULL, NULL) = 24
19:19:19.665463,1023,recvfrom(37, 0xbee6c828, 24, 64, 0, 0) = -1 EAGAIN (Try again)
19:19:19.666115,1023,clock_gettime(CLOCK_MONOTONIC, {177, 951070756}) = 0
19:19:19.666869,1023,clock_gettime(CLOCK_MONOTONIC, {177, 951820814}) = 0
19:19:19.667556,1023,clock_gettime(CLOCK_MONOTONIC, {177, 952506775}) = 0
19:19:19.668226,1023,clock_gettime(CLOCK_MONOTONIC, {177, 953181642}) = 0
19:19:19.668925,1023,recvfrom(38, 0xb88738b0, 1240, 64, 0, 0) = -1 EAGAIN (Try again)
19:19:19.669566,1023,clock_gettime(CLOCK_MONOTONIC, {177, 954515534}) = 0
19:19:19.670237,1023,clock_gettime(CLOCK_MONOTONIC, {177, 955192123}) = 0
19:19:19.670913,1023,getpid() = 1023
19:19:19.671490,1023,getuid32() = 10050
19:19:19.672098,1023,epoll_wait(0x1e, 0xbee6d1f8, 0x10, 0) = 0
19:19:19.672712,1023,clock_gettime(CLOCK_MONOTONIC, {177, 957661627}) = 0
19:19:19.673395,1023,ioctl(9, 0xc0186201, 0xbee6d328) = 0
19:19:19.674014,1023,epoll_wait(0x1e, 0xbee6d1f8, 0x10, 0x24) = 0
19:19:19.732684,1023,clock_gettime(CLOCK_MONOTONIC, {178, 17660234}) = 0
19:19:19.733395,1023,clock_gettime(CLOCK_MONOTONIC, {178, 18340034}) = 0
19:19:19.734067,1023,recvfrom(37, 0xbee6c9a8, 24, 64, 0, 0) = -1 EAGAIN (Try again)
19:19:19.734687,1023,ioctl(9, 0xc0186201, 0xbee6d178) = 0
19:19:19.735714,1023,getpid() = 1023
19:19:19.736268,1023,getuid32() = 10050
19:19:19.736867,1023,epoll_wait(0x1e, 0xbee6d1f8, 0x10, 0) = 0
19:19:19.737451,1023,clock_gettime(CLOCK_MONOTONIC, {178, 22392427}) = 0
19:19:19.738107,1023,epoll_wait(0x1e, 0xbee6d1f8, 0x10, 0xffffffff) = 1
19:19:19.747498,1023,recvfrom(37, "nysv\0\0\0\0ðRýr)\0\0\0Ñ\6\0\0\224Â'¸", 24, MSG_DONTWAIT, NULL, NULL) = 24
19:19:19.748271,1023,recvfrom(37, 0xbee6c828, 24, 64, 0, 0) = -1 EAGAIN (Try again)
19:19:19.748962,1023,clock_gettime(CLOCK_MONOTONIC, {178, 33912249}) = 0
19:19:19.749663,1023,write(29, "W", 1) = 1
19:19:19.750396,1023,clock_gettime(CLOCK_MONOTONIC, {178, 35347633}) = 0
19:19:19.751075,1023,clock_gettime(CLOCK_MONOTONIC, {178, 36025266}) = 0
19:19:19.751748,1023,clock_gettime(CLOCK_MONOTONIC, {178, 36697950}) = 0
19:19:19.752422,1023,clock_gettime(CLOCK_MONOTONIC, {178, 37371406}) = 0
19:19:19.753365,1023,clock_gettime(CLOCK_MONOTONIC, {178, 38316701}) = 0
19:19:19.754054,1023,clock_gettime(CLOCK_MONOTONIC, {178, 39004219}) = 0
19:19:19.755156,1023,recvfrom(37, 0xbee6c9a8, 24, 64, 0, 0) = -1 EAGAIN (Try again)
19:19:19.775861,1023,ioctl(9, 0xc0186201, 0xbee6d178) = 0
19:19:19.776736,1023,clock_gettime(CLOCK_MONOTONIC, {178, 61745563}) = 0
19:19:19.777544,1023,clock_gettime(CLOCK_MONOTONIC, {178, 62488300}) = 0
19:19:19.778194,1023,clock_gettime(CLOCK_MONOTONIC, {178, 63143724}) = 0
19:19:19.778846,1023,clock_gettime(CLOCK_MONOTONIC, {178, 63787330}) = 0
19:19:19.779520,1023,clock_gettime(CLOCK_MONOTONIC, {178, 64462135}) = 0
19:19:19.780186,1023,write(29, "W", 1) = 1
19:19:19.781115,1023,ioctl(9, 0xc0186201, 0xbee6cf10) = 0
19:19:19.782190,1023,ioctl(9, 0xc0186201, 0xbee6cf10) = 0
19:19:19.783600,1023,clock_gettime(CLOCK_MONOTONIC, {178, 68556126}) = 0
19:19:19.786260,1023,clock_gettime(CLOCK_MONOTONIC, {178, 71221725}) = 0
19:19:19.786952,1023,ioctl(9, 0xc0186201, 0xbee6d0c8) = 0
19:19:19.787871,1023,ioctl(9, 0xc0186201, 0xbee6d0c8) = 0
19:19:19.788602,1023,getpid() = 1023
19:19:19.789182,1023,getuid32() = 10050
19:19:19.789805,1023,epoll_wait(0x1e, 0xbee6d1f8, 0x10, 0) = 2
19:19:19.790413,1023,read(23, "WW", 16) = 2
19:19:19.791051,1023,recvfrom(37, "nysv\0\0\0\0^Û\201u)\0\0\0Ò\6\0\0\224Â'¸", 24, MSG_DONTWAIT, NULL, NULL) = 24
19:19:19.792444,1023,recvfrom(37, 0xbee6c828, 24, 64, 0, 0) = -1 EAGAIN (Try again)
19:19:19.800142,1023,clock_gettime(CLOCK_MONOTONIC, {178, 85214801}) = 0
19:19:19.801088,1023,clock_gettime(CLOCK_MONOTONIC, {178, 86041833}) = 0
19:19:19.801779,1023,clock_gettime(CLOCK_MONOTONIC, {178, 86731393}) = 0
19:19:19.802476,1023,clock_gettime(CLOCK_MONOTONIC, {178, 87427422}) = 0
19:19:19.803170,1023,recvfrom(38, 0xb88738b0, 1240, 64, 0, 0) = -1 EAGAIN (Try again)
19:19:19.803819,1023,clock_gettime(CLOCK_MONOTONIC, {178, 88769393}) = 0
19:19:19.804495,1023,clock_gettime(CLOCK_MONOTONIC, {178, 89444181}) = 0
19:19:19.805164,1023,getpid() = 1023
19:19:19.805746,1023,getuid32() = 10050
19:19:19.817850,1023,epoll_wait(0x1e, 0xbee6d1f8, 0x10, 0) = 0
19:19:19.818580,1023,clock_gettime(CLOCK_MONOTONIC, {178, 103527642}) = 0
19:19:19.819248,1023,ioctl(9, 0xc0186201, 0xbee6d328) = 0
19:19:19.819860,1023,epoll_wait(0x1e, 0xbee6d1f8, 0x10, 0x31) = 0
19:19:19.873665,1023,clock_gettime(CLOCK_MONOTONIC, {178, 158638273}) = 0
19:19:19.874392,1023,clock_gettime(CLOCK_MONOTONIC, {178, 159344786}) = 0
19:19:19.875097,1023,recvfrom(37, 0xbee6c9a8, 24, 64, 0, 0) = -1 EAGAIN (Try again)
19:19:19.875740,1023,ioctl(9, 0xc0186201, 0xbee6d178) = 0
19:19:19.886632,1023,getpid() = 1023
19:19:19.887408,1023,getuid32() = 10050
19:19:19.891270,1023,epoll_wait(0x1e, 0xbee6d1f8, 0x10, 0) = 1
19:19:19.892046,1023,recvfrom(37, "nysv\0\0\0\0bLu{)\0\0\0Ô\6\0\0\224Â'¸", 24, MSG_DONTWAIT, NULL, NULL) = 24
19:19:19.895011,1023,recvfrom(37, 0xbee6c828, 24, 64, 0, 0) = -1 EAGAIN (Try again)
19:19:19.895951,1023,clock_gettime(CLOCK_MONOTONIC, {178, 181095542}) = 0
19:19:19.897190,1023,clock_gettime(CLOCK_MONOTONIC, {178, 182152994}) = 0
19:19:19.897888,1023,clock_gettime(CLOCK_MONOTONIC, {178, 182839523}) = 0
19:19:19.898565,1023,clock_gettime(CLOCK_MONOTONIC, {178, 183515177}) = 0
19:19:19.899235,1023,clock_gettime(CLOCK_MONOTONIC, {178, 184192711}) = 0
19:19:19.900176,1023,clock_gettime(CLOCK_MONOTONIC, {178, 185133524}) = 0
19:19:19.900874,1023,clock_gettime(CLOCK_MONOTONIC, {178, 185825000}) = 0
19:19:19.901574,1023,recvfrom(37, 0xbee6c9a8, 24, 64, 0, 0) = -1 EAGAIN (Try again)
19:19:19.902224,1023,ioctl(9, 0xc0186201, 0xbee6d178) = 0
19:19:19.903112,1023,clock_gettime(CLOCK_MONOTONIC, {178, 188128940}) = 0
19:19:19.903879,1023,clock_gettime(CLOCK_MONOTONIC, {178, 188831129}) = 0
19:19:19.909832,1023,clock_gettime(CLOCK_MONOTONIC, {178, 194845805}) = 0
19:19:19.910589,1023,clock_gettime(CLOCK_MONOTONIC, {178, 195541431}) = 0
19:19:19.911301,1023,clock_gettime(CLOCK_MONOTONIC, {178, 196258313}) = 0
19:19:19.912009,1023,write(29, "W", 1) = 1
19:19:19.912895,1023,ioctl(9, 0xc0186201, 0xbee6cf10) = 0
19:19:19.913773,1023,ioctl(9, 0xc0186201, 0xbee6cf10) = 0
19:19:19.926068,1023,clock_gettime(CLOCK_MONOTONIC, {178, 211043067}) = 0
19:19:19.929890,1023,clock_gettime(CLOCK_MONOTONIC, {178, 214830724}) = 0
19:19:19.930737,1023,ioctl(9, 0xc0186201, 0xbee6d0c8) = 0
19:19:19.931983,1023,getpid() = 1023
19:19:19.932606,1023,getuid32() = 10050
19:19:19.933230,1023,epoll_wait(0x1e, 0xbee6d1f8, 0x10, 0) = 2
19:19:19.933832,1023,read(23, "W", 16) = 1
19:19:19.956707,1023,recvfrom(37, "nysv\0\0\0\0lä¯{)\0\0\0Õ\6\0\0\224Â'¸", 24, MSG_DONTWAIT, NULL, NULL) = 24
19:19:19.957510,1023,recvfrom(37, 0xbee6c828, 24, 64, 0, 0) = -1 EAGAIN (Try again)
19:19:19.958121,1023,clock_gettime(CLOCK_MONOTONIC, {178, 243058252}) = 0
19:19:19.958871,1023,clock_gettime(CLOCK_MONOTONIC, {178, 243807137}) = 0
19:19:19.959539,1023,clock_gettime(CLOCK_MONOTONIC, {178, 244474570}) = 0
19:19:19.960156,1023,clock_gettime(CLOCK_MONOTONIC, {178, 245129766}) = 0
19:19:19.960835,1023,recvfrom(38, 0xb88738b0, 1240, 64, 0, 0) = -1 EAGAIN (Try again)
19:19:19.961460,1023,clock_gettime(CLOCK_MONOTONIC, {178, 246395482}) = 0
19:19:19.962077,1023,clock_gettime(CLOCK_MONOTONIC, {178, 247011448}) = 0
19:19:19.962733,1023,getpid() = 1023
19:19:19.963295,1023,getuid32() = 10050
19:19:19.963896,1023,epoll_wait(0x1e, 0xbee6d1f8, 0x10, 0) = 0
19:19:19.964496,1023,clock_gettime(CLOCK_MONOTONIC, {178, 249429876}) = 0
19:19:19.965120,1023,ioctl(9, 0xc0186201, 0xbee6d328) = 0
19:19:19.965754,1023,epoll_wait(0x1e, 0xbee6d1f8, 0x10, 0x1e) = 0
19:19:19.999405,1023,clock_gettime(CLOCK_MONOTONIC, {178, 284364010}) = 0
19:19:20.000074,1023,clock_gettime(CLOCK_MONOTONIC, {178, 285004223}) = 0
19:19:20.000753,1023,recvfrom(37, 0xbee6c9a8, 24, 64, 0, 0) = -1 EAGAIN (Try again)
19:19:20.001362,1023,ioctl(9, 0xc0186201, 0xbee6d178) = 0
19:19:20.002216,1023,getpid() = 1023
19:19:20.002907,1023,getuid32() = 10050
19:19:20.003521,1023,epoll_wait(0x1e, 0xbee6d1f8, 0x10, 0) = 0
19:19:20.004075,1023,clock_gettime(CLOCK_MONOTONIC, {178, 289005607}) = 0
19:19:20.004744,1023,epoll_wait(0x1e, 0xbee6d1f8, 0x10, 0xffffffff) = 1
19:19:20.007260,1023,recvfrom(37, "nysv\0\0\0\0¢MÈ\202)\0\0\0×\6\0\0\224Â'¸", 24, MSG_DONTWAIT, NULL, NULL) = 24
19:19:20.007982,1023,recvfrom(37, 0xbee6c828, 24, 64, 0, 0) = -1 EAGAIN (Try again)
19:19:20.008594,1023,clock_gettime(CLOCK_MONOTONIC, {178, 293519487}) = 0
19:19:20.009207,1023,write(29, "W", 1) = 1
19:19:20.010336,1023,clock_gettime(CLOCK_MONOTONIC, {178, 295288081}) = 0
19:19:20.011013,1023,clock_gettime(CLOCK_MONOTONIC, {178, 295975829}) = 0
19:19:20.011696,1023,clock_gettime(CLOCK_MONOTONIC, {178, 296629892}) = 0
19:19:20.012334,1023,clock_gettime(CLOCK_MONOTONIC, {178, 297437024}) = 0
19:19:20.013407,1023,clock_gettime(CLOCK_MONOTONIC, {178, 298335713}) = 0
19:19:20.014018,1023,clock_gettime(CLOCK_MONOTONIC, {178, 298943630}) = 0
19:19:20.014729,1023,recvfrom(37, 0xbee6c9a8, 24, 64, 0, 0) = -1 EAGAIN (Try again)
19:19:20.015280,1023,ioctl(9, 0xc0186201, 0xbee6d178) = 0
19:19:20.016091,1023,clock_gettime(CLOCK_MONOTONIC, {178, 301093685}) = 0
19:19:20.016799,1023,clock_gettime(CLOCK_MONOTONIC, {178, 301725675}) = 0
19:19:20.017433,1023,clock_gettime(CLOCK_MONOTONIC, {178, 302359415}) = 0
19:19:20.018026,1023,clock_gettime(CLOCK_MONOTONIC, {178, 302950466}) = 0
19:19:20.018678,1023,clock_gettime(CLOCK_MONOTONIC, {178, 303603930}) = 0
19:19:20.019288,1023,write(29, "W", 1) = 1
19:19:20.020138,1023,ioctl(9, 0xc0186201, 0xbee6cf10) = 0
19:19:20.020925,1023,ioctl(9, 0xc0186201, 0xbee6cf10) = 0
19:19:20.022381,1023,clock_gettime(CLOCK_MONOTONIC, {178, 307311183}) = 0
19:19:20.031605,1023,clock_gettime(CLOCK_MONOTONIC, {178, 316561659}) = 0
19:19:20.032525,1023,ioctl(9, 0xc0186201, 0xbee6d0c8) = 0
19:19:20.033614,1023,getpid() = 1023
19:19:20.055343,1023,getuid32() = 10050
19:19:20.056068,1023,epoll_wait(0x1e, 0xbee6d1f8, 0x10, 0) = 2
19:19:20.056696,1023,read(23, "WW", 16) = 2
19:19:20.057263,1023,recvfrom(37, "nysv\0\0\0\0ÞÝ'\204)\0\0\0Ø\6\0\0\224Â'¸", 24, MSG_DONTWAIT, NULL, NULL) = 24
19:19:20.083896,1023,recvfrom(37, 0xbee6c828, 24, 64, 0, 0) = -1 EAGAIN (Try again)
19:19:20.084549,1023,clock_gettime(CLOCK_MONOTONIC, {178, 369476749}) = 0
19:19:20.085289,1023,clock_gettime(CLOCK_MONOTONIC, {178, 370271503}) = 0
19:19:20.085945,1023,clock_gettime(CLOCK_MONOTONIC, {178, 370931580}) = 0
19:19:20.086666,1023,clock_gettime(CLOCK_MONOTONIC, {178, 371592082}) = 0
19:19:20.103498,1023,recvfrom(38, 0xb88738b0, 1240, 64, 0, 0) = -1 EAGAIN (Try again)
19:19:20.104181,1023,clock_gettime(CLOCK_MONOTONIC, {178, 389167524}) = 0
19:19:20.104884,1023,clock_gettime(CLOCK_MONOTONIC, {178, 389871302}) = 0
19:19:20.105596,1023,getpid() = 1023
19:19:20.106100,1023,getuid32() = 10050
19:19:20.106712,1023,epoll_wait(0x1e, 0xbee6d1f8, 0x10, 0) = 0
19:19:20.107251,1023,clock_gettime(CLOCK_MONOTONIC, {178, 392248120}) = 0
19:19:20.117250,1023,clock_gettime(CLOCK_MONOTONIC, {178, 402242533}) = 0
19:19:20.117938,1023,recvfrom(37, 0xbee6c9a8, 24, 64, 0, 0) = -1 EAGAIN (Try again)
19:19:20.118575,1023,ioctl(9, 0xc0186201, 0xbee6d178) = 0
19:19:20.119471,1023,getpid() = 1023
19:19:20.120122,1023,getuid32() = 10050
19:19:20.120744,1023,epoll_wait(0x1e, 0xbee6d1f8, 0x10, 0) = 0
19:19:20.121299,1023,clock_gettime(CLOCK_MONOTONIC, {178, 406287933}) = 0
19:19:20.121989,1023,epoll_wait(0x1e, 0xbee6d1f8, 0x10, 0xffffffff) = 1
19:19:20.126027,1023,recvfrom(37, "nysv\0\0\0\0Ø¶à\211)\0\0\0Ú\6\0\0\224Â'¸", 24, MSG_DONTWAIT, NULL, NULL) = 24
19:19:20.126780,1023,recvfrom(37, 0xbee6c828, 24, 64, 0, 0) = -1 EAGAIN (Try again)
19:19:20.127426,1023,clock_gettime(CLOCK_MONOTONIC, {178, 412353994}) = 0
19:19:20.128124,1023,write(29, "W", 1) = 1
19:19:20.128800,1023,clock_gettime(CLOCK_MONOTONIC, {178, 413728088}) = 0
19:19:20.129439,1023,clock_gettime(CLOCK_MONOTONIC, {178, 414405009}) = 0
19:19:20.130067,1023,clock_gettime(CLOCK_MONOTONIC, {178, 414993695}) = 0
19:19:20.130697,1023,clock_gettime(CLOCK_MONOTONIC, {178, 415623870}) = 0
19:19:20.131562,1023,clock_gettime(CLOCK_MONOTONIC, {178, 416490746}) = 0
19:19:20.132171,1023,clock_gettime(CLOCK_MONOTONIC, {178, 417138087}) = 0
19:19:20.132822,1023,recvfrom(37, 0xbee6c9a8, 24, 64, 0, 0) = -1 EAGAIN (Try again)
19:19:20.133409,1023,ioctl(9, 0xc0186201, 0xbee6d178) = 0
19:19:20.134236,1023,clock_gettime(CLOCK_MONOTONIC, {178, 419252622}) = 0
19:19:20.134942,1023,clock_gettime(CLOCK_MONOTONIC, {178, 419928434}) = 0
19:19:20.135636,1023,clock_gettime(CLOCK_MONOTONIC, {178, 420563415}) = 0
19:19:20.136229,1023,clock_gettime(CLOCK_MONOTONIC, {178, 421196556}) = 0
19:19:20.136885,1023,clock_gettime(CLOCK_MONOTONIC, {178, 421870822}) = 0
19:19:20.137595,1023,write(29, "W", 1) = 1
19:19:20.146203,1023,ioctl(9, 0xc0186201, 0xbee6cf10) = 0
19:19:20.147028,1023,ioctl(9, 0xc0186201, 0xbee6cf10) = 0
19:19:20.148293,1023,clock_gettime(CLOCK_MONOTONIC, {178, 433264542}) = 0
19:19:20.151700,1023,clock_gettime(CLOCK_MONOTONIC, {178, 436642961}) = 0
19:19:20.152379,1023,ioctl(9, 0xc0186201, 0xbee6d0c8) = 0
19:19:20.153107,1023,ioctl(9, 0xc0186201, 0xbee6d0c8) = 0
19:19:20.154193,1023,getpid() = 1023
19:19:20.154766,1023,getuid32() = 10050
19:19:20.155376,1023,epoll_wait(0x1e, 0xbee6d1f8, 0x10, 0) = 2
19:19:20.175797,1023,read(23, "WW", 16) = 2
19:19:20.176387,1023,recvfrom(37, "nysv\0\0\0\0\n¯\5\213)\0\0\0Û\6\0\0\224Â'¸", 24, MSG_DONTWAIT, NULL, NULL) = 24
19:19:20.177116,1023,recvfrom(37, 0xbee6c828, 24, 64, 0, 0) = -1 EAGAIN (Try again)
19:19:20.177701,1023,clock_gettime(CLOCK_MONOTONIC, {178, 462653350}) = 0
19:19:20.178410,1023,clock_gettime(CLOCK_MONOTONIC, {178, 463338079}) = 0
19:19:20.179075,1023,clock_gettime(CLOCK_MONOTONIC, {178, 464003177}) = 0
19:19:20.179673,1023,clock_gettime(CLOCK_MONOTONIC, {178, 464600019}) = 0
19:19:20.180283,1023,recvfrom(38, 0xb88738b0, 1240, 64, 0, 0) = -1 EAGAIN (Try again)
19:19:20.180853,1023,clock_gettime(CLOCK_MONOTONIC, {178, 465779773}) = 0
19:19:20.181450,1023,clock_gettime(CLOCK_MONOTONIC, {178, 466376798}) = 0
19:19:20.182042,1023,getpid() = 1023
19:19:20.182652,1023,getuid32() = 10050
19:19:20.183215,1023,epoll_wait(0x1e, 0xbee6d1f8, 0x10, 0) = 0
19:19:20.184051,1023,clock_gettime(CLOCK_MONOTONIC, {178, 469004257}) = 0
19:19:20.184745,1023,ioctl(9, 0xc0186201, 0xbee6d328) = 0
19:19:20.185374,1023,epoll_wait(0x1e, 0xbee6d1f8, 0x10, 0x29) = 0
19:19:20.230096,1023,clock_gettime(CLOCK_MONOTONIC, {178, 515045663}) = 0
19:19:20.230801,1023,clock_gettime(CLOCK_MONOTONIC, {178, 515738080}) = 0
19:19:20.231502,1023,recvfrom(37, 0xbee6c9a8, 24, 64, 0, 0) = -1 EAGAIN (Try again)
19:19:20.232164,1023,ioctl(9, 0xc0186201, 0xbee6d178) = 0
19:19:20.233017,1023,getpid() = 1023
19:19:20.233751,1023,getuid32() = 10050
19:19:20.234354,1023,epoll_wait(0x1e, 0xbee6d1f8, 0x10, 0) = 0
19:19:20.234935,1023,clock_gettime(CLOCK_MONOTONIC, {178, 519870038}) = 0
19:19:20.235608,1023,epoll_wait(0x1e, 0xbee6d1f8, 0x10, 0xffffffff) = 1
19:19:20.249920,1023,recvfrom(37, "nysv\0\0\0\0\4\210¾\220)\0\0\0Ý\6\0\0\224Â'¸", 24, MSG_DONTWAIT, NULL, NULL) = 24
19:19:20.250663,1023,recvfrom(37, 0xbee6c828, 24, 64, 0, 0) = -1 EAGAIN (Try again)
19:19:20.251242,1023,clock_gettime(CLOCK_MONOTONIC, {178, 536226148}) = 0
19:19:20.251915,1023,write(29, "W", 1) = 1
19:19:20.252612,1023,clock_gettime(CLOCK_MONOTONIC, {178, 537788331}) = 0
19:19:20.253616,1023,clock_gettime(CLOCK_MONOTONIC, {178, 538553848}) = 0
19:19:20.254237,1023,clock_gettime(CLOCK_MONOTONIC, {178, 539226231}) = 0
19:19:20.254909,1023,clock_gettime(CLOCK_MONOTONIC, {178, 539980555}) = 0
19:19:20.255964,1023,clock_gettime(CLOCK_MONOTONIC, {178, 540894289}) = 0
19:19:20.256647,1023,clock_gettime(CLOCK_MONOTONIC, {178, 541575535}) = 0
19:19:20.257260,1023,recvfrom(37, 0xbee6c9a8, 24, 64, 0, 0) = -1 EAGAIN (Try again)
19:19:20.266421,1023,ioctl(9, 0xc0186201, 0xbee6d178) = 0
19:19:20.267363,1023,clock_gettime(CLOCK_MONOTONIC, {178, 552422287}) = 0
19:19:20.268297,1023,clock_gettime(CLOCK_MONOTONIC, {178, 553364554}) = 0
19:19:20.269181,1023,clock_gettime(CLOCK_MONOTONIC, {178, 554166808}) = 0
19:19:20.269837,1023,clock_gettime(CLOCK_MONOTONIC, {178, 554765304}) = 0
19:19:20.270621,1023,clock_gettime(CLOCK_MONOTONIC, {178, 555555224}) = 0
19:19:20.271265,1023,write(29, "W", 1) = 1
19:19:20.272134,1023,ioctl(9, 0xc0186201, 0xbee6cf10) = 0
19:19:20.272973,1023,ioctl(9, 0xc0186201, 0xbee6cf10) = 0
19:19:20.274462,1023,clock_gettime(CLOCK_MONOTONIC, {178, 559486018}) = 0
19:19:20.295877,1023,clock_gettime(CLOCK_MONOTONIC, {178, 580849841}) = 0
19:19:20.296571,1023,ioctl(9, 0xc0186201, 0xbee6d0c8) = 0
19:19:20.297752,1023,getpid() = 1023
19:19:20.298353,1023,getuid32() = 10050
19:19:20.298924,1023,epoll_wait(0x1e, 0xbee6d1f8, 0x10, 0) = 2
19:19:20.299530,1023,read(23, "WW", 16) = 2
19:19:20.300118,1023,recvfrom(37, "nysv\0\0\0\0TH\223\222)\0\0\0Þ\6\0\0\224Â'¸", 24, MSG_DONTWAIT, NULL, NULL) = 24
19:19:20.300834,1023,recvfrom(37, 0xbee6c828, 24, 64, 0, 0) = -1 EAGAIN (Try again)
19:19:20.301493,1023,clock_gettime(CLOCK_MONOTONIC, {178, 586426356}) = 0
19:19:20.302169,1023,clock_gettime(CLOCK_MONOTONIC, {178, 587109115}) = 0
19:19:20.302798,1023,clock_gettime(CLOCK_MONOTONIC, {178, 587752292}) = 0
19:19:20.303486,1023,clock_gettime(CLOCK_MONOTONIC, {178, 588420153}) = 0
19:19:20.304217,1023,recvfrom(38, 0xb88738b0, 1240, 64, 0, 0) = -1 EAGAIN (Try again)
19:19:20.304845,1023,clock_gettime(CLOCK_MONOTONIC, {178, 589778328}) = 0
19:19:20.305518,1023,clock_gettime(CLOCK_MONOTONIC, {178, 616009893}) = 0
19:19:20.331859,1023,getpid() = 1023
19:19:20.332446,1023,getuid32() = 10050
19:19:20.333058,1023,epoll_wait(0x1e, 0xbee6d1f8, 0x10, 0) = 0
19:19:20.333642,1023,clock_gettime(CLOCK_MONOTONIC, {178, 618570087}) = 0
19:19:20.334245,1023,ioctl(9, 0xc0186201, 0xbee6d328) = 0
19:19:20.334837,1023,epoll_wait(0x1e, 0xbee6d1f8, 0x10, 0x19) = 0
19:19:20.366658,1023,clock_gettime(CLOCK_MONOTONIC, {178, 651612874}) = 0
19:19:20.367330,1023,clock_gettime(CLOCK_MONOTONIC, {178, 652288689}) = 0
19:19:20.367979,1023,recvfrom(37, 0xbee6c9a8, 24, 64, 0, 0) = -1 EAGAIN (Try again)
19:19:20.368594,1023,ioctl(9, 0xc0186201, 0xbee6d178) = 0
19:19:20.369706,1023,getpid() = 1023
19:19:20.370377,1023,getuid32() = 10050
19:19:20.370930,1023,epoll_wait(0x1e, 0xbee6d1f8, 0x10, 0) = 0
19:19:20.371503,1023,clock_gettime(CLOCK_MONOTONIC, {178, 656430796}) = 0
19:19:20.372110,1023,epoll_wait(0x1e, 0xbee6d1f8, 0x10, 0xffffffff) = 1
19:19:20.380043,1023,recvfrom(37, "nysv\0\0\0\0bQÁ\230)\0\0\0à\6\0\0\224Â'¸", 24, MSG_DONTWAIT, NULL, NULL) = 24
19:19:20.380845,1023,recvfrom(37, 0xbee6c828, 24, 64, 0, 0) = -1 EAGAIN (Try again)
19:19:20.381472,1023,clock_gettime(CLOCK_MONOTONIC, {178, 666400824}) = 0
19:19:20.382098,1023,write(29, "W", 1) = 1
19:19:20.382837,1023,clock_gettime(CLOCK_MONOTONIC, {178, 667766387}) = 0
19:19:20.383479,1023,clock_gettime(CLOCK_MONOTONIC, {178, 668406385}) = 0
19:19:20.384068,1023,clock_gettime(CLOCK_MONOTONIC, {178, 668995323}) = 0
19:19:20.384988,1023,clock_gettime(CLOCK_MONOTONIC, {178, 670003276}) = 0
19:19:20.385991,1023,clock_gettime(CLOCK_MONOTONIC, {178, 670949741}) = 0
19:19:20.386704,1023,clock_gettime(CLOCK_MONOTONIC, {178, 671632410}) = 0
19:19:20.387347,1023,recvfrom(37, 0xbee6c9a8, 24, 64, 0, 0) = -1 EAGAIN (Try again)
19:19:20.387931,1023,ioctl(9, 0xc0186201, 0xbee6d178) = 0
19:19:20.388783,1023,clock_gettime(CLOCK_MONOTONIC, {178, 673760985}) = 0
19:19:20.389507,1023,clock_gettime(CLOCK_MONOTONIC, {178, 674435900}) = 0
19:19:20.420548,1023,clock_gettime(CLOCK_MONOTONIC, {178, 705597016}) = 0
19:19:20.421519,1023,clock_gettime(CLOCK_MONOTONIC, {178, 706490936}) = 0
19:19:20.422216,1023,clock_gettime(CLOCK_MONOTONIC, {178, 707208705}) = 0
19:19:20.422922,1023,write(29, "W", 1) = 1
19:19:20.423778,1023,ioctl(9, 0xc0186201, 0xbee6cf10) = 0
19:19:20.424642,1023,ioctl(9, 0xc0186201, 0xbee6cf10) = 0
19:19:20.426083,1023,clock_gettime(CLOCK_MONOTONIC, {178, 711023418}) = 0
19:19:20.429692,1023,clock_gettime(CLOCK_MONOTONIC, {178, 714635145}) = 0
19:19:20.430429,1023,ioctl(9, 0xc0186201, 0xbee6d0c8) = 0
19:19:20.431276,1023,ioctl(9, 0xc0186201, 0xbee6d0c8) = 0
19:19:20.432107,1023,getpid() = 1023
19:19:20.432677,1023,getuid32() = 10050
19:19:20.433326,1023,epoll_wait(0x1e, 0xbee6d1f8, 0x10, 0) = 2
19:19:20.433895,1023,read(23, "WW", 16) = 2
19:19:20.435163,1023,recvfrom(37, "nysv\0\0\0\0\212±«\231)\0\0\0á\6\0\0\224Â'¸", 24, MSG_DONTWAIT, NULL, NULL) = 24
19:19:20.437173,1023,recvfrom(37, 0xbee6c828, 24, 64, 0, 0) = -1 EAGAIN (Try again)
19:19:20.437982,1023,clock_gettime(CLOCK_MONOTONIC, {178, 723016614}) = 0
19:19:20.438970,1023,clock_gettime(CLOCK_MONOTONIC, {178, 723902184}) = 0
19:19:20.439654,1023,clock_gettime(CLOCK_MONOTONIC, {178, 724583295}) = 0
19:19:20.440250,1023,clock_gettime(CLOCK_MONOTONIC, {178, 725233661}) = 0
19:19:20.440919,1023,recvfrom(38, 0xb88738b0, 1240, 64, 0, 0) = -1 EAGAIN (Try again)
19:19:20.441602,1023,clock_gettime(CLOCK_MONOTONIC, {178, 726591324}) = 0
19:19:20.442409,1023,clock_gettime(CLOCK_MONOTONIC, {178, 727368996}) = 0
19:19:20.443037,1023,getpid() = 1023
19:19:20.443746,1023,getuid32() = 10050
19:19:20.444356,1023,epoll_wait(0x1e, 0xbee6d1f8, 0x10, 0) = 0
19:19:20.444922,1023,clock_gettime(CLOCK_MONOTONIC, {178, 729882740}) = 0
19:19:20.445614,1023,ioctl(9, 0xc0186201, 0xbee6d328) = 0
19:19:20.457014,1023,epoll_wait(0x1e, 0xbee6d1f8, 0x10, 0x24) = 0
19:19:20.506842,1023,clock_gettime(CLOCK_MONOTONIC, {178, 792065252}) = 0
19:19:20.509044,1023,clock_gettime(CLOCK_MONOTONIC, {178, 794016263}) = 0
19:19:20.509738,1023,recvfrom(37, 0xbee6c9a8, 24, 64, 0, 0) = -1 EAGAIN (Try again)
19:19:20.510331,1023,ioctl(9, 0xc0186201, 0xbee6d178) = 0
19:19:20.511231,1023,getpid() = 1023
19:19:20.511885,1023,getuid32() = 10050
19:19:20.519526,1023,epoll_wait(0x1e, 0xbee6d1f8, 0x10, 0) = 1
19:19:20.520768,1023,recvfrom(37, "nysv\0\0\0\0ÔJ9¡)\0\0\0ã\6\0\0\224Â'¸", 24, MSG_DONTWAIT, NULL, NULL) = 24
19:19:20.521678,1023,recvfrom(37, 0xbee6c828, 24, 64, 0, 0) = -1 EAGAIN (Try again)
19:19:20.522330,1023,clock_gettime(CLOCK_MONOTONIC, {178, 807563928}) = 0
19:19:20.523547,1023,clock_gettime(CLOCK_MONOTONIC, {178, 808602104}) = 0
19:19:20.524383,1023,clock_gettime(CLOCK_MONOTONIC, {178, 809486618}) = 0
19:19:20.525340,1023,clock_gettime(CLOCK_MONOTONIC, {178, 810330632}) = 0
19:19:20.537807,1023,clock_gettime(CLOCK_MONOTONIC, {178, 822762905}) = 0
19:19:20.539804,1023,clock_gettime(CLOCK_MONOTONIC, {178, 824757754}) = 0
19:19:20.540532,1023,clock_gettime(CLOCK_MONOTONIC, {178, 825473834}) = 0
19:19:20.541189,1023,recvfrom(37, 0xbee6c9a8, 24, 64, 0, 0) = -1 EAGAIN (Try again)
19:19:20.541861,1023,ioctl(9, 0xc0186201, 0xbee6d178) = 0
19:19:20.542984,1023,clock_gettime(CLOCK_MONOTONIC, {178, 828042537}) = 0
19:19:20.543936,1023,clock_gettime(CLOCK_MONOTONIC, {178, 828876287}) = 0
19:19:20.544616,1023,clock_gettime(CLOCK_MONOTONIC, {178, 829562317}) = 0
19:19:20.545275,1023,clock_gettime(CLOCK_MONOTONIC, {178, 830260821}) = 0
19:19:20.546001,1023,clock_gettime(CLOCK_MONOTONIC, {178, 830946035}) = 0
19:19:20.556120,1023,write(29, "W", 1) = 1
19:19:20.557095,1023,ioctl(9, 0xc0186201, 0xbee6cf10) = 0
19:19:20.558038,1023,ioctl(9, 0xc0186201, 0xbee6cf10) = 0
19:19:20.559665,1023,clock_gettime(CLOCK_MONOTONIC, {178, 844602870}) = 0
19:19:20.562760,1023,clock_gettime(CLOCK_MONOTONIC, {178, 847694974}) = 0
19:19:20.563441,1023,ioctl(9, 0xc0186201, 0xbee6d0c8) = 0
19:19:20.564331,1023,ioctl(9, 0xc0186201, 0xbee6d0c8) = 0
19:19:20.565164,1023,getpid() = 1023
19:19:20.565761,1023,getuid32() = 10050
19:19:20.579000,1023,epoll_wait(0x1e, 0xbee6d1f8, 0x10, 0) = 2
19:19:20.579679,1023,read(23, "W", 16) = 1
19:19:20.580247,1023,recvfrom(37, "nysv\0\0\0\0$\v\16£)\0\0\0ä\6\0\0\224Â'¸", 24, MSG_DONTWAIT, NULL, NULL) = 24
19:19:20.580969,1023,recvfrom(37, 0xbee6c828, 24, 64, 0, 0) = -1 EAGAIN (Try again)
19:19:20.581601,1023,clock_gettime(CLOCK_MONOTONIC, {178, 866528255}) = 0
19:19:20.582556,1023,clock_gettime(CLOCK_MONOTONIC, {178, 867715858}) = 0
19:19:20.583565,1023,clock_gettime(CLOCK_MONOTONIC, {178, 868541067}) = 0
19:19:20.584213,1023,clock_gettime(CLOCK_MONOTONIC, {178, 869179554}) = 0
19:19:20.584867,1023,recvfrom(38, 0xb88738b0, 1240, 64, 0, 0) = -1 EAGAIN (Try again)
19:19:20.585466,1023,clock_gettime(CLOCK_MONOTONIC, {178, 870409081}) = 0
19:19:20.586074,1023,clock_gettime(CLOCK_MONOTONIC, {178, 871001718}) = 0
19:19:20.586674,1023,getpid() = 1023
19:19:20.587178,1023,getuid32() = 10050
19:19:20.587721,1023,epoll_wait(0x1e, 0xbee6d1f8, 0x10, 0) = 0
19:19:20.588259,1023,clock_gettime(CLOCK_MONOTONIC, {178, 873190636}) = 0
19:19:20.588862,1023,ioctl(9, 0xc0186201, 0xbee6d328) = 0
19:19:20.589483,1023,epoll_wait(0x1e, 0xbee6d1f8, 0x10, 0x2e) = 0
19:19:20.654487,1023,clock_gettime(CLOCK_MONOTONIC, {178, 939439037}) = 0
19:19:20.655131,1023,clock_gettime(CLOCK_MONOTONIC, {178, 940087087}) = 0
19:19:20.655806,1023,recvfrom(37, 0xbee6c9a8, 24, 64, 0, 0) = -1 EAGAIN (Try again)
19:19:20.656423,1023,ioctl(9, 0xc0186201, 0xbee6d178) = 0
19:19:20.657453,1023,getpid() = 1023
19:19:20.658147,1023,getuid32() = 10050
19:19:20.658756,1023,epoll_wait(0x1e, 0xbee6d1f8, 0x10, 0) = 0
19:19:20.659289,1023,clock_gettime(CLOCK_MONOTONIC, {178, 944272294}) = 0
19:19:20.659954,1023,epoll_wait(0x1e, 0xbee6d1f8, 0x10, 0xffffffff) = 1
19:19:20.664935,1023,recvfrom(37, "nysv\0\0\0\0PÜë©)\0\0\0æ\6\0\0\224Â'¸", 24, MSG_DONTWAIT, NULL, NULL) = 24
19:19:20.665658,1023,recvfrom(37, 0xbee6c828, 24, 64, 0, 0) = -1 EAGAIN (Try again)
19:19:20.666295,1023,clock_gettime(CLOCK_MONOTONIC, {178, 951261370}) = 0
19:19:20.666950,1023,write(29, "W", 1) = 1
19:19:20.667627,1023,clock_gettime(CLOCK_MONOTONIC, {178, 952555404}) = 0
19:19:20.668227,1023,clock_gettime(CLOCK_MONOTONIC, {178, 953192925}) = 0
19:19:20.668856,1023,clock_gettime(CLOCK_MONOTONIC, {178, 953784122}) = 0
19:19:20.669486,1023,clock_gettime(CLOCK_MONOTONIC, {178, 954412796}) = 0
19:19:20.670337,1023,clock_gettime(CLOCK_MONOTONIC, {178, 955278653}) = 0
19:19:20.670959,1023,clock_gettime(CLOCK_MONOTONIC, {178, 955886686}) = 0
19:19:20.671609,1023,recvfrom(37, 0xbee6c9a8, 24, 64, 0, 0) = -1 EAGAIN (Try again)
19:19:20.697889,1023,ioctl(9, 0xc0186201, 0xbee6d178) = 0
19:19:20.700070,1023,clock_gettime(CLOCK_MONOTONIC, {178, 985010379}) = 0
19:19:20.700779,1023,clock_gettime(CLOCK_MONOTONIC, {178, 985709400}) = 0
19:19:20.701441,1023,clock_gettime(CLOCK_MONOTONIC, {178, 986369588}) = 0
19:19:20.702037,1023,clock_gettime(CLOCK_MONOTONIC, {178, 986964579}) = 0
19:19:20.703117,1023,clock_gettime(CLOCK_MONOTONIC, {178, 988089617}) = 0
19:19:20.703853,1023,write(29, "W", 1) = 1
19:19:20.705183,1023,ioctl(9, 0xc0186201, 0xbee6cf10) = 0
19:19:20.707515,1023,clock_gettime(CLOCK_MONOTONIC, {178, 992459531}) = 0
19:19:20.711439,1023,clock_gettime(CLOCK_MONOTONIC, {178, 996419884}) = 0
19:19:20.712103,1023,ioctl(9, 0xc0186201, 0xbee6d0c8) = 0
19:19:20.713204,1023,getpid() = 1023
19:19:20.713756,1023,getuid32() = 10050
19:19:20.714326,1023,epoll_wait(0x1e, 0xbee6d1f8, 0x10, 0) = 2
19:19:20.714872,1023,read(23, "WW", 16) = 2
19:19:20.715492,1023,recvfrom(37, "nysv\0\0\0\0¾dp¬)\0\0\0ç\6\0\0\224Â'¸", 24, MSG_DONTWAIT, NULL, NULL) = 24
19:19:20.716169,1023,recvfrom(37, 0xbee6c828, 24, 64, 0, 0) = -1 EAGAIN (Try again)
19:19:20.716777,1023,clock_gettime(CLOCK_MONOTONIC, {179, 1703365}) = 0
19:19:20.717521,1023,clock_gettime(CLOCK_MONOTONIC, {179, 2449336}) = 0
19:19:20.718115,1023,clock_gettime(CLOCK_MONOTONIC, {179, 3042241}) = 0
19:19:20.718736,1023,clock_gettime(CLOCK_MONOTONIC, {179, 3663365}) = 0
19:19:20.719437,1023,recvfrom(38, 0xb88738b0, 1240, 64, 0, 0) = -1 EAGAIN (Try again)
19:19:20.719997,1023,clock_gettime(CLOCK_MONOTONIC, {179, 4924071}) = 0
19:19:20.720621,1023,clock_gettime(CLOCK_MONOTONIC, {179, 5547608}) = 0
19:19:20.721266,1023,getpid() = 1023
19:19:20.721809,1023,getuid32() = 10050
19:19:20.722441,1023,epoll_wait(0x1e, 0xbee6d1f8, 0x10, 0) = 0
19:19:20.722975,1023,clock_gettime(CLOCK_MONOTONIC, {179, 7901078}) = 0
19:19:20.723605,1023,ioctl(9, 0xc0186201, 0xbee6d328) = 0
19:19:20.724209,1023,epoll_wait(0x1e, 0xbee6d1f8, 0x10, 0x44) = 0
19:19:20.798930,1023,clock_gettime(CLOCK_MONOTONIC, {179, 83884558}) = 0
19:19:20.799630,1023,clock_gettime(CLOCK_MONOTONIC, {179, 84566695}) = 0
19:19:20.800275,1023,recvfrom(37, 0xbee6c9a8, 24, 64, 0, 0) = -1 EAGAIN (Try again)
19:19:20.800899,1023,ioctl(9, 0xc0186201, 0xbee6d178) = 0
19:19:20.801897,1023,getpid() = 1023
19:19:20.802651,1023,getuid32() = 10050
19:19:20.803225,1023,epoll_wait(0x1e, 0xbee6d1f8, 0x10, 0) = 0
19:19:20.803818,1023,clock_gettime(CLOCK_MONOTONIC, {179, 88812732}) = 0
19:19:20.804568,1023,epoll_wait(0x1e, 0xbee6d1f8, 0x10, 0xffffffff) = 1
19:19:20.813150,1023,recvfrom(37, "nysv\0\0\0\0Ìm\236²)\0\0\0é\6\0\0\224Â'¸", 24, MSG_DONTWAIT, NULL, NULL) = 24
19:19:20.813900,1023,recvfrom(37, 0xbee6c828, 24, 64, 0, 0) = -1 EAGAIN (Try again)
19:19:20.815044,1023,clock_gettime(CLOCK_MONOTONIC, {179, 99974035}) = 0
19:19:20.815721,1023,write(29, "W", 1) = 1
19:19:20.816431,1023,clock_gettime(CLOCK_MONOTONIC, {179, 101359519}) = 0
19:19:20.817029,1023,clock_gettime(CLOCK_MONOTONIC, {179, 101956621}) = 0
19:19:20.817688,1023,clock_gettime(CLOCK_MONOTONIC, {179, 102615408}) = 0
19:19:20.818278,1023,clock_gettime(CLOCK_MONOTONIC, {179, 103260551}) = 0
19:19:20.838449,1023,clock_gettime(CLOCK_MONOTONIC, {179, 123428241}) = 0
19:19:20.839130,1023,clock_gettime(CLOCK_MONOTONIC, {179, 124089162}) = 0
19:19:20.839806,1023,recvfrom(37, 0xbee6c9a8, 24, 64, 0, 0) = -1 EAGAIN (Try again)
19:19:20.840506,1023,ioctl(9, 0xc0186201, 0xbee6d178) = 0
19:19:20.841562,1023,clock_gettime(CLOCK_MONOTONIC, {179, 126493844}) = 0
19:19:20.842185,1023,clock_gettime(CLOCK_MONOTONIC, {179, 127168505}) = 0
19:19:20.842838,1023,clock_gettime(CLOCK_MONOTONIC, {179, 127765063}) = 0
19:19:20.843487,1023,clock_gettime(CLOCK_MONOTONIC, {179, 128414319}) = 0
19:19:20.844162,1023,clock_gettime(CLOCK_MONOTONIC, {179, 129131982}) = 0
19:19:20.844833,1023,write(29, "W", 1) = 1
19:19:20.891445,1023,ioctl(9, 0xc0186201, 0xbee6cf10) = 0
19:19:20.892260,1023,ioctl(9, 0xc0186201, 0xbee6cf10) = 0
19:19:20.894185,1023,clock_gettime(CLOCK_MONOTONIC, {179, 179194584}) = 0
19:19:20.908144,1023,clock_gettime(CLOCK_MONOTONIC, {179, 193133660}) = 0
19:19:20.908880,1023,ioctl(9, 0xc0186201, 0xbee6d0c8) = 0
19:19:20.910069,1023,getpid() = 1023
19:19:20.910641,1023,getuid32() = 10050
19:19:20.911245,1023,epoll_wait(0x1e, 0xbee6d1f8, 0x10, 0) = 2
19:19:20.911839,1023,read(23, "WW", 16) = 2
19:19:20.912469,1023,recvfrom(37, "nysv\0\0\0\0000^è´)\0\0\0ê\6\0\0\224Â'¸", 24, MSG_DONTWAIT, NULL, NULL) = 24
19:19:20.913220,1023,recvfrom(37, 0xbee6c828, 24, 64, 0, 0) = -1 EAGAIN (Try again)
19:19:20.913854,1023,clock_gettime(CLOCK_MONOTONIC, {179, 198798426}) = 0
19:19:20.914578,1023,clock_gettime(CLOCK_MONOTONIC, {179, 199524031}) = 0
19:19:20.915239,1023,clock_gettime(CLOCK_MONOTONIC, {179, 200190123}) = 0
19:19:20.915896,1023,clock_gettime(CLOCK_MONOTONIC, {179, 224348099}) = 0
19:19:20.940134,1023,recvfrom(38, 0xb88738b0, 1240, 64, 0, 0) = -1 EAGAIN (Try again)
19:19:20.940821,1023,clock_gettime(CLOCK_MONOTONIC, {179, 225751849}) = 0
19:19:20.941709,1023,clock_gettime(CLOCK_MONOTONIC, {179, 226711212}) = 0
19:19:20.942459,1023,clock_gettime(CLOCK_MONOTONIC, {179, 227395358}) = 0
19:19:20.943105,1023,recvfrom(37, 0xbee6c9a8, 24, 64, 0, 0) = -1 EAGAIN (Try again)
19:19:20.943743,1023,ioctl(9, 0xc0186201, 0xbee6d178) = 0
19:19:20.945042,1023,clock_gettime(CLOCK_MONOTONIC, {179, 230024318}) = 0
19:19:20.945794,1023,clock_gettime(CLOCK_MONOTONIC, {179, 230733821}) = 0
19:19:20.946663,1023,clock_gettime(CLOCK_MONOTONIC, {179, 231658033}) = 0
19:19:20.947485,1023,clock_gettime(CLOCK_MONOTONIC, {179, 232415884}) = 0
19:19:20.948164,1023,clock_gettime(CLOCK_MONOTONIC, {179, 233434168}) = 0
19:19:20.949351,1023,ioctl(9, 0xc0186201, 0xbee6cf10) = 0
19:19:20.951106,1023,clock_gettime(CLOCK_MONOTONIC, {179, 236155618}) = 0
19:19:20.954919,1023,clock_gettime(CLOCK_MONOTONIC, {179, 239858028}) = 0
19:19:20.955592,1023,ioctl(9, 0xc0186201, 0xbee6d0c8) = 0
19:19:20.979827,1023,getpid() = 1023
19:19:20.980542,1023,getuid32() = 10050
19:19:20.981129,1023,epoll_wait(0x1e, 0xbee6d1f8, 0x10, 0) = 1
19:19:20.981740,1023,recvfrom(37, "nysv\0\0\0\0>g\26»)\0\0\0ì\6\0\0\224Â'¸", 24, MSG_DONTWAIT, NULL, NULL) = 24
19:19:20.982544,1023,recvfrom(37, 0xbee6c828, 24, 64, 0, 0) = -1 EAGAIN (Try again)
19:19:20.983149,1023,clock_gettime(CLOCK_MONOTONIC, {179, 268174381}) = 0
19:19:20.983960,1023,clock_gettime(CLOCK_MONOTONIC, {179, 269009452}) = 0
19:19:20.984780,1023,getpid() = 1023
19:19:20.985340,1023,getuid32() = 10050
19:19:20.985933,1023,epoll_wait(0x1e, 0xbee6d1f8, 0x10, 0) = 0
19:19:20.986545,1023,clock_gettime(CLOCK_MONOTONIC, {179, 271479824}) = 0
19:19:20.987184,1023,clock_gettime(CLOCK_MONOTONIC, {179, 272169774}) = 0
19:19:20.987848,1023,clock_gettime(CLOCK_MONOTONIC, {179, 272782637}) = 0
19:19:20.988521,1023,recvfrom(38, 0xb88738b0, 1240, 64, 0, 0) = -1 EAGAIN (Try again)
19:19:20.989108,1023,clock_gettime(CLOCK_MONOTONIC, {179, 274042287}) = 0
19:19:20.989761,1023,clock_gettime(CLOCK_MONOTONIC, {179, 274695251}) = 0
19:19:20.990414,1023,getpid() = 1023
19:19:20.990939,1023,getuid32() = 10050
19:19:20.991534,1023,epoll_wait(0x1e, 0xbee6d1f8, 0x10, 0) = 0
19:19:20.992083,1023,clock_gettime(CLOCK_MONOTONIC, {179, 277015593}) = 0
19:19:20.998665,1023,ioctl(9, 0xc0186201, 0xbee6d328) = 0
19:19:20.999333,1023,epoll_wait(0x1e, 0xbee6d1f8, 0x10, 0x2c) = 0
19:19:21.059745,1023,clock_gettime(CLOCK_MONOTONIC, {179, 344690843}) = 0
19:19:21.060459,1023,clock_gettime(CLOCK_MONOTONIC, {179, 345440395}) = 0
19:19:21.061194,1023,recvfrom(37, 0xbee6c9a8, 24, 64, 0, 0) = -1 EAGAIN (Try again)
19:19:21.061814,1023,ioctl(9, 0xc0186201, 0xbee6d178) = 0
19:19:21.062758,1023,getpid() = 1023
19:19:21.063532,1023,getuid32() = 10050
19:19:21.064083,1023,epoll_wait(0x1e, 0xbee6d1f8, 0x10, 0) = 0
19:19:21.064654,1023,clock_gettime(CLOCK_MONOTONIC, {179, 349579763}) = 0
19:19:21.065261,1023,epoll_wait(0x1e, 0xbee6d1f8, 0x10, 0xffffffff) = 1
19:19:21.069926,1023,recvfrom(37, "nysv\0\0\0\0tÐ.Â)\0\0\0î\6\0\0\224Â'¸", 24, MSG_DONTWAIT, NULL, NULL) = 24
19:19:21.070664,1023,recvfrom(37, 0xbee6c828, 24, 64, 0, 0) = -1 EAGAIN (Try again)
19:19:21.071240,1023,clock_gettime(CLOCK_MONOTONIC, {179, 356205978}) = 0
19:19:21.071901,1023,write(29, "W", 1) = 1
19:19:21.072574,1023,clock_gettime(CLOCK_MONOTONIC, {179, 357501267}) = 0
19:19:21.073173,1023,clock_gettime(CLOCK_MONOTONIC, {179, 358137762}) = 0
19:19:21.073999,1023,clock_gettime(CLOCK_MONOTONIC, {179, 358989457}) = 0
19:19:21.075174,1023,clock_gettime(CLOCK_MONOTONIC, {179, 360220481}) = 0
19:19:21.086715,1023,clock_gettime(CLOCK_MONOTONIC, {179, 371724470}) = 0
19:19:21.087529,1023,clock_gettime(CLOCK_MONOTONIC, {179, 372479300}) = 0
19:19:21.088174,1023,recvfrom(37, 0xbee6c9a8, 24, 64, 0, 0) = -1 EAGAIN (Try again)
19:19:21.088804,1023,ioctl(9, 0xc0186201, 0xbee6d178) = 0
19:19:21.089666,1023,clock_gettime(CLOCK_MONOTONIC, {179, 374657470}) = 0
19:19:21.090462,1023,clock_gettime(CLOCK_MONOTONIC, {179, 375390755}) = 0
19:19:21.091609,1023,clock_gettime(CLOCK_MONOTONIC, {179, 376540236}) = 0
19:19:21.092212,1023,clock_gettime(CLOCK_MONOTONIC, {179, 377194943}) = 0
19:19:21.092970,1023,clock_gettime(CLOCK_MONOTONIC, {179, 377915838}) = 0
19:19:21.093645,1023,write(29, "W", 1) = 1
19:19:21.094453,1023,ioctl(9, 0xc0186201, 0xbee6cf10) = 0
19:19:21.095226,1023,ioctl(9, 0xc0186201, 0xbee6cf10) = 0
19:19:21.096611,1023,clock_gettime(CLOCK_MONOTONIC, {179, 381542409}) = 0
19:19:21.100694,1023,clock_gettime(CLOCK_MONOTONIC, {179, 385640456}) = 0
19:19:21.101427,1023,ioctl(9, 0xc0186201, 0xbee6d0c8) = 0
19:19:21.102468,1023,getpid() = 1023
19:19:21.103015,1023,getuid32() = 10050
19:19:21.103795,1023,epoll_wait(0x1e, 0xbee6d1f8, 0x10, 0) = 2
19:19:21.125669,1023,read(23, "WW", 16) = 2
19:19:21.126338,1023,recvfrom(37, "nysv\0\0\0\0ºøÈÃ)\0\0\0ï\6\0\0\224Â'¸", 24, MSG_DONTWAIT, NULL, NULL) = 24
19:19:21.127090,1023,recvfrom(37, 0xbee6c828, 24, 64, 0, 0) = -1 EAGAIN (Try again)
19:19:21.127731,1023,clock_gettime(CLOCK_MONOTONIC, {179, 412673102}) = 0
19:19:21.128521,1023,clock_gettime(CLOCK_MONOTONIC, {179, 413449194}) = 0
19:19:21.129124,1023,clock_gettime(CLOCK_MONOTONIC, {179, 414078705}) = 0
19:19:21.144683,1023,clock_gettime(CLOCK_MONOTONIC, {179, 429620542}) = 0
19:19:21.145464,1023,recvfrom(38, 0xb88738b0, 1240, 64, 0, 0) = -1 EAGAIN (Try again)
19:19:21.146118,1023,clock_gettime(CLOCK_MONOTONIC, {179, 431079337}) = 0
19:19:21.146796,1023,clock_gettime(CLOCK_MONOTONIC, {179, 431731665}) = 0
19:19:21.147457,1023,getpid() = 1023
19:19:21.148021,1023,getuid32() = 10050
19:19:21.148624,1023,epoll_wait(0x1e, 0xbee6d1f8, 0x10, 0) = 0
19:19:21.149187,1023,clock_gettime(CLOCK_MONOTONIC, {179, 434159141}) = 0
19:19:21.149850,1023,ioctl(9, 0xc0186201, 0xbee6d328) = 0
19:19:21.150468,1023,epoll_wait(0x1e, 0xbee6d1f8, 0x10, 0x20) = 0
19:19:21.191754,1023,clock_gettime(CLOCK_MONOTONIC, {179, 476703632}) = 0
19:19:21.192450,1023,clock_gettime(CLOCK_MONOTONIC, {179, 477379919}) = 0
19:19:21.193109,1023,recvfrom(37, 0xbee6c9a8, 24, 64, 0, 0) = -1 EAGAIN (Try again)
19:19:21.193732,1023,ioctl(9, 0xc0186201, 0xbee6d178) = 0
19:19:21.194586,1023,getpid() = 1023
19:19:21.195210,1023,getuid32() = 10050
19:19:21.195801,1023,epoll_wait(0x1e, 0xbee6d1f8, 0x10, 0) = 0
19:19:21.196341,1023,clock_gettime(CLOCK_MONOTONIC, {179, 481294111}) = 0
19:19:21.197037,1023,epoll_wait(0x1e, 0xbee6d1f8, 0x10, 0xffffffff) = 1
19:19:21.199075,1023,recvfrom(37, "nysv\0\0\0\0È\1÷É)\0\0\0ñ\6\0\0\224Â'¸", 24, MSG_DONTWAIT, NULL, NULL) = 24
19:19:21.199767,1023,recvfrom(37, 0xbee6c828, 24, 64, 0, 0) = -1 EAGAIN (Try again)
19:19:21.200397,1023,clock_gettime(CLOCK_MONOTONIC, {179, 485324863}) = 0
19:19:21.201071,1023,write(29, "W", 1) = 1
19:19:21.201717,1023,clock_gettime(CLOCK_MONOTONIC, {179, 486645027}) = 0
19:19:21.202321,1023,clock_gettime(CLOCK_MONOTONIC, {179, 487249068}) = 0
19:19:21.202912,1023,clock_gettime(CLOCK_MONOTONIC, {179, 487837999}) = 0
19:19:21.203507,1023,clock_gettime(CLOCK_MONOTONIC, {179, 488467892}) = 0
19:19:21.204439,1023,clock_gettime(CLOCK_MONOTONIC, {179, 489670849}) = 0
19:19:21.205538,1023,clock_gettime(CLOCK_MONOTONIC, {179, 490479628}) = 0
19:19:21.206196,1023,recvfrom(37, 0xbee6c9a8, 24, 64, 0, 0) = -1 EAGAIN (Try again)
19:19:21.216827,1023,ioctl(9, 0xc0186201, 0xbee6d178) = 0
19:19:21.217758,1023,clock_gettime(CLOCK_MONOTONIC, {179, 502758785}) = 0
19:19:21.218715,1023,clock_gettime(CLOCK_MONOTONIC, {179, 503652420}) = 0
19:19:21.219381,1023,clock_gettime(CLOCK_MONOTONIC, {179, 504317242}) = 0
19:19:21.220005,1023,clock_gettime(CLOCK_MONOTONIC, {179, 504939333}) = 0
19:19:21.220691,1023,clock_gettime(CLOCK_MONOTONIC, {179, 505626342}) = 0
19:19:21.221373,1023,write(29, "W", 1) = 1
19:19:21.222176,1023,ioctl(9, 0xc0186201, 0xbee6cf10) = 0
19:19:21.223012,1023,ioctl(9, 0xc0186201, 0xbee6cf10) = 0
19:19:21.224446,1023,clock_gettime(CLOCK_MONOTONIC, {179, 509386299}) = 0
19:19:21.228133,1023,clock_gettime(CLOCK_MONOTONIC, {179, 513128102}) = 0
19:19:21.228826,1023,ioctl(9, 0xc0186201, 0xbee6d0c8) = 0
19:19:21.229774,1023,ioctl(9, 0xc0186201, 0xbee6d0c8) = 0
19:19:21.230486,1023,getpid() = 1023
19:19:21.236472,1023,getuid32() = 10050
19:19:21.237211,1023,epoll_wait(0x1e, 0xbee6d1f8, 0x10, 0) = 2
19:19:21.237789,1023,read(23, "WW", 16) = 2
19:19:21.238420,1023,recvfrom(37, "nysv\0\0\0\0\4\222VË)\0\0\0ò\6\0\0\224Â'¸", 24, MSG_DONTWAIT, NULL, NULL) = 24
19:19:21.239143,1023,recvfrom(37, 0xbee6c828, 24, 64, 0, 0) = -1 EAGAIN (Try again)
19:19:21.239739,1023,clock_gettime(CLOCK_MONOTONIC, {179, 524673264}) = 0
19:19:21.240432,1023,clock_gettime(CLOCK_MONOTONIC, {179, 525366652}) = 0
19:19:21.241057,1023,clock_gettime(CLOCK_MONOTONIC, {179, 525992628}) = 0
19:19:21.241677,1023,clock_gettime(CLOCK_MONOTONIC, {179, 526949192}) = 0
19:19:21.242771,1023,recvfrom(38, 0xb88738b0, 1240, 64, 0, 0) = -1 EAGAIN (Try again)
19:19:21.243442,1023,clock_gettime(CLOCK_MONOTONIC, {179, 528369638}) = 0
19:19:21.244035,1023,clock_gettime(CLOCK_MONOTONIC, {179, 528962211}) = 0
19:19:21.244637,1023,getpid() = 1023
19:19:21.245200,1023,getuid32() = 10050
19:19:21.245781,1023,epoll_wait(0x1e, 0xbee6d1f8, 0x10, 0) = 0
19:19:21.260137,1023,clock_gettime(CLOCK_MONOTONIC, {179, 545108892}) = 0
19:19:21.260838,1023,ioctl(9, 0xc0186201, 0xbee6d328) = 0
19:19:21.261479,1023,epoll_wait(0x1e, 0xbee6d1f8, 0x10, 0x30 <unfinished ...>
19:19:21.278896,1041,<... select resumed> ) = 0 (Timeout)
19:19:21.279227,1041,sendto(36, "\233\7\1\0\0\1\0\0\0\0\0\0\6client\nmustmobile\3c"..., 39, 0, NULL, 0) = 39
19:19:21.280166,1041,clock_gettime(CLOCK_REALTIME, {1738783161, 280395995}) = 0
19:19:21.280849,1041,clock_gettime(CLOCK_REALTIME, {1738783161, 281024261}) = 0
19:19:21.281471,1041,select(37, [36], NULL, NULL, {4, 999372} <unfinished ...>
19:19:21.314444,1023,<... epoll_wait resumed> ) = 0
19:19:21.314824,1023,clock_gettime(CLOCK_MONOTONIC, {179, 599786638}) = 0
19:19:21.326410,1023,clock_gettime(CLOCK_MONOTONIC, {179, 611344867}) = 0
19:19:21.327039,1023,recvfrom(37, 0xbee6c9a8, 24, 64, 0, 0) = -1 EAGAIN (Try again)
19:19:21.327639,1023,ioctl(9, 0xc0186201, 0xbee6d178) = 0
19:19:21.328472,1023,getpid() = 1023
19:19:21.329184,1023,getuid32() = 10050
19:19:21.329773,1023,epoll_wait(0x1e, 0xbee6d1f8, 0x10, 0) = 0
19:19:21.330330,1023,clock_gettime(CLOCK_MONOTONIC, {179, 615296530}) = 0
19:19:21.331007,1023,epoll_wait(0x1e, 0xbee6d1f8, 0x10, 0xffffffff) = 1
19:19:21.334888,1023,recvfrom(37, "nysv\0\0\0\0&ËùÑ)\0\0\0ó\6\0\0\224Â'¸", 24, MSG_DONTWAIT, NULL, NULL) = 24
19:19:21.335689,1023,recvfrom(37, 0xbee6c828, 24, 64, 0, 0) = -1 EAGAIN (Try again)
19:19:21.336372,1023,clock_gettime(CLOCK_MONOTONIC, {179, 621324980}) = 0
19:19:21.337012,1023,write(29, "W", 1) = 1
19:19:21.353903,1043,<... select resumed> ) = 0 (Timeout)
19:19:21.354369,1023,clock_gettime(CLOCK_MONOTONIC, <unfinished ...>
19:19:21.354676,1043,sendto(39, "úè\1\0\0\1\0\0\0\0\0\0\6client\nmustmobile\3c"..., 39, 0, NULL, 0 <unfinished ...>
19:19:21.355169,1023,<... clock_gettime resumed> {179, 639811859}) = 0
19:19:21.355733,1043,<... sendto resumed> ) = 39
19:19:21.356094,1023,clock_gettime(CLOCK_MONOTONIC, <unfinished ...>
19:19:21.356401,1043,clock_gettime(CLOCK_REALTIME, <unfinished ...>
19:19:21.356690,1023,<... clock_gettime resumed> {179, 641334003}) = 0
19:19:21.357039,1043,<... clock_gettime resumed> {1738783161, 356943808}) = 0
19:19:21.357468,1023,clock_gettime(CLOCK_MONOTONIC, <unfinished ...>
19:19:21.357766,1043,clock_gettime(CLOCK_REALTIME, <unfinished ...>
19:19:21.358055,1023,<... clock_gettime resumed> {179, 642698736}) = 0
19:19:21.358405,1043,<... clock_gettime resumed> {1738783161, 358310542}) = 0
19:19:21.358829,1023,clock_gettime(CLOCK_MONOTONIC, <unfinished ...>
19:19:21.359129,1043,select(40, [39], NULL, NULL, {4, 998634} <unfinished ...>
19:19:21.359548,1023,<... clock_gettime resumed> {179, 644190866}) = 0
19:19:21.360275,1023,clock_gettime(CLOCK_MONOTONIC, {179, 645222193}) = 0
19:19:21.360939,1023,clock_gettime(CLOCK_MONOTONIC, {179, 645879288}) = 0
19:19:21.361604,1023,recvfrom(37, 0xbee6c9a8, 24, 64, 0, 0) = -1 EAGAIN (Try again)
19:19:21.362204,1023,ioctl(9, 0xc0186201, 0xbee6d178) = 0
19:19:21.362962,1023,clock_gettime(CLOCK_MONOTONIC, {179, 647899994}) = 0
19:19:21.363647,1023,clock_gettime(CLOCK_MONOTONIC, {179, 648580924}) = 0
19:19:21.364267,1023,clock_gettime(CLOCK_MONOTONIC, {179, 649240325}) = 0
19:19:21.364925,1023,clock_gettime(CLOCK_MONOTONIC, {179, 649858574}) = 0
19:19:21.365603,1023,clock_gettime(CLOCK_MONOTONIC, {179, 650537342}) = 0
19:19:21.366242,1023,write(29, "W", 1) = 1
19:19:21.367065,1023,ioctl(9, 0xc0186201, 0xbee6cf10) = 0
19:19:21.367993,1023,ioctl(9, 0xc0186201, 0xbee6cf10) = 0
19:19:21.378484,1023,clock_gettime(CLOCK_MONOTONIC, {179, 663431285}) = 0
19:19:21.380901,1023,clock_gettime(CLOCK_MONOTONIC, {179, 665843484}) = 0
19:19:21.381531,1023,ioctl(9, 0xc0186201, 0xbee6d0c8) = 0
19:19:21.382360,1023,ioctl(9, 0xc0186201, 0xbee6d0c8) = 0
19:19:21.383008,1023,getpid() = 1023
19:19:21.383523,1023,getuid32() = 10050
19:19:21.384066,1023,epoll_wait(0x1e, 0xbee6d1f8, 0x10, 0) = 2
19:19:21.384603,1023,read(23, "WW", 16) = 2
19:19:21.385565,1023,recvfrom(37, "nysv\0\0\0\0\212»CÔ)\0\0\0ô\6\0\0\224Â'¸", 24, MSG_DONTWAIT, NULL, NULL) = 24
19:19:21.392163,1023,recvfrom(37, 0xbee6c828, 24, 64, 0, 0) = -1 EAGAIN (Try again)
19:19:21.392856,1023,clock_gettime(CLOCK_MONOTONIC, {179, 677846950}) = 0
19:19:21.393681,1023,clock_gettime(CLOCK_MONOTONIC, {179, 678610076}) = 0
19:19:21.394402,1023,clock_gettime(CLOCK_MONOTONIC, {179, 679330474}) = 0
19:19:21.395057,1023,clock_gettime(CLOCK_MONOTONIC, {179, 680255471}) = 0
19:19:21.407526,1023,recvfrom(38, 0xb88738b0, 1240, 64, 0, 0) = -1 EAGAIN (Try again)
19:19:21.408123,1023,clock_gettime(CLOCK_MONOTONIC, {179, 693076233}) = 0
19:19:21.408759,1023,clock_gettime(CLOCK_MONOTONIC, {179, 693721537}) = 0
19:19:21.409429,1023,getpid() = 1023
19:19:21.409980,1023,getuid32() = 10050
19:19:21.410587,1023,epoll_wait(0x1e, 0xbee6d1f8, 0x10, 0) = 0
19:19:21.411151,1023,clock_gettime(CLOCK_MONOTONIC, {179, 696116670}) = 0
19:19:21.411789,1023,ioctl(9, 0xc0186201, 0xbee6d328) = 0
19:19:21.412440,1023,epoll_wait(0x1e, 0xbee6d1f8, 0x10, 0x2a) = 0
19:19:21.477014,1023,clock_gettime(CLOCK_MONOTONIC, {179, 762013235}) = 0
19:19:21.477785,1023,clock_gettime(CLOCK_MONOTONIC, {179, 762781474}) = 0
19:19:21.480259,1023,recvfrom(37, 0xbee6c9a8, 24, 64, 0, 0) = -1 EAGAIN (Try again)
19:19:21.480967,1023,ioctl(9, 0xc0186201, 0xbee6d178) = 0
19:19:21.483191,1023,getpid() = 1023
19:19:21.483775,1023,getuid32() = 10050
19:19:21.484396,1023,epoll_wait(0x1e, 0xbee6d1f8, 0x10, 0) = 0
19:19:21.484954,1023,clock_gettime(CLOCK_MONOTONIC, {179, 769890177}) = 0
19:19:21.485630,1023,epoll_wait(0x1e, 0xbee6d1f8, 0x10, 0xffffffff) = 1
19:19:21.493943,1023,recvfrom(37, "nysv\0\0\0\0¶\214!Û)\0\0\0ö\6\0\0\224Â'¸", 24, MSG_DONTWAIT, NULL, NULL) = 24
19:19:21.494690,1023,recvfrom(37, 0xbee6c828, 24, 64, 0, 0) = -1 EAGAIN (Try again)
19:19:21.495271,1023,clock_gettime(CLOCK_MONOTONIC, {179, 780255744}) = 0
19:19:21.495948,1023,write(29, "W", 1) = 1
19:19:21.496631,1023,clock_gettime(CLOCK_MONOTONIC, {179, 781558660}) = 0
19:19:21.505983,1023,clock_gettime(CLOCK_MONOTONIC, {179, 790935985}) = 0
19:19:21.506706,1023,clock_gettime(CLOCK_MONOTONIC, {179, 791641367}) = 0
19:19:21.507364,1023,clock_gettime(CLOCK_MONOTONIC, {179, 792299687}) = 0
19:19:21.508236,1023,clock_gettime(CLOCK_MONOTONIC, {179, 793209768}) = 0
19:19:21.508912,1023,clock_gettime(CLOCK_MONOTONIC, {179, 793906194}) = 0
19:19:21.509652,1023,recvfrom(37, 0xbee6c9a8, 24, 64, 0, 0) = -1 EAGAIN (Try again)
19:19:21.510313,1023,ioctl(9, 0xc0186201, 0xbee6d178) = 0
19:19:21.511152,1023,clock_gettime(CLOCK_MONOTONIC, {179, 796187839}) = 0
19:19:21.511946,1023,clock_gettime(CLOCK_MONOTONIC, {179, 796882863}) = 0
19:19:21.512610,1023,clock_gettime(CLOCK_MONOTONIC, {179, 797545956}) = 0
19:19:21.513315,1023,clock_gettime(CLOCK_MONOTONIC, {179, 798264842}) = 0
19:19:21.514001,1023,clock_gettime(CLOCK_MONOTONIC, {179, 798966244}) = 0
19:19:21.514711,1023,write(29, "W", 1) = 1
19:19:21.515540,1023,ioctl(9, 0xc0186201, 0xbee6cf10) = 0
19:19:21.516700,1023,ioctl(9, 0xc0186201, 0xbee6cf10) = 0
19:19:21.527996,1023,clock_gettime(CLOCK_MONOTONIC, {179, 812938811}) = 0
19:19:21.532117,1023,clock_gettime(CLOCK_MONOTONIC, {179, 817140737}) = 0
19:19:21.533280,1023,ioctl(9, 0xc0186201, 0xbee6d0c8) = 0
19:19:21.534705,1023,ioctl(9, 0xc0186201, 0xbee6d0c8) = 0
19:19:21.546817,1023,getpid() = 1023
19:19:21.547599,1023,getuid32() = 10050
19:19:21.548463,1023,epoll_wait(0x1e, 0xbee6d1f8, 0x10, 0) = 2
19:19:21.549403,1023,read(23, "WW", 16) = 2
19:19:21.550142,1023,recvfrom(37, "nysv\0\0\0\0ü´»Ü)\0\0\0÷\6\0\0\224Â'¸", 24, MSG_DONTWAIT, NULL, NULL) = 24
19:19:21.551047,1023,recvfrom(37, 0xbee6c828, 24, 64, 0, 0) = -1 EAGAIN (Try again)
19:19:21.551704,1023,clock_gettime(CLOCK_MONOTONIC, {179, 836650092}) = 0
19:19:21.552491,1023,clock_gettime(CLOCK_MONOTONIC, {179, 837426934}) = 0
19:19:21.553118,1023,clock_gettime(CLOCK_MONOTONIC, {179, 838079800}) = 0
19:19:21.553790,1023,clock_gettime(CLOCK_MONOTONIC, {179, 838724305}) = 0
19:19:21.554479,1023,recvfrom(38, 0xb88738b0, 1240, 64, 0, 0) = -1 EAGAIN (Try again)
19:19:21.555230,1023,clock_gettime(CLOCK_MONOTONIC, {179, 840273142}) = 0
19:19:21.555968,1023,clock_gettime(CLOCK_MONOTONIC, {179, 840896405}) = 0
19:19:21.556655,1023,getpid() = 1023
19:19:21.566065,1023,getuid32() = 10050
19:19:21.566887,1023,epoll_wait(0x1e, 0xbee6d1f8, 0x10, 0) = 0
19:19:21.567531,1023,clock_gettime(CLOCK_MONOTONIC, {179, 852478620}) = 0
19:19:21.568203,1023,ioctl(9, 0xc0186201, 0xbee6d328) = 0
19:19:21.568858,1023,epoll_wait(0x1e, 0xbee6d1f8, 0x10, 0x23) = 0
19:19:21.605419,1023,clock_gettime(CLOCK_MONOTONIC, {179, 890363389}) = 0
19:19:21.606050,1023,clock_gettime(CLOCK_MONOTONIC, {179, 890979221}) = 0
19:19:21.606725,1023,recvfrom(37, 0xbee6c9a8, 24, 64, 0, 0) = -1 EAGAIN (Try again)
19:19:21.607314,1023,ioctl(9, 0xc0186201, 0xbee6d178) = 0
19:19:21.631548,1023,getpid() = 1023
19:19:21.632084,1023,getuid32() = 10050
19:19:21.632696,1023,epoll_wait(0x1e, 0xbee6d1f8, 0x10, 0) = 0
19:19:21.633337,1023,clock_gettime(CLOCK_MONOTONIC, {179, 918285481}) = 0
19:19:21.633985,1023,epoll_wait(0x1e, 0xbee6d1f8, 0x10, 0xffffffff) = 1
19:19:21.637171,1023,recvfrom(37, "nysv\0\0\0\0002\36Ôã)\0\0\0ù\6\0\0\224Â'¸", 24, MSG_DONTWAIT, NULL, NULL) = 24
19:19:21.637931,1023,recvfrom(37, 0xbee6c828, 24, 64, 0, 0) = -1 EAGAIN (Try again)
19:19:21.638564,1023,clock_gettime(CLOCK_MONOTONIC, {179, 923492513}) = 0
19:19:21.639177,1023,write(29, "W", 1) = 1
19:19:21.639870,1023,clock_gettime(CLOCK_MONOTONIC, {179, 924857163}) = 0
19:19:21.640567,1023,clock_gettime(CLOCK_MONOTONIC, {179, 925494401}) = 0
19:19:21.641215,1023,clock_gettime(CLOCK_MONOTONIC, {179, 926181225}) = 0
19:19:21.641844,1023,clock_gettime(CLOCK_MONOTONIC, {179, 926831429}) = 0
19:19:21.642771,1023,clock_gettime(CLOCK_MONOTONIC, {179, 927729776}) = 0
19:19:21.643476,1023,clock_gettime(CLOCK_MONOTONIC, {179, 928404221}) = 0
19:19:21.644147,1023,recvfrom(37, 0xbee6c9a8, 24, 64, 0, 0) = -1 EAGAIN (Try again)
19:19:21.644734,1023,ioctl(9, 0xc0186201, 0xbee6d178) = 0
19:19:21.645703,1023,clock_gettime(CLOCK_MONOTONIC, {179, 930633285}) = 0
19:19:21.646359,1023,clock_gettime(CLOCK_MONOTONIC, {179, 931287837}) = 0
19:19:21.646956,1023,clock_gettime(CLOCK_MONOTONIC, {179, 931882958}) = 0
19:19:21.677846,1023,clock_gettime(CLOCK_MONOTONIC, {179, 962898278}) = 0
19:19:21.678685,1023,clock_gettime(CLOCK_MONOTONIC, {179, 963617157}) = 0
19:19:21.679340,1023,write(29, "W", 1) = 1
19:19:21.680193,1023,ioctl(9, 0xc0186201, 0xbee6cf10) = 0
19:19:21.680853,1023,ioctl(9, 0xc0186201, 0xbee6cf10) = 0
19:19:21.682497,1023,clock_gettime(CLOCK_MONOTONIC, {179, 967430420}) = 0
19:19:21.685855,1023,clock_gettime(CLOCK_MONOTONIC, {179, 970791218}) = 0
19:19:21.686508,1023,ioctl(9, 0xc0186201, 0xbee6d0c8) = 0
19:19:21.701699,1023,ioctl(9, 0xc0186201, 0xbee6d0c8) = 0
19:19:21.702557,1023,getpid() = 1023
19:19:21.703609,1023,getuid32() = 10050
19:19:21.704203,1023,epoll_wait(0x1e, 0xbee6d1f8, 0x10, 0) = 2
19:19:21.704794,1023,read(23, "WW", 16) = 2
19:19:21.705417,1023,recvfrom(37, "nysv\0\0\0\0FNIä)\0\0\0ú\6\0\0\224Â'¸", 24, MSG_DONTWAIT, NULL, NULL) = 24
19:19:21.728249,1023,recvfrom(37, 0xbee6c828, 24, 64, 0, 0) = -1 EAGAIN (Try again)
19:19:21.728934,1023,clock_gettime(CLOCK_MONOTONIC, {180, 13975710}) = 0
19:19:21.729828,1023,clock_gettime(CLOCK_MONOTONIC, {180, 14828514}) = 0
19:19:21.730620,1023,clock_gettime(CLOCK_MONOTONIC, {180, 15630937}) = 0
19:19:21.731447,1023,clock_gettime(CLOCK_MONOTONIC, {180, 16377238}) = 0
19:19:21.732064,1023,recvfrom(38, 0xb88738b0, 1240, 64, 0, 0) = -1 EAGAIN (Try again)
19:19:21.732707,1023,clock_gettime(CLOCK_MONOTONIC, {180, 17635065}) = 0
19:19:21.733343,1023,clock_gettime(CLOCK_MONOTONIC, {180, 18298934}) = 0
19:19:21.733963,1023,getpid() = 1023
19:19:21.734583,1023,getuid32() = 10050
19:19:21.735172,1023,epoll_wait(0x1e, 0xbee6d1f8, 0x10, 0) = 0
19:19:21.735800,1023,clock_gettime(CLOCK_MONOTONIC, {180, 20733473}) = 0
19:19:21.745960,1023,ioctl(9, 0xc0186201, 0xbee6d328) = 0
19:19:21.746689,1023,epoll_wait(0x1e, 0xbee6d1f8, 0x10, 0x20) = 0
19:19:21.785693,1023,clock_gettime(CLOCK_MONOTONIC, {180, 70679281}) = 0
19:19:21.786408,1023,clock_gettime(CLOCK_MONOTONIC, {180, 71337094}) = 0
19:19:21.787027,1023,recvfrom(37, 0xbee6c9a8, 24, 64, 0, 0) = -1 EAGAIN (Try again)
19:19:21.787633,1023,ioctl(9, 0xc0186201, 0xbee6d178) = 0
19:19:21.788483,1023,getpid() = 1023
19:19:21.789108,1023,getuid32() = 10050
19:19:21.789695,1023,epoll_wait(0x1e, 0xbee6d1f8, 0x10, 0) = 0
19:19:21.790313,1023,clock_gettime(CLOCK_MONOTONIC, {180, 75254514}) = 0
19:19:21.790992,1023,epoll_wait(0x1e, 0xbee6d1f8, 0x10, 0xffffffff) = 1
19:19:21.793717,1023,recvfrom(37, "nysv\0\0\0\0Ö\17qí)\0\0\0ü\6\0\0\224Â'¸", 24, MSG_DONTWAIT, NULL, NULL) = 24
19:19:21.794438,1023,recvfrom(37, 0xbee6c828, 24, 64, 0, 0) = -1 EAGAIN (Try again)
19:19:21.795012,1023,clock_gettime(CLOCK_MONOTONIC, {180, 79939853}) = 0
19:19:21.795665,1023,write(29, "W", 1) = 1
19:19:21.796310,1023,clock_gettime(CLOCK_MONOTONIC, {180, 81237685}) = 0
19:19:21.796906,1023,clock_gettime(CLOCK_MONOTONIC, {180, 81833593}) = 0
19:19:21.797499,1023,clock_gettime(CLOCK_MONOTONIC, {180, 82449522}) = 0
19:19:21.798111,1023,clock_gettime(CLOCK_MONOTONIC, {180, 83038175}) = 0
19:19:21.798943,1023,clock_gettime(CLOCK_MONOTONIC, {180, 83888209}) = 0
19:19:21.799584,1023,clock_gettime(CLOCK_MONOTONIC, {180, 84516901}) = 0
19:19:21.800216,1023,recvfrom(37, 0xbee6c9a8, 24, 64, 0, 0) = -1 EAGAIN (Try again)
19:19:21.800769,1023,ioctl(9, 0xc0186201, 0xbee6d178) = 0
19:19:21.801545,1023,clock_gettime(CLOCK_MONOTONIC, {180, 86523155}) = 0
19:19:21.802209,1023,clock_gettime(CLOCK_MONOTONIC, {180, 87143973}) = 0
19:19:21.802812,1023,clock_gettime(CLOCK_MONOTONIC, {180, 87738792}) = 0
19:19:21.803433,1023,clock_gettime(CLOCK_MONOTONIC, {180, 88365027}) = 0
19:19:21.804074,1023,clock_gettime(CLOCK_MONOTONIC, {180, 89000947}) = 0
19:19:21.804689,1023,write(29, "W", 1) = 1
19:19:21.805475,1023,ioctl(9, 0xc0186201, 0xbee6cf10) = 0
19:19:21.806234,1023,ioctl(9, 0xc0186201, 0xbee6cf10) = 0
19:19:21.807469,1023,clock_gettime(CLOCK_MONOTONIC, {180, 92400558}) = 0
19:19:21.819712,1023,clock_gettime(CLOCK_MONOTONIC, {180, 104673192}) = 0
19:19:21.820404,1023,ioctl(9, 0xc0186201, 0xbee6d0c8) = 0
19:19:21.821545,1023,getpid() = 1023
19:19:21.822056,1023,getuid32() = 10050
19:19:21.822642,1023,epoll_wait(0x1e, 0xbee6d1f8, 0x10, 0) = 2
19:19:21.823233,1023,read(23, "WW", 16) = 2
19:19:21.823835,1023,recvfrom(37, "nysv\0\0\0\0à§«í)\0\0\0ý\6\0\0\224Â'¸", 24, MSG_DONTWAIT, NULL, NULL) = 24
19:19:21.824548,1023,recvfrom(37, 0xbee6c828, 24, 64, 0, 0) = -1 EAGAIN (Try again)
19:19:21.825115,1023,clock_gettime(CLOCK_MONOTONIC, {180, 110066680}) = 0
19:19:21.847578,1023,clock_gettime(CLOCK_MONOTONIC, {180, 132579878}) = 0
19:19:21.848403,1023,clock_gettime(CLOCK_MONOTONIC, {180, 133333785}) = 0
19:19:21.849001,1023,clock_gettime(CLOCK_MONOTONIC, {180, 133929103}) = 0
19:19:21.849671,1023,recvfrom(38, 0xb88738b0, 1240, 64, 0, 0) = -1 EAGAIN (Try again)
19:19:21.860882,1023,clock_gettime(CLOCK_MONOTONIC, {180, 145929260}) = 0
19:19:21.861674,1023,clock_gettime(CLOCK_MONOTONIC, {180, 146605095}) = 0
19:19:21.862390,1023,getpid() = 1023
19:19:21.862897,1023,getuid32() = 10050
19:19:21.863557,1023,epoll_wait(0x1e, 0xbee6d1f8, 0x10, 0) = 0
19:19:21.864156,1023,clock_gettime(CLOCK_MONOTONIC, {180, 149125351}) = 0
19:19:21.864810,1023,ioctl(9, 0xc0186201, 0xbee6d328) = 0
19:19:21.865422,1023,epoll_wait(0x1e, 0xbee6d1f8, 0x10, 0x1d) = 0
19:19:21.914948,1023,clock_gettime(CLOCK_MONOTONIC, {180, 199908921}) = 0
19:19:21.915640,1023,clock_gettime(CLOCK_MONOTONIC, {180, 200573963}) = 0
19:19:21.916282,1023,recvfrom(37, 0xbee6c9a8, 24, 64, 0, 0) = -1 EAGAIN (Try again)
19:19:21.916880,1023,ioctl(9, 0xc0186201, 0xbee6d178) = 0
19:19:21.917855,1023,getpid() = 1023
19:19:21.918463,1023,getuid32() = 10050
19:19:21.919054,1023,epoll_wait(0x1e, 0xbee6d1f8, 0x10, 0) = 0
19:19:21.919643,1023,clock_gettime(CLOCK_MONOTONIC, {180, 204570659}) = 0
19:19:21.920335,1023,epoll_wait(0x1e, 0xbee6d1f8, 0x10, 0xffffffff) = 1
19:19:21.921705,1023,recvfrom(37, "nysv\0\0\0\0 ©þô)\0\0\0ÿ\6\0\0\224Â'¸", 24, MSG_DONTWAIT, NULL, NULL) = 24
19:19:21.922530,1023,recvfrom(37, 0xbee6c828, 24, 64, 0, 0) = -1 EAGAIN (Try again)
19:19:21.923172,1023,clock_gettime(CLOCK_MONOTONIC, {180, 208162021}) = 0
19:19:21.923867,1023,write(29, "W", 1) = 1
19:19:21.924626,1023,clock_gettime(CLOCK_MONOTONIC, {180, 209561367}) = 0
19:19:21.925319,1023,clock_gettime(CLOCK_MONOTONIC, {180, 210267177}) = 0
19:19:21.925945,1023,clock_gettime(CLOCK_MONOTONIC, {180, 210880657}) = 0
19:19:21.926599,1023,clock_gettime(CLOCK_MONOTONIC, {180, 211532520}) = 0
19:19:21.927499,1023,clock_gettime(CLOCK_MONOTONIC, {180, 212434551}) = 0
19:19:21.928132,1023,clock_gettime(CLOCK_MONOTONIC, {180, 213093610}) = 0
19:19:21.928807,1023,recvfrom(37, 0xbee6c9a8, 24, 64, 0, 0) = -1 EAGAIN (Try again)
19:19:21.929417,1023,ioctl(9, 0xc0186201, 0xbee6d178) = 0
19:19:21.930283,1023,clock_gettime(CLOCK_MONOTONIC, {180, 215308871}) = 0
19:19:21.931017,1023,clock_gettime(CLOCK_MONOTONIC, {180, 216002310}) = 0
19:19:21.931712,1023,clock_gettime(CLOCK_MONOTONIC, {180, 216646616}) = 0
19:19:21.932370,1023,clock_gettime(CLOCK_MONOTONIC, {180, 217303677}) = 0
19:19:21.933010,1023,clock_gettime(CLOCK_MONOTONIC, {180, 217945151}) = 0
19:19:21.933687,1023,write(29, "W", 1) = 1
19:19:21.934505,1023,ioctl(9, 0xc0186201, 0xbee6cf10) = 0
19:19:21.935336,1023,ioctl(9, 0xc0186201, 0xbee6cf10) = 0
19:19:21.972931,1023,clock_gettime(CLOCK_MONOTONIC, {180, 257870781}) = 0
19:19:21.988115,1023,clock_gettime(CLOCK_MONOTONIC, {180, 281003167}) = 0
19:19:21.996829,1023,ioctl(9, 0xc0186201, 0xbee6d0c8) = 0
19:19:21.998027,1023,getpid() = 1023
19:19:21.998671,1023,getuid32() = 10050
19:19:21.999244,1023,epoll_wait(0x1e, 0xbee6d1f8, 0x10, 0) = 2
19:19:21.999915,1023,read(23, "WW", 16) = 2
19:19:22.023005,1023,recvfrom(37, "nysv\0\0\0\0*A9õ)\0\0\0\0\7\0\0\224Â'¸", 24, MSG_DONTWAIT, NULL, NULL) = 24
19:19:22.023809,1023,recvfrom(37, 0xbee6c828, 24, 64, 0, 0) = -1 EAGAIN (Try again)
19:19:22.024454,1023,clock_gettime(CLOCK_MONOTONIC, {180, 309635818}) = 0
19:19:22.025538,1023,clock_gettime(CLOCK_MONOTONIC, {180, 310466108}) = 0
19:19:22.026141,1023,clock_gettime(CLOCK_MONOTONIC, {180, 311094672}) = 0
19:19:22.026773,1023,clock_gettime(CLOCK_MONOTONIC, {180, 311699371}) = 0
19:19:22.027422,1023,recvfrom(38, 0xb88738b0, 1240, 64, 0, 0) = -1 EAGAIN (Try again)
19:19:22.027985,1023,clock_gettime(CLOCK_MONOTONIC, {180, 312910158}) = 0
19:19:22.028847,1023,clock_gettime(CLOCK_MONOTONIC, {180, 313773832}) = 0
19:19:22.029494,1023,clock_gettime(CLOCK_MONOTONIC, {180, 314420083}) = 0
19:19:22.030104,1023,recvfrom(37, 0xbee6c9a8, 24, 64, 0, 0) = -1 EAGAIN (Try again)
19:19:22.030693,1023,ioctl(9, 0xc0186201, 0xbee6d178) = 0
19:19:22.031748,1023,clock_gettime(CLOCK_MONOTONIC, {180, 316676464}) = 0
19:19:22.032463,1023,clock_gettime(CLOCK_MONOTONIC, {180, 317388357}) = 0
19:19:22.033056,1023,clock_gettime(CLOCK_MONOTONIC, {180, 317981188}) = 0
19:19:22.033684,1023,clock_gettime(CLOCK_MONOTONIC, {180, 318610140}) = 0
19:19:22.034398,1023,clock_gettime(CLOCK_MONOTONIC, {180, 319325165}) = 0
19:19:22.035236,1023,ioctl(9, 0xc0186201, 0xbee6cf10) = 0
19:19:22.036895,1023,clock_gettime(CLOCK_MONOTONIC, {180, 321886018}) = 0
19:19:22.041335,1023,clock_gettime(CLOCK_MONOTONIC, {180, 326292965}) = 0
19:19:22.041993,1023,ioctl(9, 0xc0186201, 0xbee6d0c8) = 0
19:19:22.043052,1023,getpid() = 1023
19:19:22.043591,1023,getuid32() = 10050
19:19:22.044156,1023,epoll_wait(0x1e, 0xbee6d1f8, 0x10, 0) = 1
19:19:22.044715,1023,recvfrom(37, "nysv\0\0\0\0LzÜû)\0\0\0\2\7\0\0\224Â'¸", 24, MSG_DONTWAIT, NULL, NULL) = 24
19:19:22.045458,1023,recvfrom(37, 0xbee6c828, 24, 64, 0, 0) = -1 EAGAIN (Try again)
19:19:22.046063,1023,clock_gettime(CLOCK_MONOTONIC, {180, 331001703}) = 0
19:19:22.046764,1023,clock_gettime(CLOCK_MONOTONIC, {180, 331702624}) = 0
19:19:22.047419,1023,getpid() = 1023
19:19:22.047945,1023,getuid32() = 10050
19:19:22.048504,1023,epoll_wait(0x1e, 0xbee6d1f8, 0x10, 0) = 0
19:19:22.049061,1023,clock_gettime(CLOCK_MONOTONIC, {180, 333992833}) = 0
19:19:22.049681,1023,clock_gettime(CLOCK_MONOTONIC, {180, 334614222}) = 0
19:19:22.050317,1023,clock_gettime(CLOCK_MONOTONIC, {180, 335253684}) = 0
19:19:22.050966,1023,recvfrom(38, 0xb88738b0, 1240, 64, 0, 0) = -1 EAGAIN (Try again)
19:19:22.051572,1023,clock_gettime(CLOCK_MONOTONIC, {180, 336543696}) = 0
19:19:22.052325,1023,clock_gettime(CLOCK_MONOTONIC, {180, 337272172}) = 0
19:19:22.052953,1023,getpid() = 1023
19:19:22.080978,1023,getuid32() = 10050
19:19:22.081726,1023,epoll_wait(0x1e, 0xbee6d1f8, 0x10, 0) = 0
19:19:22.082305,1023,clock_gettime(CLOCK_MONOTONIC, {180, 367255687}) = 0
19:19:22.082955,1023,ioctl(9, 0xc0186201, 0xbee6d328) = 0
19:19:22.083573,1023,epoll_wait(0x1e, 0xbee6d1f8, 0x10, 0x29) = 0
19:19:22.140266,1023,clock_gettime(CLOCK_MONOTONIC, {180, 425276308}) = 0
19:19:22.140973,1023,clock_gettime(CLOCK_MONOTONIC, {180, 425969906}) = 0
19:19:22.141719,1023,recvfrom(37, 0xbee6c9a8, 24, 64, 0, 0) = -1 EAGAIN (Try again)
19:19:22.142364,1023,ioctl(9, 0xc0186201, 0xbee6d178) = 0
19:19:22.143082,1023,getpid() = 1023
19:19:22.143647,1023,getuid32() = 10050
19:19:22.144192,1023,epoll_wait(0x1e, 0xbee6d1f8, 0x10, 0) = 0
19:19:22.144780,1023,clock_gettime(CLOCK_MONOTONIC, {180, 429737285}) = 0
19:19:22.145502,1023,epoll_wait(0x1e, 0xbee6d1f8, 0x10, 0xffffffff) = 1
19:19:22.151694,1023,recvfrom(37, "nysv\0\0\0\0xKº\2*\0\0\0\4\7\0\0\224Â'¸", 24, MSG_DONTWAIT, NULL, NULL) = 24
19:19:22.152500,1023,recvfrom(37, 0xbee6c828, 24, 64, 0, 0) = -1 EAGAIN (Try again)
19:19:22.153106,1023,clock_gettime(CLOCK_MONOTONIC, {180, 438069080}) = 0
19:19:22.153820,1023,write(29, "W", 1) = 1
19:19:22.154529,1023,clock_gettime(CLOCK_MONOTONIC, {180, 439463560}) = 0
19:19:22.155155,1023,clock_gettime(CLOCK_MONOTONIC, {180, 440127879}) = 0
19:19:22.155810,1023,clock_gettime(CLOCK_MONOTONIC, {180, 440743559}) = 0
19:19:22.156464,1023,clock_gettime(CLOCK_MONOTONIC, {180, 441398608}) = 0
19:19:22.157425,1023,clock_gettime(CLOCK_MONOTONIC, {180, 442362949}) = 0
19:19:22.158121,1023,clock_gettime(CLOCK_MONOTONIC, {180, 443148121}) = 0
19:19:22.159106,1023,recvfrom(37, 0xbee6c9a8, 24, 64, 0, 0) = -1 EAGAIN (Try again)
19:19:22.159766,1023,ioctl(9, 0xc0186201, 0xbee6d178) = 0
19:19:22.160651,1023,clock_gettime(CLOCK_MONOTONIC, {180, 445645267}) = 0
19:19:22.161413,1023,clock_gettime(CLOCK_MONOTONIC, {180, 446349083}) = 0
19:19:22.162037,1023,clock_gettime(CLOCK_MONOTONIC, {180, 446973872}) = 0
19:19:22.162716,1023,clock_gettime(CLOCK_MONOTONIC, {180, 447651502}) = 0
19:19:22.163418,1023,clock_gettime(CLOCK_MONOTONIC, {180, 448352531}) = 0
19:19:22.164059,1023,write(29, "W", 1) = 1
19:19:22.164900,1023,ioctl(9, 0xc0186201, 0xbee6cf10) = 0
19:19:22.167168,1023,clock_gettime(CLOCK_MONOTONIC, {180, 452152338}) = 0
19:19:22.170319,1023,clock_gettime(CLOCK_MONOTONIC, {180, 455274173}) = 0
19:19:22.170971,1023,ioctl(9, 0xc0186201, 0xbee6d0c8) = 0
19:19:22.172093,1023,getpid() = 1023
19:19:22.172692,1023,getuid32() = 10050
19:19:22.194966,1023,epoll_wait(0x1e, 0xbee6d1f8, 0x10, 0) = 2
19:19:22.195624,1023,read(23, "WW", 16) = 2
19:19:22.196307,1023,recvfrom(37, "nysv\0\0\0\0\202ãô\2*\0\0\0\5\7\0\0\224Â'¸", 24, MSG_DONTWAIT, NULL, NULL) = 24
19:19:22.205961,1023,recvfrom(37, 0xbee6c828, 24, 64, 0, 0) = -1 EAGAIN (Try again)
19:19:22.206692,1023,clock_gettime(CLOCK_MONOTONIC, {180, 491622451}) = 0
19:19:22.207402,1023,clock_gettime(CLOCK_MONOTONIC, {180, 492331411}) = 0
19:19:22.208006,1023,clock_gettime(CLOCK_MONOTONIC, {180, 492934238}) = 0
19:19:22.208638,1023,clock_gettime(CLOCK_MONOTONIC, {180, 493565080}) = 0
19:19:22.209248,1023,recvfrom(38, 0xb88738b0, 1240, 64, 0, 0) = -1 EAGAIN (Try again)
19:19:22.209850,1023,clock_gettime(CLOCK_MONOTONIC, {180, 494777859}) = 0
19:19:22.210480,1023,clock_gettime(CLOCK_MONOTONIC, {180, 495406169}) = 0
19:19:22.211131,1023,getpid() = 1023
19:19:22.211707,1023,getuid32() = 10050
19:19:22.212891,1023,epoll_wait(0x1e, 0xbee6d1f8, 0x10, 0) = 0
19:19:22.213497,1023,clock_gettime(CLOCK_MONOTONIC, {180, 498431293}) = 0
19:19:22.214123,1023,ioctl(9, 0xc0186201, 0xbee6d328) = 0
19:19:22.214740,1023,epoll_wait(0x1e, 0xbee6d1f8, 0x10, 0x27) = 0
19:19:22.255466,1023,clock_gettime(CLOCK_MONOTONIC, {180, 540413945}) = 0
19:19:22.256116,1023,clock_gettime(CLOCK_MONOTONIC, {180, 541075785}) = 0
19:19:22.256802,1023,recvfrom(37, 0xbee6c9a8, 24, 64, 0, 0) = -1 EAGAIN (Try again)
19:19:22.257488,1023,ioctl(9, 0xc0186201, 0xbee6d178) = 0
19:19:22.258430,1023,getpid() = 1023
19:19:22.259083,1023,getuid32() = 10050
19:19:22.259693,1023,epoll_wait(0x1e, 0xbee6d1f8, 0x10, 0) = 0
19:19:22.260247,1023,clock_gettime(CLOCK_MONOTONIC, {180, 545219898}) = 0
19:19:22.260920,1023,epoll_wait(0x1e, 0xbee6d1f8, 0x10, 0xffffffff) = 1
19:19:22.265612,1023,recvfrom(37, "nysv\0\0\0\0\232\204]\t*\0\0\0\7\7\0\0\224Â'¸", 24, MSG_DONTWAIT, NULL, NULL) = 24
19:19:22.266381,1023,recvfrom(37, 0xbee6c828, 24, 64, 0, 0) = -1 EAGAIN (Try again)
19:19:22.267038,1023,clock_gettime(CLOCK_MONOTONIC, {180, 551965926}) = 0
19:19:22.267713,1023,write(29, "W", 1) = 1
19:19:22.268393,1023,clock_gettime(CLOCK_MONOTONIC, {180, 553923865}) = 0
19:19:22.277216,1023,clock_gettime(CLOCK_MONOTONIC, {180, 562220920}) = 0
19:19:22.277933,1023,clock_gettime(CLOCK_MONOTONIC, {180, 562863715}) = 0
19:19:22.278708,1023,clock_gettime(CLOCK_MONOTONIC, {180, 563687694}) = 0
19:19:22.279648,1023,clock_gettime(CLOCK_MONOTONIC, {180, 564577059}) = 0
19:19:22.280304,1023,clock_gettime(CLOCK_MONOTONIC, {180, 565255539}) = 0
19:19:22.280963,1023,recvfrom(37, 0xbee6c9a8, 24, 64, 0, 0) = -1 EAGAIN (Try again)
19:19:22.281588,1023,ioctl(9, 0xc0186201, 0xbee6d178) = 0
19:19:22.282455,1023,clock_gettime(CLOCK_MONOTONIC, {180, 567529283}) = 0
19:19:22.283278,1023,clock_gettime(CLOCK_MONOTONIC, {180, 568246336}) = 0
19:19:22.283917,1023,clock_gettime(CLOCK_MONOTONIC, {180, 568844484}) = 0
19:19:22.284549,1023,clock_gettime(CLOCK_MONOTONIC, {180, 569476114}) = 0
19:19:22.285790,1023,clock_gettime(CLOCK_MONOTONIC, {180, 570833256}) = 0
19:19:22.296621,1023,write(29, "W", 1) = 1
19:19:22.297424,1023,ioctl(9, 0xc0186201, 0xbee6cf10) = 0
19:19:22.298213,1023,ioctl(9, 0xc0186201, 0xbee6cf10) = 0
19:19:22.299506,1023,clock_gettime(CLOCK_MONOTONIC, {180, 584443096}) = 0
19:19:22.303269,1023,clock_gettime(CLOCK_MONOTONIC, {180, 588250318}) = 0
19:19:22.303936,1023,ioctl(9, 0xc0186201, 0xbee6d0c8) = 0
19:19:22.304729,1023,ioctl(9, 0xc0186201, 0xbee6d0c8) = 0
19:19:22.305697,1023,getpid() = 1023
19:19:22.326408,1023,getuid32() = 10050
19:19:22.327069,1023,epoll_wait(0x1e, 0xbee6d1f8, 0x10, 0) = 2
19:19:22.327670,1023,read(23, "WW", 16) = 2
19:19:22.328359,1023,recvfrom(37, "nysv\0\0\0\0Ö\24½\n*\0\0\0\10\7\0\0\224Â'¸", 24, MSG_DONTWAIT, NULL, NULL) = 24
19:19:22.329072,1023,recvfrom(37, 0xbee6c828, 24, 64, 0, 0) = -1 EAGAIN (Try again)
19:19:22.329710,1023,clock_gettime(CLOCK_MONOTONIC, {180, 614645551}) = 0
19:19:22.330501,1023,clock_gettime(CLOCK_MONOTONIC, {180, 615435978}) = 0
19:19:22.331187,1023,clock_gettime(CLOCK_MONOTONIC, {180, 616160482}) = 0
19:19:22.331840,1023,clock_gettime(CLOCK_MONOTONIC, {180, 616775685}) = 0
19:19:22.332517,1023,recvfrom(38, 0xb88738b0, 1240, 64, 0, 0) = -1 EAGAIN (Try again)
19:19:22.333194,1023,clock_gettime(CLOCK_MONOTONIC, {180, 618167474}) = 0
19:19:22.333850,1023,clock_gettime(CLOCK_MONOTONIC, {180, 618785821}) = 0
19:19:22.334507,1023,getpid() = 1023
19:19:22.335090,1023,getuid32() = 10050
19:19:22.335686,1023,epoll_wait(0x1e, 0xbee6d1f8, 0x10, 0) = 0
19:19:22.336330,1023,clock_gettime(CLOCK_MONOTONIC, {180, 621429429}) = 0
19:19:22.337187,1023,ioctl(9, 0xc0186201, 0xbee6d328) = 0
19:19:22.337807,1023,epoll_wait(0x1e, 0xbee6d1f8, 0x10, 0x26 <unfinished ...>
19:19:22.360752,1063,<... select resumed> ) = 0 (Timeout)
19:19:22.361250,1063,sendto(43, "Gò\1\0\0\1\0\0\0\0\0\0\6client\nmustmobile\3c"..., 39, 0, NULL, 0) = 39
19:19:22.362247,1063,clock_gettime(CLOCK_REALTIME, {1738783162, 362467298}) = 0
19:19:22.362859,1063,clock_gettime(CLOCK_REALTIME, {1738783162, 363095825}) = 0
19:19:22.363521,1063,select(44, [43], NULL, NULL, {4, 999372} <unfinished ...>
19:19:22.383676,1023,<... epoll_wait resumed> ) = 0
19:19:22.384173,1023,clock_gettime(CLOCK_MONOTONIC, {180, 669164739}) = 0
19:19:22.384876,1023,clock_gettime(CLOCK_MONOTONIC, {180, 669804854}) = 0
19:19:22.385549,1023,recvfrom(37, 0xbee6c9a8, 24, 64, 0, 0) = -1 EAGAIN (Try again)
19:19:22.386107,1023,ioctl(9, 0xc0186201, 0xbee6d178) = 0
19:19:22.386962,1023,getpid() = 1023
19:19:22.387639,1023,getuid32() = 10050
19:19:22.388189,1023,epoll_wait(0x1e, 0xbee6d1f8, 0x10, 0) = 0
19:19:22.388776,1023,clock_gettime(CLOCK_MONOTONIC, {180, 673703105}) = 0
19:19:22.389438,1023,epoll_wait(0x1e, 0xbee6d1f8, 0x10, 0xffffffff) = 1
19:19:22.390666,1023,recvfrom(37, "nysv\0\0\0\0ä\35ë\20*\0\0\0\n\7\0\0\224Â'¸", 24, MSG_DONTWAIT, NULL, NULL) = 24
19:19:22.391467,1023,recvfrom(37, 0xbee6c828, 24, 64, 0, 0) = -1 EAGAIN (Try again)
19:19:22.392066,1023,clock_gettime(CLOCK_MONOTONIC, {180, 677019099}) = 0
19:19:22.392759,1023,write(29, "W", 1) = 1
19:19:22.393714,1023,clock_gettime(CLOCK_MONOTONIC, {180, 678696765}) = 0
19:19:22.394442,1023,clock_gettime(CLOCK_MONOTONIC, {180, 679370965}) = 0
19:19:22.395035,1023,clock_gettime(CLOCK_MONOTONIC, {180, 679962198}) = 0
19:19:22.395681,1023,clock_gettime(CLOCK_MONOTONIC, {180, 680606848}) = 0
19:19:22.396548,1023,clock_gettime(CLOCK_MONOTONIC, {180, 681476717}) = 0
19:19:22.397216,1023,clock_gettime(CLOCK_MONOTONIC, {180, 682182964}) = 0
19:19:22.397867,1023,recvfrom(37, 0xbee6c9a8, 24, 64, 0, 0) = -1 EAGAIN (Try again)
19:19:22.398514,1023,ioctl(9, 0xc0186201, 0xbee6d178) = 0
19:19:22.399304,1023,clock_gettime(CLOCK_MONOTONIC, {180, 684296198}) = 0
19:19:22.399985,1023,clock_gettime(CLOCK_MONOTONIC, {180, 684913357}) = 0
19:19:22.400621,1023,clock_gettime(CLOCK_MONOTONIC, {180, 714076858}) = 0
19:19:22.429874,1023,clock_gettime(CLOCK_MONOTONIC, {180, 714828209}) = 0
19:19:22.430560,1023,clock_gettime(CLOCK_MONOTONIC, {180, 715496684}) = 0
19:19:22.431229,1023,write(29, "W", 1) = 1
19:19:22.432072,1023,ioctl(9, 0xc0186201, 0xbee6cf10) = 0
19:19:22.433761,1023,clock_gettime(CLOCK_MONOTONIC, {180, 718703719}) = 0
19:19:22.437231,1023,clock_gettime(CLOCK_MONOTONIC, {180, 722467583}) = 0
19:19:22.438179,1023,ioctl(9, 0xc0186201, 0xbee6d0c8) = 0
19:19:22.439383,1023,getpid() = 1023
19:19:22.439896,1023,getuid32() = 10050
19:19:22.440480,1023,epoll_wait(0x1e, 0xbee6d1f8, 0x10, 0) = 2
19:19:22.441100,1023,read(23, "WW", 16) = 2
19:19:22.441713,1023,recvfrom(37, "nysv\0\0\0\0øM`\21*\0\0\0\v\7\0\0\224Â'¸", 24, MSG_DONTWAIT, NULL, NULL) = 24
19:19:22.442400,1023,recvfrom(37, 0xbee6c828, 24, 64, 0, 0) = -1 EAGAIN (Try again)
19:19:22.443003,1023,clock_gettime(CLOCK_MONOTONIC, {180, 727959799}) = 0
19:19:22.443692,1023,clock_gettime(CLOCK_MONOTONIC, {180, 728620551}) = 0
19:19:22.444320,1023,clock_gettime(CLOCK_MONOTONIC, {180, 729252066}) = 0
19:19:22.444926,1023,clock_gettime(CLOCK_MONOTONIC, {180, 729910332}) = 0
19:19:22.445632,1023,recvfrom(38, 0xb88738b0, 1240, 64, 0, 0) = -1 EAGAIN (Try again)
19:19:22.446192,1023,clock_gettime(CLOCK_MONOTONIC, {180, 731125664}) = 0
19:19:22.446788,1023,clock_gettime(CLOCK_MONOTONIC, {180, 731714692}) = 0
19:19:22.447383,1023,getpid() = 1023
19:19:22.447884,1023,getuid32() = 10050
19:19:22.448470,1023,epoll_wait(0x1e, 0xbee6d1f8, 0x10, 0) = 0
19:19:22.449064,1023,clock_gettime(CLOCK_MONOTONIC, {180, 733990957}) = 0
19:19:22.449665,1023,ioctl(9, 0xc0186201, 0xbee6d328) = 0
19:19:22.450271,1023,epoll_wait(0x1e, 0xbee6d1f8, 0x10, 0x29) = 0
19:19:22.495001,1023,clock_gettime(CLOCK_MONOTONIC, {180, 780017117}) = 0
19:19:22.495759,1023,clock_gettime(CLOCK_MONOTONIC, {180, 780690760}) = 0
19:19:22.496421,1023,recvfrom(37, 0xbee6c9a8, 24, 64, 0, 0) = -1 EAGAIN (Try again)
19:19:22.496984,1023,ioctl(9, 0xc0186201, 0xbee6d178) = 0
19:19:22.507324,1023,getpid() = 1023
19:19:22.507878,1023,getuid32() = 10050
19:19:22.508490,1023,epoll_wait(0x1e, 0xbee6d1f8, 0x10, 0) = 1
19:19:22.509085,1023,recvfrom(37, "nysv\0\0\0\0\6W\216\27*\0\0\0\r\7\0\0\224Â'¸", 24, MSG_DONTWAIT, NULL, NULL) = 24
19:19:22.512915,1023,recvfrom(37, 0xbee6c828, 24, 64, 0, 0) = -1 EAGAIN (Try again)
19:19:22.513661,1023,clock_gettime(CLOCK_MONOTONIC, {180, 798592822}) = 0
19:19:22.514528,1023,clock_gettime(CLOCK_MONOTONIC, {180, 799566122}) = 0
19:19:22.515253,1023,clock_gettime(CLOCK_MONOTONIC, {180, 800237679}) = 0
19:19:22.526961,1023,clock_gettime(CLOCK_MONOTONIC, {180, 812000801}) = 0
19:19:22.527732,1023,clock_gettime(CLOCK_MONOTONIC, {180, 812661835}) = 0
19:19:22.528699,1023,clock_gettime(CLOCK_MONOTONIC, {180, 813629002}) = 0
19:19:22.529625,1023,clock_gettime(CLOCK_MONOTONIC, {180, 814555698}) = 0
19:19:22.530317,1023,recvfrom(37, 0xbee6c9a8, 24, 64, 0, 0) = -1 EAGAIN (Try again)
19:19:22.530907,1023,ioctl(9, 0xc0186201, 0xbee6d178) = 0
19:19:22.531766,1023,clock_gettime(CLOCK_MONOTONIC, {180, 816781240}) = 0
19:19:22.532665,1023,clock_gettime(CLOCK_MONOTONIC, {180, 817595791}) = 0
19:19:22.533267,1023,clock_gettime(CLOCK_MONOTONIC, {180, 818251390}) = 0
19:19:22.533952,1023,clock_gettime(CLOCK_MONOTONIC, {180, 818882422}) = 0
19:19:22.534843,1023,clock_gettime(CLOCK_MONOTONIC, {180, 819886484}) = 0
19:19:22.546169,1023,write(29, "W", 1) = 1
19:19:22.547431,1023,ioctl(9, 0xc0186201, 0xbee6cf10) = 0
19:19:22.548341,1023,ioctl(9, 0xc0186201, 0xbee6cf10) = 0
19:19:22.549770,1023,clock_gettime(CLOCK_MONOTONIC, {180, 834722106}) = 0
19:19:22.553459,1023,clock_gettime(CLOCK_MONOTONIC, {180, 838412935}) = 0
19:19:22.554121,1023,ioctl(9, 0xc0186201, 0xbee6d0c8) = 0
19:19:22.555260,1023,ioctl(9, 0xc0186201, 0xbee6d0c8) = 0
19:19:22.556097,1023,getpid() = 1023
19:19:22.556686,1023,getuid32() = 10050
19:19:22.557231,1023,epoll_wait(0x1e, 0xbee6d1f8, 0x10, 0) = 2
19:19:22.557890,1023,read(23, "W", 16) = 1
19:19:22.558540,1023,recvfrom(37, "nysv\0\0\0\0`¯\235\31*\0\0\0\16\7\0\0\224Â'¸", 24, MSG_DONTWAIT, NULL, NULL) = 24
19:19:22.559829,1023,recvfrom(37, 0xbee6c828, 24, 64, 0, 0) = -1 EAGAIN (Try again)
19:19:22.560465,1023,clock_gettime(CLOCK_MONOTONIC, {180, 845394153}) = 0
19:19:22.561127,1023,clock_gettime(CLOCK_MONOTONIC, {180, 846084800}) = 0
19:19:22.561783,1023,clock_gettime(CLOCK_MONOTONIC, {180, 846711967}) = 0
19:19:22.562514,1023,clock_gettime(CLOCK_MONOTONIC, {180, 847441639}) = 0
19:19:22.563125,1023,recvfrom(38, 0xb88738b0, 1240, 64, 0, 0) = -1 EAGAIN (Try again)
19:19:22.563965,1023,clock_gettime(CLOCK_MONOTONIC, {180, 848894039}) = 0
19:19:22.564657,1023,clock_gettime(CLOCK_MONOTONIC, {180, 849600352}) = 0
19:19:22.565399,1023,getpid() = 1023
19:19:22.579004,1023,getuid32() = 10050
19:19:22.579630,1023,epoll_wait(0x1e, 0xbee6d1f8, 0x10, 0) = 0
19:19:22.580177,1023,clock_gettime(CLOCK_MONOTONIC, {180, 865162190}) = 0
19:19:22.581009,1023,ioctl(9, 0xc0186201, 0xbee6d328) = 0
19:19:22.581909,1023,epoll_wait(0x1e, 0xbee6d1f8, 0x10, 0x2a) = 0
19:19:22.635726,1023,clock_gettime(CLOCK_MONOTONIC, {180, 920676315}) = 0
19:19:22.636421,1023,clock_gettime(CLOCK_MONOTONIC, {180, 921351020}) = 0
19:19:22.637100,1023,recvfrom(37, 0xbee6c9a8, 24, 64, 0, 0) = -1 EAGAIN (Try again)
19:19:22.637670,1023,ioctl(9, 0xc0186201, 0xbee6d178) = 0
19:19:22.638622,1023,getpid() = 1023
19:19:22.639190,1023,getuid32() = 10050
19:19:22.639776,1023,epoll_wait(0x1e, 0xbee6d1f8, 0x10, 0) = 0
19:19:22.640405,1023,clock_gettime(CLOCK_MONOTONIC, {180, 925332986}) = 0
19:19:22.641072,1023,epoll_wait(0x1e, 0xbee6d1f8, 0x10, 0xffffffff) = 1
19:19:22.644613,1023,recvfrom(37, "nysv\0\0\0\0xP\6 *\0\0\0\20\7\0\0\224Â'¸", 24, MSG_DONTWAIT, NULL, NULL) = 24
19:19:22.645322,1023,recvfrom(37, 0xbee6c828, 24, 64, 0, 0) = -1 EAGAIN (Try again)
19:19:22.665927,1023,clock_gettime(CLOCK_MONOTONIC, {180, 950928923}) = 0
19:19:22.666646,1023,write(29, "W", 1) = 1
19:19:22.667355,1023,clock_gettime(CLOCK_MONOTONIC, {180, 952283871}) = 0
19:19:22.667958,1023,clock_gettime(CLOCK_MONOTONIC, {180, 952886880}) = 0
19:19:22.668556,1023,clock_gettime(CLOCK_MONOTONIC, {180, 953484049}) = 0
19:19:22.669149,1023,clock_gettime(CLOCK_MONOTONIC, {180, 954081754}) = 0
19:19:22.669981,1023,clock_gettime(CLOCK_MONOTONIC, {180, 954926578}) = 0
19:19:22.670627,1023,clock_gettime(CLOCK_MONOTONIC, {180, 955560218}) = 0
19:19:22.671265,1023,recvfrom(37, 0xbee6c9a8, 24, 64, 0, 0) = -1 EAGAIN (Try again)
19:19:22.671828,1023,ioctl(9, 0xc0186201, 0xbee6d178) = 0
19:19:22.672819,1023,clock_gettime(CLOCK_MONOTONIC, {180, 958112273}) = 0
19:19:22.673952,1023,clock_gettime(CLOCK_MONOTONIC, {180, 958883831}) = 0
19:19:22.674628,1023,clock_gettime(CLOCK_MONOTONIC, {180, 959556582}) = 0
19:19:22.675224,1023,clock_gettime(CLOCK_MONOTONIC, {180, 960462541}) = 0
19:19:22.710540,1023,clock_gettime(CLOCK_MONOTONIC, {180, 995496817}) = 0
19:19:22.711235,1023,write(29, "W", 1) = 1
19:19:22.712125,1023,ioctl(9, 0xc0186201, 0xbee6cf10) = 0
19:19:22.713092,1023,ioctl(9, 0xc0186201, 0xbee6cf10) = 0
19:19:22.714604,1023,clock_gettime(CLOCK_MONOTONIC, {180, 999545594}) = 0
19:19:22.731611,1023,clock_gettime(CLOCK_MONOTONIC, {181, 16570394}) = 0
19:19:22.732399,1023,ioctl(9, 0xc0186201, 0xbee6d0c8) = 0
19:19:22.733623,1023,getpid() = 1023
19:19:22.734218,1023,getuid32() = 10050
19:19:22.734874,1023,epoll_wait(0x1e, 0xbee6d1f8, 0x10, 0) = 2
19:19:22.735542,1023,read(23, "WW", 16) = 2
19:19:22.736189,1023,recvfrom(37, "nysv\0\0\0\0Ò¨\25\"*\0\0\0\21\7\0\0\224Â'¸", 24, MSG_DONTWAIT, NULL, NULL) = 24
19:19:22.736937,1023,recvfrom(37, 0xbee6c828, 24, 64, 0, 0) = -1 EAGAIN (Try again)
19:19:22.760801,1023,clock_gettime(CLOCK_MONOTONIC, {181, 45767296}) = 0
19:19:22.761594,1023,clock_gettime(CLOCK_MONOTONIC, {181, 46533175}) = 0
19:19:22.763002,1023,clock_gettime(CLOCK_MONOTONIC, {181, 47981102}) = 0
19:19:22.763742,1023,clock_gettime(CLOCK_MONOTONIC, {181, 48672241}) = 0
19:19:22.764494,1023,recvfrom(38, 0xb88738b0, 1240, 64, 0, 0) = -1 EAGAIN (Try again)
19:19:22.765205,1023,clock_gettime(CLOCK_MONOTONIC, {181, 50324486}) = 0
19:19:22.777473,1023,clock_gettime(CLOCK_MONOTONIC, {181, 62409769}) = 0
19:19:22.778104,1023,clock_gettime(CLOCK_MONOTONIC, {181, 63057629}) = 0
19:19:22.778792,1023,recvfrom(37, 0xbee6c9a8, 24, 64, 0, 0) = -1 EAGAIN (Try again)
19:19:22.779406,1023,ioctl(9, 0xc0186201, 0xbee6d178) = 0
19:19:22.780269,1023,clock_gettime(CLOCK_MONOTONIC, {181, 65316760}) = 0
19:19:22.781113,1023,clock_gettime(CLOCK_MONOTONIC, {181, 66070525}) = 0
19:19:22.781771,1023,clock_gettime(CLOCK_MONOTONIC, {181, 68969845}) = 0
19:19:22.784851,1023,clock_gettime(CLOCK_MONOTONIC, {181, 69784542}) = 0
19:19:22.785526,1023,clock_gettime(CLOCK_MONOTONIC, {181, 70455793}) = 0
19:19:22.786369,1023,ioctl(9, 0xc0186201, 0xbee6cf10) = 0
19:19:22.787155,1023,ioctl(9, 0xc0186201, 0xbee6cf10) = 0
19:19:22.788549,1023,clock_gettime(CLOCK_MONOTONIC, {181, 73481191}) = 0
19:19:22.791998,1023,clock_gettime(CLOCK_MONOTONIC, {181, 85871516}) = 0
19:19:22.801640,1023,ioctl(9, 0xc0186201, 0xbee6d0c8) = 0
19:19:22.802478,1023,ioctl(9, 0xc0186201, 0xbee6d0c8) = 0
19:19:22.803464,1023,getpid() = 1023
19:19:22.803977,1023,getuid32() = 10050
19:19:22.804568,1023,epoll_wait(0x1e, 0xbee6d1f8, 0x10, 0) = 1
19:19:22.805165,1023,recvfrom(37, "nysv\0\0\0\0êI~(*\0\0\0\23\7\0\0\224Â'¸", 24, MSG_DONTWAIT, NULL, NULL) = 24
19:19:22.805903,1023,recvfrom(37, 0xbee6c828, 24, 64, 0, 0) = -1 EAGAIN (Try again)
19:19:22.823769,1023,clock_gettime(CLOCK_MONOTONIC, {181, 108744223}) = 0
19:19:22.824535,1023,clock_gettime(CLOCK_MONOTONIC, {181, 109465363}) = 0
19:19:22.825146,1023,getpid() = 1023
19:19:22.825693,1023,getuid32() = 10050
19:19:22.835981,1023,epoll_wait(0x1e, 0xbee6d1f8, 0x10, 0) = 0
19:19:22.836709,1023,clock_gettime(CLOCK_MONOTONIC, {181, 121640033}) = 0
19:19:22.837362,1023,clock_gettime(CLOCK_MONOTONIC, {181, 122304467}) = 0
19:19:22.837968,1023,clock_gettime(CLOCK_MONOTONIC, {181, 122896020}) = 0
19:19:22.838637,1023,recvfrom(38, 0xb88738b0, 1240, 64, 0, 0) = -1 EAGAIN (Try again)
19:19:22.839207,1023,clock_gettime(CLOCK_MONOTONIC, {181, 124190211}) = 0
19:19:22.839855,1023,clock_gettime(CLOCK_MONOTONIC, {181, 124840904}) = 0
19:19:22.840578,1023,getpid() = 1023
19:19:22.841143,1023,getuid32() = 10050
19:19:22.841739,1023,epoll_wait(0x1e, 0xbee6d1f8, 0x10, 0) = 0
19:19:22.842269,1023,clock_gettime(CLOCK_MONOTONIC, {181, 127250794}) = 0
19:19:22.842923,1023,ioctl(9, 0xc0186201, 0xbee6d328) = 0
19:19:22.843577,1023,epoll_wait(0x1e, 0xbee6d1f8, 0x10, 0x1e) = 0
19:19:22.874964,1023,clock_gettime(CLOCK_MONOTONIC, {181, 159949480}) = 0
19:19:22.875778,1023,clock_gettime(CLOCK_MONOTONIC, {181, 160746139}) = 0
19:19:22.876550,1023,recvfrom(37, 0xbee6c9a8, 24, 64, 0, 0) = -1 EAGAIN (Try again)
19:19:22.877132,1023,ioctl(9, 0xc0186201, 0xbee6d178) = 0
19:19:22.878124,1023,getpid() = 1023
19:19:22.878736,1023,getuid32() = 10050
19:19:22.879339,1023,epoll_wait(0x1e, 0xbee6d1f8, 0x10, 0) = 0
19:19:22.879996,1023,clock_gettime(CLOCK_MONOTONIC, {181, 164949805}) = 0
19:19:22.880823,1023,epoll_wait(0x1e, 0xbee6d1f8, 0x10, 0xffffffff) = 1
19:19:22.889004,1023,recvfrom(37, "nysv\0\0\0\0øR¬.*\0\0\0\25\7\0\0\224Â'¸", 24, MSG_DONTWAIT, NULL, NULL) = 24
19:19:22.889848,1023,recvfrom(37, 0xbee6c828, 24, 64, 0, 0) = -1 EAGAIN (Try again)
19:19:22.890506,1023,clock_gettime(CLOCK_MONOTONIC, {181, 175442972}) = 0
19:19:22.891218,1023,write(29, "W", 1) = 1
19:19:22.891921,1023,clock_gettime(CLOCK_MONOTONIC, {181, 176856275}) = 0
19:19:22.892588,1023,clock_gettime(CLOCK_MONOTONIC, {181, 177521967}) = 0
19:19:22.893258,1023,clock_gettime(CLOCK_MONOTONIC, {181, 178223231}) = 0
19:19:22.893917,1023,clock_gettime(CLOCK_MONOTONIC, {181, 178851714}) = 0
19:19:22.894816,1023,clock_gettime(CLOCK_MONOTONIC, {181, 179750415}) = 0
19:19:22.895520,1023,clock_gettime(CLOCK_MONOTONIC, {181, 180484685}) = 0
19:19:22.896255,1023,recvfrom(37, 0xbee6c9a8, 24, 64, 0, 0) = -1 EAGAIN (Try again)
19:19:22.896879,1023,ioctl(9, 0xc0186201, 0xbee6d178) = 0
19:19:22.897703,1023,clock_gettime(CLOCK_MONOTONIC, {181, 182693117}) = 0
19:19:22.898407,1023,clock_gettime(CLOCK_MONOTONIC, {181, 183343014}) = 0
19:19:22.899032,1023,clock_gettime(CLOCK_MONOTONIC, {181, 183966944}) = 0
19:19:22.899658,1023,clock_gettime(CLOCK_MONOTONIC, {181, 184591861}) = 0
19:19:22.900329,1023,clock_gettime(CLOCK_MONOTONIC, {181, 185269048}) = 0
19:19:22.900987,1023,write(29, "W", 1) = 1
19:19:22.901789,1023,ioctl(9, 0xc0186201, 0xbee6cf10) = 0
19:19:22.902582,1023,ioctl(9, 0xc0186201, 0xbee6cf10) = 0
19:19:22.903864,1023,clock_gettime(CLOCK_MONOTONIC, {181, 188817094}) = 0
19:19:22.906450,1023,clock_gettime(CLOCK_MONOTONIC, {181, 191391063}) = 0
19:19:22.988456,1023,ioctl(9, 0xc0186201, 0xbee6d0c8) = 0
19:19:22.989506,1023,ioctl(9, 0xc0186201, 0xbee6d0c8) = 0
19:19:22.990366,1023,getpid() = 1023
19:19:22.990985,1023,getuid32() = 10050
19:19:22.991624,1023,epoll_wait(0x1e, 0xbee6d1f8, 0x10, 0) = 2
19:19:22.992232,1023,read(23, "WW", 16) = 2
19:19:22.993021,1023,recvfrom(37, "nysv\0\0\0\0\2ëæ.*\0\0\0\26\7\0\0\224Â'¸", 24, MSG_DONTWAIT, NULL, NULL) = 24
19:19:22.997693,1023,recvfrom(37, 0xbee6c828, 24, 64, 0, 0) = -1 EAGAIN (Try again)
19:19:22.998652,1023,clock_gettime(CLOCK_MONOTONIC, {181, 283611457}) = 0
19:19:22.999587,1023,clock_gettime(CLOCK_MONOTONIC, {181, 284613691}) = 0
19:19:23.000503,1023,clock_gettime(CLOCK_MONOTONIC, {181, 285480334}) = 0
19:19:23.001225,1023,clock_gettime(CLOCK_MONOTONIC, {181, 286214692}) = 0
19:19:23.001946,1023,recvfrom(38, 0xb88738b0, 1240, 64, 0, 0) = -1 EAGAIN (Try again)
19:19:23.003026,1023,clock_gettime(CLOCK_MONOTONIC, {181, 288005953}) = 0
19:19:23.003992,1023,clock_gettime(CLOCK_MONOTONIC, {181, 288973375}) = 0
19:19:23.004706,1023,clock_gettime(CLOCK_MONOTONIC, {181, 289646107}) = 0
19:19:23.005390,1023,recvfrom(37, 0xbee6c9a8, 24, 64, 0, 0) = -1 EAGAIN (Try again)
19:19:23.006022,1023,ioctl(9, 0xc0186201, 0xbee6d178) = 0
19:19:23.016389,1023,clock_gettime(CLOCK_MONOTONIC, {181, 301349084}) = 0
19:19:23.017120,1023,clock_gettime(CLOCK_MONOTONIC, {181, 302079414}) = 0
19:19:23.017868,1023,clock_gettime(CLOCK_MONOTONIC, {181, 302917725}) = 0
19:19:23.018768,1023,clock_gettime(CLOCK_MONOTONIC, {181, 303743966}) = 0
19:19:23.019851,1023,clock_gettime(CLOCK_MONOTONIC, {181, 304794867}) = 0
19:19:23.020760,1023,ioctl(9, 0xc0186201, 0xbee6cf10) = 0
19:19:23.021659,1023,ioctl(9, 0xc0186201, 0xbee6cf10) = 0
19:19:23.023118,1023,clock_gettime(CLOCK_MONOTONIC, {181, 308072458}) = 0
19:19:23.040363,1023,clock_gettime(CLOCK_MONOTONIC, {181, 325343947}) = 0
19:19:23.041182,1023,ioctl(9, 0xc0186201, 0xbee6d0c8) = 0
19:19:23.042372,1023,getpid() = 1023
19:19:23.042928,1023,getuid32() = 10050
19:19:23.043524,1023,epoll_wait(0x1e, 0xbee6d1f8, 0x10, 0) = 1
19:19:23.044098,1023,recvfrom(37, "nysv\0\0\0\0008Tÿ5*\0\0\0\30\7\0\0\224Â'¸", 24, MSG_DONTWAIT, NULL, NULL) = 24
19:19:23.044839,1023,recvfrom(37, 0xbee6c828, 24, 64, 0, 0) = -1 EAGAIN (Try again)
19:19:23.045460,1023,clock_gettime(CLOCK_MONOTONIC, {181, 330426232}) = 0
19:19:23.056937,1023,clock_gettime(CLOCK_MONOTONIC, {181, 353460364}) = 0
19:19:23.069284,1023,getpid() = 1023
19:19:23.081552,1023,getuid32() = 10050
19:19:23.082160,1023,epoll_wait(0x1e, 0xbee6d1f8, 0x10, 0) = 0
19:19:23.082755,1023,clock_gettime(CLOCK_MONOTONIC, {181, 367697093}) = 0
19:19:23.083547,1023,clock_gettime(CLOCK_MONOTONIC, {181, 368502467}) = 0
19:19:23.084245,1023,clock_gettime(CLOCK_MONOTONIC, {181, 369195354}) = 0
19:19:23.084922,1023,recvfrom(38, 0xb88738b0, 1240, 64, 0, 0) = -1 EAGAIN (Try again)
19:19:23.085547,1023,clock_gettime(CLOCK_MONOTONIC, {181, 370488050}) = 0
19:19:23.086189,1023,clock_gettime(CLOCK_MONOTONIC, {181, 371134989}) = 0
19:19:23.086836,1023,getpid() = 1023
19:19:23.087388,1023,getuid32() = 10050
19:19:23.087969,1023,epoll_wait(0x1e, 0xbee6d1f8, 0x10, 0) = 0
19:19:23.088547,1023,clock_gettime(CLOCK_MONOTONIC, {181, 373487022}) = 0
19:19:23.089197,1023,ioctl(9, 0xc0186201, 0xbee6d328) = 0
19:19:23.089803,1023,epoll_wait(0x1e, 0xbee6d1f8, 0x10, 0x14) = 0
19:19:23.115860,1023,clock_gettime(CLOCK_MONOTONIC, {181, 400815772}) = 0
19:19:23.116540,1023,clock_gettime(CLOCK_MONOTONIC, {181, 401483089}) = 0
19:19:23.117210,1023,recvfrom(37, 0xbee6c9a8, 24, 64, 0, 0) = -1 EAGAIN (Try again)
19:19:23.117821,1023,ioctl(9, 0xc0186201, 0xbee6d178) = 0
19:19:23.118691,1023,getpid() = 1023
19:19:23.119503,1023,getuid32() = 10050
19:19:23.120108,1023,epoll_wait(0x1e, 0xbee6d1f8, 0x10, 0) = 0
19:19:23.120695,1023,clock_gettime(CLOCK_MONOTONIC, {181, 405636164}) = 0
19:19:23.121362,1023,epoll_wait(0x1e, 0xbee6d1f8, 0x10, 0xffffffff) = 1
19:19:23.126278,1023,recvfrom(37, "nysv\0\0\0\0Z\215¢<*\0\0\0\32\7\0\0\224Â'¸", 24, MSG_DONTWAIT, NULL, NULL) = 24
19:19:23.127070,1023,recvfrom(37, 0xbee6c828, 24, 64, 0, 0) = -1 EAGAIN (Try again)
19:19:23.127729,1023,clock_gettime(CLOCK_MONOTONIC, {181, 412680248}) = 0
19:19:23.128443,1023,write(29, "W", 1) = 1
19:19:23.129164,1023,clock_gettime(CLOCK_MONOTONIC, {181, 414120319}) = 0
19:19:23.129851,1023,clock_gettime(CLOCK_MONOTONIC, {181, 414802145}) = 0
19:19:23.130527,1023,clock_gettime(CLOCK_MONOTONIC, {181, 415476985}) = 0
19:19:23.131724,1023,clock_gettime(CLOCK_MONOTONIC, {181, 416723076}) = 0
19:19:23.132689,1023,clock_gettime(CLOCK_MONOTONIC, {181, 417631983}) = 0
19:19:23.133358,1023,clock_gettime(CLOCK_MONOTONIC, {181, 418300302}) = 0
19:19:23.134022,1023,recvfrom(37, 0xbee6c9a8, 24, 64, 0, 0) = -1 EAGAIN (Try again)
19:19:23.134631,1023,ioctl(9, 0xc0186201, 0xbee6d178) = 0
19:19:23.135675,1023,clock_gettime(CLOCK_MONOTONIC, {181, 420751959}) = 0
19:19:23.136495,1023,clock_gettime(CLOCK_MONOTONIC, {181, 421440021}) = 0
19:19:23.137146,1023,clock_gettime(CLOCK_MONOTONIC, {181, 422093864}) = 0
19:19:23.137797,1023,clock_gettime(CLOCK_MONOTONIC, {181, 422738725}) = 0
19:19:23.138473,1023,clock_gettime(CLOCK_MONOTONIC, {181, 423415102}) = 0
19:19:23.139142,1023,write(29, "W", 1) = 1
19:19:23.139966,1023,ioctl(9, 0xc0186201, 0xbee6cf10) = 0
19:19:23.140791,1023,ioctl(9, 0xc0186201, 0xbee6cf10) = 0
19:19:23.142123,1023,clock_gettime(CLOCK_MONOTONIC, {181, 427077465}) = 0
19:19:23.145591,1023,clock_gettime(CLOCK_MONOTONIC, {181, 430539936}) = 0
19:19:23.146254,1023,ioctl(9, 0xc0186201, 0xbee6d0c8) = 0
19:19:23.147132,1023,ioctl(9, 0xc0186201, 0xbee6d0c8) = 0
19:19:23.147898,1023,getpid() = 1023
19:19:23.148459,1023,getuid32() = 10050
19:19:23.149046,1023,epoll_wait(0x1e, 0xbee6d1f8, 0x10, 0) = 2
19:19:23.149625,1023,read(23, "WW", 16) = 2
19:19:23.150235,1023,recvfrom(37, "nysv\0\0\0\0xUR=*\0\0\0\33\7\0\0\224Â'¸", 24, MSG_DONTWAIT, NULL, NULL) = 24
19:19:23.150975,1023,recvfrom(37, 0xbee6c828, 24, 64, 0, 0) = -1 EAGAIN (Try again)
19:19:23.166712,1023,clock_gettime(CLOCK_MONOTONIC, {181, 451709243}) = 0
19:19:23.167550,1023,clock_gettime(CLOCK_MONOTONIC, {181, 452494875}) = 0
19:19:23.168211,1023,clock_gettime(CLOCK_MONOTONIC, {181, 453160884}) = 0
19:19:23.168864,1023,clock_gettime(CLOCK_MONOTONIC, {181, 453806259}) = 0
19:19:23.169565,1023,recvfrom(38, 0xb88738b0, 1240, 64, 0, 0) = -1 EAGAIN (Try again)
19:19:23.170560,1023,clock_gettime(CLOCK_MONOTONIC, {181, 455504323}) = 0
19:19:23.171207,1023,clock_gettime(CLOCK_MONOTONIC, {181, 456155701}) = 0
19:19:23.171859,1023,getpid() = 1023
19:19:23.172414,1023,getuid32() = 10050
19:19:23.173001,1023,epoll_wait(0x1e, 0xbee6d1f8, 0x10, 0) = 0
19:19:23.173594,1023,clock_gettime(CLOCK_MONOTONIC, {181, 458534979}) = 0
19:19:23.174243,1023,ioctl(9, 0xc0186201, 0xbee6d328) = 0
19:19:23.174851,1023,epoll_wait(0x1e, 0xbee6d1f8, 0x10, 0x35) = 0
19:19:23.230508,1023,clock_gettime(CLOCK_MONOTONIC, {181, 515474465}) = 0
19:19:23.231201,1023,clock_gettime(CLOCK_MONOTONIC, {181, 516151304}) = 0
19:19:23.231880,1023,recvfrom(37, 0xbee6c9a8, 24, 64, 0, 0) = -1 EAGAIN (Try again)
19:19:23.232495,1023,ioctl(9, 0xc0186201, 0xbee6d178) = 0
19:19:23.233368,1023,getpid() = 1023
19:19:23.234043,1023,getuid32() = 10050
19:19:23.234647,1023,epoll_wait(0x1e, 0xbee6d1f8, 0x10, 0) = 0
19:19:23.235226,1023,clock_gettime(CLOCK_MONOTONIC, {181, 520174432}) = 0
19:19:23.235892,1023,epoll_wait(0x1e, 0xbee6d1f8, 0x10, 0xffffffff) = 1
19:19:23.246865,1023,recvfrom(37, "nysv\0\0\0\0\206^\200C*\0\0\0\35\7\0\0\224Â'¸", 24, MSG_DONTWAIT, NULL, NULL) = 24
19:19:23.247628,1023,recvfrom(37, 0xbee6c828, 24, 64, 0, 0) = -1 EAGAIN (Try again)
19:19:23.248258,1023,clock_gettime(CLOCK_MONOTONIC, {181, 533207615}) = 0
19:19:23.248938,1023,write(29, "W", 1) = 1
19:19:23.249642,1023,clock_gettime(CLOCK_MONOTONIC, {181, 534585437}) = 0
19:19:23.250299,1023,clock_gettime(CLOCK_MONOTONIC, {181, 535242261}) = 0
19:19:23.250941,1023,clock_gettime(CLOCK_MONOTONIC, {181, 535882456}) = 0
19:19:23.251588,1023,clock_gettime(CLOCK_MONOTONIC, {181, 536529491}) = 0
19:19:23.254161,1023,clock_gettime(CLOCK_MONOTONIC, {181, 539193551}) = 0
19:19:23.254932,1023,clock_gettime(CLOCK_MONOTONIC, {181, 539876049}) = 0
19:19:23.255611,1023,recvfrom(37, 0xbee6c9a8, 24, 64, 0, 0) = -1 EAGAIN (Try again)
19:19:23.256221,1023,ioctl(9, 0xc0186201, 0xbee6d178) = 0
19:19:23.257086,1023,clock_gettime(CLOCK_MONOTONIC, {181, 542087875}) = 0
19:19:23.257818,1023,clock_gettime(CLOCK_MONOTONIC, {181, 542761801}) = 0
19:19:23.278540,1023,clock_gettime(CLOCK_MONOTONIC, {181, 563542245}) = 0
19:19:23.279317,1023,clock_gettime(CLOCK_MONOTONIC, {181, 564270595}) = 0
19:19:23.280036,1023,clock_gettime(CLOCK_MONOTONIC, {181, 564986995}) = 0
19:19:23.280785,1023,write(29, "W", 1) = 1
19:19:23.281641,1023,ioctl(9, 0xc0186201, 0xbee6cf10) = 0
19:19:23.283562,1023,clock_gettime(CLOCK_MONOTONIC, {181, 568524936}) = 0
19:19:23.287285,1023,clock_gettime(CLOCK_MONOTONIC, {181, 572243661}) = 0
19:19:23.287974,1023,ioctl(9, 0xc0186201, 0xbee6d0c8) = 0
19:19:23.289199,1023,getpid() = 1023
19:19:23.289788,1023,getuid32() = 10050
19:19:23.290415,1023,epoll_wait(0x1e, 0xbee6d1f8, 0x10, 0) = 2
19:19:23.313295,1023,read(23, "WW", 16) = 2
19:19:23.313963,1023,recvfrom(37, "nysv\0\0\0\0¸V¥D*\0\0\0\36\7\0\0\224Â'¸", 24, MSG_DONTWAIT, NULL, NULL) = 24
19:19:23.314712,1023,recvfrom(37, 0xbee6c828, 24, 64, 0, 0) = -1 EAGAIN (Try again)
19:19:23.315347,1023,clock_gettime(CLOCK_MONOTONIC, {181, 600290879}) = 0
19:19:23.316082,1023,clock_gettime(CLOCK_MONOTONIC, {181, 601024425}) = 0
19:19:23.316742,1023,clock_gettime(CLOCK_MONOTONIC, {181, 601684968}) = 0
19:19:23.317391,1023,clock_gettime(CLOCK_MONOTONIC, {181, 602332774}) = 0
19:19:23.318054,1023,recvfrom(38, 0xb88738b0, 1240, 64, 0, 0) = -1 EAGAIN (Try again)
19:19:23.318672,1023,clock_gettime(CLOCK_MONOTONIC, {181, 603613501}) = 0
19:19:23.319320,1023,clock_gettime(CLOCK_MONOTONIC, {181, 604261574}) = 0
19:19:23.319963,1023,getpid() = 1023
19:19:23.320517,1023,getuid32() = 10050
19:19:23.321102,1023,epoll_wait(0x1e, 0xbee6d1f8, 0x10, 0) = 0
19:19:23.321693,1023,clock_gettime(CLOCK_MONOTONIC, {181, 606633887}) = 0
19:19:23.322348,1023,ioctl(9, 0xc0186201, 0xbee6d328) = 0
19:19:23.322948,1023,epoll_wait(0x1e, 0xbee6d1f8, 0x10, 0x1b) = 0
19:19:23.365311,1023,clock_gettime(CLOCK_MONOTONIC, {181, 650282087}) = 0
19:19:23.366029,1023,clock_gettime(CLOCK_MONOTONIC, {181, 650982730}) = 0
19:19:23.366736,1023,recvfrom(37, 0xbee6c9a8, 24, 64, 0, 0) = -1 EAGAIN (Try again)
19:19:23.383955,1023,ioctl(9, 0xc0186201, 0xbee6d178) = 0
19:19:23.385075,1023,getpid() = 1023
19:19:23.385645,1023,getuid32() = 10050
19:19:23.397334,1023,epoll_wait(0x1e, 0xbee6d1f8, 0x10, 0) = 1
19:19:23.397952,1023,recvfrom(37, "nysv\0\0\0\0\f\210mL*\0\0\0 \7\0\0\224Â'¸", 24, MSG_DONTWAIT, NULL, NULL) = 24
19:19:23.398735,1023,recvfrom(37, 0xbee6c828, 24, 64, 0, 0) = -1 EAGAIN (Try again)
19:19:23.399393,1023,clock_gettime(CLOCK_MONOTONIC, {181, 684344236}) = 0
19:19:23.400143,1023,clock_gettime(CLOCK_MONOTONIC, {181, 685099456}) = 0
19:19:23.400830,1023,clock_gettime(CLOCK_MONOTONIC, {181, 685782262}) = 0
19:19:23.401509,1023,clock_gettime(CLOCK_MONOTONIC, {181, 686459546}) = 0
19:19:23.402180,1023,clock_gettime(CLOCK_MONOTONIC, {181, 687135697}) = 0
19:19:23.403124,1023,clock_gettime(CLOCK_MONOTONIC, {181, 688080436}) = 0
19:19:23.403821,1023,clock_gettime(CLOCK_MONOTONIC, {181, 688771546}) = 0
19:19:23.404523,1023,recvfrom(37, 0xbee6c9a8, 24, 64, 0, 0) = -1 EAGAIN (Try again)
19:19:23.405147,1023,ioctl(9, 0xc0186201, 0xbee6d178) = 0
19:19:23.406133,1023,clock_gettime(CLOCK_MONOTONIC, {181, 691092719}) = 0
19:19:23.406843,1023,clock_gettime(CLOCK_MONOTONIC, {181, 691794328}) = 0
19:19:23.407528,1023,clock_gettime(CLOCK_MONOTONIC, {181, 692478631}) = 0
19:19:23.408204,1023,clock_gettime(CLOCK_MONOTONIC, {181, 693159245}) = 0
19:19:23.408909,1023,clock_gettime(CLOCK_MONOTONIC, {181, 693858370}) = 0
19:19:23.409609,1023,write(29, "W", 1) = 1
19:19:23.410475,1023,ioctl(9, 0xc0186201, 0xbee6cf10) = 0
19:19:23.412176,1023,clock_gettime(CLOCK_MONOTONIC, {181, 697137291}) = 0
19:19:23.415811,1023,clock_gettime(CLOCK_MONOTONIC, {181, 700767724}) = 0
19:19:23.416510,1023,ioctl(9, 0xc0186201, 0xbee6d0c8) = 0
19:19:23.417610,1023,getpid() = 1023
19:19:23.418193,1023,getuid32() = 10050
19:19:23.418815,1023,epoll_wait(0x1e, 0xbee6d1f8, 0x10, 0) = 1
19:19:23.419411,1023,read(23, "W", 16) = 1
19:19:23.420069,1023,clock_gettime(CLOCK_MONOTONIC, {181, 705020153}) = 0
19:19:23.420756,1023,ioctl(9, 0xc0186201, 0xbee6d328) = 0
19:19:23.421383,1023,epoll_wait(0x1e, 0xbee6d1f8, 0x10, 0x4d) = 1
19:19:23.472696,1023,recvfrom(37, "nysv\0\0\0\0*P\35M*\0\0\0!\7\0\0\224Â'¸", 24, MSG_DONTWAIT, NULL, NULL) = 24
19:19:23.473573,1023,recvfrom(37, 0xbee6c828, 24, 64, 0, 0) = -1 EAGAIN (Try again)
19:19:23.474213,1023,clock_gettime(CLOCK_MONOTONIC, {181, 759264462}) = 0
19:19:23.475065,1023,write(29, "W", 1) = 1
19:19:23.475781,1023,clock_gettime(CLOCK_MONOTONIC, {181, 760724257}) = 0
19:19:23.493482,1023,clock_gettime(CLOCK_MONOTONIC, {181, 778433244}) = 0
19:19:23.494141,1023,clock_gettime(CLOCK_MONOTONIC, {181, 779092127}) = 0
19:19:23.494819,1023,recvfrom(38, 0xb88738b0, 1240, 64, 0, 0) = -1 EAGAIN (Try again)
19:19:23.495444,1023,clock_gettime(CLOCK_MONOTONIC, {181, 780385821}) = 0
19:19:23.496088,1023,clock_gettime(CLOCK_MONOTONIC, {181, 781036244}) = 0
19:19:23.496740,1023,getpid() = 1023
19:19:23.497296,1023,getuid32() = 10050
19:19:23.497887,1023,epoll_wait(0x1e, 0xbee6d1f8, 0x10, 0) = 1
19:19:23.498458,1023,read(23, "W", 16) = 1
19:19:23.499084,1023,clock_gettime(CLOCK_MONOTONIC, {181, 784030941}) = 0
19:19:23.509551,1023,clock_gettime(CLOCK_MONOTONIC, {181, 795673822}) = 0
19:19:23.511486,1023,recvfrom(37, 0xbee6c9a8, 24, 64, 0, 0) = -1 EAGAIN (Try again)
19:19:23.512110,1023,ioctl(9, 0xc0186201, 0xbee6d178) = 0
19:19:23.512847,1023,getpid() = 1023
19:19:23.513407,1023,getuid32() = 10050
19:19:23.514002,1023,epoll_wait(0x1e, 0xbee6d1f8, 0x10, 0) = 0
19:19:23.515661,1023,clock_gettime(CLOCK_MONOTONIC, {181, 800618608}) = 0
19:19:23.516358,1023,epoll_wait(0x1e, 0xbee6d1f8, 0x10, 0xffffffff) = 1
19:19:23.522969,1023,recvfrom(37, "nysv\0\0\0\0jQpT*\0\0\0\"\7\0\0\224Â'¸", 24, MSG_DONTWAIT, NULL, NULL) = 24
19:19:23.523822,1023,recvfrom(37, 0xbee6c828, 24, 64, 0, 0) = -1 EAGAIN (Try again)
19:19:23.524462,1023,clock_gettime(CLOCK_MONOTONIC, {181, 809406540}) = 0
19:19:23.525146,1023,write(29, "W", 1) = 1
19:19:23.525848,1023,clock_gettime(CLOCK_MONOTONIC, {181, 810791726}) = 0
19:19:23.535649,1023,clock_gettime(CLOCK_MONOTONIC, <unfinished ...>
19:19:23.536072,1046,<... select resumed> ) = 0 (Timeout)
19:19:23.536425,1023,<... clock_gettime resumed> {181, 821060400}) = 0
19:19:23.536868,1046,sendto(42, "ûd\1\0\0\1\0\0\0\0\0\0\6client\nmustmobile\3c"..., 39, 0, NULL, 0 <unfinished ...>
19:19:23.537493,1023,clock_gettime(CLOCK_MONOTONIC, <unfinished ...>
19:19:23.537988,1046,<... sendto resumed> ) = 39
19:19:23.538425,1023,<... clock_gettime resumed> {181, 822986511}) = 0
19:19:23.538940,1046,clock_gettime(CLOCK_REALTIME, <unfinished ...>
19:19:23.539333,1023,clock_gettime(CLOCK_MONOTONIC, <unfinished ...>
19:19:23.539661,1046,<... clock_gettime resumed> {1738783163, 539521919}) = 0
19:19:23.540082,1023,<... clock_gettime resumed> {181, 824699936}) = 0
19:19:23.540540,1046,clock_gettime(CLOCK_REALTIME, <unfinished ...>
19:19:23.541354,1023,clock_gettime(CLOCK_MONOTONIC, <unfinished ...>
19:19:23.541658,1046,<... clock_gettime resumed> {1738783163, 541548375}) = 0
19:19:23.542061,1023,<... clock_gettime resumed> {181, 826698740}) = 0
19:19:23.543059,1046,select(43, [42], NULL, NULL, {4, 997974} <unfinished ...>
19:19:23.543692,1023,clock_gettime(CLOCK_MONOTONIC, {181, 828694483}) = 0
19:19:23.544443,1023,recvfrom(37, 0xbee6c9a8, 24, 64, 0, 0) = -1 EAGAIN (Try again)
19:19:23.545105,1023,ioctl(9, 0xc0186201, 0xbee6d178) = 0
19:19:23.545914,1023,clock_gettime(CLOCK_MONOTONIC, {181, 830860749}) = 0
19:19:23.546726,1023,clock_gettime(CLOCK_MONOTONIC, {181, 831672237}) = 0
19:19:23.547387,1023,clock_gettime(CLOCK_MONOTONIC, {181, 832331533}) = 0
19:19:23.548070,1023,clock_gettime(CLOCK_MONOTONIC, {181, 833011371}) = 0
19:19:23.548762,1023,clock_gettime(CLOCK_MONOTONIC, {181, 833712642}) = 0
19:19:23.549468,1023,write(29, "W", 1) = 1
19:19:23.550347,1023,ioctl(9, 0xc0186201, 0xbee6cf10) = 0
19:19:23.553158,1023,ioctl(9, 0xc0186201, 0xbee6cf10) = 0
19:19:23.554599,1023,clock_gettime(CLOCK_MONOTONIC, {181, 839547762}) = 0
19:19:23.568621,1023,clock_gettime(CLOCK_MONOTONIC, {181, 853778152}) = 0
19:19:23.569620,1023,ioctl(9, 0xc0186201, 0xbee6d0c8) = 0
19:19:23.593899,1023,getpid() = 1023
19:19:23.594577,1023,getuid32() = 10050
19:19:23.595194,1023,epoll_wait(0x1e, 0xbee6d1f8, 0x10, 0) = 2
19:19:23.613132,1023,read(23, "WW", 16) = 2
19:19:23.613979,1023,recvfrom(37, "nysv\0\0\0\0ì\tjW*\0\0\0#\7\0\0\224Â'¸", 24, MSG_DONTWAIT, NULL, NULL) = 24
19:19:23.614730,1023,recvfrom(37, 0xbee6c828, 24, 64, 0, 0) = -1 EAGAIN (Try again)
19:19:23.615373,1023,clock_gettime(CLOCK_MONOTONIC, {181, 900317026}) = 0
19:19:23.616105,1023,clock_gettime(CLOCK_MONOTONIC, {181, 901055531}) = 0
19:19:23.616768,1023,clock_gettime(CLOCK_MONOTONIC, {181, 918549792}) = 0
19:19:23.634328,1023,clock_gettime(CLOCK_MONOTONIC, {181, 919280684}) = 0
19:19:23.635015,1023,recvfrom(38, 0xb88738b0, 1240, 64, 0, 0) = -1 EAGAIN (Try again)
19:19:23.635643,1023,clock_gettime(CLOCK_MONOTONIC, {181, 920586122}) = 0
19:19:23.636295,1023,clock_gettime(CLOCK_MONOTONIC, {181, 921237797}) = 0
19:19:23.636942,1023,getpid() = 1023
19:19:23.637497,1023,getuid32() = 10050
19:19:23.638086,1023,epoll_wait(0x1e, 0xbee6d1f8, 0x10, 0) = 0
19:19:23.638678,1023,clock_gettime(CLOCK_MONOTONIC, {181, 923619396}) = 0
19:19:23.639330,1023,clock_gettime(CLOCK_MONOTONIC, {181, 924271369}) = 0
19:19:23.639991,1023,recvfrom(37, 0xbee6c9a8, 24, 64, 0, 0) = -1 EAGAIN (Try again)
19:19:23.640595,1023,ioctl(9, 0xc0186201, 0xbee6d178) = 0
19:19:23.641732,1023,getpid() = 1023
19:19:23.642292,1023,getuid32() = 10050
19:19:23.642878,1023,epoll_wait(0x1e, 0xbee6d1f8, 0x10, 0) = 0
19:19:23.643459,1023,clock_gettime(CLOCK_MONOTONIC, {181, 928400764}) = 0
19:19:23.644118,1023,epoll_wait(0x1e, 0xbee6d1f8, 0x10, 0xffffffff) = 1
19:19:23.647213,1023,recvfrom(37, "nysv\0\0\0\0ªRÃ[*\0\0\0$\7\0\0\224Â'¸", 24, MSG_DONTWAIT, NULL, NULL) = 24
19:19:23.648000,1023,recvfrom(37, 0xbee6c828, 24, 64, 0, 0) = -1 EAGAIN (Try again)
19:19:23.648654,1023,clock_gettime(CLOCK_MONOTONIC, {181, 933597084}) = 0
19:19:23.649331,1023,write(29, "W", 1) = 1
19:19:23.650024,1023,clock_gettime(CLOCK_MONOTONIC, {181, 934967595}) = 0
19:19:23.650683,1023,clock_gettime(CLOCK_MONOTONIC, {181, 935626735}) = 0
19:19:23.651332,1023,clock_gettime(CLOCK_MONOTONIC, {181, 936273935}) = 0
19:19:23.651973,1023,clock_gettime(CLOCK_MONOTONIC, {181, 936913870}) = 0
19:19:23.652876,1023,clock_gettime(CLOCK_MONOTONIC, {181, 937819920}) = 0
19:19:23.653544,1023,clock_gettime(CLOCK_MONOTONIC, {181, 938487381}) = 0
19:19:23.654211,1023,recvfrom(37, 0xbee6c9a8, 24, 64, 0, 0) = -1 EAGAIN (Try again)
19:19:23.654815,1023,ioctl(9, 0xc0186201, 0xbee6d178) = 0
19:19:23.655655,1023,clock_gettime(CLOCK_MONOTONIC, {181, 940651338}) = 0
19:19:23.656386,1023,clock_gettime(CLOCK_MONOTONIC, {181, 941328748}) = 0
19:19:23.657035,1023,clock_gettime(CLOCK_MONOTONIC, {181, 941976382}) = 0
19:19:23.657684,1023,clock_gettime(CLOCK_MONOTONIC, {181, 942626408}) = 0
19:19:23.658361,1023,clock_gettime(CLOCK_MONOTONIC, {181, 943302855}) = 0
19:19:23.659027,1023,write(29, "W", 1) = 1
19:19:23.659847,1023,ioctl(9, 0xc0186201, 0xbee6cf10) = 0
19:19:23.660798,1023,ioctl(9, 0xc0186201, 0xbee6cf10) = 0
19:19:23.662138,1023,clock_gettime(CLOCK_MONOTONIC, {181, 947136900}) = 0
19:19:23.667363,1023,clock_gettime(CLOCK_MONOTONIC, {181, 952342752}) = 0
19:19:23.668291,1023,ioctl(9, 0xc0186201, 0xbee6d0c8) = 0
19:19:23.669206,1023,ioctl(9, 0xc0186201, 0xbee6d0c8) = 0
19:19:23.669931,1023,getpid() = 1023
19:19:23.670561,1023,getuid32() = 10050
19:19:23.671186,1023,epoll_wait(0x1e, 0xbee6d1f8, 0x10, 0) = 1
19:19:23.671788,1023,read(23, "WW", 16) = 2
19:19:23.672504,1023,clock_gettime(CLOCK_MONOTONIC, {181, 957448791}) = 0
19:19:23.673162,1023,ioctl(9, 0xc0186201, 0xbee6d328) = 0
19:19:23.673763,1023,epoll_wait(0x1e, 0xbee6d1f8, 0x10, 0x4b) = 1
19:19:23.686141,1023,recvfrom(37, "nysv\0\0\0\0ú\22\230]*\0\0\0%\7\0\0\224Â'¸", 24, MSG_DONTWAIT, NULL, NULL) = 24
19:19:23.686915,1023,recvfrom(37, 0xbee6c828, 24, 64, 0, 0) = -1 EAGAIN (Try again)
19:19:23.687555,1023,clock_gettime(CLOCK_MONOTONIC, {181, 972499195}) = 0
19:19:23.688243,1023,write(29, "W", 1) = 1
19:19:23.688946,1023,clock_gettime(CLOCK_MONOTONIC, {181, 973888851}) = 0
19:19:23.689607,1023,clock_gettime(CLOCK_MONOTONIC, {181, 974618141}) = 0
19:19:23.690328,1023,clock_gettime(CLOCK_MONOTONIC, {181, 975279350}) = 0
19:19:23.691025,1023,recvfrom(38, 0xb88738b0, 1240, 64, 0, 0) = -1 EAGAIN (Try again)
19:19:23.691668,1023,clock_gettime(CLOCK_MONOTONIC, {181, 976619194}) = 0
19:19:23.692347,1023,clock_gettime(CLOCK_MONOTONIC, {181, 977398937}) = 0
19:19:23.693117,1023,getpid() = 1023
19:19:23.693676,1023,getuid32() = 10050
19:19:23.694263,1023,epoll_wait(0x1e, 0xbee6d1f8, 0x10, 0) = 1
19:19:23.694831,1023,read(23, "W", 16) = 1
19:19:23.695464,1023,clock_gettime(CLOCK_MONOTONIC, {181, 980404823}) = 0
19:19:23.696126,1023,epoll_wait(0x1e, 0xbee6d1f8, 0x10, 0x34) = 0
19:19:23.771513,1023,clock_gettime(CLOCK_MONOTONIC, {182, 56498313}) = 0
19:19:23.772231,1023,clock_gettime(CLOCK_MONOTONIC, {182, 57183645}) = 0
19:19:23.772911,1023,recvfrom(37, 0xbee6c9a8, 24, 64, 0, 0) = -1 EAGAIN (Try again)
19:19:23.773526,1023,ioctl(9, 0xc0186201, 0xbee6d178) = 0
19:19:23.774638,1023,getpid() = 1023
19:19:23.775311,1023,getuid32() = 10050
19:19:23.787787,1023,epoll_wait(0x1e, 0xbee6d1f8, 0x10, 0) = 1
19:19:23.788485,1023,recvfrom(37, "nysv\0\0\0\0\10\34Æc*\0\0\0&\7\0\0\224Â'¸", 24, MSG_DONTWAIT, NULL, NULL) = 24
19:19:23.789245,1023,recvfrom(37, 0xbee6c828, 24, 64, 0, 0) = -1 EAGAIN (Try again)
19:19:23.789912,1023,clock_gettime(CLOCK_MONOTONIC, {182, 74861919}) = 0
19:19:23.790730,1023,clock_gettime(CLOCK_MONOTONIC, {182, 75675979}) = 0
19:19:23.791453,1023,clock_gettime(CLOCK_MONOTONIC, {182, 76398196}) = 0
19:19:23.792098,1023,clock_gettime(CLOCK_MONOTONIC, {182, 77047085}) = 0
19:19:23.792798,1023,clock_gettime(CLOCK_MONOTONIC, {182, 77745325}) = 0
19:19:23.793748,1023,clock_gettime(CLOCK_MONOTONIC, {182, 78693800}) = 0
19:19:23.794428,1023,clock_gettime(CLOCK_MONOTONIC, {182, 79378411}) = 0
19:19:23.795123,1023,recvfrom(37, 0xbee6c9a8, 24, 64, 0, 0) = -1 EAGAIN (Try again)
19:19:23.795761,1023,ioctl(9, 0xc0186201, 0xbee6d178) = 0
19:19:23.819390,1023,clock_gettime(CLOCK_MONOTONIC, {182, 104420964}) = 0
19:19:23.820237,1023,clock_gettime(CLOCK_MONOTONIC, {182, 105190807}) = 0
19:19:23.820900,1023,clock_gettime(CLOCK_MONOTONIC, {182, 106042557}) = 0
19:19:23.821904,1023,clock_gettime(CLOCK_MONOTONIC, {182, 106860347}) = 0
19:19:23.822624,1023,clock_gettime(CLOCK_MONOTONIC, {182, 107576794}) = 0
19:19:23.823333,1023,write(29, "W", 1) = 1
19:19:23.824207,1023,ioctl(9, 0xc0186201, 0xbee6cf10) = 0
19:19:23.825083,1023,ioctl(9, 0xc0186201, 0xbee6cf10) = 0
19:19:23.826499,1023,clock_gettime(CLOCK_MONOTONIC, {182, 111455473}) = 0
19:19:23.830896,1023,clock_gettime(CLOCK_MONOTONIC, {182, 115869528}) = 0
19:19:23.831619,1023,ioctl(9, 0xc0186201, 0xbee6d0c8) = 0
19:19:23.832738,1023,getpid() = 1023
19:19:23.856519,1023,getuid32() = 10050
19:19:23.857165,1023,epoll_wait(0x1e, 0xbee6d1f8, 0x10, 0) = 2
19:19:23.857749,1023,read(23, "W", 16) = 1
19:19:23.858365,1023,recvfrom(37, "nysv\0\0\0\0v¤Jf*\0\0\0'\7\0\0\224Â'¸", 24, MSG_DONTWAIT, NULL, NULL) = 24
19:19:23.859096,1023,recvfrom(37, 0xbee6c828, 24, 64, 0, 0) = -1 EAGAIN (Try again)
19:19:23.859725,1023,clock_gettime(CLOCK_MONOTONIC, {182, 144667623}) = 0
19:19:23.866584,1023,clock_gettime(CLOCK_MONOTONIC, {182, 151538131}) = 0
19:19:23.867255,1023,clock_gettime(CLOCK_MONOTONIC, {182, 152206840}) = 0
19:19:23.867908,1023,clock_gettime(CLOCK_MONOTONIC, {182, 152849828}) = 0
19:19:23.868578,1023,recvfrom(38, 0xb88738b0, 1240, 64, 0, 0) = -1 EAGAIN (Try again)
19:19:23.869191,1023,clock_gettime(CLOCK_MONOTONIC, {182, 154139920}) = 0
19:19:23.869839,1023,clock_gettime(CLOCK_MONOTONIC, {182, 154781418}) = 0
19:19:23.870489,1023,getpid() = 1023
19:19:23.871036,1023,getuid32() = 10050
19:19:23.871623,1023,epoll_wait(0x1e, 0xbee6d1f8, 0x10, 0) = 0
19:19:23.872204,1023,clock_gettime(CLOCK_MONOTONIC, {182, 157150927}) = 0
19:19:23.872858,1023,ioctl(9, 0xc0186201, 0xbee6d328) = 0
19:19:23.873465,1023,epoll_wait(0x1e, 0xbee6d1f8, 0x10, 0x26) = 0
19:19:23.914110,1023,clock_gettime(CLOCK_MONOTONIC, {182, 199132153}) = 0
19:19:23.914862,1023,clock_gettime(CLOCK_MONOTONIC, {182, 199806989}) = 0
19:19:23.942073,1023,recvfrom(37, 0xbee6c9a8, 24, 64, 0, 0) = -1 EAGAIN (Try again)
19:19:23.942757,1023,ioctl(9, 0xc0186201, 0xbee6d178) = 0
19:19:23.943655,1023,getpid() = 1023
19:19:23.944346,1023,getuid32() = 10050
19:19:23.944924,1023,epoll_wait(0x1e, 0xbee6d1f8, 0x10, 0) = 0
19:19:23.945520,1023,clock_gettime(CLOCK_MONOTONIC, {182, 230455095}) = 0
19:19:23.946158,1023,epoll_wait(0x1e, 0xbee6d1f8, 0x10, 0xffffffff) = 1
19:19:23.956708,1023,recvfrom(37, "nysv\0\0\0\0À=Øm*\0\0\0)\7\0\0\224Â'¸", 24, MSG_DONTWAIT, NULL, NULL) = 24
19:19:23.957429,1023,recvfrom(37, 0xbee6c828, 24, 64, 0, 0) = -1 EAGAIN (Try again)
19:19:23.958005,1023,clock_gettime(CLOCK_MONOTONIC, {182, 242932491}) = 0
19:19:23.958658,1023,write(29, "W", 1) = 1
19:19:23.959335,1023,clock_gettime(CLOCK_MONOTONIC, {182, 244263556}) = 0
19:19:23.959968,1023,clock_gettime(CLOCK_MONOTONIC, {182, 244895382}) = 0
19:19:23.960593,1023,clock_gettime(CLOCK_MONOTONIC, {182, 245520686}) = 0
19:19:23.961182,1023,clock_gettime(CLOCK_MONOTONIC, {182, 246147664}) = 0
19:19:23.962050,1023,clock_gettime(CLOCK_MONOTONIC, {182, 246978331}) = 0
19:19:23.962698,1023,clock_gettime(CLOCK_MONOTONIC, {182, 247626067}) = 0
19:19:23.963349,1023,recvfrom(37, 0xbee6c9a8, 24, 64, 0, 0) = -1 EAGAIN (Try again)
19:19:23.963897,1023,ioctl(9, 0xc0186201, 0xbee6d178) = 0
19:19:23.964696,1023,clock_gettime(CLOCK_MONOTONIC, {182, 267464824}) = 0
19:19:23.983238,1023,clock_gettime(CLOCK_MONOTONIC, {182, 268231613}) = 0
19:19:23.983938,1023,clock_gettime(CLOCK_MONOTONIC, {182, 268921126}) = 0
19:19:23.984617,1023,clock_gettime(CLOCK_MONOTONIC, {182, 269544782}) = 0
19:19:23.985237,1023,clock_gettime(CLOCK_MONOTONIC, {182, 270203677}) = 0
19:19:23.985892,1023,write(29, "W", 1) = 1
19:19:24.006572,1023,ioctl(9, 0xc0186201, 0xbee6cf10) = 0
19:19:24.008382,1023,clock_gettime(CLOCK_MONOTONIC, {182, 293324008}) = 0
19:19:24.011924,1023,clock_gettime(CLOCK_MONOTONIC, {182, 296864812}) = 0
19:19:24.012599,1023,ioctl(9, 0xc0186201, 0xbee6d0c8) = 0
19:19:24.013708,1023,getpid() = 1023
19:19:24.014241,1023,getuid32() = 10050
19:19:24.014846,1023,epoll_wait(0x1e, 0xbee6d1f8, 0x10, 0) = 2
19:19:24.015497,1023,read(23, "WW", 16) = 2
19:19:24.016082,1023,recvfrom(37, "nysv\0\0\0\0Þ\5\210n*\0\0\0*\7\0\0\224Â'¸", 24, MSG_DONTWAIT, NULL, NULL) = 24
19:19:24.041207,1023,recvfrom(37, 0xbee6c828, 24, 64, 0, 0) = -1 EAGAIN (Try again)
19:19:24.041989,1023,clock_gettime(CLOCK_MONOTONIC, {182, 326956506}) = 0
19:19:24.042791,1023,clock_gettime(CLOCK_MONOTONIC, {182, 327935522}) = 0
19:19:24.043716,1023,clock_gettime(CLOCK_MONOTONIC, {182, 328643482}) = 0
19:19:24.044366,1023,clock_gettime(CLOCK_MONOTONIC, {182, 329292937}) = 0
19:19:24.044979,1023,recvfrom(38, 0xb88738b0, 1240, 64, 0, 0) = -1 EAGAIN (Try again)
19:19:24.045600,1023,clock_gettime(CLOCK_MONOTONIC, {182, 330525466}) = 0
19:19:24.046189,1023,clock_gettime(CLOCK_MONOTONIC, {182, 331175237}) = 0
19:19:24.047035,1023,getpid() = 1023
19:19:24.047635,1023,getuid32() = 10050
19:19:24.048259,1023,epoll_wait(0x1e, 0xbee6d1f8, 0x10, 0) = 0
19:19:24.048955,1023,clock_gettime(CLOCK_MONOTONIC, {182, 333941409}) = 0
19:19:24.049671,1023,ioctl(9, 0xc0186201, 0xbee6d328) = 0
19:19:24.050288,1023,epoll_wait(0x1e, 0xbee6d1f8, 0x10, 0x1a) = 0
19:19:24.077675,1023,clock_gettime(CLOCK_MONOTONIC, {182, 362622149}) = 0
19:19:24.078464,1023,clock_gettime(CLOCK_MONOTONIC, {182, 363450082}) = 0
19:19:24.079172,1023,recvfrom(37, 0xbee6c9a8, 24, 64, 0, 0) = -1 EAGAIN (Try again)
19:19:24.079812,1023,ioctl(9, 0xc0186201, 0xbee6d178) = 0
19:19:24.080727,1023,getpid() = 1023
19:19:24.081425,1023,getuid32() = 10050
19:19:24.081999,1023,epoll_wait(0x1e, 0xbee6d1f8, 0x10, 0) = 0
19:19:24.082608,1023,clock_gettime(CLOCK_MONOTONIC, {182, 367541802}) = 0
19:19:24.083241,1023,epoll_wait(0x1e, 0xbee6d1f8, 0x10, 0xffffffff) = 1
19:19:24.085864,1023,recvfrom(37, "nysv\0\0\0\0(\237\25v*\0\0\0,\7\0\0\224Â'¸", 24, MSG_DONTWAIT, NULL, NULL) = 24
19:19:24.086705,1023,recvfrom(37, 0xbee6c828, 24, 64, 0, 0) = -1 EAGAIN (Try again)
19:19:24.087344,1023,clock_gettime(CLOCK_MONOTONIC, {182, 372276266}) = 0
19:19:24.087982,1023,write(29, "W", 1) = 1
19:19:24.088683,1023,clock_gettime(CLOCK_MONOTONIC, {182, 373616711}) = 0
19:19:24.089404,1023,clock_gettime(CLOCK_MONOTONIC, {182, 374338256}) = 0
19:19:24.090065,1023,clock_gettime(CLOCK_MONOTONIC, {182, 375011742}) = 0
19:19:24.090731,1023,clock_gettime(CLOCK_MONOTONIC, {182, 375664043}) = 0
19:19:24.106632,1023,clock_gettime(CLOCK_MONOTONIC, {182, 391598562}) = 0
19:19:24.107432,1023,clock_gettime(CLOCK_MONOTONIC, {182, 392363185}) = 0
19:19:24.108054,1023,recvfrom(37, 0xbee6c9a8, 24, 64, 0, 0) = -1 EAGAIN (Try again)
19:19:24.108673,1023,ioctl(9, 0xc0186201, 0xbee6d178) = 0
19:19:24.109666,1023,clock_gettime(CLOCK_MONOTONIC, {182, 394595542}) = 0
19:19:24.110315,1023,clock_gettime(CLOCK_MONOTONIC, {182, 395268924}) = 0
19:19:24.110938,1023,clock_gettime(CLOCK_MONOTONIC, {182, 395864734}) = 0
19:19:24.111587,1023,clock_gettime(CLOCK_MONOTONIC, {182, 396514465}) = 0
19:19:24.112204,1023,clock_gettime(CLOCK_MONOTONIC, {182, 397186655}) = 0
19:19:24.112874,1023,write(29, "W", 1) = 1
19:19:24.113819,1023,ioctl(9, 0xc0186201, 0xbee6cf10) = 0
19:19:24.115708,1023,clock_gettime(CLOCK_MONOTONIC, {182, 400649236}) = 0
19:19:24.119205,1023,clock_gettime(CLOCK_MONOTONIC, {182, 411891399}) = 0
19:19:24.127785,1023,ioctl(9, 0xc0186201, 0xbee6d0c8) = 0
19:19:24.128835,1023,ioctl(9, 0xc0186201, 0xbee6d0c8) = 0
19:19:24.129676,1023,getpid() = 1023
19:19:24.130187,1023,getuid32() = 10050
19:19:24.130793,1023,epoll_wait(0x1e, 0xbee6d1f8, 0x10, 0) = 2
19:19:24.131381,1023,read(23, "WW", 16) = 2
19:19:24.131944,1023,recvfrom(37, "nysv\0\0\0\0nÇ¯w*\0\0\0-\7\0\0\224Â'¸", 24, MSG_DONTWAIT, NULL, NULL) = 24
19:19:24.132678,1023,recvfrom(37, 0xbee6c828, 24, 64, 0, 0) = -1 EAGAIN (Try again)
19:19:24.133252,1023,clock_gettime(CLOCK_MONOTONIC, {182, 418235177}) = 0
19:19:24.133966,1023,clock_gettime(CLOCK_MONOTONIC, {182, 418894519}) = 0
19:19:24.134608,1023,clock_gettime(CLOCK_MONOTONIC, {182, 419534879}) = 0
19:19:24.135196,1023,clock_gettime(CLOCK_MONOTONIC, {182, 420177973}) = 0
19:19:24.160503,1023,recvfrom(38, 0xb88738b0, 1240, 64, 0, 0) = -1 EAGAIN (Try again)
19:19:24.161369,1023,clock_gettime(CLOCK_MONOTONIC, {182, 446311626}) = 0
19:19:24.162011,1023,clock_gettime(CLOCK_MONOTONIC, {182, 446949232}) = 0
19:19:24.162694,1023,getpid() = 1023
19:19:24.163199,1023,getuid32() = 10050
19:19:24.163803,1023,epoll_wait(0x1e, 0xbee6d1f8, 0x10, 0) = 0
19:19:24.164400,1023,clock_gettime(CLOCK_MONOTONIC, {182, 449326010}) = 0
19:19:24.164999,1023,ioctl(9, 0xc0186201, 0xbee6d328) = 0
19:19:24.190372,1023,epoll_wait(0x1e, 0xbee6d1f8, 0x10, 0x25) = 0
19:19:24.230685,1023,clock_gettime(CLOCK_MONOTONIC, {182, 515635656}) = 0
19:19:24.231442,1023,clock_gettime(CLOCK_MONOTONIC, {182, 516378980}) = 0
19:19:24.232149,1023,recvfrom(37, 0xbee6c9a8, 24, 64, 0, 0) = -1 EAGAIN (Try again)
19:19:24.232772,1023,ioctl(9, 0xc0186201, 0xbee6d178) = 0
19:19:24.233654,1023,getpid() = 1023
19:19:24.234406,1023,getuid32() = 10050
19:19:24.234977,1023,epoll_wait(0x1e, 0xbee6d1f8, 0x10, 0) = 0
19:19:24.235571,1023,clock_gettime(CLOCK_MONOTONIC, {182, 520503840}) = 0
19:19:24.236204,1023,epoll_wait(0x1e, 0xbee6d1f8, 0x10, 0xffffffff) = 1
19:19:24.237585,1023,recvfrom(37, "nysv\0\0\0\0®È\2\177*\0\0\0/\7\0\0\224Â'¸", 24, MSG_DONTWAIT, NULL, NULL) = 24
19:19:24.238368,1023,recvfrom(37, 0xbee6c828, 24, 64, 0, 0) = -1 EAGAIN (Try again)
19:19:24.238944,1023,clock_gettime(CLOCK_MONOTONIC, {182, 523871835}) = 0
19:19:24.239631,1023,write(29, "W", 1) = 1
19:19:24.240300,1023,clock_gettime(CLOCK_MONOTONIC, {182, 525255603}) = 0
19:19:24.240992,1023,clock_gettime(CLOCK_MONOTONIC, {182, 525946650}) = 0
19:19:24.241653,1023,clock_gettime(CLOCK_MONOTONIC, {182, 526579554}) = 0
19:19:24.242317,1023,clock_gettime(CLOCK_MONOTONIC, {182, 527269864}) = 0
19:19:24.243301,1023,clock_gettime(CLOCK_MONOTONIC, {182, 528243814}) = 0
19:19:24.243937,1023,clock_gettime(CLOCK_MONOTONIC, {182, 528930395}) = 0
19:19:24.244672,1023,recvfrom(37, 0xbee6c9a8, 24, 64, 0, 0) = -1 EAGAIN (Try again)
19:19:24.245343,1023,ioctl(9, 0xc0186201, 0xbee6d178) = 0
19:19:24.246202,1023,clock_gettime(CLOCK_MONOTONIC, {182, 531229196}) = 0
19:19:24.246939,1023,clock_gettime(CLOCK_MONOTONIC, {182, 531933864}) = 0
19:19:24.247660,1023,clock_gettime(CLOCK_MONOTONIC, {182, 532594599}) = 0
19:19:24.248376,1023,clock_gettime(CLOCK_MONOTONIC, {182, 533309485}) = 0
19:19:24.249017,1023,clock_gettime(CLOCK_MONOTONIC, {182, 533952800}) = 0
19:19:24.249695,1023,write(29, "W", 1) = 1
19:19:24.250516,1023,ioctl(9, 0xc0186201, 0xbee6cf10) = 0
19:19:24.251348,1023,ioctl(9, 0xc0186201, 0xbee6cf10) = 0
19:19:24.258869,1023,clock_gettime(CLOCK_MONOTONIC, {182, 543898891}) = 0
19:19:24.262502,1023,clock_gettime(CLOCK_MONOTONIC, {182, 547440462}) = 0
19:19:24.263123,1023,ioctl(9, 0xc0186201, 0xbee6d0c8) = 0
19:19:24.263984,1023,ioctl(9, 0xc0186201, 0xbee6d0c8) = 0
19:19:24.264671,1023,getpid() = 1023
19:19:24.265178,1023,getuid32() = 10050
19:19:24.265759,1023,epoll_wait(0x1e, 0xbee6d1f8, 0x10, 0) = 2
19:19:24.266294,1023,read(23, "WW", 16) = 2
19:19:24.266855,1023,recvfrom(37, "nysv\0\0\0\0àÀ'\200*\0\0\0000\7\0\0\224Â'¸", 24, MSG_DONTWAIT, NULL, NULL) = 24
19:19:24.267565,1023,recvfrom(37, 0xbee6c828, 24, 64, 0, 0) = -1 EAGAIN (Try again)
19:19:24.268182,1023,clock_gettime(CLOCK_MONOTONIC, {182, 553114575}) = 0
19:19:24.268834,1023,clock_gettime(CLOCK_MONOTONIC, {182, 553761081}) = 0
19:19:24.269438,1023,clock_gettime(CLOCK_MONOTONIC, {182, 554365604}) = 0
19:19:24.270025,1023,clock_gettime(CLOCK_MONOTONIC, {182, 554968141}) = 0
19:19:24.270667,1023,recvfrom(38, 0xb88738b0, 1240, 64, 0, 0) = -1 EAGAIN (Try again)
19:19:24.271247,1023,clock_gettime(CLOCK_MONOTONIC, {182, 556179933}) = 0
19:19:24.271843,1023,clock_gettime(CLOCK_MONOTONIC, {182, 556768453}) = 0
19:19:24.272437,1023,getpid() = 1023
19:19:24.272940,1023,getuid32() = 10050
19:19:24.273502,1023,epoll_wait(0x1e, 0xbee6d1f8, 0x10, 0) = 0
19:19:24.274051,1023,clock_gettime(CLOCK_MONOTONIC, {182, 558980942}) = 0
19:19:24.283931,1023,ioctl(9, 0xc0186201, 0xbee6d328) = 0
19:19:24.284777,1023,epoll_wait(0x1e, 0xbee6d1f8, 0x10, 0x40) = 0
19:19:24.352029,1023,clock_gettime(CLOCK_MONOTONIC, {182, 636980419}) = 0
19:19:24.352843,1023,clock_gettime(CLOCK_MONOTONIC, {182, 637774868}) = 0
19:19:24.353524,1023,recvfrom(37, 0xbee6c9a8, 24, 64, 0, 0) = -1 EAGAIN (Try again)
19:19:24.354084,1023,ioctl(9, 0xc0186201, 0xbee6d178) = 0
19:19:24.354926,1023,getpid() = 1023
19:19:24.369621,1023,getuid32() = 10050
19:19:24.370209,1023,epoll_wait(0x1e, 0xbee6d1f8, 0x10, 0) = 0
19:19:24.370807,1023,clock_gettime(CLOCK_MONOTONIC, {182, 655742431}) = 0
19:19:24.371448,1023,epoll_wait(0x1e, 0xbee6d1f8, 0x10, 0xffffffff) = 1
19:19:24.372198,1023,recvfrom(37, "nysv\0\0\0\0îÉU\206*\0\0\0002\7\0\0\224Â'¸", 24, MSG_DONTWAIT, NULL, NULL) = 24
19:19:24.372915,1023,recvfrom(37, 0xbee6c828, 24, 64, 0, 0) = -1 EAGAIN (Try again)
19:19:24.373520,1023,clock_gettime(CLOCK_MONOTONIC, {182, 658454766}) = 0
19:19:24.374176,1023,write(29, "W", 1) = 1
19:19:24.374865,1023,clock_gettime(CLOCK_MONOTONIC, {182, 659817723}) = 0
19:19:24.375545,1023,clock_gettime(CLOCK_MONOTONIC, {182, 660481312}) = 0
19:19:24.376162,1023,clock_gettime(CLOCK_MONOTONIC, {182, 661100533}) = 0
19:19:24.376783,1023,clock_gettime(CLOCK_MONOTONIC, {182, 661717378}) = 0
19:19:24.377679,1023,clock_gettime(CLOCK_MONOTONIC, {182, 662620694}) = 0
19:19:24.378386,1023,clock_gettime(CLOCK_MONOTONIC, {182, 663322605}) = 0
19:19:24.379026,1023,recvfrom(37, 0xbee6c9a8, 24, 64, 0, 0) = -1 EAGAIN (Try again)
19:19:24.379602,1023,ioctl(9, 0xc0186201, 0xbee6d178) = 0
19:19:24.385995,1023,clock_gettime(CLOCK_MONOTONIC, {182, 670937771}) = 0
19:19:24.386663,1023,clock_gettime(CLOCK_MONOTONIC, {182, 671598795}) = 0
19:19:24.387292,1023,clock_gettime(CLOCK_MONOTONIC, {182, 672228622}) = 0
19:19:24.387914,1023,clock_gettime(CLOCK_MONOTONIC, {182, 672865136}) = 0
19:19:24.388593,1023,clock_gettime(CLOCK_MONOTONIC, {182, 673532624}) = 0
19:19:24.389282,1023,write(29, "W", 1) = 1
19:19:24.390094,1023,ioctl(9, 0xc0186201, 0xbee6cf10) = 0
19:19:24.390938,1023,ioctl(9, 0xc0186201, 0xbee6cf10) = 0
19:19:24.392364,1023,clock_gettime(CLOCK_MONOTONIC, {182, 677326886}) = 0
19:19:24.396073,1023,clock_gettime(CLOCK_MONOTONIC, {182, 681012661}) = 0
19:19:24.396702,1023,ioctl(9, 0xc0186201, 0xbee6d0c8) = 0
19:19:24.397480,1023,ioctl(9, 0xc0186201, 0xbee6d0c8) = 0
19:19:24.398468,1023,getpid() = 1023
19:19:24.398995,1023,getuid32() = 10050
19:19:24.406519,1023,epoll_wait(0x1e, 0xbee6d1f8, 0x10, 0) = 2
19:19:24.407064,1023,read(23, "WW", 16) = 2
19:19:24.407636,1023,recvfrom(37, "nysv\0\0\0\0*Zµ\207*\0\0\0003\7\0\0\224Â'¸", 24, MSG_DONTWAIT, NULL, NULL) = 24
19:19:24.408318,1023,recvfrom(37, 0xbee6c828, 24, 64, 0, 0) = -1 EAGAIN (Try again)
19:19:24.408893,1023,clock_gettime(CLOCK_MONOTONIC, {182, 693836926}) = 0
19:19:24.409591,1023,clock_gettime(CLOCK_MONOTONIC, {182, 694523493}) = 0
19:19:24.410216,1023,clock_gettime(CLOCK_MONOTONIC, {182, 695183065}) = 0
19:19:24.410846,1023,clock_gettime(CLOCK_MONOTONIC, {182, 695772694}) = 0
19:19:24.411462,1023,recvfrom(38, 0xb88738b0, 1240, 64, 0, 0) = -1 EAGAIN (Try again)
19:19:24.412024,1023,clock_gettime(CLOCK_MONOTONIC, {182, 696974272}) = 0
19:19:24.412646,1023,clock_gettime(CLOCK_MONOTONIC, {182, 697572790}) = 0
19:19:24.413263,1023,getpid() = 1023
19:19:24.413780,1023,getuid32() = 10050
19:19:24.414341,1023,epoll_wait(0x1e, 0xbee6d1f8, 0x10, 0) = 0
19:19:24.414876,1023,clock_gettime(CLOCK_MONOTONIC, {182, 699803341}) = 0
19:19:24.415537,1023,ioctl(9, 0xc0186201, 0xbee6d328) = 0
19:19:24.416105,1023,epoll_wait(0x1e, 0xbee6d1f8, 0x10, 0x3e) = 0
19:19:24.488239,1023,clock_gettime(CLOCK_MONOTONIC, {182, 773257774}) = 0
19:19:24.488970,1023,clock_gettime(CLOCK_MONOTONIC, {182, 773907591}) = 0
19:19:24.489658,1023,recvfrom(37, 0xbee6c9a8, 24, 64, 0, 0) = -1 EAGAIN (Try again)
19:19:24.490247,1023,ioctl(9, 0xc0186201, 0xbee6d178) = 0
19:19:24.491128,1023,getpid() = 1023
19:19:24.491821,1023,getuid32() = 10050
19:19:24.492435,1023,epoll_wait(0x1e, 0xbee6d1f8, 0x10, 0) = 0
19:19:24.492991,1023,clock_gettime(CLOCK_MONOTONIC, {182, 777962050}) = 0
19:19:24.493701,1023,epoll_wait(0x1e, 0xbee6d1f8, 0x10, 0xffffffff) = 1
19:19:24.508630,1023,recvfrom(37, "nysv\0\0\0\0L\223X\216*\0\0\0005\7\0\0\224Â'¸", 24, MSG_DONTWAIT, NULL, NULL) = 24
19:19:24.509400,1023,recvfrom(37, 0xbee6c828, 24, 64, 0, 0) = -1 EAGAIN (Try again)
19:19:24.510005,1023,clock_gettime(CLOCK_MONOTONIC, {182, 794941720}) = 0
19:19:24.510698,1023,write(29, "W", 1) = 1
19:19:24.511405,1023,clock_gettime(CLOCK_MONOTONIC, {182, 796341058}) = 0
19:19:24.512034,1023,clock_gettime(CLOCK_MONOTONIC, {182, 796987346}) = 0
19:19:24.512717,1023,clock_gettime(CLOCK_MONOTONIC, {182, 797657738}) = 0
19:19:24.513390,1023,clock_gettime(CLOCK_MONOTONIC, {182, 798329149}) = 0
19:19:24.514308,1023,clock_gettime(CLOCK_MONOTONIC, {182, 799256170}) = 0
19:19:24.514955,1023,clock_gettime(CLOCK_MONOTONIC, {182, 799891300}) = 0
19:19:24.515632,1023,recvfrom(37, 0xbee6c9a8, 24, 64, 0, 0) = -1 EAGAIN (Try again)
19:19:24.542706,1023,ioctl(9, 0xc0186201, 0xbee6d178) = 0
19:19:24.543897,1023,clock_gettime(CLOCK_MONOTONIC, {182, 828855071}) = 0
19:19:24.544655,1023,clock_gettime(CLOCK_MONOTONIC, {182, 829615676}) = 0
19:19:24.545450,1023,clock_gettime(CLOCK_MONOTONIC, {182, 830405789}) = 0
19:19:24.556136,1023,clock_gettime(CLOCK_MONOTONIC, {182, 841133316}) = 0
19:19:24.556909,1023,clock_gettime(CLOCK_MONOTONIC, {182, 841840569}) = 0
19:19:24.557637,1023,write(29, "W", 1) = 1
19:19:24.558726,1023,ioctl(9, 0xc0186201, 0xbee6cf10) = 0
19:19:24.559690,1023,ioctl(9, 0xc0186201, 0xbee6cf10) = 0
19:19:24.561103,1023,clock_gettime(CLOCK_MONOTONIC, {182, 846117253}) = 0
19:19:24.563949,1023,clock_gettime(CLOCK_MONOTONIC, {182, 848886832}) = 0
19:19:24.564678,1023,ioctl(9, 0xc0186201, 0xbee6d0c8) = 0
19:19:24.565779,1023,ioctl(9, 0xc0186201, 0xbee6d0c8) = 0
19:19:24.576221,1023,getpid() = 1023
19:19:24.577045,1023,getuid32() = 10050
19:19:24.577814,1023,epoll_wait(0x1e, 0xbee6d1f8, 0x10, 0) = 2
19:19:24.578673,1023,read(23, "WW", 16) = 2
19:19:24.579304,1023,recvfrom(37, "nysv\0\0\0\0Øã\214\221*\0\0\0006\7\0\0\224Â'¸", 24, MSG_DONTWAIT, NULL, NULL) = 24
19:19:24.580080,1023,recvfrom(37, 0xbee6c828, 24, 64, 0, 0) = -1 EAGAIN (Try again)
19:19:24.580757,1023,clock_gettime(CLOCK_MONOTONIC, {182, 865703174}) = 0
19:19:24.581528,1023,clock_gettime(CLOCK_MONOTONIC, {182, 866474109}) = 0
19:19:24.582222,1023,clock_gettime(CLOCK_MONOTONIC, {182, 867208450}) = 0
19:19:24.582916,1023,clock_gettime(CLOCK_MONOTONIC, {182, 867860597}) = 0
19:19:24.583630,1023,recvfrom(38, 0xb88738b0, 1240, 64, 0, 0) = -1 EAGAIN (Try again)
19:19:24.584644,1023,clock_gettime(CLOCK_MONOTONIC, {182, 869582569}) = 0
19:19:24.585469,1023,clock_gettime(CLOCK_MONOTONIC, {182, 880499979}) = 0
19:19:24.596274,1023,getpid() = 1023
19:19:24.596843,1023,getuid32() = 10050
19:19:24.597460,1023,epoll_wait(0x1e, 0xbee6d1f8, 0x10, 0) = 0
19:19:24.598063,1023,clock_gettime(CLOCK_MONOTONIC, {182, 883008762}) = 0
19:19:24.598734,1023,ioctl(9, 0xc0186201, 0xbee6d328) = 0
19:19:24.599354,1023,epoll_wait(0x1e, 0xbee6d1f8, 0x10, 0x2f) = 0
19:19:24.650592,1023,clock_gettime(CLOCK_MONOTONIC, {182, 935554908}) = 0
19:19:24.651288,1023,clock_gettime(CLOCK_MONOTONIC, {182, 936241061}) = 0
19:19:24.651951,1023,recvfrom(37, 0xbee6c9a8, 24, 64, 0, 0) = -1 EAGAIN (Try again)
19:19:24.652576,1023,ioctl(9, 0xc0186201, 0xbee6d178) = 0
19:19:24.653441,1023,getpid() = 1023
19:19:24.654095,1023,getuid32() = 10050
19:19:24.654708,1023,epoll_wait(0x1e, 0xbee6d1f8, 0x10, 0) = 0
19:19:24.655288,1023,clock_gettime(CLOCK_MONOTONIC, {182, 940237462}) = 0
19:19:24.655939,1023,epoll_wait(0x1e, 0xbee6d1f8, 0x10, 0xffffffff) = 1
19:19:24.662479,1023,recvfrom(37, "nysv\0\0\0\0ú\0340\230*\0\0\0008\7\0\0\224Â'¸", 24, MSG_DONTWAIT, NULL, NULL) = 24
19:19:24.663208,1023,recvfrom(37, 0xbee6c828, 24, 64, 0, 0) = -1 EAGAIN (Try again)
19:19:24.663825,1023,clock_gettime(CLOCK_MONOTONIC, {182, 948753300}) = 0
19:19:24.664497,1023,write(29, "W", 1) = 1
19:19:24.665120,1023,clock_gettime(CLOCK_MONOTONIC, {182, 950078071}) = 0
19:19:24.665775,1023,clock_gettime(CLOCK_MONOTONIC, {182, 950702673}) = 0
19:19:24.666425,1023,clock_gettime(CLOCK_MONOTONIC, {182, 951359777}) = 0
19:19:24.667104,1023,clock_gettime(CLOCK_MONOTONIC, {182, 952066796}) = 0
19:19:24.687927,1023,clock_gettime(CLOCK_MONOTONIC, {182, 972936410}) = 0
19:19:24.688689,1023,clock_gettime(CLOCK_MONOTONIC, {182, 973629833}) = 0
19:19:24.689350,1023,recvfrom(37, 0xbee6c9a8, 24, 64, 0, 0) = -1 EAGAIN (Try again)
19:19:24.689935,1023,ioctl(9, 0xc0186201, 0xbee6d178) = 0
19:19:24.690763,1023,clock_gettime(CLOCK_MONOTONIC, {182, 975765087}) = 0
19:19:24.691576,1023,clock_gettime(CLOCK_MONOTONIC, {182, 976512744}) = 0
19:19:24.692202,1023,clock_gettime(CLOCK_MONOTONIC, {182, 977176094}) = 0
19:19:24.692862,1023,clock_gettime(CLOCK_MONOTONIC, {182, 977798612}) = 0
19:19:24.693551,1023,clock_gettime(CLOCK_MONOTONIC, {182, 978486820}) = 0
19:19:24.694213,1023,write(29, "W", 1) = 1
19:19:24.695081,1023,ioctl(9, 0xc0186201, 0xbee6cf10) = 0
19:19:24.695918,1023,ioctl(9, 0xc0186201, 0xbee6cf10) = 0
19:19:24.697304,1023,clock_gettime(CLOCK_MONOTONIC, {182, 982261569}) = 0
19:19:24.700865,1023,clock_gettime(CLOCK_MONOTONIC, {182, 985881571}) = 0
19:19:24.701616,1023,ioctl(9, 0xc0186201, 0xbee6d0c8) = 0
19:19:24.702500,1023,ioctl(9, 0xc0186201, 0xbee6d0c8) = 0
19:19:24.703301,1023,getpid() = 1023
19:19:24.703862,1023,getuid32() = 10050
19:19:24.705249,1023,epoll_wait(0x1e, 0xbee6d1f8, 0x10, 0) = 2
19:19:24.708938,1023,read(23, "WW", 16) = 2
19:19:24.709760,1023,recvfrom(37, "nysv\0\0\0\0Tu?\232*\0\0\0009\7\0\0\224Â'¸", 24, MSG_DONTWAIT, NULL, NULL) = 24
19:19:24.710542,1023,recvfrom(37, 0xbee6c828, 24, 64, 0, 0) = -1 EAGAIN (Try again)
19:19:24.711122,1023,clock_gettime(CLOCK_MONOTONIC, {182, 996089733}) = 0
19:19:24.711836,1023,clock_gettime(CLOCK_MONOTONIC, {182, 996824892}) = 0
19:19:24.712539,1023,clock_gettime(CLOCK_MONOTONIC, {182, 997466780}) = 0
19:19:24.713131,1023,clock_gettime(CLOCK_MONOTONIC, {182, 998096512}) = 0
19:19:24.713886,1023,recvfrom(38, 0xb88738b0, 1240, 64, 0, 0) = -1 EAGAIN (Try again)
19:19:24.714626,1023,clock_gettime(CLOCK_MONOTONIC, {182, 999595668}) = 0
19:19:24.715305,1023,clock_gettime(CLOCK_MONOTONIC, {183, 252073}) = 0
19:19:24.715931,1023,getpid() = 1023
19:19:24.716463,1023,getuid32() = 10050
19:19:24.717024,1023,epoll_wait(0x1e, 0xbee6d1f8, 0x10, 0) = 0
19:19:24.717620,1023,clock_gettime(CLOCK_MONOTONIC, {183, 2557524}) = 0
19:19:24.718267,1023,ioctl(9, 0xc0186201, 0xbee6d328) = 0
19:19:24.718843,1023,epoll_wait(0x1e, 0xbee6d1f8, 0x10, 0x40) = 0
19:19:24.805606,1023,clock_gettime(CLOCK_MONOTONIC, {183, 90588982}) = 0
19:19:24.806417,1023,clock_gettime(CLOCK_MONOTONIC, {183, 91359690}) = 0
19:19:24.807122,1023,recvfrom(37, 0xbee6c9a8, 24, 64, 0, 0) = -1 EAGAIN (Try again)
19:19:24.807782,1023,ioctl(9, 0xc0186201, 0xbee6d178) = 0
19:19:24.808923,1023,getpid() = 1023
19:19:24.809514,1023,getuid32() = 10050
19:19:24.810092,1023,epoll_wait(0x1e, 0xbee6d1f8, 0x10, 0) = 0
19:19:24.811413,1023,clock_gettime(CLOCK_MONOTONIC, {183, 96374045}) = 0
19:19:24.812062,1023,epoll_wait(0x1e, 0xbee6d1f8, 0x10, 0xffffffff) = 1
19:19:24.812678,1023,recvfrom(37, "nysv\0\0\0\0\212ÞW¡*\0\0\0:\7\0\0\224Â'¸", 24, MSG_DONTWAIT, NULL, NULL) = 24
19:19:24.813444,1023,recvfrom(37, 0xbee6c828, 24, 64, 0, 0) = -1 EAGAIN (Try again)
19:19:24.814047,1023,clock_gettime(CLOCK_MONOTONIC, {183, 98982347}) = 0
19:19:24.814785,1023,write(29, "W", 1) = 1
19:19:24.815486,1023,clock_gettime(CLOCK_MONOTONIC, {183, 100414840}) = 0
19:19:24.816144,1023,clock_gettime(CLOCK_MONOTONIC, {183, 114624335}) = 0
19:19:24.830464,1023,clock_gettime(CLOCK_MONOTONIC, {183, 115402897}) = 0
19:19:24.831075,1023,clock_gettime(CLOCK_MONOTONIC, {183, 116003950}) = 0
19:19:24.832813,1023,clock_gettime(CLOCK_MONOTONIC, {183, 118206116}) = 0
19:19:24.833981,1023,clock_gettime(CLOCK_MONOTONIC, {183, 118916298}) = 0
19:19:24.834668,1023,recvfrom(37, 0xbee6c9a8, 24, 64, 0, 0) = -1 EAGAIN (Try again)
19:19:24.835230,1023,ioctl(9, 0xc0186201, 0xbee6d178) = 0
19:19:24.836083,1023,clock_gettime(CLOCK_MONOTONIC, {183, 121128974}) = 0
19:19:24.836874,1023,clock_gettime(CLOCK_MONOTONIC, {183, 121803883}) = 0
19:19:24.837530,1023,clock_gettime(CLOCK_MONOTONIC, {183, 122458521}) = 0
19:19:24.838125,1023,clock_gettime(CLOCK_MONOTONIC, {183, 123095479}) = 0
19:19:24.838800,1023,clock_gettime(CLOCK_MONOTONIC, {183, 123869396}) = 0
19:19:24.846644,1023,write(29, "W", 1) = 1
19:19:24.847577,1023,ioctl(9, 0xc0186201, 0xbee6cf10) = 0
19:19:24.848413,1023,ioctl(9, 0xc0186201, 0xbee6cf10) = 0
19:19:24.849721,1023,clock_gettime(CLOCK_MONOTONIC, {183, 134654211}) = 0
19:19:24.853349,1023,clock_gettime(CLOCK_MONOTONIC, {183, 138285695}) = 0
19:19:24.854008,1023,ioctl(9, 0xc0186201, 0xbee6d0c8) = 0
19:19:24.854885,1023,ioctl(9, 0xc0186201, 0xbee6d0c8) = 0
19:19:24.855693,1023,getpid() = 1023
19:19:24.856205,1023,getuid32() = 10050
19:19:24.856792,1023,epoll_wait(0x1e, 0xbee6d1f8, 0x10, 0) = 2
19:19:24.870847,1023,read(23, "WW", 16) = 2
19:19:24.871490,1023,recvfrom(37, "nysv\0\0\0\0Ð\6ò¢*\0\0\0;\7\0\0\224Â'¸", 24, MSG_DONTWAIT, NULL, NULL) = 24
19:19:24.872201,1023,recvfrom(37, 0xbee6c828, 24, 64, 0, 0) = -1 EAGAIN (Try again)
19:19:24.872848,1023,clock_gettime(CLOCK_MONOTONIC, {183, 157784384}) = 0
19:19:24.873592,1023,clock_gettime(CLOCK_MONOTONIC, {183, 158528679}) = 0
19:19:24.874307,1023,clock_gettime(CLOCK_MONOTONIC, {183, 159256635}) = 0
19:19:24.874941,1023,clock_gettime(CLOCK_MONOTONIC, {183, 159875632}) = 0
19:19:24.875618,1023,recvfrom(38, 0xb88738b0, 1240, 64, 0, 0) = -1 EAGAIN (Try again)
19:19:24.876207,1023,clock_gettime(CLOCK_MONOTONIC, {183, 161145700}) = 0
19:19:24.876828,1023,clock_gettime(CLOCK_MONOTONIC, {183, 161763120}) = 0
19:19:24.877452,1023,getpid() = 1023
19:19:24.877976,1023,getuid32() = 10050
19:19:24.888180,1023,epoll_wait(0x1e, 0xbee6d1f8, 0x10, 0) = 0
19:19:24.888800,1023,clock_gettime(CLOCK_MONOTONIC, {183, 173772041}) = 0
19:19:24.889489,1023,ioctl(9, 0xc0186201, 0xbee6d328) = 0
19:19:24.890045,1023,epoll_wait(0x1e, 0xbee6d1f8, 0x10, 0x27) = 0
19:19:24.938327,1023,clock_gettime(CLOCK_MONOTONIC, {183, 223288026}) = 0
19:19:24.939033,1023,clock_gettime(CLOCK_MONOTONIC, {183, 223979473}) = 0
19:19:24.939728,1023,recvfrom(37, 0xbee6c9a8, 24, 64, 0, 0) = -1 EAGAIN (Try again)
19:19:24.940363,1023,ioctl(9, 0xc0186201, 0xbee6d178) = 0
19:19:24.941538,1023,getpid() = 1023
19:19:24.942251,1023,getuid32() = 10050
19:19:24.942874,1023,epoll_wait(0x1e, 0xbee6d1f8, 0x10, 0) = 0
19:19:24.943547,1023,clock_gettime(CLOCK_MONOTONIC, {183, 228491872}) = 0
19:19:24.944297,1023,epoll_wait(0x1e, 0xbee6d1f8, 0x10, 0xffffffff) = 1
19:19:24.946061,1023,recvfrom(37, "nysv\0\0\0\0è§Z©*\0\0\0=\7\0\0\224Â'¸", 24, MSG_DONTWAIT, NULL, NULL) = 24
19:19:24.946884,1023,recvfrom(37, 0xbee6c828, 24, 64, 0, 0) = -1 EAGAIN (Try again)
19:19:24.947519,1023,clock_gettime(CLOCK_MONOTONIC, {183, 232462796}) = 0
19:19:24.948194,1023,write(29, "W", 1) = 1
19:19:24.948898,1023,clock_gettime(CLOCK_MONOTONIC, {183, 233867077}) = 0
19:19:24.949585,1023,clock_gettime(CLOCK_MONOTONIC, {183, 234528362}) = 0
19:19:24.950279,1023,clock_gettime(CLOCK_MONOTONIC, {183, 235223503}) = 0
19:19:24.950925,1023,clock_gettime(CLOCK_MONOTONIC, {183, 235867365}) = 0
19:19:24.951832,1023,clock_gettime(CLOCK_MONOTONIC, {183, 236776269}) = 0
19:19:24.952500,1023,clock_gettime(CLOCK_MONOTONIC, {183, 237444031}) = 0
19:19:24.953166,1023,recvfrom(37, 0xbee6c9a8, 24, 64, 0, 0) = -1 EAGAIN (Try again)
19:19:24.953772,1023,ioctl(9, 0xc0186201, 0xbee6d178) = 0
19:19:24.954819,1023,clock_gettime(CLOCK_MONOTONIC, {183, 240114012}) = 0
19:19:24.955956,1023,clock_gettime(CLOCK_MONOTONIC, {183, 240902832}) = 0
19:19:24.956619,1023,clock_gettime(CLOCK_MONOTONIC, {183, 241561472}) = 0
19:19:24.957271,1023,clock_gettime(CLOCK_MONOTONIC, {183, 242214962}) = 0
19:19:24.957943,1023,clock_gettime(CLOCK_MONOTONIC, {183, 242885276}) = 0
19:19:24.958616,1023,write(29, "W", 1) = 1
19:19:24.959442,1023,ioctl(9, 0xc0186201, 0xbee6cf10) = 0
19:19:24.960274,1023,ioctl(9, 0xc0186201, 0xbee6cf10) = 0
19:19:24.961597,1023,clock_gettime(CLOCK_MONOTONIC, {183, 246544626}) = 0
19:19:24.964840,1023,clock_gettime(CLOCK_MONOTONIC, {183, 249789254}) = 0
19:19:24.965510,1023,ioctl(9, 0xc0186201, 0xbee6d0c8) = 0
19:19:24.987021,1023,ioctl(9, 0xc0186201, 0xbee6d0c8) = 0
19:19:24.987802,1023,getpid() = 1023
19:19:24.988364,1023,getuid32() = 10050
19:19:24.988962,1023,epoll_wait(0x1e, 0xbee6d1f8, 0x10, 0) = 2
19:19:24.989544,1023,read(23, "WW", 16) = 2
19:19:24.990156,1023,recvfrom(37, "nysv\0\0\0\0\6p\nª*\0\0\0>\7\0\0\224Â'¸", 24, MSG_DONTWAIT, NULL, NULL) = 24
19:19:24.990968,1023,recvfrom(37, 0xbee6c828, 24, 64, 0, 0) = -1 EAGAIN (Try again)
19:19:24.991600,1023,clock_gettime(CLOCK_MONOTONIC, {183, 276543064}) = 0
19:19:24.992326,1023,clock_gettime(CLOCK_MONOTONIC, {183, 277268971}) = 0
19:19:24.992978,1023,clock_gettime(CLOCK_MONOTONIC, {183, 277921701}) = 0
19:19:24.993628,1023,clock_gettime(CLOCK_MONOTONIC, {183, 278570437}) = 0
19:19:24.994297,1023,recvfrom(38, 0xb88738b0, 1240, 64, 0, 0) = -1 EAGAIN (Try again)
19:19:24.994907,1023,clock_gettime(CLOCK_MONOTONIC, {183, 279849028}) = 0
19:19:24.995556,1023,clock_gettime(CLOCK_MONOTONIC, {183, 280498115}) = 0
19:19:24.996197,1023,getpid() = 1023
19:19:24.996750,1023,getuid32() = 10050
19:19:24.997337,1023,epoll_wait(0x1e, 0xbee6d1f8, 0x10, 0) = 0
19:19:25.008114,1023,clock_gettime(CLOCK_MONOTONIC, {183, 293078662}) = 0
19:19:25.008824,1023,ioctl(9, 0xc0186201, 0xbee6d328) = 0
19:19:25.009460,1023,epoll_wait(0x1e, 0xbee6d1f8, 0x10, 0x26) = 0
19:19:25.051220,1023,clock_gettime(CLOCK_MONOTONIC, {183, 336188062}) = 0
19:19:25.051913,1023,clock_gettime(CLOCK_MONOTONIC, {183, 336856836}) = 0
19:19:25.052592,1023,recvfrom(37, 0xbee6c9a8, 24, 64, 0, 0) = -1 EAGAIN (Try again)
19:19:25.053200,1023,ioctl(9, 0xc0186201, 0xbee6d178) = 0
19:19:25.054080,1023,getpid() = 1023
19:19:25.054876,1023,getuid32() = 10050
19:19:25.055493,1023,epoll_wait(0x1e, 0xbee6d1f8, 0x10, 0) = 0
19:19:25.056071,1023,clock_gettime(CLOCK_MONOTONIC, {183, 341017165}) = 0
19:19:25.056736,1023,epoll_wait(0x1e, 0xbee6d1f8, 0x10, 0xffffffff) = 1
19:19:25.059666,1023,recvfrom(37, "nysv\0\0\0\0\náý¯*\0\0\0?\7\0\0\224Â'¸", 24, MSG_DONTWAIT, NULL, NULL) = 24
19:19:25.060513,1023,recvfrom(37, 0xbee6c828, 24, 64, 0, 0) = -1 EAGAIN (Try again)
19:19:25.061177,1023,clock_gettime(CLOCK_MONOTONIC, {183, 346280715}) = 0
19:19:25.062132,1023,write(29, "W", 1) = 1
19:19:25.062902,1023,clock_gettime(CLOCK_MONOTONIC, {183, 347887314}) = 0
19:19:25.063616,1023,clock_gettime(CLOCK_MONOTONIC, {183, 348559655}) = 0
19:19:25.064304,1023,clock_gettime(CLOCK_MONOTONIC, {183, 349244852}) = 0
19:19:25.064946,1023,clock_gettime(CLOCK_MONOTONIC, {183, 349893114}) = 0
19:19:25.077742,1023,clock_gettime(CLOCK_MONOTONIC, {183, 362719549}) = 0
19:19:25.078530,1023,clock_gettime(CLOCK_MONOTONIC, {183, 363502024}) = 0
19:19:25.079294,1023,recvfrom(37, 0xbee6c9a8, 24, 64, 0, 0) = -1 EAGAIN (Try again)
19:19:25.079962,1023,ioctl(9, 0xc0186201, 0xbee6d178) = 0
19:19:25.081120,1023,clock_gettime(CLOCK_MONOTONIC, {183, 366071973}) = 0
19:19:25.081829,1023,clock_gettime(CLOCK_MONOTONIC, {183, 366772216}) = 0
19:19:25.083946,1023,clock_gettime(CLOCK_MONOTONIC, {183, 370073087}) = 0
19:19:25.097189,1023,clock_gettime(CLOCK_MONOTONIC, {183, 382181780}) = 0
19:19:25.097960,1023,clock_gettime(CLOCK_MONOTONIC, {183, 382913903}) = 0
19:19:25.098676,1023,write(29, "W", 1) = 1
19:19:25.099570,1023,ioctl(9, 0xc0186201, 0xbee6cf10) = 0
19:19:25.101365,1023,clock_gettime(CLOCK_MONOTONIC, {183, 386322536}) = 0
19:19:25.105297,1023,clock_gettime(CLOCK_MONOTONIC, {183, 390263082}) = 0
19:19:25.105994,1023,ioctl(9, 0xc0186201, 0xbee6d0c8) = 0
19:19:25.107257,1023,getpid() = 1023
19:19:25.107814,1023,getuid32() = 10050
19:19:25.108415,1023,epoll_wait(0x1e, 0xbee6d1f8, 0x10, 0) = 2
19:19:25.108993,1023,read(23, "WW", 16) = 2
19:19:25.109612,1023,recvfrom(37, "nysv\0\0\0\0P\t\230±*\0\0\0@\7\0\0\224Â'¸", 24, MSG_DONTWAIT, NULL, NULL) = 24
19:19:25.110355,1023,recvfrom(37, 0xbee6c828, 24, 64, 0, 0) = -1 EAGAIN (Try again)
19:19:25.133781,1023,clock_gettime(CLOCK_MONOTONIC, {183, 418737648}) = 0
19:19:25.134586,1023,clock_gettime(CLOCK_MONOTONIC, {183, 419531147}) = 0
19:19:25.135244,1023,clock_gettime(CLOCK_MONOTONIC, {183, 420193107}) = 0
19:19:25.135894,1023,clock_gettime(CLOCK_MONOTONIC, {183, 434333434}) = 0
19:19:25.150138,1023,recvfrom(38, 0xb88738b0, 1240, 64, 0, 0) = -1 EAGAIN (Try again)
19:19:25.150782,1023,clock_gettime(CLOCK_MONOTONIC, {183, 435725802}) = 0
19:19:25.151434,1023,clock_gettime(CLOCK_MONOTONIC, {183, 436376264}) = 0
19:19:25.152080,1023,getpid() = 1023
19:19:25.152635,1023,getuid32() = 10050
19:19:25.153289,1023,epoll_wait(0x1e, 0xbee6d1f8, 0x10, 0) = 0
19:19:25.153928,1023,clock_gettime(CLOCK_MONOTONIC, {183, 438869899}) = 0
19:19:25.154588,1023,ioctl(9, 0xc0186201, 0xbee6d328) = 0
19:19:25.155186,1023,epoll_wait(0x1e, 0xbee6d1f8, 0x10, 0x1e) = 0
19:19:25.191444,1023,clock_gettime(CLOCK_MONOTONIC, {183, 476395898}) = 0
19:19:25.192159,1023,clock_gettime(CLOCK_MONOTONIC, {183, 477110195}) = 0
19:19:25.192852,1023,recvfrom(37, 0xbee6c9a8, 24, 64, 0, 0) = -1 EAGAIN (Try again)
19:19:25.193469,1023,ioctl(9, 0xc0186201, 0xbee6d178) = 0
19:19:25.194336,1023,getpid() = 1023
19:19:25.195010,1023,getuid32() = 10050
19:19:25.195608,1023,epoll_wait(0x1e, 0xbee6d1f8, 0x10, 0) = 0
19:19:25.196183,1023,clock_gettime(CLOCK_MONOTONIC, {183, 481130719}) = 0
19:19:25.196848,1023,epoll_wait(0x1e, 0xbee6d1f8, 0x10, 0xffffffff) = 1
19:19:25.204321,1023,recvfrom(37, "nysv\0\0\0\0|Úu¸*\0\0\0B\7\0\0\224Â'¸", 24, MSG_DONTWAIT, NULL, NULL) = 24
19:19:25.205095,1023,recvfrom(37, 0xbee6c828, 24, 64, 0, 0) = -1 EAGAIN (Try again)
19:19:25.234596,1023,clock_gettime(CLOCK_MONOTONIC, {183, 519646858}) = 0
19:19:25.235408,1023,write(29, "W", 1) = 1
19:19:25.236112,1023,clock_gettime(CLOCK_MONOTONIC, {183, 521064489}) = 0
19:19:25.236776,1023,clock_gettime(CLOCK_MONOTONIC, {183, 521718711}) = 0
19:19:25.237424,1023,clock_gettime(CLOCK_MONOTONIC, {183, 522367242}) = 0
19:19:25.238067,1023,clock_gettime(CLOCK_MONOTONIC, {183, 523015330}) = 0
19:19:25.238966,1023,clock_gettime(CLOCK_MONOTONIC, {183, 523909549}) = 0
19:19:25.239636,1023,clock_gettime(CLOCK_MONOTONIC, {183, 524578310}) = 0
19:19:25.240307,1023,recvfrom(37, 0xbee6c9a8, 24, 64, 0, 0) = -1 EAGAIN (Try again)
19:19:25.240912,1023,ioctl(9, 0xc0186201, 0xbee6d178) = 0
19:19:25.241767,1023,clock_gettime(CLOCK_MONOTONIC, {183, 526777109}) = 0
19:19:25.242578,1023,clock_gettime(CLOCK_MONOTONIC, {183, 527523394}) = 0
19:19:25.243230,1023,clock_gettime(CLOCK_MONOTONIC, {183, 528183640}) = 0
19:19:25.246360,1023,clock_gettime(CLOCK_MONOTONIC, {183, 531429220}) = 0
19:19:25.247340,1023,clock_gettime(CLOCK_MONOTONIC, {183, 532296550}) = 0
19:19:25.248051,1023,write(29, "W", 1) = 1
19:19:25.248920,1023,ioctl(9, 0xc0186201, 0xbee6cf10) = 0
19:19:25.249810,1023,ioctl(9, 0xc0186201, 0xbee6cf10) = 0
19:19:25.251233,1023,clock_gettime(CLOCK_MONOTONIC, {183, 536193059}) = 0
19:19:25.254864,1023,clock_gettime(CLOCK_MONOTONIC, {183, 539821994}) = 0
19:19:25.255564,1023,ioctl(9, 0xc0186201, 0xbee6d0c8) = 0
19:19:25.256484,1023,ioctl(9, 0xc0186201, 0xbee6d0c8) = 0
19:19:25.257213,1023,getpid() = 1023
19:19:25.257797,1023,getuid32() = 10050
19:19:25.258417,1023,epoll_wait(0x1e, 0xbee6d1f8, 0x10, 0) = 2
19:19:25.259019,1023,read(23, "WW", 16) = 2
19:19:25.259662,1023,recvfrom(37, "nysv\0\0\0\0ôú4»*\0\0\0C\7\0\0\224Â'¸", 24, MSG_DONTWAIT, NULL, NULL) = 24
19:19:25.260439,1023,recvfrom(37, 0xbee6c828, 24, 64, 0, 0) = -1 EAGAIN (Try again)
19:19:25.261083,1023,clock_gettime(CLOCK_MONOTONIC, {183, 546038589}) = 0
19:19:25.268951,1023,clock_gettime(CLOCK_MONOTONIC, {183, 554046554}) = 0
19:19:25.269907,1023,clock_gettime(CLOCK_MONOTONIC, {183, 554854467}) = 0
19:19:25.270570,1023,clock_gettime(CLOCK_MONOTONIC, {183, 555512980}) = 0
19:19:25.271239,1023,recvfrom(38, 0xb88738b0, 1240, 64, 0, 0) = -1 EAGAIN (Try again)
19:19:25.272013,1023,clock_gettime(CLOCK_MONOTONIC, {183, 557027966}) = 0
19:19:25.272795,1023,clock_gettime(CLOCK_MONOTONIC, {183, 557772249}) = 0
19:19:25.273525,1023,getpid() = 1023
19:19:25.274076,1023,getuid32() = 10050
19:19:25.274672,1023,epoll_wait(0x1e, 0xbee6d1f8, 0x10, 0) = 0
19:19:25.275263,1023,clock_gettime(CLOCK_MONOTONIC, {183, 560203855}) = 0
19:19:25.275911,1023,ioctl(9, 0xc0186201, 0xbee6d328) = 0
19:19:25.276516,1023,epoll_wait(0x1e, 0xbee6d1f8, 0x10, 0x3c) = 0
19:19:25.349744,1023,clock_gettime(CLOCK_MONOTONIC, {183, 634721064}) = 0
19:19:25.350478,1023,clock_gettime(CLOCK_MONOTONIC, {183, 635430007}) = 0
19:19:25.351183,1023,recvfrom(37, 0xbee6c9a8, 24, 64, 0, 0) = -1 EAGAIN (Try again)
19:19:25.351831,1023,ioctl(9, 0xc0186201, 0xbee6d178) = 0
19:19:25.352764,1023,getpid() = 1023
19:19:25.353478,1023,getuid32() = 10050
19:19:25.354105,1023,epoll_wait(0x1e, 0xbee6d1f8, 0x10, 0) = 0
19:19:25.354715,1023,clock_gettime(CLOCK_MONOTONIC, {183, 639665759}) = 0
19:19:25.355414,1023,epoll_wait(0x1e, 0xbee6d1f8, 0x10, 0xffffffff) = 1
19:19:25.359230,1023,recvfrom(37, "nysv\0\0\0\0\0264ØÁ*\0\0\0E\7\0\0\224Â'¸", 24, MSG_DONTWAIT, NULL, NULL) = 24
19:19:25.359992,1023,recvfrom(37, 0xbee6c828, 24, 64, 0, 0) = -1 EAGAIN (Try again)
19:19:25.360628,1023,clock_gettime(CLOCK_MONOTONIC, {183, 645570964}) = 0
19:19:25.361462,1023,write(29, "W", 1) = 1
19:19:25.362238,1023,clock_gettime(CLOCK_MONOTONIC, {183, 647187920}) = 0
19:19:25.362897,1023,clock_gettime(CLOCK_MONOTONIC, {183, 647840122}) = 0
19:19:25.363546,1023,clock_gettime(CLOCK_MONOTONIC, {183, 648488712}) = 0
19:19:25.364190,1023,clock_gettime(CLOCK_MONOTONIC, {183, 649137277}) = 0
19:19:25.365092,1023,clock_gettime(CLOCK_MONOTONIC, {183, 650041235}) = 0
19:19:25.365759,1023,clock_gettime(CLOCK_MONOTONIC, {183, 650701037}) = 0
19:19:25.366429,1023,recvfrom(37, 0xbee6c9a8, 24, 64, 0, 0) = -1 EAGAIN (Try again)
19:19:25.367028,1023,ioctl(9, 0xc0186201, 0xbee6d178) = 0
19:19:25.367872,1023,clock_gettime(CLOCK_MONOTONIC, {183, 652868416}) = 0
19:19:25.368603,1023,clock_gettime(CLOCK_MONOTONIC, {183, 653545851}) = 0
19:19:25.369257,1023,clock_gettime(CLOCK_MONOTONIC, {183, 654199101}) = 0
19:19:25.369902,1023,clock_gettime(CLOCK_MONOTONIC, {183, 654844089}) = 0
19:19:25.370577,1023,clock_gettime(CLOCK_MONOTONIC, {183, 655519788}) = 0
19:19:25.371243,1023,write(29, "W", 1) = 1
19:19:25.372060,1023,ioctl(9, 0xc0186201, 0xbee6cf10) = 0
19:19:25.372889,1023,ioctl(9, 0xc0186201, 0xbee6cf10) = 0
19:19:25.374211,1023,clock_gettime(CLOCK_MONOTONIC, {183, 659165081}) = 0
19:19:25.402406,1023,clock_gettime(CLOCK_MONOTONIC, {183, 687444256}) = 0
19:19:25.403201,1023,ioctl(9, 0xc0186201, 0xbee6d0c8) = 0
19:19:25.403994,1023,ioctl(9, 0xc0186201, 0xbee6d0c8) = 0
19:19:25.404998,1023,getpid() = 1023
19:19:25.405558,1023,getuid32() = 10050
19:19:25.406155,1023,epoll_wait(0x1e, 0xbee6d1f8, 0x10, 0) = 2
19:19:25.406739,1023,read(23, "WW", 16) = 2
19:19:25.407383,1023,recvfrom(37, "nysv\0\0\0\0*dMÂ*\0\0\0F\7\0\0\224Â'¸", 24, MSG_DONTWAIT, NULL, NULL) = 24
19:19:25.408118,1023,recvfrom(37, 0xbee6c828, 24, 64, 0, 0) = -1 EAGAIN (Try again)
19:19:25.408745,1023,clock_gettime(CLOCK_MONOTONIC, {183, 693687681}) = 0
19:19:25.409468,1023,clock_gettime(CLOCK_MONOTONIC, {183, 694410960}) = 0
19:19:25.410120,1023,clock_gettime(CLOCK_MONOTONIC, {183, 695068246}) = 0
19:19:25.421526,1023,clock_gettime(CLOCK_MONOTONIC, {183, 706474142}) = 0
19:19:25.422205,1023,recvfrom(38, 0xb88738b0, 1240, 64, 0, 0) = -1 EAGAIN (Try again)
19:19:25.422829,1023,clock_gettime(CLOCK_MONOTONIC, {183, 707771796}) = 0
19:19:25.423480,1023,clock_gettime(CLOCK_MONOTONIC, {183, 708422199}) = 0
19:19:25.424182,1023,getpid() = 1023
19:19:25.424737,1023,getuid32() = 10050
19:19:25.425373,1023,epoll_wait(0x1e, 0xbee6d1f8, 0x10, 0) = 0
19:19:25.425961,1023,clock_gettime(CLOCK_MONOTONIC, {183, 710901883}) = 0
19:19:25.426617,1023,ioctl(9, 0xc0186201, 0xbee6d328) = 0
19:19:25.445560,1023,epoll_wait(0x1e, 0xbee6d1f8, 0x10, 0x21) = 0
19:19:25.482073,1023,clock_gettime(CLOCK_MONOTONIC, {183, 767051876}) = 0
19:19:25.482797,1023,clock_gettime(CLOCK_MONOTONIC, {183, 767750957}) = 0
19:19:25.483506,1023,recvfrom(37, 0xbee6c9a8, 24, 64, 0, 0) = -1 EAGAIN (Try again)
19:19:25.484138,1023,ioctl(9, 0xc0186201, 0xbee6d178) = 0
19:19:25.485036,1023,getpid() = 1023
19:19:25.485747,1023,getuid32() = 10050
19:19:25.502583,1023,epoll_wait(0x1e, 0xbee6d1f8, 0x10, 0) = 1
19:19:25.503391,1023,recvfrom(37, "nysv\0\0\0\0je É*\0\0\0H\7\0\0\224Â'¸", 24, MSG_DONTWAIT, NULL, NULL) = 24
19:19:25.504579,1023,recvfrom(37, 0xbee6c828, 24, 64, 0, 0) = -1 EAGAIN (Try again)
19:19:25.505242,1023,clock_gettime(CLOCK_MONOTONIC, {183, 790199251}) = 0
19:19:25.506010,1023,clock_gettime(CLOCK_MONOTONIC, {183, 790961826}) = 0
19:19:25.506700,1023,clock_gettime(CLOCK_MONOTONIC, {183, 791652605}) = 0
19:19:25.507379,1023,clock_gettime(CLOCK_MONOTONIC, {183, 792329754}) = 0
19:19:25.508051,1023,clock_gettime(CLOCK_MONOTONIC, {183, 793001212}) = 0
19:19:25.508992,1023,clock_gettime(CLOCK_MONOTONIC, {183, 793942914}) = 0
19:19:25.509689,1023,clock_gettime(CLOCK_MONOTONIC, {183, 794640412}) = 0
19:19:25.510392,1023,recvfrom(37, 0xbee6c9a8, 24, 64, 0, 0) = -1 EAGAIN (Try again)
19:19:25.511018,1023,ioctl(9, 0xc0186201, 0xbee6d178) = 0
19:19:25.511919,1023,clock_gettime(CLOCK_MONOTONIC, {183, 796927898}) = 0
19:19:25.512685,1023,clock_gettime(CLOCK_MONOTONIC, {183, 805047769}) = 0
19:19:25.520850,1023,clock_gettime(CLOCK_MONOTONIC, {183, 805798342}) = 0
19:19:25.521518,1023,clock_gettime(CLOCK_MONOTONIC, {183, 806461025}) = 0
19:19:25.522193,1023,clock_gettime(CLOCK_MONOTONIC, {183, 807142356}) = 0
19:19:25.522870,1023,write(29, "W", 1) = 1
19:19:25.523717,1023,ioctl(9, 0xc0186201, 0xbee6cf10) = 0
19:19:25.524571,1023,ioctl(9, 0xc0186201, 0xbee6cf10) = 0
19:19:25.525920,1023,clock_gettime(CLOCK_MONOTONIC, {183, 810867410}) = 0
19:19:25.529403,1023,clock_gettime(CLOCK_MONOTONIC, {183, 814352430}) = 0
19:19:25.530066,1023,ioctl(9, 0xc0186201, 0xbee6d0c8) = 0
19:19:25.547310,1023,ioctl(9, 0xc0186201, 0xbee6d0c8) = 0
19:19:25.548813,1023,getpid() = 1023
19:19:25.550701,1023,getuid32() = 10050
19:19:25.551307,1023,epoll_wait(0x1e, 0xbee6d1f8, 0x10, 0) = 2
19:19:25.551882,1023,read(23, "W", 16) = 1
19:19:25.552496,1023,recvfrom(37, "nysv\0\0\0\0\234]ÅÊ*\0\0\0I\7\0\0\224Â'¸", 24, MSG_DONTWAIT, NULL, NULL) = 24
19:19:25.553425,1023,recvfrom(37, 0xbee6c828, 24, 64, 0, 0) = -1 EAGAIN (Try again)
19:19:25.554108,1023,clock_gettime(CLOCK_MONOTONIC, {183, 839060820}) = 0
19:19:25.554922,1023,clock_gettime(CLOCK_MONOTONIC, {183, 839869352}) = 0
19:19:25.555648,1023,clock_gettime(CLOCK_MONOTONIC, {183, 840755216}) = 0
19:19:25.556494,1023,clock_gettime(CLOCK_MONOTONIC, {183, 841440230}) = 0
19:19:25.557274,1023,recvfrom(38, 0xb88738b0, 1240, 64, 0, 0) = -1 EAGAIN (Try again)
19:19:25.558035,1023,clock_gettime(CLOCK_MONOTONIC, {183, 842981435}) = 0
19:19:25.558831,1023,clock_gettime(CLOCK_MONOTONIC, {183, 843851514}) = 0
19:19:25.559618,1023,getpid() = 1023
19:19:25.560177,1023,getuid32() = 10050
19:19:25.560826,1023,epoll_wait(0x1e, 0xbee6d1f8, 0x10, 0) = 0
19:19:25.561430,1023,clock_gettime(CLOCK_MONOTONIC, {183, 846729451}) = 0
19:19:25.562456,1023,ioctl(9, 0xc0186201, 0xbee6d328) = 0
19:19:25.563181,1023,epoll_wait(0x1e, 0xbee6d1f8, 0x10, 0x32) = 0
19:19:25.614673,1023,clock_gettime(CLOCK_MONOTONIC, {183, 899641860}) = 0
19:19:25.615419,1023,clock_gettime(CLOCK_MONOTONIC, {183, 900364555}) = 0
19:19:25.616094,1023,recvfrom(37, 0xbee6c9a8, 24, 64, 0, 0) = -1 EAGAIN (Try again)
19:19:25.616713,1023,ioctl(9, 0xc0186201, 0xbee6d178) = 0
19:19:25.636322,1023,getpid() = 1023
19:19:25.636932,1023,getuid32() = 10050
19:19:25.637548,1023,epoll_wait(0x1e, 0xbee6d1f8, 0x10, 0) = 1
19:19:25.638178,1023,recvfrom(37, "nysv\0\0\0\0È.£Ñ*\0\0\0K\7\0\0\224Â'¸", 24, MSG_DONTWAIT, NULL, NULL) = 24
19:19:25.638926,1023,recvfrom(37, 0xbee6c828, 24, 64, 0, 0) = -1 EAGAIN (Try again)
19:19:25.639558,1023,clock_gettime(CLOCK_MONOTONIC, {183, 924567234}) = 0
19:19:25.640370,1023,clock_gettime(CLOCK_MONOTONIC, {183, 925358512}) = 0
19:19:25.641102,1023,clock_gettime(CLOCK_MONOTONIC, {183, 926052549}) = 0
19:19:25.641772,1023,clock_gettime(CLOCK_MONOTONIC, {183, 926713477}) = 0
19:19:25.642419,1023,clock_gettime(CLOCK_MONOTONIC, {183, 927361284}) = 0
19:19:25.643324,1023,clock_gettime(CLOCK_MONOTONIC, {183, 928266513}) = 0
19:19:25.643984,1023,clock_gettime(CLOCK_MONOTONIC, {183, 928926504}) = 0
19:19:25.644654,1023,recvfrom(37, 0xbee6c9a8, 24, 64, 0, 0) = -1 EAGAIN (Try again)
19:19:25.645259,1023,ioctl(9, 0xc0186201, 0xbee6d178) = 0
19:19:25.646281,1023,clock_gettime(CLOCK_MONOTONIC, {183, 931226271}) = 0
19:19:25.646953,1023,clock_gettime(CLOCK_MONOTONIC, {183, 931896032}) = 0
19:19:25.647607,1023,clock_gettime(CLOCK_MONOTONIC, {183, 932549998}) = 0
19:19:25.648260,1023,clock_gettime(CLOCK_MONOTONIC, {183, 933201711}) = 0
19:19:25.648928,1023,clock_gettime(CLOCK_MONOTONIC, {183, 933869357}) = 0
19:19:25.649599,1023,write(29, "W", 1) = 1
19:19:25.650432,1023,ioctl(9, 0xc0186201, 0xbee6cf10) = 0
19:19:25.652093,1023,clock_gettime(CLOCK_MONOTONIC, {183, 937047746}) = 0
19:19:25.655605,1023,clock_gettime(CLOCK_MONOTONIC, {183, 941306069}) = 0
19:19:25.687657,1023,ioctl(9, 0xc0186201, 0xbee6d0c8) = 0
19:19:25.688619,1023,ioctl(9, 0xc0186201, 0xbee6d0c8) = 0
19:19:25.689793,1023,getpid() = 1023
19:19:25.690382,1023,getuid32() = 10050
19:19:25.691005,1023,epoll_wait(0x1e, 0xbee6d1f8, 0x10, 0) = 2
19:19:25.691614,1023,read(23, "W", 16) = 1
19:19:25.692259,1023,recvfrom(37, "nysv\0\0\0\0\16W=Ó*\0\0\0L\7\0\0\224Â'¸", 24, MSG_DONTWAIT, NULL, NULL) = 24
19:19:25.693029,1023,recvfrom(37, 0xbee6c828, 24, 64, 0, 0) = -1 EAGAIN (Try again)
19:19:25.693710,1023,clock_gettime(CLOCK_MONOTONIC, {183, 978663443}) = 0
19:19:25.694465,1023,clock_gettime(CLOCK_MONOTONIC, {183, 979416707}) = 0
19:19:25.695147,1023,clock_gettime(CLOCK_MONOTONIC, {183, 980104147}) = 0
19:19:25.695825,1023,clock_gettime(CLOCK_MONOTONIC, {183, 980774721}) = 0
19:19:25.696522,1023,recvfrom(38, 0xb88738b0, 1240, 64, 0, 0) = -1 EAGAIN (Try again)
19:19:25.697161,1023,clock_gettime(CLOCK_MONOTONIC, {183, 982117206}) = 0
19:19:25.697838,1023,clock_gettime(CLOCK_MONOTONIC, {183, 982787948}) = 0
19:19:25.698514,1023,getpid() = 1023
19:19:25.699085,1023,getuid32() = 10050
19:19:25.699697,1023,epoll_wait(0x1e, 0xbee6d1f8, 0x10, 0) = 0
19:19:25.700311,1023,clock_gettime(CLOCK_MONOTONIC, {183, 985261603}) = 0
19:19:25.701270,1023,ioctl(9, 0xc0186201, 0xbee6d328) = 0
19:19:25.706134,1023,epoll_wait(0x1e, 0xbee6d1f8, 0x10, 0x25) = 0
19:19:25.745218,1023,clock_gettime(CLOCK_MONOTONIC, {184, 30189546}) = 0
19:19:25.745914,1023,clock_gettime(CLOCK_MONOTONIC, {184, 30858854}) = 0
19:19:25.746592,1023,recvfrom(37, 0xbee6c9a8, 24, 64, 0, 0) = -1 EAGAIN (Try again)
19:19:25.747198,1023,ioctl(9, 0xc0186201, 0xbee6d178) = 0
19:19:25.748136,1023,getpid() = 1023
19:19:25.748843,1023,getuid32() = 10050
19:19:25.749445,1023,epoll_wait(0x1e, 0xbee6d1f8, 0x10, 0) = 0
19:19:25.750023,1023,clock_gettime(CLOCK_MONOTONIC, {184, 34964408}) = 0
19:19:25.750684,1023,epoll_wait(0x1e, 0xbee6d1f8, 0x10, 0xffffffff) = 1
19:19:25.752343,1023,recvfrom(37, "nysv\0\0\0\0\34`kÙ*\0\0\0N\7\0\0\224Â'¸", 24, MSG_DONTWAIT, NULL, NULL) = 24
19:19:25.753124,1023,recvfrom(37, 0xbee6c828, 24, 64, 0, 0) = -1 EAGAIN (Try again)
19:19:25.753783,1023,clock_gettime(CLOCK_MONOTONIC, {184, 38734094}) = 0
19:19:25.754506,1023,write(29, "W", 1) = 1
19:19:25.755232,1023,clock_gettime(CLOCK_MONOTONIC, {184, 40189618}) = 0
19:19:25.755918,1023,clock_gettime(CLOCK_MONOTONIC, {184, 40868408}) = 0
19:19:25.756591,1023,clock_gettime(CLOCK_MONOTONIC, {184, 41540372}) = 0
19:19:25.757263,1023,clock_gettime(CLOCK_MONOTONIC, {184, 42213351}) = 0
19:19:25.758200,1023,clock_gettime(CLOCK_MONOTONIC, {184, 43157128}) = 0
19:19:25.758896,1023,clock_gettime(CLOCK_MONOTONIC, {184, 43846576}) = 0
19:19:25.759591,1023,recvfrom(37, 0xbee6c9a8, 24, 64, 0, 0) = -1 EAGAIN (Try again)
19:19:25.760213,1023,ioctl(9, 0xc0186201, 0xbee6d178) = 0
19:19:25.761085,1023,clock_gettime(CLOCK_MONOTONIC, {184, 46598894}) = 0
19:19:25.784468,1023,clock_gettime(CLOCK_MONOTONIC, {184, 69431213}) = 0
19:19:25.785144,1023,clock_gettime(CLOCK_MONOTONIC, {184, 70095580}) = 0
19:19:25.785801,1023,clock_gettime(CLOCK_MONOTONIC, {184, 70743371}) = 0
19:19:25.795896,1023,clock_gettime(CLOCK_MONOTONIC, {184, 80859100}) = 0
19:19:25.796625,1023,write(29, "W", 1) = 1
19:19:25.797476,1023,ioctl(9, 0xc0186201, 0xbee6cf10) = 0
19:19:25.798349,1023,ioctl(9, 0xc0186201, 0xbee6cf10) = 0
19:19:25.799694,1023,clock_gettime(CLOCK_MONOTONIC, {184, 84642075}) = 0
19:19:25.803015,1023,clock_gettime(CLOCK_MONOTONIC, {184, 87962789}) = 0
19:19:25.803679,1023,ioctl(9, 0xc0186201, 0xbee6d0c8) = 0
19:19:25.804557,1023,ioctl(9, 0xc0186201, 0xbee6d0c8) = 0
19:19:25.805325,1023,getpid() = 1023
19:19:25.805877,1023,getuid32() = 10050
19:19:25.806473,1023,epoll_wait(0x1e, 0xbee6d1f8, 0x10, 0) = 2
19:19:25.807049,1023,read(23, "WW", 16) = 2
19:19:25.807665,1023,recvfrom(37, "nysv\0\0\0\0&ø¥Ù*\0\0\0O\7\0\0\224Â'¸", 24, MSG_DONTWAIT, NULL, NULL) = 24
19:19:25.808406,1023,recvfrom(37, 0xbee6c828, 24, 64, 0, 0) = -1 EAGAIN (Try again)
19:19:25.809022,1023,clock_gettime(CLOCK_MONOTONIC, {184, 93962402}) = 0
19:19:25.809726,1023,clock_gettime(CLOCK_MONOTONIC, {184, 94668952}) = 0
19:19:25.810379,1023,clock_gettime(CLOCK_MONOTONIC, {184, 95320838}) = 0
19:19:25.811016,1023,clock_gettime(CLOCK_MONOTONIC, {184, 95957573}) = 0
19:19:25.811681,1023,recvfrom(38, 0xb88738b0, 1240, 64, 0, 0) = -1 EAGAIN (Try again)
19:19:25.822449,1023,clock_gettime(CLOCK_MONOTONIC, {184, 107508950}) = 0
19:19:25.823231,1023,clock_gettime(CLOCK_MONOTONIC, {184, 108194589}) = 0
19:19:25.823925,1023,getpid() = 1023
19:19:25.824580,1023,getuid32() = 10050
19:19:25.825192,1023,epoll_wait(0x1e, 0xbee6d1f8, 0x10, 0) = 0
19:19:25.847797,1023,clock_gettime(CLOCK_MONOTONIC, {184, 132752741}) = 0
19:19:25.848528,1023,ioctl(9, 0xc0186201, 0xbee6d328) = 0
19:19:25.849137,1023,epoll_wait(0x1e, 0xbee6d1f8, 0x10, 0x1b) = 0
19:19:25.881031,1023,clock_gettime(CLOCK_MONOTONIC, {184, 166005230}) = 0
19:19:25.881751,1023,clock_gettime(CLOCK_MONOTONIC, {184, 166704065}) = 0
19:19:25.882460,1023,recvfrom(37, 0xbee6c9a8, 24, 64, 0, 0) = -1 EAGAIN (Try again)
19:19:25.883099,1023,ioctl(9, 0xc0186201, 0xbee6d178) = 0
19:19:25.884031,1023,getpid() = 1023
19:19:25.884744,1023,getuid32() = 10050
19:19:25.885374,1023,epoll_wait(0x1e, 0xbee6d1f8, 0x10, 0) = 0
19:19:25.885979,1023,clock_gettime(CLOCK_MONOTONIC, {184, 170929064}) = 0
19:19:25.886674,1023,epoll_wait(0x1e, 0xbee6d1f8, 0x10, 0xffffffff) = 1
19:19:25.894984,1023,recvfrom(37, "nysv\0\0\0\0z)ná*\0\0\0Q\7\0\0\224Â'¸", 24, MSG_DONTWAIT, NULL, NULL) = 24
19:19:25.895888,1023,recvfrom(37, 0xbee6c828, 24, 64, 0, 0) = -1 EAGAIN (Try again)
19:19:25.896611,1023,clock_gettime(CLOCK_MONOTONIC, {184, 181587439}) = 0
19:19:25.897356,1023,write(29, "W", 1) = 1
19:19:25.898077,1023,clock_gettime(CLOCK_MONOTONIC, {184, 183035778}) = 0
19:19:25.898761,1023,clock_gettime(CLOCK_MONOTONIC, {184, 183708193}) = 0
19:19:25.899427,1023,clock_gettime(CLOCK_MONOTONIC, {184, 184375131}) = 0
19:19:25.900087,1023,clock_gettime(CLOCK_MONOTONIC, {184, 185041919}) = 0
19:19:25.901017,1023,clock_gettime(CLOCK_MONOTONIC, {184, 185965811}) = 0
19:19:25.901705,1023,clock_gettime(CLOCK_MONOTONIC, {184, 186653313}) = 0
19:19:25.902397,1023,recvfrom(37, 0xbee6c9a8, 24, 64, 0, 0) = -1 EAGAIN (Try again)
19:19:25.903013,1023,ioctl(9, 0xc0186201, 0xbee6d178) = 0
19:19:25.903902,1023,clock_gettime(CLOCK_MONOTONIC, {184, 188907621}) = 0
19:19:25.904658,1023,clock_gettime(CLOCK_MONOTONIC, {184, 189600851}) = 0
19:19:25.905352,1023,clock_gettime(CLOCK_MONOTONIC, {184, 190293888}) = 0
19:19:25.905996,1023,clock_gettime(CLOCK_MONOTONIC, {184, 190937486}) = 0
19:19:25.906669,1023,clock_gettime(CLOCK_MONOTONIC, {184, 191611099}) = 0
19:19:25.907340,1023,write(29, "W", 1) = 1
19:19:25.908153,1023,ioctl(9, 0xc0186201, 0xbee6cf10) = 0
19:19:25.909507,1023,ioctl(9, 0xc0186201, 0xbee6cf10) = 0
19:19:25.911165,1023,clock_gettime(CLOCK_MONOTONIC, {184, 196120712}) = 0
19:19:25.914911,1023,clock_gettime(CLOCK_MONOTONIC, {184, 199955380}) = 0
19:19:25.915735,1023,ioctl(9, 0xc0186201, 0xbee6d0c8) = 0
19:19:25.916629,1023,ioctl(9, 0xc0186201, 0xbee6d0c8) = 0
19:19:25.917337,1023,getpid() = 1023
19:19:25.917889,1023,getuid32() = 10050
19:19:25.918488,1023,epoll_wait(0x1e, 0xbee6d1f8, 0x10, 0) = 2
19:19:25.919063,1023,read(23, "WW", 16) = 2
19:19:25.919681,1023,recvfrom(37, "nysv\0\0\0\0\230ñ\35â*\0\0\0R\7\0\0\224Â'¸", 24, MSG_DONTWAIT, NULL, NULL) = 24
19:19:25.920424,1023,recvfrom(37, 0xbee6c828, 24, 64, 0, 0) = -1 EAGAIN (Try again)
19:19:25.921039,1023,clock_gettime(CLOCK_MONOTONIC, {184, 205982037}) = 0
19:19:25.921749,1023,clock_gettime(CLOCK_MONOTONIC, {184, 206692017}) = 0
19:19:25.922405,1023,clock_gettime(CLOCK_MONOTONIC, {184, 207347543}) = 0
19:19:25.923044,1023,clock_gettime(CLOCK_MONOTONIC, {184, 207985878}) = 0
19:19:25.923830,1023,recvfrom(38, 0xb88738b0, 1240, 64, 0, 0) = -1 EAGAIN (Try again)
19:19:25.924448,1023,clock_gettime(CLOCK_MONOTONIC, {184, 209375546}) = 0
19:19:25.925040,1023,clock_gettime(CLOCK_MONOTONIC, {184, 209966731}) = 0
19:19:25.925686,1023,getpid() = 1023
19:19:25.926189,1023,getuid32() = 10050
19:19:25.966667,1023,epoll_wait(0x1e, 0xbee6d1f8, 0x10, 0) = 0
19:19:25.967288,1023,clock_gettime(CLOCK_MONOTONIC, {184, 252240337}) = 0
19:19:25.967943,1023,ioctl(9, 0xc0186201, 0xbee6d328) = 0
19:19:25.968594,1023,epoll_wait(0x1e, 0xbee6d1f8, 0x10, 0x1b) = 0
19:19:25.999037,1023,clock_gettime(CLOCK_MONOTONIC, {184, 283987914}) = 0
19:19:25.999749,1023,clock_gettime(CLOCK_MONOTONIC, {184, 284686429}) = 0
19:19:26.000512,1023,recvfrom(37, 0xbee6c9a8, 24, 64, 0, 0) = -1 EAGAIN (Try again)
19:19:26.001096,1023,ioctl(9, 0xc0186201, 0xbee6d178) = 0
19:19:26.002005,1023,getpid() = 1023
19:19:26.002712,1023,getuid32() = 10050
19:19:26.003322,1023,epoll_wait(0x1e, 0xbee6d1f8, 0x10, 0) = 0
19:19:26.003890,1023,clock_gettime(CLOCK_MONOTONIC, {184, 288820916}) = 0
19:19:26.004638,1023,epoll_wait(0x1e, 0xbee6d1f8, 0x10, 0xffffffff) = 1
19:19:26.007816,1023,recvfrom(37, "nysv\0\0\0\0°\222\206è*\0\0\0T\7\0\0\224Â'¸", 24, MSG_DONTWAIT, NULL, NULL) = 24
19:19:26.008603,1023,recvfrom(37, 0xbee6c828, 24, 64, 0, 0) = -1 EAGAIN (Try again)
19:19:26.009224,1023,clock_gettime(CLOCK_MONOTONIC, {184, 294187576}) = 0
19:19:26.009874,1023,write(29, "W", 1) = 1
19:19:26.010607,1023,clock_gettime(CLOCK_MONOTONIC, {184, 295535451}) = 0
19:19:26.011208,1023,clock_gettime(CLOCK_MONOTONIC, {184, 296173866}) = 0
19:19:26.011835,1023,clock_gettime(CLOCK_MONOTONIC, {184, 296761302}) = 0
19:19:26.012463,1023,clock_gettime(CLOCK_MONOTONIC, {184, 297388442}) = 0
19:19:26.013328,1023,clock_gettime(CLOCK_MONOTONIC, {184, 298254931}) = 0
19:19:26.013961,1023,clock_gettime(CLOCK_MONOTONIC, {184, 298887969}) = 0
19:19:26.014850,1023,recvfrom(37, 0xbee6c9a8, 24, 64, 0, 0) = -1 EAGAIN (Try again)
19:19:26.015460,1023,ioctl(9, 0xc0186201, 0xbee6d178) = 0
19:19:26.016232,1023,clock_gettime(CLOCK_MONOTONIC, {184, 301247724}) = 0
19:19:26.027611,1023,clock_gettime(CLOCK_MONOTONIC, {184, 312594281}) = 0
19:19:26.028400,1023,clock_gettime(CLOCK_MONOTONIC, {184, 313343558}) = 0
19:19:26.029019,1023,clock_gettime(CLOCK_MONOTONIC, {184, 313945970}) = 0
19:19:26.029699,1023,clock_gettime(CLOCK_MONOTONIC, {184, 314626029}) = 0
19:19:26.030417,1023,write(29, "W", 1) = 1
19:19:26.031310,1023,ioctl(9, 0xc0186201, 0xbee6cf10) = 0
19:19:26.032118,1023,ioctl(9, 0xc0186201, 0xbee6cf10) = 0
19:19:26.035124,1023,clock_gettime(CLOCK_MONOTONIC, {184, 320107382}) = 0
19:19:26.038508,1023,clock_gettime(CLOCK_MONOTONIC, {184, 323441216}) = 0
19:19:26.039123,1023,ioctl(9, 0xc0186201, 0xbee6d0c8) = 0
19:19:26.039894,1023,ioctl(9, 0xc0186201, 0xbee6d0c8) = 0
19:19:26.040846,1023,getpid() = 1023
19:19:26.041394,1023,getuid32() = 10050
19:19:26.041937,1023,epoll_wait(0x1e, 0xbee6d1f8, 0x10, 0) = 2
19:19:26.047534,1023,read(23, "WW", 16) = 2
19:19:26.048490,1023,recvfrom(37, "nysv\0\0\0\0Øòpé*\0\0\0U\7\0\0\224Â'¸", 24, MSG_DONTWAIT, NULL, NULL) = 24
19:19:26.057457,1023,recvfrom(37, 0xbee6c828, 24, 64, 0, 0) = -1 EAGAIN (Try again)
19:19:26.058185,1023,clock_gettime(CLOCK_MONOTONIC, {184, 343170550}) = 0
19:19:26.058922,1023,clock_gettime(CLOCK_MONOTONIC, {184, 343849836}) = 0
19:19:26.060101,1023,clock_gettime(CLOCK_MONOTONIC, {184, 345201731}) = 0
19:19:26.060942,1023,clock_gettime(CLOCK_MONOTONIC, {184, 345900507}) = 0
19:19:26.061711,1023,recvfrom(38, 0xb88738b0, 1240, 64, 0, 0) = -1 EAGAIN (Try again)
19:19:26.062411,1023,clock_gettime(CLOCK_MONOTONIC, {184, 347391426}) = 0
19:19:26.063123,1023,clock_gettime(CLOCK_MONOTONIC, {184, 348103326}) = 0
19:19:26.063772,1023,getpid() = 1023
19:19:26.064342,1023,getuid32() = 10050
19:19:26.064910,1023,epoll_wait(0x1e, 0xbee6d1f8, 0x10, 0) = 0
19:19:26.065530,1023,clock_gettime(CLOCK_MONOTONIC, {184, 350463553}) = 0
19:19:26.066154,1023,ioctl(9, 0xc0186201, 0xbee6d328) = 0
19:19:26.086490,1023,epoll_wait(0x1e, 0xbee6d1f8, 0x10, 0x34) = 0
19:19:26.149943,1023,clock_gettime(CLOCK_MONOTONIC, {184, 434940928}) = 0
19:19:26.150688,1023,clock_gettime(CLOCK_MONOTONIC, {184, 435624983}) = 0
19:19:26.151372,1023,recvfrom(37, 0xbee6c9a8, 24, 64, 0, 0) = -1 EAGAIN (Try again)
19:19:26.151961,1023,ioctl(9, 0xc0186201, 0xbee6d178) = 0
19:19:26.152839,1023,getpid() = 1023
19:19:26.153530,1023,getuid32() = 10050
19:19:26.154159,1023,epoll_wait(0x1e, 0xbee6d1f8, 0x10, 0) = 0
19:19:26.154753,1023,clock_gettime(CLOCK_MONOTONIC, {184, 439686178}) = 0
19:19:26.155475,1023,epoll_wait(0x1e, 0xbee6d1f8, 0x10, 0xffffffff) = 1
19:19:26.163131,1023,recvfrom(37, "nysv\0\0\0\0006¼sñ*\0\0\0W\7\0\0\224Â'¸", 24, MSG_DONTWAIT, NULL, NULL) = 24
19:19:26.163886,1023,recvfrom(37, 0xbee6c828, 24, 64, 0, 0) = -1 EAGAIN (Try again)
19:19:26.164541,1023,clock_gettime(CLOCK_MONOTONIC, {184, 449470624}) = 0
19:19:26.165172,1023,write(29, "W", 1) = 1
19:19:26.165870,1023,clock_gettime(CLOCK_MONOTONIC, {184, 450797363}) = 0
19:19:26.166541,1023,clock_gettime(CLOCK_MONOTONIC, {184, 451468022}) = 0
19:19:26.167130,1023,clock_gettime(CLOCK_MONOTONIC, {184, 452112427}) = 0
19:19:26.167777,1023,clock_gettime(CLOCK_MONOTONIC, {184, 452703411}) = 0
19:19:26.168675,1023,clock_gettime(CLOCK_MONOTONIC, {184, 453602695}) = 0
19:19:26.169372,1023,clock_gettime(CLOCK_MONOTONIC, {184, 454299629}) = 0
19:19:26.169983,1023,recvfrom(37, 0xbee6c9a8, 24, 64, 0, 0) = -1 EAGAIN (Try again)
19:19:26.170609,1023,ioctl(9, 0xc0186201, 0xbee6d178) = 0
19:19:26.171512,1023,clock_gettime(CLOCK_MONOTONIC, {184, 456490938}) = 0
19:19:26.172180,1023,clock_gettime(CLOCK_MONOTONIC, {184, 457165602}) = 0
19:19:26.172833,1023,clock_gettime(CLOCK_MONOTONIC, {184, 457760539}) = 0
19:19:26.173485,1023,clock_gettime(CLOCK_MONOTONIC, {184, 458437953}) = 0
19:19:26.174128,1023,clock_gettime(CLOCK_MONOTONIC, {184, 459111735}) = 0
19:19:26.174797,1023,write(29, "W", 1) = 1
19:19:26.175591,1023,ioctl(9, 0xc0186201, 0xbee6cf10) = 0
19:19:26.176415,1023,ioctl(9, 0xc0186201, 0xbee6cf10) = 0
19:19:26.177691,1023,clock_gettime(CLOCK_MONOTONIC, {184, 462623341}) = 0
19:19:26.218363,1023,clock_gettime(CLOCK_MONOTONIC, {184, 503350750}) = 0
19:19:26.219063,1023,ioctl(9, 0xc0186201, 0xbee6d0c8) = 0
19:19:26.220209,1023,getpid() = 1023
19:19:26.220750,1023,getuid32() = 10050
19:19:26.221359,1023,epoll_wait(0x1e, 0xbee6d1f8, 0x10, 0) = 2
19:19:26.221916,1023,read(23, "WW", 16) = 2
19:19:26.222540,1023,recvfrom(37, "nysv\0\0\0\0Jìèñ*\0\0\0X\7\0\0\224Â'¸", 24, MSG_DONTWAIT, NULL, NULL) = 24
19:19:26.223271,1023,recvfrom(37, 0xbee6c828, 24, 64, 0, 0) = -1 EAGAIN (Try again)
19:19:26.223877,1023,clock_gettime(CLOCK_MONOTONIC, {184, 508811630}) = 0
19:19:26.224594,1023,clock_gettime(CLOCK_MONOTONIC, {184, 509527565}) = 0
19:19:26.225218,1023,clock_gettime(CLOCK_MONOTONIC, {184, 510189080}) = 0
19:19:26.225869,1023,clock_gettime(CLOCK_MONOTONIC, {184, 510803715}) = 0
19:19:26.226542,1023,recvfrom(38, 0xb88738b0, 1240, 64, 0, 0) = -1 EAGAIN (Try again)
19:19:26.227128,1023,clock_gettime(CLOCK_MONOTONIC, {184, 512097729}) = 0
19:19:26.227780,1023,clock_gettime(CLOCK_MONOTONIC, {184, 512714359}) = 0
19:19:26.228433,1023,getpid() = 1023
19:19:26.228956,1023,getuid32() = 10050
19:19:26.229552,1023,epoll_wait(0x1e, 0xbee6d1f8, 0x10, 0) = 0
19:19:26.230109,1023,clock_gettime(CLOCK_MONOTONIC, {184, 515081036}) = 0
19:19:26.253269,1023,ioctl(9, 0xc0186201, 0xbee6d328) = 0
19:19:26.254595,1023,epoll_wait(0x1e, 0xbee6d1f8, 0x10, 0x21 <unfinished ...>
19:19:26.286527,1041,<... select resumed> ) = 0 (Timeout)
19:19:26.286883,1041,sendto(44, "\233\7\1\0\0\1\0\0\0\0\0\0\6client\nmustmobile\3c"..., 39, 0, NULL, 0) = 39
19:19:26.287806,1041,clock_gettime(CLOCK_REALTIME, {1738783166, 287981406}) = 0
19:19:26.288427,1041,clock_gettime(CLOCK_REALTIME, {1738783166, 288598022}) = 0
19:19:26.288984,1041,select(45, [44], NULL, NULL, {4, 999384} <unfinished ...>
19:19:26.299093,1023,<... epoll_wait resumed> ) = 0
19:19:26.306683,1023,clock_gettime(CLOCK_MONOTONIC, {184, 591682094}) = 0
19:19:26.307426,1023,clock_gettime(CLOCK_MONOTONIC, {184, 592355371}) = 0
19:19:26.308046,1023,recvfrom(37, 0xbee6c9a8, 24, 64, 0, 0) = -1 EAGAIN (Try again)
19:19:26.308663,1023,ioctl(9, 0xc0186201, 0xbee6d178) = 0
19:19:26.309944,1023,getpid() = 1023
19:19:26.310620,1023,getuid32() = 10050
19:19:26.311230,1023,epoll_wait(0x1e, 0xbee6d1f8, 0x10, 0) = 0
19:19:26.311805,1023,clock_gettime(CLOCK_MONOTONIC, {184, 596761418}) = 0
19:19:26.312516,1023,epoll_wait(0x1e, 0xbee6d1f8, 0x10, 0xffffffff) = 1
19:19:26.315687,1023,recvfrom(37, "nysv\0\0\0\0Ð\25Öú*\0\0\0Z\7\0\0\224Â'¸", 24, MSG_DONTWAIT, NULL, NULL) = 24
19:19:26.316410,1023,recvfrom(37, 0xbee6c828, 24, 64, 0, 0) = -1 EAGAIN (Try again)
19:19:26.326157,1023,clock_gettime(CLOCK_MONOTONIC, {184, 611147396}) = 0
19:19:26.326943,1023,write(29, "W", 1) = 1
19:19:26.327698,1023,clock_gettime(CLOCK_MONOTONIC, {184, 612628717}) = 0
19:19:26.328361,1023,clock_gettime(CLOCK_MONOTONIC, {184, 613301664}) = 0
19:19:26.329012,1023,clock_gettime(CLOCK_MONOTONIC, {184, 613939464}) = 0
19:19:26.329741,1023,clock_gettime(CLOCK_MONOTONIC, {184, 614720314}) = 0
19:19:26.330823,1023,clock_gettime(CLOCK_MONOTONIC, {184, 615762062}) = 0
19:19:26.331527,1023,clock_gettime(CLOCK_MONOTONIC, {184, 616461526}) = 0
19:19:26.332168,1023,recvfrom(37, 0xbee6c9a8, 24, 64, 0, 0) = -1 EAGAIN (Try again)
19:19:26.332806,1023,ioctl(9, 0xc0186201, 0xbee6d178) = 0
19:19:26.333683,1023,clock_gettime(CLOCK_MONOTONIC, {184, 618684539}) = 0
19:19:26.334869,1023,clock_gettime(CLOCK_MONOTONIC, {184, 619800414}) = 0
19:19:26.335528,1023,clock_gettime(CLOCK_MONOTONIC, {184, 620456252}) = 0
19:19:26.336183,1023,clock_gettime(CLOCK_MONOTONIC, {184, 621181037}) = 0
19:19:26.336872,1023,clock_gettime(CLOCK_MONOTONIC, {184, 621882764}) = 0
19:19:26.348652,1023,write(29, "W", 1) = 1
19:19:26.349540,1023,ioctl(9, 0xc0186201, 0xbee6cf10) = 0
19:19:26.350450,1023,ioctl(9, 0xc0186201, 0xbee6cf10) = 0
19:19:26.351769,1023,clock_gettime(CLOCK_MONOTONIC, {184, 636701688}) = 0
19:19:26.355795,1023,clock_gettime(CLOCK_MONOTONIC, {184, 640741935}) = 0
19:19:26.356470,1023,ioctl(9, 0xc0186201, 0xbee6d0c8) = 0
19:19:26.357282,1023,ioctl(9, 0xc0186201, 0xbee6d0c8) = 0
19:19:26.358293,1023,getpid() = 1023
19:19:26.358818,1023,getuid32() = 10050
19:19:26.359402,1023,epoll_wait(0x1e, 0xbee6d1f8, 0x10, 0) = 2
19:19:26.359934,1023,read(23, "WW", 16) = 2
19:19:26.360536,1023,recvfrom(37, "nysv\0\0\0\0\f¦5ü*\0\0\0[\7\0\0\224Â'¸", 24, MSG_DONTWAIT, NULL, NULL) = 24
19:19:26.361312,1023,recvfrom(37, 0xbee6c828, 24, 64, 0, 0) = -1 EAGAIN (Try again)
19:19:26.361881,1023,clock_gettime(CLOCK_MONOTONIC, <unfinished ...>
19:19:26.370178,1043,<... select resumed> ) = 0 (Timeout)
19:19:26.370677,1023,<... clock_gettime resumed> {184, 655321128}) = 0
19:19:26.371061,1043,sendto(45, "úè\1\0\0\1\0\0\0\0\0\0\6client\nmustmobile\3c"..., 39, 0, NULL, 0 <unfinished ...>
19:19:26.371852,1023,clock_gettime(CLOCK_MONOTONIC, <unfinished ...>
19:19:26.372357,1043,<... sendto resumed> ) = 39
19:19:26.376996,1023,<... clock_gettime resumed> {184, 661626562}) = 0
19:19:26.377469,1043,clock_gettime(CLOCK_REALTIME, <unfinished ...>
19:19:26.377909,1023,clock_gettime(CLOCK_MONOTONIC, <unfinished ...>
19:19:26.378342,1043,<... clock_gettime resumed> {1738783166, 378191699}) = 0
19:19:26.378827,1023,<... clock_gettime resumed> {184, 663473300}) = 0
19:19:26.379203,1043,clock_gettime(CLOCK_REALTIME, <unfinished ...>
19:19:26.379605,1023,clock_gettime(CLOCK_MONOTONIC, <unfinished ...>
19:19:26.379880,1043,<... clock_gettime resumed> {1738783166, 379782564}) = 0
19:19:26.380280,1023,<... clock_gettime resumed> {184, 664901554}) = 0
19:19:26.380668,1043,select(46, [45], NULL, NULL, {4, 998410} <unfinished ...>
19:19:26.381160,1023,recvfrom(38, 0xb88738b0, 1240, 64, 0, 0) = -1 EAGAIN (Try again)
19:19:26.381852,1023,clock_gettime(CLOCK_MONOTONIC, {184, 666789150}) = 0
19:19:26.382514,1023,clock_gettime(CLOCK_MONOTONIC, {184, 667449039}) = 0
19:19:26.383134,1023,getpid() = 1023
19:19:26.383700,1023,getuid32() = 10050
19:19:26.384291,1023,epoll_wait(0x1e, 0xbee6d1f8, 0x10, 0) = 0
19:19:26.384869,1023,clock_gettime(CLOCK_MONOTONIC, {184, 669861029}) = 0
19:19:26.385584,1023,ioctl(9, 0xc0186201, 0xbee6d328) = 0
19:19:26.386163,1023,epoll_wait(0x1e, 0xbee6d1f8, 0x10, 0x29) = 0
19:19:26.428826,1023,clock_gettime(CLOCK_MONOTONIC, {184, 713823213}) = 0
19:19:26.429532,1023,clock_gettime(CLOCK_MONOTONIC, {184, 714461941}) = 0
19:19:26.430174,1023,recvfrom(37, 0xbee6c9a8, 24, 64, 0, 0) = -1 EAGAIN (Try again)
19:19:26.430759,1023,ioctl(9, 0xc0186201, 0xbee6d178) = 0
19:19:26.431596,1023,getpid() = 1023
19:19:26.432223,1023,getuid32() = 10050
19:19:26.432812,1023,epoll_wait(0x1e, 0xbee6d1f8, 0x10, 0) = 0
19:19:26.433385,1023,clock_gettime(CLOCK_MONOTONIC, {184, 718312675}) = 0
19:19:26.433993,1023,epoll_wait(0x1e, 0xbee6d1f8, 0x10, 0xffffffff) = 1
19:19:26.436802,1023,recvfrom(37, "nysv\0\0\0\0\20\27)\2+\0\0\0]\7\0\0\224Â'¸", 24, MSG_DONTWAIT, NULL, NULL) = 24
19:19:26.437543,1023,recvfrom(37, 0xbee6c828, 24, 64, 0, 0) = -1 EAGAIN (Try again)
19:19:26.438267,1023,clock_gettime(CLOCK_MONOTONIC, {184, 723209585}) = 0
19:19:26.438897,1023,write(29, "W", 1) = 1
19:19:26.439634,1023,clock_gettime(CLOCK_MONOTONIC, {184, 724562870}) = 0
19:19:26.440319,1023,clock_gettime(CLOCK_MONOTONIC, {184, 725246446}) = 0
19:19:26.440908,1023,clock_gettime(CLOCK_MONOTONIC, {184, 725834932}) = 0
19:19:26.441536,1023,clock_gettime(CLOCK_MONOTONIC, {184, 726462340}) = 0
19:19:26.442462,1023,clock_gettime(CLOCK_MONOTONIC, {184, 727390406}) = 0
19:19:26.443116,1023,clock_gettime(CLOCK_MONOTONIC, {184, 728082251}) = 0
19:19:26.443766,1023,recvfrom(37, 0xbee6c9a8, 24, 64, 0, 0) = -1 EAGAIN (Try again)
19:19:26.444436,1023,ioctl(9, 0xc0186201, 0xbee6d178) = 0
19:19:26.445200,1023,clock_gettime(CLOCK_MONOTONIC, {184, 730215719}) = 0
19:19:26.445904,1023,clock_gettime(CLOCK_MONOTONIC, {184, 730877488}) = 0
19:19:26.446584,1023,clock_gettime(CLOCK_MONOTONIC, {184, 731511446}) = 0
19:19:26.447177,1023,clock_gettime(CLOCK_MONOTONIC, {184, 732141269}) = 0
19:19:26.447862,1023,clock_gettime(CLOCK_MONOTONIC, {184, 732788867}) = 0
19:19:26.448513,1023,write(29, "W", 1) = 1
19:19:26.449285,1023,ioctl(9, 0xc0186201, 0xbee6cf10) = 0
19:19:26.450051,1023,ioctl(9, 0xc0186201, 0xbee6cf10) = 0
19:19:26.451359,1023,clock_gettime(CLOCK_MONOTONIC, {184, 736292322}) = 0
19:19:26.480143,1023,clock_gettime(CLOCK_MONOTONIC, {184, 765150861}) = 0
19:19:26.480859,1023,ioctl(9, 0xc0186201, 0xbee6d0c8) = 0
19:19:26.482093,1023,getpid() = 1023
19:19:26.482646,1023,getuid32() = 10050
19:19:26.483194,1023,epoll_wait(0x1e, 0xbee6d1f8, 0x10, 0) = 2
19:19:26.483766,1023,read(23, "WW", 16) = 2
19:19:26.484430,1023,recvfrom(37, "nysv\0\0\0\0B\17N\3+\0\0\0^\7\0\0\224Â'¸", 24, MSG_DONTWAIT, NULL, NULL) = 24
19:19:26.485109,1023,recvfrom(37, 0xbee6c828, 24, 64, 0, 0) = -1 EAGAIN (Try again)
19:19:26.485734,1023,clock_gettime(CLOCK_MONOTONIC, {184, 770661531}) = 0
19:19:26.500228,1023,clock_gettime(CLOCK_MONOTONIC, {184, 793289335}) = 0
19:19:26.509095,1023,clock_gettime(CLOCK_MONOTONIC, {184, 794075243}) = 0
19:19:26.509760,1023,clock_gettime(CLOCK_MONOTONIC, {184, 794693498}) = 0
19:19:26.510542,1023,recvfrom(38, 0xb88738b0, 1240, 64, 0, 0) = -1 EAGAIN (Try again)
19:19:26.511116,1023,clock_gettime(CLOCK_MONOTONIC, {184, 796082840}) = 0
19:19:26.511747,1023,clock_gettime(CLOCK_MONOTONIC, {184, 796673901}) = 0
19:19:26.512437,1023,getpid() = 1023
19:19:26.512941,1023,getuid32() = 10050
19:19:26.513522,1023,epoll_wait(0x1e, 0xbee6d1f8, 0x10, 0) = 0
19:19:26.514061,1023,clock_gettime(CLOCK_MONOTONIC, {184, 798987727}) = 0
19:19:26.514697,1023,ioctl(9, 0xc0186201, 0xbee6d328) = 0
19:19:26.515285,1023,epoll_wait(0x1e, 0xbee6d1f8, 0x10, 0x17) = 0
19:19:26.540673,1023,clock_gettime(CLOCK_MONOTONIC, {184, 825630432}) = 0
19:19:26.541401,1023,clock_gettime(CLOCK_MONOTONIC, {184, 826406310}) = 0
19:19:26.542103,1023,recvfrom(37, 0xbee6c9a8, 24, 64, 0, 0) = -1 EAGAIN (Try again)
19:19:26.542724,1023,ioctl(9, 0xc0186201, 0xbee6d178) = 0
19:19:26.543604,1023,getpid() = 1023
19:19:26.544328,1023,getuid32() = 10050
19:19:26.544879,1023,epoll_wait(0x1e, 0xbee6d1f8, 0x10, 0) = 0
19:19:26.545502,1023,clock_gettime(CLOCK_MONOTONIC, {184, 830429269}) = 0
19:19:26.546110,1023,epoll_wait(0x1e, 0xbee6d1f8, 0x10, 0xffffffff) = 1
19:19:26.556330,1023,recvfrom(37, "nysv\0\0\0\0002PÌ\10+\0\0\0`\7\0\0\224Â'¸", 24, MSG_DONTWAIT, NULL, NULL) = 24
19:19:26.557231,1023,recvfrom(37, 0xbee6c828, 24, 64, 0, 0) = -1 EAGAIN (Try again)
19:19:26.557893,1023,clock_gettime(CLOCK_MONOTONIC, {184, 842833062}) = 0
19:19:26.559155,1023,write(29, "W", 1) = 1
19:19:26.560054,1023,clock_gettime(CLOCK_MONOTONIC, {184, 845048930}) = 0
19:19:26.560936,1023,clock_gettime(CLOCK_MONOTONIC, {184, 845899822}) = 0
19:19:26.561663,1023,clock_gettime(CLOCK_MONOTONIC, {184, 846605377}) = 0
19:19:26.562345,1023,clock_gettime(CLOCK_MONOTONIC, {184, 847422985}) = 0
19:19:26.563637,1023,clock_gettime(CLOCK_MONOTONIC, {184, 848631082}) = 0
19:19:26.564408,1023,clock_gettime(CLOCK_MONOTONIC, {184, 849338167}) = 0
19:19:26.565050,1023,recvfrom(37, 0xbee6c9a8, 24, 64, 0, 0) = -1 EAGAIN (Try again)
19:19:26.565691,1023,ioctl(9, 0xc0186201, 0xbee6d178) = 0
19:19:26.566572,1023,clock_gettime(CLOCK_MONOTONIC, {184, 862172999}) = 0
19:19:26.577914,1023,clock_gettime(CLOCK_MONOTONIC, {184, 862853745}) = 0
19:19:26.578720,1023,clock_gettime(CLOCK_MONOTONIC, {184, 863852343}) = 0
19:19:26.579628,1023,clock_gettime(CLOCK_MONOTONIC, {184, 864601277}) = 0
19:19:26.580369,1023,clock_gettime(CLOCK_MONOTONIC, {184, 865307534}) = 0
19:19:26.581158,1023,write(29, "W", 1) = 1
19:19:26.582169,1023,ioctl(9, 0xc0186201, 0xbee6cf10) = 0
19:19:26.583314,1023,ioctl(9, 0xc0186201, 0xbee6cf10) = 0
19:19:26.584687,1023,clock_gettime(CLOCK_MONOTONIC, {184, 869624694}) = 0
19:19:26.591904,1023,clock_gettime(CLOCK_MONOTONIC, {184, 876880736}) = 0
19:19:26.592647,1023,ioctl(9, 0xc0186201, 0xbee6d0c8) = 0
19:19:26.593868,1023,getpid() = 1023
19:19:26.594477,1023,getuid32() = 10050
19:19:26.595126,1023,epoll_wait(0x1e, 0xbee6d1f8, 0x10, 0) = 2
19:19:26.595727,1023,read(23, "WW", 16) = 2
19:19:26.619692,1023,recvfrom(37, "nysv\0\0\0\0nà+\n+\0\0\0a\7\0\0\224Â'¸", 24, MSG_DONTWAIT, NULL, NULL) = 24
19:19:26.620489,1023,recvfrom(37, 0xbee6c828, 24, 64, 0, 0) = -1 EAGAIN (Try again)
19:19:26.621100,1023,clock_gettime(CLOCK_MONOTONIC, {184, 906075647}) = 0
19:19:26.621851,1023,clock_gettime(CLOCK_MONOTONIC, {184, 906785926}) = 0
19:19:26.622520,1023,clock_gettime(CLOCK_MONOTONIC, {184, 907454746}) = 0
19:19:26.623199,1023,clock_gettime(CLOCK_MONOTONIC, {184, 908171641}) = 0
19:19:26.623911,1023,recvfrom(38, 0xb88738b0, 1240, 64, 0, 0) = -1 EAGAIN (Try again)
19:19:26.625375,1023,clock_gettime(CLOCK_MONOTONIC, {184, 910313711}) = 0
19:19:26.625984,1023,clock_gettime(CLOCK_MONOTONIC, {184, 910913109}) = 0
19:19:26.626621,1023,getpid() = 1023
19:19:26.627129,1023,getuid32() = 10050
19:19:26.627707,1023,epoll_wait(0x1e, 0xbee6d1f8, 0x10, 0) = 0
19:19:26.628269,1023,clock_gettime(CLOCK_MONOTONIC, {184, 913210461}) = 0
19:19:26.640052,1023,ioctl(9, 0xc0186201, 0xbee6d328) = 0
19:19:26.640724,1023,epoll_wait(0x1e, 0xbee6d1f8, 0x10, 0x28) = 0
19:19:26.682090,1023,clock_gettime(CLOCK_MONOTONIC, {184, 967081886}) = 0
19:19:26.682771,1023,clock_gettime(CLOCK_MONOTONIC, {184, 967719814}) = 0
19:19:26.683459,1023,recvfrom(37, 0xbee6c9a8, 24, 64, 0, 0) = -1 EAGAIN (Try again)
19:19:26.684020,1023,ioctl(9, 0xc0186201, 0xbee6d178) = 0
19:19:26.684866,1023,getpid() = 1023
19:19:26.685530,1023,getuid32() = 10050
19:19:26.686139,1023,epoll_wait(0x1e, 0xbee6d1f8, 0x10, 0) = 0
19:19:26.686710,1023,clock_gettime(CLOCK_MONOTONIC, {184, 971636679}) = 0
19:19:26.687356,1023,epoll_wait(0x1e, 0xbee6d1f8, 0x10, 0xffffffff) = 1
19:19:26.699088,1023,recvfrom(37, "nysv\0\0\0\0¤ID\21+\0\0\0c\7\0\0\224Â'¸", 24, MSG_DONTWAIT, NULL, NULL) = 24
19:19:26.699815,1023,recvfrom(37, 0xbee6c828, 24, 64, 0, 0) = -1 EAGAIN (Try again)
19:19:26.700431,1023,clock_gettime(CLOCK_MONOTONIC, {184, 985429309}) = 0
19:19:26.701198,1023,write(29, "W", 1) = 1
19:19:26.701934,1023,clock_gettime(CLOCK_MONOTONIC, {184, 986863615}) = 0
19:19:26.702572,1023,clock_gettime(CLOCK_MONOTONIC, {184, 987500471}) = 0
19:19:26.703223,1023,clock_gettime(CLOCK_MONOTONIC, {184, 988189462}) = 0
19:19:26.703864,1023,clock_gettime(CLOCK_MONOTONIC, {184, 988852509}) = 0
19:19:26.705046,1023,clock_gettime(CLOCK_MONOTONIC, {184, 990098353}) = 0
19:19:26.729595,1023,clock_gettime(CLOCK_MONOTONIC, {185, 14553533}) = 0
19:19:26.730285,1023,recvfrom(37, 0xbee6c9a8, 24, 64, 0, 0) = -1 EAGAIN (Try again)
19:19:26.730862,1023,ioctl(9, 0xc0186201, 0xbee6d178) = 0
19:19:26.731787,1023,clock_gettime(CLOCK_MONOTONIC, {185, 16779346}) = 0
19:19:26.732596,1023,clock_gettime(CLOCK_MONOTONIC, {185, 17532946}) = 0
19:19:26.733319,1023,clock_gettime(CLOCK_MONOTONIC, {185, 18253260}) = 0
19:19:26.733937,1023,clock_gettime(CLOCK_MONOTONIC, {185, 18930284}) = 0
19:19:26.734679,1023,clock_gettime(CLOCK_MONOTONIC, {185, 19612973}) = 0
19:19:26.735355,1023,write(29, "W", 1) = 1
19:19:26.736215,1023,ioctl(9, 0xc0186201, 0xbee6cf10) = 0
19:19:26.737072,1023,ioctl(9, 0xc0186201, 0xbee6cf10) = 0
19:19:26.738433,1023,clock_gettime(CLOCK_MONOTONIC, {185, 23372379}) = 0
19:19:26.741780,1023,clock_gettime(CLOCK_MONOTONIC, {185, 26722305}) = 0
19:19:26.742420,1023,ioctl(9, 0xc0186201, 0xbee6d0c8) = 0
19:19:26.743748,1023,ioctl(9, 0xc0186201, 0xbee6d0c8) = 0
19:19:26.761210,1023,getpid() = 1023
19:19:26.761780,1023,getuid32() = 10050
19:19:26.762387,1023,epoll_wait(0x1e, 0xbee6d1f8, 0x10, 0) = 2
19:19:26.762922,1023,read(23, "WW", 16) = 2
19:19:26.763668,1023,recvfrom(37, "nysv\0\0\0\0\34j\3\24+\0\0\0d\7\0\0\224Â'¸", 24, MSG_DONTWAIT, NULL, NULL) = 24
19:19:26.764666,1023,recvfrom(37, 0xbee6c828, 24, 64, 0, 0) = -1 EAGAIN (Try again)
19:19:26.774193,1023,clock_gettime(CLOCK_MONOTONIC, {185, 59256898}) = 0
19:19:26.775008,1023,clock_gettime(CLOCK_MONOTONIC, {185, 59937488}) = 0
19:19:26.775667,1023,clock_gettime(CLOCK_MONOTONIC, {185, 60596719}) = 0
19:19:26.776264,1023,clock_gettime(CLOCK_MONOTONIC, {185, 61191639}) = 0
19:19:26.776875,1023,recvfrom(38, 0xb88738b0, 1240, 64, 0, 0) = -1 EAGAIN (Try again)
19:19:26.777506,1023,clock_gettime(CLOCK_MONOTONIC, {185, 62433210}) = 0
19:19:26.778095,1023,clock_gettime(CLOCK_MONOTONIC, {185, 75648557}) = 0
19:19:26.791430,1023,getpid() = 1023
19:19:26.792052,1023,getuid32() = 10050
19:19:26.792677,1023,epoll_wait(0x1e, 0xbee6d1f8, 0x10, 0) = 0
19:19:26.793221,1023,clock_gettime(CLOCK_MONOTONIC, {185, 78191165}) = 0
19:19:26.793862,1023,ioctl(9, 0xc0186201, 0xbee6d328) = 0
19:19:26.794511,1023,epoll_wait(0x1e, 0xbee6d1f8, 0x10, 0x1d) = 0
19:19:26.825477,1023,clock_gettime(CLOCK_MONOTONIC, {185, 110426389}) = 0
19:19:26.826115,1023,clock_gettime(CLOCK_MONOTONIC, {185, 111049986}) = 0
19:19:26.826739,1023,recvfrom(37, 0xbee6c9a8, 24, 64, 0, 0) = -1 EAGAIN (Try again)
19:19:26.827364,1023,ioctl(9, 0xc0186201, 0xbee6d178) = 0
19:19:26.828170,1023,getpid() = 1023
19:19:26.828797,1023,getuid32() = 10050
19:19:26.829352,1023,epoll_wait(0x1e, 0xbee6d1f8, 0x10, 0) = 0
19:19:26.829884,1023,clock_gettime(CLOCK_MONOTONIC, {185, 114825669}) = 0
19:19:26.830523,1023,epoll_wait(0x1e, 0xbee6d1f8, 0x10, 0xffffffff) = 1
19:19:26.836065,1023,recvfrom(37, "nysv\0\0\0\0\26C¼\31+\0\0\0f\7\0\0\224Â'¸", 24, MSG_DONTWAIT, NULL, NULL) = 24
19:19:26.836838,1023,recvfrom(37, 0xbee6c828, 24, 64, 0, 0) = -1 EAGAIN (Try again)
19:19:26.837506,1023,clock_gettime(CLOCK_MONOTONIC, {185, 122441355}) = 0
19:19:26.838157,1023,write(29, "W", 1) = 1
19:19:26.838954,1023,clock_gettime(CLOCK_MONOTONIC, {185, 123883533}) = 0
19:19:26.839601,1023,clock_gettime(CLOCK_MONOTONIC, {185, 124527971}) = 0
19:19:26.840731,1023,clock_gettime(CLOCK_MONOTONIC, {185, 125662072}) = 0
19:19:26.841429,1023,clock_gettime(CLOCK_MONOTONIC, {185, 126356337}) = 0
19:19:26.842412,1023,clock_gettime(CLOCK_MONOTONIC, {185, 127378960}) = 0
19:19:26.843096,1023,clock_gettime(CLOCK_MONOTONIC, {185, 128132401}) = 0
19:19:26.843820,1023,recvfrom(37, 0xbee6c9a8, 24, 64, 0, 0) = -1 EAGAIN (Try again)
19:19:26.844431,1023,ioctl(9, 0xc0186201, 0xbee6d178) = 0
19:19:26.845211,1023,clock_gettime(CLOCK_MONOTONIC, {185, 130196005}) = 0
19:19:26.845884,1023,clock_gettime(CLOCK_MONOTONIC, {185, 130831009}) = 0
19:19:26.857656,1023,clock_gettime(CLOCK_MONOTONIC, {185, 142618016}) = 0
19:19:26.858425,1023,clock_gettime(CLOCK_MONOTONIC, {185, 143355291}) = 0
19:19:26.859115,1023,clock_gettime(CLOCK_MONOTONIC, {185, 144099070}) = 0
19:19:26.860061,1023,write(29, "W", 1) = 1
19:19:26.860905,1023,ioctl(9, 0xc0186201, 0xbee6cf10) = 0
19:19:26.861730,1023,ioctl(9, 0xc0186201, 0xbee6cf10) = 0
19:19:26.863125,1023,clock_gettime(CLOCK_MONOTONIC, {185, 148095821}) = 0
19:19:26.866493,1023,clock_gettime(CLOCK_MONOTONIC, {185, 151433013}) = 0
19:19:26.867134,1023,ioctl(9, 0xc0186201, 0xbee6d0c8) = 0
19:19:26.867994,1023,ioctl(9, 0xc0186201, 0xbee6d0c8) = 0
19:19:26.868738,1023,getpid() = 1023
19:19:26.869346,1023,getuid32() = 10050
19:19:26.869889,1023,epoll_wait(0x1e, 0xbee6d1f8, 0x10, 0) = 2
19:19:26.870518,1023,read(23, "WW", 16) = 2
19:19:26.871140,1023,recvfrom(37, "nysv\0\0\0\0H;á\32+\0\0\0g\7\0\0\224Â'¸", 24, MSG_DONTWAIT, NULL, NULL) = 24
19:19:26.871855,1023,recvfrom(37, 0xbee6c828, 24, 64, 0, 0) = -1 EAGAIN (Try again)
19:19:26.872491,1023,clock_gettime(CLOCK_MONOTONIC, {185, 157418705}) = 0
19:19:26.873199,1023,clock_gettime(CLOCK_MONOTONIC, {185, 158165405}) = 0
19:19:26.873836,1023,clock_gettime(CLOCK_MONOTONIC, {185, 158795474}) = 0
19:19:26.874521,1023,clock_gettime(CLOCK_MONOTONIC, {185, 159448559}) = 0
19:19:26.875154,1023,recvfrom(38, 0xb88738b0, 1240, 64, 0, 0) = -1 EAGAIN (Try again)
19:19:26.875753,1023,clock_gettime(CLOCK_MONOTONIC, {185, 160680277}) = 0
19:19:26.876442,1023,clock_gettime(CLOCK_MONOTONIC, {185, 161368977}) = 0
19:19:26.877090,1023,getpid() = 1023
19:19:26.877633,1023,getuid32() = 10050
19:19:26.878226,1023,epoll_wait(0x1e, 0xbee6d1f8, 0x10, 0) = 0
19:19:26.896291,1023,clock_gettime(CLOCK_MONOTONIC, {185, 181285349}) = 0
19:19:26.896982,1023,ioctl(9, 0xc0186201, 0xbee6d328) = 0
19:19:26.897658,1023,epoll_wait(0x1e, 0xbee6d1f8, 0x10, 0x28) = 0
19:19:26.943724,1023,clock_gettime(CLOCK_MONOTONIC, {185, 228689366}) = 0
19:19:26.944422,1023,clock_gettime(CLOCK_MONOTONIC, {185, 229367282}) = 0
19:19:26.945098,1023,recvfrom(37, 0xbee6c9a8, 24, 64, 0, 0) = -1 EAGAIN (Try again)
19:19:26.945714,1023,ioctl(9, 0xc0186201, 0xbee6d178) = 0
19:19:26.962993,1023,getpid() = 1023
19:19:26.963723,1023,getuid32() = 10050
19:19:26.964359,1023,epoll_wait(0x1e, 0xbee6d1f8, 0x10, 0) = 0
19:19:26.964967,1023,clock_gettime(CLOCK_MONOTONIC, {185, 249917132}) = 0
19:19:26.965664,1023,epoll_wait(0x1e, 0xbee6d1f8, 0x10, 0xffffffff) = 1
19:19:26.974141,1023,recvfrom(37, "nysv\0\0\0\0t\f¿!+\0\0\0i\7\0\0\224Â'¸", 24, MSG_DONTWAIT, NULL, NULL) = 24
19:19:26.974890,1023,recvfrom(37, 0xbee6c828, 24, 64, 0, 0) = -1 EAGAIN (Try again)
19:19:26.975522,1023,clock_gettime(CLOCK_MONOTONIC, {185, 260465190}) = 0
19:19:26.976191,1023,write(29, "W", 1) = 1
19:19:26.976891,1023,clock_gettime(CLOCK_MONOTONIC, {185, 261833367}) = 0
19:19:26.977546,1023,clock_gettime(CLOCK_MONOTONIC, {185, 262488599}) = 0
19:19:26.978185,1023,clock_gettime(CLOCK_MONOTONIC, {185, 263134269}) = 0
19:19:26.978834,1023,clock_gettime(CLOCK_MONOTONIC, {185, 278869957}) = 0
19:19:26.995251,1023,clock_gettime(CLOCK_MONOTONIC, {185, 280211836}) = 0
19:19:26.995964,1023,clock_gettime(CLOCK_MONOTONIC, {185, 280917361}) = 0
19:19:26.996672,1023,recvfrom(37, 0xbee6c9a8, 24, 64, 0, 0) = -1 EAGAIN (Try again)
19:19:26.997307,1023,ioctl(9, 0xc0186201, 0xbee6d178) = 0
19:19:26.998370,1023,clock_gettime(CLOCK_MONOTONIC, {185, 283323358}) = 0
19:19:26.999076,1023,clock_gettime(CLOCK_MONOTONIC, {185, 284032382}) = 0
19:19:27.000092,1023,clock_gettime(CLOCK_MONOTONIC, {185, 285045988}) = 0
19:19:27.000774,1023,clock_gettime(CLOCK_MONOTONIC, {185, 285720316}) = 0
19:19:27.001508,1023,clock_gettime(CLOCK_MONOTONIC, {185, 286448447}) = 0
19:19:27.002187,1023,write(29, "W", 1) = 1
19:19:27.003055,1023,ioctl(9, 0xc0186201, 0xbee6cf10) = 0
19:19:27.004770,1023,clock_gettime(CLOCK_MONOTONIC, {185, 289722041}) = 0
19:19:27.025299,1023,clock_gettime(CLOCK_MONOTONIC, {185, 310262515}) = 0
19:19:27.026004,1023,ioctl(9, 0xc0186201, 0xbee6d0c8) = 0
19:19:27.027192,1023,getpid() = 1023
19:19:27.027776,1023,getuid32() = 10050
19:19:27.028397,1023,epoll_wait(0x1e, 0xbee6d1f8, 0x10, 0) = 2
19:19:27.028996,1023,read(23, "WW", 16) = 2
19:19:27.029637,1023,recvfrom(37, "nysv\0\0\0\0ÎdÎ#+\0\0\0j\7\0\0\224Â'¸", 24, MSG_DONTWAIT, NULL, NULL) = 24
19:19:27.030406,1023,recvfrom(37, 0xbee6c828, 24, 64, 0, 0) = -1 EAGAIN (Try again)
19:19:27.031046,1023,clock_gettime(CLOCK_MONOTONIC, {185, 315999488}) = 0
19:19:27.031784,1023,clock_gettime(CLOCK_MONOTONIC, {185, 316732588}) = 0
19:19:27.032467,1023,clock_gettime(CLOCK_MONOTONIC, {185, 317416864}) = 0
19:19:27.033136,1023,clock_gettime(CLOCK_MONOTONIC, {185, 318091723}) = 0
19:19:27.033832,1023,recvfrom(38, 0xb88738b0, 1240, 64, 0, 0) = -1 EAGAIN (Try again)
19:19:27.034501,1023,clock_gettime(CLOCK_MONOTONIC, {185, 319450935}) = 0
19:19:27.035173,1023,clock_gettime(CLOCK_MONOTONIC, {185, 320129703}) = 0
19:19:27.035851,1023,getpid() = 1023
19:19:27.036428,1023,getuid32() = 10050
19:19:27.068143,1023,epoll_wait(0x1e, 0xbee6d1f8, 0x10, 0) = 0
19:19:27.069034,1023,clock_gettime(CLOCK_MONOTONIC, {185, 353981370}) = 0
19:19:27.069722,1023,ioctl(9, 0xc0186201, 0xbee6d328) = 0
19:19:27.070336,1023,epoll_wait(0x1e, 0xbee6d1f8, 0x10, 0x15) = 0
19:19:27.092876,1023,clock_gettime(CLOCK_MONOTONIC, {185, 377901078}) = 0
19:19:27.093683,1023,clock_gettime(CLOCK_MONOTONIC, {185, 378627046}) = 0
19:19:27.094510,1023,recvfrom(37, 0xbee6c9a8, 24, 64, 0, 0) = -1 EAGAIN (Try again)
19:19:27.095132,1023,ioctl(9, 0xc0186201, 0xbee6d178) = 0
19:19:27.095999,1023,getpid() = 1023
19:19:27.096681,1023,getuid32() = 10050
19:19:27.097284,1023,epoll_wait(0x1e, 0xbee6d1f8, 0x10, 0) = 1
19:19:27.106865,1023,recvfrom(37, "nysv\0\0\0\0ÒÕÁ)+\0\0\0l\7\0\0\224Â'¸", 24, MSG_DONTWAIT, NULL, NULL) = 24
19:19:27.107620,1023,recvfrom(37, 0xbee6c828, 24, 64, 0, 0) = -1 EAGAIN (Try again)
19:19:27.108251,1023,clock_gettime(CLOCK_MONOTONIC, {185, 393195279}) = 0
19:19:27.108977,1023,clock_gettime(CLOCK_MONOTONIC, {185, 393919946}) = 0
19:19:27.109636,1023,clock_gettime(CLOCK_MONOTONIC, {185, 394578205}) = 0
19:19:27.110472,1023,clock_gettime(CLOCK_MONOTONIC, {185, 395488849}) = 0
19:19:27.111252,1023,clock_gettime(CLOCK_MONOTONIC, {185, 396203713}) = 0
19:19:27.112191,1023,clock_gettime(CLOCK_MONOTONIC, {185, 397148511}) = 0
19:19:27.112891,1023,clock_gettime(CLOCK_MONOTONIC, {185, 397840868}) = 0
19:19:27.113641,1023,recvfrom(37, 0xbee6c9a8, 24, 64, 0, 0) = -1 EAGAIN (Try again)
19:19:27.114263,1023,ioctl(9, 0xc0186201, 0xbee6d178) = 0
19:19:27.115145,1023,clock_gettime(CLOCK_MONOTONIC, {185, 400165420}) = 0
19:19:27.115970,1023,clock_gettime(CLOCK_MONOTONIC, {185, 400921981}) = 0
19:19:27.143635,1023,clock_gettime(CLOCK_MONOTONIC, {185, 428638653}) = 0
19:19:27.144379,1023,clock_gettime(CLOCK_MONOTONIC, {185, 429323800}) = 0
19:19:27.145186,1023,clock_gettime(CLOCK_MONOTONIC, {185, 430146188}) = 0
19:19:27.145878,1023,write(29, "W", 1) = 1
19:19:27.146732,1023,ioctl(9, 0xc0186201, 0xbee6cf10) = 0
19:19:27.147492,1023,ioctl(9, 0xc0186201, 0xbee6cf10) = 0
19:19:27.149962,1023,clock_gettime(CLOCK_MONOTONIC, {185, 434937383}) = 0
19:19:27.153655,1023,clock_gettime(CLOCK_MONOTONIC, {185, 438613535}) = 0
19:19:27.154360,1023,ioctl(9, 0xc0186201, 0xbee6d0c8) = 0
19:19:27.155687,1023,ioctl(9, 0xc0186201, 0xbee6d0c8) = 0
19:19:27.156366,1023,getpid() = 1023
19:19:27.156918,1023,getuid32() = 10050
19:19:27.157515,1023,epoll_wait(0x1e, 0xbee6d1f8, 0x10, 0) = 2
19:19:27.180849,1023,read(23, "W", 16) = 1
19:19:27.181521,1023,recvfrom(37, "nysv\0\0\0\0\4Îæ*+\0\0\0m\7\0\0\224Â'¸", 24, MSG_DONTWAIT, NULL, NULL) = 24
19:19:27.182269,1023,recvfrom(37, 0xbee6c828, 24, 64, 0, 0) = -1 EAGAIN (Try again)
19:19:27.182986,1023,clock_gettime(CLOCK_MONOTONIC, {185, 467930476}) = 0
19:19:27.183731,1023,clock_gettime(CLOCK_MONOTONIC, {185, 468674081}) = 0
19:19:27.184426,1023,clock_gettime(CLOCK_MONOTONIC, {185, 469369167}) = 0
19:19:27.185070,1023,clock_gettime(CLOCK_MONOTONIC, {185, 470017959}) = 0
19:19:27.185740,1023,recvfrom(38, 0xb88738b0, 1240, 64, 0, 0) = -1 EAGAIN (Try again)
19:19:27.186996,1023,clock_gettime(CLOCK_MONOTONIC, {185, 471941037}) = 0
19:19:27.187708,1023,clock_gettime(CLOCK_MONOTONIC, {185, 472652589}) = 0
19:19:27.188440,1023,getpid() = 1023
19:19:27.189001,1023,getuid32() = 10050
19:19:27.189597,1023,epoll_wait(0x1e, 0xbee6d1f8, 0x10, 0) = 0
19:19:27.190181,1023,clock_gettime(CLOCK_MONOTONIC, {185, 475128588}) = 0
19:19:27.190838,1023,ioctl(9, 0xc0186201, 0xbee6d328) = 0
19:19:27.191446,1023,epoll_wait(0x1e, 0xbee6d1f8, 0x10, 0x10) = 0
19:19:27.211980,1023,clock_gettime(CLOCK_MONOTONIC, {185, 496935315}) = 0
19:19:27.212675,1023,clock_gettime(CLOCK_MONOTONIC, {185, 497625229}) = 0
19:19:27.213377,1023,recvfrom(37, 0xbee6c9a8, 24, 64, 0, 0) = -1 EAGAIN (Try again)
19:19:27.214005,1023,ioctl(9, 0xc0186201, 0xbee6d178) = 0
19:19:27.214907,1023,getpid() = 1023
19:19:27.215614,1023,getuid32() = 10050
19:19:27.216238,1023,epoll_wait(0x1e, 0xbee6d1f8, 0x10, 0) = 0
19:19:27.216842,1023,clock_gettime(CLOCK_MONOTONIC, {185, 501791802}) = 0
19:19:27.217534,1023,epoll_wait(0x1e, 0xbee6d1f8, 0x10, 0xffffffff) = 1
19:19:27.222921,1023,recvfrom(37, "nysv\0\0\0\0\10?Ú0+\0\0\0o\7\0\0\224Â'¸", 24, MSG_DONTWAIT, NULL, NULL) = 24
19:19:27.223702,1023,recvfrom(37, 0xbee6c828, 24, 64, 0, 0) = -1 EAGAIN (Try again)
19:19:27.224332,1023,clock_gettime(CLOCK_MONOTONIC, {185, 509274453}) = 0
19:19:27.225001,1023,write(29, "W", 1) = 1
19:19:27.225695,1023,clock_gettime(CLOCK_MONOTONIC, {185, 510636553}) = 0
19:19:27.226358,1023,clock_gettime(CLOCK_MONOTONIC, {185, 511302168}) = 0
19:19:27.227001,1023,clock_gettime(CLOCK_MONOTONIC, {185, 511943906}) = 0
19:19:27.227652,1023,clock_gettime(CLOCK_MONOTONIC, {185, 512592789}) = 0
19:19:27.228555,1023,clock_gettime(CLOCK_MONOTONIC, {185, 513497430}) = 0
19:19:27.266530,1023,clock_gettime(CLOCK_MONOTONIC, {185, 552639995}) = 0
19:19:27.268481,1023,recvfrom(37, 0xbee6c9a8, 24, 64, 0, 0) = -1 EAGAIN (Try again)
19:19:27.269131,1023,ioctl(9, 0xc0186201, 0xbee6d178) = 0
19:19:27.270053,1023,clock_gettime(CLOCK_MONOTONIC, {185, 555081000}) = 0
19:19:27.270905,1023,clock_gettime(CLOCK_MONOTONIC, {185, 555856633}) = 0
19:19:27.271591,1023,clock_gettime(CLOCK_MONOTONIC, {185, 556540602}) = 0
19:19:27.272271,1023,clock_gettime(CLOCK_MONOTONIC, {185, 557220626}) = 0
19:19:27.272973,1023,clock_gettime(CLOCK_MONOTONIC, {185, 557924303}) = 0
19:19:27.273677,1023,write(29, "W", 1) = 1
19:19:27.274551,1023,ioctl(9, 0xc0186201, 0xbee6cf10) = 0
19:19:27.276341,1023,ioctl(9, 0xc0186201, 0xbee6cf10) = 0
19:19:27.298433,1023,clock_gettime(CLOCK_MONOTONIC, {185, 583398710}) = 0
19:19:27.302476,1023,clock_gettime(CLOCK_MONOTONIC, {185, 587430948}) = 0
19:19:27.303152,1023,ioctl(9, 0xc0186201, 0xbee6d0c8) = 0
19:19:27.304060,1023,ioctl(9, 0xc0186201, 0xbee6d0c8) = 0
19:19:27.304834,1023,getpid() = 1023
19:19:27.305693,1023,getuid32() = 10050
19:19:27.306338,1023,epoll_wait(0x1e, 0xbee6d1f8, 0x10, 0) = 2
19:19:27.306943,1023,read(23, "WW", 16) = 2
19:19:27.307591,1023,recvfrom(37, "nysv\0\0\0\0\224\217\0164+\0\0\0p\7\0\0\224Â'¸", 24, MSG_DONTWAIT, NULL, NULL) = 24
19:19:27.308369,1023,recvfrom(37, 0xbee6c828, 24, 64, 0, 0) = -1 EAGAIN (Try again)
19:19:27.309017,1023,clock_gettime(CLOCK_MONOTONIC, {185, 594097982}) = 0
19:19:27.310047,1023,clock_gettime(CLOCK_MONOTONIC, {185, 595134186}) = 0
19:19:27.316538,1023,clock_gettime(CLOCK_MONOTONIC, {185, 601648075}) = 0
19:19:27.317425,1023,clock_gettime(CLOCK_MONOTONIC, {185, 602370455}) = 0
19:19:27.318098,1023,recvfrom(38, 0xb88738b0, 1240, 64, 0, 0) = -1 EAGAIN (Try again)
19:19:27.318860,1023,clock_gettime(CLOCK_MONOTONIC, {185, 603811528}) = 0
19:19:27.319674,1023,clock_gettime(CLOCK_MONOTONIC, {185, 604837628}) = 0
19:19:27.320584,1023,getpid() = 1023
19:19:27.321135,1023,getuid32() = 10050
19:19:27.321731,1023,epoll_wait(0x1e, 0xbee6d1f8, 0x10, 0) = 0
19:19:27.322323,1023,clock_gettime(CLOCK_MONOTONIC, {185, 607264169}) = 0
19:19:27.323041,1023,ioctl(9, 0xc0186201, 0xbee6d328) = 0
19:19:27.323651,1023,epoll_wait(0x1e, 0xbee6d1f8, 0x10, 0x27) = 0
19:19:27.363878,1023,clock_gettime(CLOCK_MONOTONIC, {185, 648836865}) = 0
19:19:27.364568,1023,clock_gettime(CLOCK_MONOTONIC, {185, 649511030}) = 0
19:19:27.365245,1023,recvfrom(37, 0xbee6c9a8, 24, 64, 0, 0) = -1 EAGAIN (Try again)
19:19:27.375410,1063,<... select resumed> ) = 0 (Timeout)
19:19:27.375684,1023,ioctl(9, 0xc0186201 <unfinished ...>
19:19:27.376014,1063,close(47 <unfinished ...>
19:19:27.376454,1023,<... ioctl resumed> , 0xbee6d178) = 0
19:19:27.376790,1063,<... close resumed> ) = 0
19:19:27.377404,1023,getpid( <unfinished ...>
19:19:27.377713,1063,close(43 <unfinished ...>
19:19:27.378078,1023,<... getpid resumed> ) = 1023
19:19:27.378454,1063,<... close resumed> ) = 0
19:19:27.378859,1023,getuid32( <unfinished ...>
19:19:27.379200,1063,open("/dev/urandom", O_RDONLY <unfinished ...>
19:19:27.379609,1023,<... getuid32 resumed> ) = 10050
19:19:27.379952,1063,<... open resumed> ) = 43
19:19:27.380345,1023,epoll_wait(0x1e, 0xbee6d1f8, 0x10, 0 <unfinished ...>
19:19:27.380655,1063,read(43, <unfinished ...>
19:19:27.380959,1023,<... epoll_wait resumed> ) = 0
19:19:27.381272,1063,<... read resumed> "à­%\r", 4) = 4
19:19:27.381712,1023,clock_gettime(CLOCK_MONOTONIC, <unfinished ...>
19:19:27.382016,1063,close(43 <unfinished ...>
19:19:27.382327,1023,<... clock_gettime resumed> {185, 666958433}) = 0
19:19:27.382691,1063,<... close resumed> ) = 0
19:19:27.383069,1023,epoll_wait(0x1e, 0xbee6d1f8, 0x10, 0xffffffff <unfinished ...>
19:19:27.383415,1063,socket(PF_INET, SOCK_DGRAM, IPPROTO_IP) = 43
19:19:27.383998,1063,open("/dev/urandom", O_RDONLY) = 47
19:19:27.384646,1063,read(47, "¸cá7", 4) = 4
19:19:27.385213,1063,close(47) = 0
19:19:27.385730,1063,bind(43, {sa_family=AF_INET, sin_port=htons(26553), sin_addr=inet_addr("0.0.0.0")}, 16) = 0
19:19:27.386391,1063,connect(43, {sa_family=AF_INET, sin_port=htons(53), sin_addr=inet_addr("10.0.2.3")}, 16) = 0
19:19:27.387034,1063,sendto(43, "­à\1\0\0\1\0\0\0\0\0\0\6client\nmustmobile\3c"..., 39, 0, NULL, 0) = 39
19:19:27.388009,1063,clock_gettime(CLOCK_REALTIME, {1738783167, 388196927}) = 0
19:19:27.388607,1063,clock_gettime(CLOCK_REALTIME, {1738783167, 388792346}) = 0
19:19:27.389193,1063,select(44, [43], NULL, NULL, {4, 999405} <unfinished ...>
19:19:27.394727,1023,<... epoll_wait resumed> ) = 1
19:19:27.395099,1023,recvfrom(37, "nysv\0\0\0\0¬0w:+\0\0\0r\7\0\0\224Â'¸", 24, MSG_DONTWAIT, NULL, NULL) = 24
19:19:27.395847,1023,recvfrom(37, 0xbee6c828, 24, 64, 0, 0) = -1 EAGAIN (Try again)
19:19:27.396481,1023,clock_gettime(CLOCK_MONOTONIC, {185, 681423011}) = 0
19:19:27.397158,1023,write(29, "W", 1) = 1
19:19:27.397857,1023,clock_gettime(CLOCK_MONOTONIC, {185, 682800113}) = 0
19:19:27.398516,1023,clock_gettime(CLOCK_MONOTONIC, {185, 683457501}) = 0
19:19:27.399156,1023,clock_gettime(CLOCK_MONOTONIC, {185, 684104317}) = 0
19:19:27.399804,1023,clock_gettime(CLOCK_MONOTONIC, {185, 684746192}) = 0
19:19:27.400708,1023,clock_gettime(CLOCK_MONOTONIC, {185, 685651528}) = 0
19:19:27.401376,1023,clock_gettime(CLOCK_MONOTONIC, {185, 686318794}) = 0
19:19:27.402041,1023,recvfrom(37, 0xbee6c9a8, 24, 64, 0, 0) = -1 EAGAIN (Try again)
19:19:27.402645,1023,ioctl(9, 0xc0186201, 0xbee6d178) = 0
19:19:27.403491,1023,clock_gettime(CLOCK_MONOTONIC, {185, 688489638}) = 0
19:19:27.404217,1023,clock_gettime(CLOCK_MONOTONIC, {185, 689167109}) = 0
19:19:27.404873,1023,clock_gettime(CLOCK_MONOTONIC, {185, 689815393}) = 0
19:19:27.405526,1023,clock_gettime(CLOCK_MONOTONIC, {185, 690466832}) = 0
19:19:27.406192,1023,clock_gettime(CLOCK_MONOTONIC, {185, 691140045}) = 0
19:19:27.406862,1023,write(29, "W", 1) = 1
19:19:27.407679,1023,ioctl(9, 0xc0186201, 0xbee6cf10) = 0
19:19:27.408616,1023,ioctl(9, 0xc0186201, 0xbee6cf10) = 0
19:19:27.419354,1023,clock_gettime(CLOCK_MONOTONIC, {185, 704307246}) = 0
19:19:27.422692,1023,clock_gettime(CLOCK_MONOTONIC, {185, 707641094}) = 0
19:19:27.423362,1023,ioctl(9, 0xc0186201, 0xbee6d0c8) = 0
19:19:27.424254,1023,ioctl(9, 0xc0186201, 0xbee6d0c8) = 0
19:19:27.425015,1023,getpid() = 1023
19:19:27.425572,1023,getuid32() = 10050
19:19:27.426162,1023,epoll_wait(0x1e, 0xbee6d1f8, 0x10, 0) = 2
19:19:27.426743,1023,read(23, "WW", 16) = 2
19:19:27.427358,1023,recvfrom(37, "nysv\0\0\0\0üðK<+\0\0\0s\7\0\0\224Â'¸", 24, MSG_DONTWAIT, NULL, NULL) = 24
19:19:27.428091,1023,recvfrom(37, 0xbee6c828, 24, 64, 0, 0) = -1 EAGAIN (Try again)
19:19:27.428711,1023,clock_gettime(CLOCK_MONOTONIC, {185, 713651859}) = 0
19:19:27.429419,1023,clock_gettime(CLOCK_MONOTONIC, {185, 714361452}) = 0
19:19:27.430067,1023,clock_gettime(CLOCK_MONOTONIC, {185, 715015849}) = 0
19:19:27.430715,1023,clock_gettime(CLOCK_MONOTONIC, {185, 715656586}) = 0
19:19:27.431383,1023,recvfrom(38, 0xb88738b0, 1240, 64, 0, 0) = -1 EAGAIN (Try again)
19:19:27.431992,1023,clock_gettime(CLOCK_MONOTONIC, {185, 716933840}) = 0
19:19:27.432639,1023,clock_gettime(CLOCK_MONOTONIC, {185, 717580983}) = 0
19:19:27.433286,1023,getpid() = 1023
19:19:27.435774,1023,getuid32() = 10050
19:19:27.436440,1023,epoll_wait(0x1e, 0xbee6d1f8, 0x10, 0) = 0
19:19:27.437059,1023,clock_gettime(CLOCK_MONOTONIC, {185, 722016230}) = 0
19:19:27.437751,1023,ioctl(9, 0xc0186201, 0xbee6d328) = 0
19:19:27.438412,1023,epoll_wait(0x1e, 0xbee6d1f8, 0x10, 0x3a) = 0
19:19:27.500055,1023,clock_gettime(CLOCK_MONOTONIC, {185, 785032064}) = 0
19:19:27.500783,1023,clock_gettime(CLOCK_MONOTONIC, {185, 785737124}) = 0
19:19:27.501495,1023,recvfrom(37, 0xbee6c9a8, 24, 64, 0, 0) = -1 EAGAIN (Try again)
19:19:27.502129,1023,ioctl(9, 0xc0186201, 0xbee6d178) = 0
19:19:27.503179,1023,getpid() = 1023
19:19:27.503868,1023,getuid32() = 10050
19:19:27.504474,1023,epoll_wait(0x1e, 0xbee6d1f8, 0x10, 0) = 0
19:19:27.505123,1023,clock_gettime(CLOCK_MONOTONIC, {185, 790072253}) = 0
19:19:27.505793,1023,epoll_wait(0x1e, 0xbee6d1f8, 0x10, 0xffffffff) = 1
19:19:27.507552,1023,recvfrom(37, "nysv\0\0\0\0öÉ\4B+\0\0\0u\7\0\0\224Â'¸", 24, MSG_DONTWAIT, NULL, NULL) = 24
19:19:27.508307,1023,recvfrom(37, 0xbee6c828, 24, 64, 0, 0) = -1 EAGAIN (Try again)
19:19:27.508936,1023,clock_gettime(CLOCK_MONOTONIC, {185, 793878270}) = 0
19:19:27.509616,1023,write(29, "W", 1) = 1
19:19:27.510369,1023,clock_gettime(CLOCK_MONOTONIC, {185, 795311804}) = 0
19:19:27.511022,1023,clock_gettime(CLOCK_MONOTONIC, {185, 795964800}) = 0
19:19:27.511839,1023,clock_gettime(CLOCK_MONOTONIC, {185, 796896588}) = 0
19:19:27.512689,1023,clock_gettime(CLOCK_MONOTONIC, {185, 797634595}) = 0
19:19:27.513621,1023,clock_gettime(CLOCK_MONOTONIC, {185, 798574609}) = 0
19:19:27.514323,1023,clock_gettime(CLOCK_MONOTONIC, {185, 799273192}) = 0
19:19:27.515019,1023,recvfrom(37, 0xbee6c9a8, 24, 64, 0, 0) = -1 EAGAIN (Try again)
19:19:27.515651,1023,ioctl(9, 0xc0186201, 0xbee6d178) = 0
19:19:27.516528,1023,clock_gettime(CLOCK_MONOTONIC, {185, 801534981}) = 0
19:19:27.517291,1023,clock_gettime(CLOCK_MONOTONIC, {185, 802242763}) = 0
19:19:27.517970,1023,clock_gettime(CLOCK_MONOTONIC, {185, 802920156}) = 0
19:19:27.518649,1023,clock_gettime(CLOCK_MONOTONIC, {185, 803598986}) = 0
19:19:27.519354,1023,clock_gettime(CLOCK_MONOTONIC, {185, 804303918}) = 0
19:19:27.520050,1023,write(29, "W", 1) = 1
19:19:27.520907,1023,ioctl(9, 0xc0186201, 0xbee6cf10) = 0
19:19:27.521797,1023,ioctl(9, 0xc0186201, 0xbee6cf10) = 0
19:19:27.527474,1023,clock_gettime(CLOCK_MONOTONIC, {185, 812542047}) = 0
19:19:27.531374,1023,clock_gettime(CLOCK_MONOTONIC, {185, 816448827}) = 0
19:19:27.532271,1023,ioctl(9, 0xc0186201, 0xbee6d0c8) = 0
19:19:27.533378,1023,ioctl(9, 0xc0186201, 0xbee6d0c8) = 0
19:19:27.534187,1023,getpid() = 1023
19:19:27.534748,1023,getuid32() = 10050
19:19:27.535346,1023,epoll_wait(0x1e, 0xbee6d1f8, 0x10, 0) = 2
19:19:27.535922,1023,read(23, "WW", 16) = 2
19:19:27.536540,1023,recvfrom(37, "nysv\0\0\0\0\núyB+\0\0\0v\7\0\0\224Â'¸", 24, MSG_DONTWAIT, NULL, NULL) = 24
19:19:27.537279,1023,recvfrom(37, 0xbee6c828, 24, 64, 0, 0) = -1 EAGAIN (Try again)
19:19:27.537895,1023,clock_gettime(CLOCK_MONOTONIC, {185, 822837151}) = 0
19:19:27.538609,1023,clock_gettime(CLOCK_MONOTONIC, {185, 823551086}) = 0
19:19:27.539265,1023,clock_gettime(CLOCK_MONOTONIC, {185, 824206519}) = 0
19:19:27.539904,1023,clock_gettime(CLOCK_MONOTONIC, {185, 824846649}) = 0
19:19:27.540573,1023,recvfrom(38, 0xb88738b0, 1240, 64, 0, 0) = -1 EAGAIN (Try again)
19:19:27.541181,1023,clock_gettime(CLOCK_MONOTONIC, {185, 826129512}) = 0
19:19:27.541829,1023,clock_gettime(CLOCK_MONOTONIC, {185, 826770357}) = 0
19:19:27.542475,1023,getpid() = 1023
19:19:27.543022,1023,getuid32() = 10050
19:19:27.543611,1023,epoll_wait(0x1e, 0xbee6d1f8, 0x10, 0) = 0
19:19:27.544191,1023,clock_gettime(CLOCK_MONOTONIC, {185, 829137907}) = 0
19:19:27.544843,1023,ioctl(9, 0xc0186201, 0xbee6d328) = 0
19:19:27.545441,1023,epoll_wait(0x1e, 0xbee6d1f8, 0x10, 0x40) = 0
19:19:27.610760,1023,clock_gettime(CLOCK_MONOTONIC, {185, 895731144}) = 0
19:19:27.611515,1023,clock_gettime(CLOCK_MONOTONIC, {185, 896460746}) = 0
19:19:27.612189,1023,recvfrom(37, 0xbee6c9a8, 24, 64, 0, 0) = -1 EAGAIN (Try again)
19:19:27.612810,1023,ioctl(9, 0xc0186201, 0xbee6d178) = 0
19:19:27.613718,1023,getpid() = 1023
19:19:27.614457,1023,getuid32() = 10050
19:19:27.615094,1023,epoll_wait(0x1e, 0xbee6d1f8, 0x10, 0) = 0
19:19:27.615680,1023,clock_gettime(CLOCK_MONOTONIC, {185, 901104099}) = 0
19:19:27.626756,1023,epoll_wait(0x1e, 0xbee6d1f8, 0x10, 0xffffffff) = 1
19:19:27.627584,1023,recvfrom(37, "nysv\0\0\0\0\30\3¨H+\0\0\0x\7\0\0\224Â'¸", 24, MSG_DONTWAIT, NULL, NULL) = 24
19:19:27.628362,1023,recvfrom(37, 0xbee6c828, 24, 64, 0, 0) = -1 EAGAIN (Try again)
19:19:27.629068,1023,clock_gettime(CLOCK_MONOTONIC, {185, 914022050}) = 0
19:19:27.629822,1023,write(29, "W", 1) = 1
19:19:27.630597,1023,clock_gettime(CLOCK_MONOTONIC, {185, 915562797}) = 0
19:19:27.631286,1023,clock_gettime(CLOCK_MONOTONIC, {185, 916229095}) = 0
19:19:27.631930,1023,clock_gettime(CLOCK_MONOTONIC, {185, 916871204}) = 0
19:19:27.632578,1023,clock_gettime(CLOCK_MONOTONIC, {185, 917520123}) = 0
19:19:27.633482,1023,clock_gettime(CLOCK_MONOTONIC, {185, 918425413}) = 0
19:19:27.634143,1023,clock_gettime(CLOCK_MONOTONIC, {185, 919091406}) = 0
19:19:27.635202,1023,recvfrom(37, 0xbee6c9a8, 24, 64, 0, 0) = -1 EAGAIN (Try again)
19:19:27.635818,1023,ioctl(9, 0xc0186201, 0xbee6d178) = 0
19:19:27.636690,1023,clock_gettime(CLOCK_MONOTONIC, {185, 921699801}) = 0
19:19:27.637491,1023,clock_gettime(CLOCK_MONOTONIC, {185, 922435525}) = 0
19:19:27.655590,1023,clock_gettime(CLOCK_MONOTONIC, {185, 940563410}) = 0
19:19:27.656376,1023,clock_gettime(CLOCK_MONOTONIC, {185, 941322824}) = 0
19:19:27.657064,1023,clock_gettime(CLOCK_MONOTONIC, {185, 942013567}) = 0
19:19:27.657745,1023,write(29, "W", 1) = 1
19:19:27.658653,1023,ioctl(9, 0xc0186201, 0xbee6cf10) = 0
19:19:27.660356,1023,clock_gettime(CLOCK_MONOTONIC, {185, 945304911}) = 0
19:19:27.663837,1023,clock_gettime(CLOCK_MONOTONIC, {185, 948799367}) = 0
19:19:27.664633,1023,ioctl(9, 0xc0186201, 0xbee6d0c8) = 0
19:19:27.665789,1023,getpid() = 1023
19:19:27.666352,1023,getuid32() = 10050
19:19:27.666945,1023,epoll_wait(0x1e, 0xbee6d1f8, 0x10, 0) = 2
19:19:27.667528,1023,read(23, "WW", 16) = 2
19:19:27.668142,1023,recvfrom(37, "nysv\0\0\0\0T\223\7J+\0\0\0y\7\0\0\224Â'¸", 24, MSG_DONTWAIT, NULL, NULL) = 24
19:19:27.668886,1023,recvfrom(37, 0xbee6c828, 24, 64, 0, 0) = -1 EAGAIN (Try again)
19:19:27.669509,1023,clock_gettime(CLOCK_MONOTONIC, {185, 954451211}) = 0
19:19:27.670212,1023,clock_gettime(CLOCK_MONOTONIC, {185, 955161861}) = 0
19:19:27.670869,1023,clock_gettime(CLOCK_MONOTONIC, {185, 955811414}) = 0
19:19:27.671516,1023,clock_gettime(CLOCK_MONOTONIC, {185, 956457294}) = 0
19:19:27.672177,1023,recvfrom(38, 0xb88738b0, 1240, 64, 0, 0) = -1 EAGAIN (Try again)
19:19:27.672793,1023,clock_gettime(CLOCK_MONOTONIC, {185, 957734306}) = 0
19:19:27.673441,1023,clock_gettime(CLOCK_MONOTONIC, {185, 980586102}) = 0
19:19:27.696390,1023,getpid() = 1023
19:19:27.696957,1023,getuid32() = 10050
19:19:27.697564,1023,epoll_wait(0x1e, 0xbee6d1f8, 0x10, 0) = 0
19:19:27.698157,1023,clock_gettime(CLOCK_MONOTONIC, {185, 983105975}) = 0
19:19:27.698817,1023,ioctl(9, 0xc0186201, 0xbee6d328) = 0
19:19:27.699426,1023,epoll_wait(0x1e, 0xbee6d1f8, 0x10, 0x1e) = 0
19:19:27.735118,1023,clock_gettime(CLOCK_MONOTONIC, {186, 20083540}) = 0
19:19:27.735800,1023,clock_gettime(CLOCK_MONOTONIC, {186, 20745092}) = 0
19:19:27.736475,1023,recvfrom(37, 0xbee6c9a8, 24, 64, 0, 0) = -1 EAGAIN (Try again)
19:19:27.737084,1023,ioctl(9, 0xc0186201, 0xbee6d178) = 0
19:19:27.737970,1023,getpid() = 1023
19:19:27.738651,1023,getuid32() = 10050
19:19:27.739252,1023,epoll_wait(0x1e, 0xbee6d1f8, 0x10, 0) = 0
19:19:27.739830,1023,clock_gettime(CLOCK_MONOTONIC, {186, 24771631}) = 0
19:19:27.740493,1023,epoll_wait(0x1e, 0xbee6d1f8, 0x10, 0xffffffff) = 1
19:19:27.747928,1023,recvfrom(37, "nysv\0\0\0\0X\4ûO+\0\0\0{\7\0\0\224Â'¸", 24, MSG_DONTWAIT, NULL, NULL) = 24
19:19:27.748706,1023,recvfrom(37, 0xbee6c828, 24, 64, 0, 0) = -1 EAGAIN (Try again)
19:19:27.749343,1023,clock_gettime(CLOCK_MONOTONIC, {186, 34287959}) = 0
19:19:27.750019,1023,write(29, "W", 1) = 1
19:19:27.750718,1023,clock_gettime(CLOCK_MONOTONIC, {186, 35688667}) = 0
19:19:27.751408,1023,clock_gettime(CLOCK_MONOTONIC, {186, 36351447}) = 0
19:19:27.752051,1023,clock_gettime(CLOCK_MONOTONIC, {186, 36999172}) = 0
19:19:27.752699,1023,clock_gettime(CLOCK_MONOTONIC, {186, 37641947}) = 0
19:19:27.753846,1023,clock_gettime(CLOCK_MONOTONIC, {186, 38847414}) = 0
19:19:27.754580,1023,clock_gettime(CLOCK_MONOTONIC, {186, 39525345}) = 0
19:19:27.755256,1023,recvfrom(37, 0xbee6c9a8, 24, 64, 0, 0) = -1 EAGAIN (Try again)
19:19:27.755861,1023,ioctl(9, 0xc0186201, 0xbee6d178) = 0
19:19:27.756734,1023,clock_gettime(CLOCK_MONOTONIC, {186, 41731851}) = 0
19:19:27.757468,1023,clock_gettime(CLOCK_MONOTONIC, {186, 42412821}) = 0
19:19:27.758118,1023,clock_gettime(CLOCK_MONOTONIC, {186, 43066527}) = 0
19:19:27.758771,1023,clock_gettime(CLOCK_MONOTONIC, {186, 43713558}) = 0
19:19:27.759448,1023,clock_gettime(CLOCK_MONOTONIC, {186, 44390647}) = 0
19:19:27.760116,1023,write(29, "W", 1) = 1
19:19:27.760939,1023,ioctl(9, 0xc0186201, 0xbee6cf10) = 0
19:19:27.761765,1023,ioctl(9, 0xc0186201, 0xbee6cf10) = 0
19:19:27.763096,1023,clock_gettime(CLOCK_MONOTONIC, {186, 48049966}) = 0
19:19:27.765633,1023,clock_gettime(CLOCK_MONOTONIC, {186, 50583054}) = 0
19:19:27.766301,1023,ioctl(9, 0xc0186201, 0xbee6d0c8) = 0
19:19:27.767181,1023,ioctl(9, 0xc0186201, 0xbee6d0c8) = 0
19:19:27.767888,1023,getpid() = 1023
19:19:27.768453,1023,getuid32() = 10050
19:19:27.769049,1023,epoll_wait(0x1e, 0xbee6d1f8, 0x10, 0) = 2
19:19:27.793329,1023,read(23, "WW", 16) = 2
19:19:27.793956,1023,recvfrom(37, "nysv\0\0\0\0\200dåP+\0\0\0|\7\0\0\224Â'¸", 24, MSG_DONTWAIT, NULL, NULL) = 24
19:19:27.794702,1023,recvfrom(37, 0xbee6c828, 24, 64, 0, 0) = -1 EAGAIN (Try again)
19:19:27.795340,1023,clock_gettime(CLOCK_MONOTONIC, {186, 80284644}) = 0
19:19:27.796077,1023,clock_gettime(CLOCK_MONOTONIC, {186, 81026145}) = 0
19:19:27.796739,1023,clock_gettime(CLOCK_MONOTONIC, {186, 81681809}) = 0
19:19:27.797388,1023,clock_gettime(CLOCK_MONOTONIC, {186, 82329735}) = 0
19:19:27.798050,1023,recvfrom(38, 0xb88738b0, 1240, 64, 0, 0) = -1 EAGAIN (Try again)
19:19:27.798669,1023,clock_gettime(CLOCK_MONOTONIC, {186, 83610658}) = 0
19:19:27.799316,1023,clock_gettime(CLOCK_MONOTONIC, {186, 84257293}) = 0
19:19:27.805665,1023,getpid() = 1023
19:19:27.806304,1023,getuid32() = 10050
19:19:27.806909,1023,epoll_wait(0x1e, 0xbee6d1f8, 0x10, 0) = 0
19:19:27.807505,1023,clock_gettime(CLOCK_MONOTONIC, {186, 92448339}) = 0
19:19:27.808162,1023,ioctl(9, 0xc0186201, 0xbee6d328) = 0
19:19:27.808772,1023,epoll_wait(0x1e, 0xbee6d1f8, 0x10, 0x28) = 0
19:19:27.866994,1023,clock_gettime(CLOCK_MONOTONIC, {186, 151978505}) = 0
19:19:27.867721,1023,clock_gettime(CLOCK_MONOTONIC, {186, 152666912}) = 0
19:19:27.868458,1023,recvfrom(37, 0xbee6c9a8, 24, 64, 0, 0) = -1 EAGAIN (Try again)
19:19:27.869072,1023,ioctl(9, 0xc0186201, 0xbee6d178) = 0
19:19:27.870293,1023,getpid() = 1023
19:19:27.870901,1023,getuid32() = 10050
19:19:27.871540,1023,epoll_wait(0x1e, 0xbee6d1f8, 0x10, 0) = 0
19:19:27.872120,1023,clock_gettime(CLOCK_MONOTONIC, {186, 157071220}) = 0
19:19:27.872811,1023,epoll_wait(0x1e, 0xbee6d1f8, 0x10, 0xffffffff) = 1
19:19:27.875393,1023,recvfrom(37, "nysv\0\0\0\0¬5ÃW+\0\0\0}\7\0\0\224Â'¸", 24, MSG_DONTWAIT, NULL, NULL) = 24
19:19:27.876131,1023,recvfrom(37, 0xbee6c828, 24, 64, 0, 0) = -1 EAGAIN (Try again)
19:19:27.887007,1023,clock_gettime(CLOCK_MONOTONIC, {186, 172043499}) = 0
19:19:27.887789,1023,write(29, "W", 1) = 1
19:19:27.888544,1023,clock_gettime(CLOCK_MONOTONIC, {186, 173487722}) = 0
19:19:27.889196,1023,clock_gettime(CLOCK_MONOTONIC, {186, 174146465}) = 0
19:19:27.889845,1023,clock_gettime(CLOCK_MONOTONIC, {186, 174786800}) = 0
19:19:27.890493,1023,clock_gettime(CLOCK_MONOTONIC, {186, 175434794}) = 0
19:19:27.891393,1023,clock_gettime(CLOCK_MONOTONIC, {186, 176336069}) = 0
19:19:27.892053,1023,clock_gettime(CLOCK_MONOTONIC, {186, 177002327}) = 0
19:19:27.892744,1023,recvfrom(37, 0xbee6c9a8, 24, 64, 0, 0) = -1 EAGAIN (Try again)
19:19:27.893355,1023,ioctl(9, 0xc0186201, 0xbee6d178) = 0
19:19:27.894244,1023,clock_gettime(CLOCK_MONOTONIC, {186, 179255388}) = 0
19:19:27.895037,1023,clock_gettime(CLOCK_MONOTONIC, {186, 179986723}) = 0
19:19:27.895692,1023,clock_gettime(CLOCK_MONOTONIC, {186, 180634679}) = 0
19:19:27.896343,1023,clock_gettime(CLOCK_MONOTONIC, {186, 181286013}) = 0
19:19:27.897013,1023,clock_gettime(CLOCK_MONOTONIC, {186, 181954999}) = 0
19:19:27.897685,1023,write(29, "W", 1) = 1
19:19:27.898504,1023,ioctl(9, 0xc0186201, 0xbee6cf10) = 0
19:19:27.899330,1023,ioctl(9, 0xc0186201, 0xbee6cf10) = 0
19:19:27.900668,1023,clock_gettime(CLOCK_MONOTONIC, {186, 185617124}) = 0
19:19:27.909545,1023,clock_gettime(CLOCK_MONOTONIC, {186, 194514289}) = 0
19:19:27.910239,1023,ioctl(9, 0xc0186201, 0xbee6d0c8) = 0
19:19:27.911328,1023,getpid() = 1023
19:19:27.911884,1023,getuid32() = 10050
19:19:27.912485,1023,epoll_wait(0x1e, 0xbee6d1f8, 0x10, 0) = 2
19:19:27.913062,1023,read(23, "WW", 16) = 2
19:19:27.913678,1023,recvfrom(37, "nysv\0\0\0\0ò]]Y+\0\0\0~\7\0\0\224Â'¸", 24, MSG_DONTWAIT, NULL, NULL) = 24
19:19:27.914419,1023,recvfrom(37, 0xbee6c828, 24, 64, 0, 0) = -1 EAGAIN (Try again)
19:19:27.936702,1023,clock_gettime(CLOCK_MONOTONIC, {186, 221687097}) = 0
19:19:27.937748,1023,clock_gettime(CLOCK_MONOTONIC, {186, 222683654}) = 0
19:19:27.938418,1023,clock_gettime(CLOCK_MONOTONIC, {186, 223354420}) = 0
19:19:27.939039,1023,clock_gettime(CLOCK_MONOTONIC, {186, 223974416}) = 0
19:19:27.939718,1023,recvfrom(38, 0xb88738b0, 1240, 64, 0, 0) = -1 EAGAIN (Try again)
19:19:27.940350,1023,clock_gettime(CLOCK_MONOTONIC, {186, 225286073}) = 0
19:19:27.940969,1023,clock_gettime(CLOCK_MONOTONIC, {186, 225902428}) = 0
19:19:27.941627,1023,getpid() = 1023
19:19:27.942152,1023,getuid32() = 10050
19:19:27.942754,1023,epoll_wait(0x1e, 0xbee6d1f8, 0x10, 0) = 0
19:19:27.943357,1023,clock_gettime(CLOCK_MONOTONIC, {186, 228290484}) = 0
19:19:27.943981,1023,ioctl(9, 0xc0186201, 0xbee6d328) = 0
19:19:27.944598,1023,epoll_wait(0x1e, 0xbee6d1f8, 0x10, 0x2a <unfinished ...>
19:19:27.979894,1050,<... futex resumed> ) = -1 ETIMEDOUT (Connection timed out)
19:19:27.980398,1050,clock_gettime(CLOCK_MONOTONIC, {186, 265334771}) = 0
19:19:27.980994,1050,clock_gettime(CLOCK_MONOTONIC, {186, 265942148}) = 0
19:19:27.981585,1050,futex(0xb8882488, FUTEX_WAIT_PRIVATE, 0, {14, 999392623} <unfinished ...>
19:19:27.992792,1023,<... epoll_wait resumed> ) = 0
19:19:27.993281,1023,clock_gettime(CLOCK_MONOTONIC, {186, 278240079}) = 0
19:19:27.993927,1023,clock_gettime(CLOCK_MONOTONIC, {186, 278854894}) = 0
19:19:27.994605,1023,recvfrom(37, 0xbee6c9a8, 24, 64, 0, 0) = -1 EAGAIN (Try again)
19:19:27.995168,1023,ioctl(9, 0xc0186201, 0xbee6d178) = 0
19:19:27.996013,1023,getpid() = 1023
19:19:27.996675,1023,getuid32() = 10050
19:19:27.998104,1023,epoll_wait(0x1e, 0xbee6d1f8, 0x10, 0) = 1
19:19:28.006936,1023,recvfrom(37, "nysv\0\0\0\0öÎP_+\0\0\0\200\7\0\0\224Â'¸", 24, MSG_DONTWAIT, NULL, NULL) = 24
19:19:28.008177,1023,recvfrom(37, 0xbee6c828, 24, 64, 0, 0) = -1 EAGAIN (Try again)
19:19:28.008820,1023,clock_gettime(CLOCK_MONOTONIC, {186, 293745615}) = 0
19:19:28.009552,1023,clock_gettime(CLOCK_MONOTONIC, {186, 294477486}) = 0
19:19:28.010151,1023,clock_gettime(CLOCK_MONOTONIC, {186, 295176812}) = 0
19:19:28.010878,1023,clock_gettime(CLOCK_MONOTONIC, {186, 295812375}) = 0
19:19:28.011634,1023,clock_gettime(CLOCK_MONOTONIC, {186, 296560294}) = 0
19:19:28.012593,1023,clock_gettime(CLOCK_MONOTONIC, {186, 297526196}) = 0
19:19:28.013254,1023,clock_gettime(CLOCK_MONOTONIC, {186, 298215061}) = 0
19:19:28.013983,1023,recvfrom(37, 0xbee6c9a8, 24, 64, 0, 0) = -1 EAGAIN (Try again)
19:19:28.014618,1023,ioctl(9, 0xc0186201, 0xbee6d178) = 0
19:19:28.015774,1023,clock_gettime(CLOCK_MONOTONIC, {186, 300711110}) = 0
19:19:28.016537,1023,clock_gettime(CLOCK_MONOTONIC, {186, 301511236}) = 0
19:19:28.017255,1023,clock_gettime(CLOCK_MONOTONIC, {186, 302202407}) = 0
19:19:28.017887,1023,clock_gettime(CLOCK_MONOTONIC, {186, 302819164}) = 0
19:19:28.018593,1023,clock_gettime(CLOCK_MONOTONIC, {186, 303526555}) = 0
19:19:28.019259,1023,write(29, "W", 1) = 1
19:19:28.020131,1023,ioctl(9, 0xc0186201, 0xbee6cf10) = 0
19:19:28.021855,1023,clock_gettime(CLOCK_MONOTONIC, {186, 306794502}) = 0
19:19:28.025444,1023,clock_gettime(CLOCK_MONOTONIC, {186, 310384873}) = 0
19:19:28.026080,1023,ioctl(9, 0xc0186201, 0xbee6d0c8) = 0
19:19:28.027111,1023,getpid() = 1023
19:19:28.027652,1023,getuid32() = 10050
19:19:28.028281,1023,epoll_wait(0x1e, 0xbee6d1f8, 0x10, 0) = 1
19:19:28.028825,1023,read(23, "W", 16) = 1
19:19:28.029433,1023,clock_gettime(CLOCK_MONOTONIC, {186, 314365155}) = 0
19:19:28.030054,1023,ioctl(9, 0xc0186201, 0xbee6d328) = 0
19:19:28.030625,1023,epoll_wait(0x1e, 0xbee6d1f8, 0x10, 0x4d) = 1
19:19:28.052766,1023,recvfrom(37, "nysv\0\0\0\0(Çu`+\0\0\0\201\7\0\0\224Â'¸", 24, MSG_DONTWAIT, NULL, NULL) = 24
19:19:28.053489,1023,recvfrom(37, 0xbee6c828, 24, 64, 0, 0) = -1 EAGAIN (Try again)
19:19:28.054086,1023,clock_gettime(CLOCK_MONOTONIC, {186, 339024034}) = 0
19:19:28.054739,1023,write(29, "W", 1) = 1
19:19:28.055498,1023,clock_gettime(CLOCK_MONOTONIC, {186, 340424549}) = 0
19:19:28.056098,1023,clock_gettime(CLOCK_MONOTONIC, {186, 341030378}) = 0
19:19:28.056692,1023,clock_gettime(CLOCK_MONOTONIC, {186, 341617897}) = 0
19:19:28.057342,1023,recvfrom(38, 0xb88738b0, 1240, 64, 0, 0) = -1 EAGAIN (Try again)
19:19:28.057902,1023,clock_gettime(CLOCK_MONOTONIC, {186, 342827679}) = 0
19:19:28.058497,1023,clock_gettime(CLOCK_MONOTONIC, {186, 343423183}) = 0
19:19:28.059148,1023,getpid() = 1023
19:19:28.059657,1023,getuid32() = 10050
19:19:28.060193,1023,epoll_wait(0x1e, 0xbee6d1f8, 0x10, 0) = 1
19:19:28.060715,1023,read(23, "W", 16) = 1
19:19:28.061292,1023,clock_gettime(CLOCK_MONOTONIC, {186, 346216930}) = 0
19:19:28.061901,1023,epoll_wait(0x1e, 0xbee6d1f8, 0x10, 0x2d) = 0
19:19:28.113446,1023,clock_gettime(CLOCK_MONOTONIC, {186, 398407812}) = 0
19:19:28.114164,1023,clock_gettime(CLOCK_MONOTONIC, {186, 399143413}) = 0
19:19:28.115052,1023,recvfrom(37, 0xbee6c9a8, 24, 64, 0, 0) = -1 EAGAIN (Try again)
19:19:28.115694,1023,ioctl(9, 0xc0186201, 0xbee6d178) = 0
19:19:28.126807,1023,getpid() = 1023
19:19:28.127553,1023,getuid32() = 10050
19:19:28.128127,1023,epoll_wait(0x1e, 0xbee6d1f8, 0x10, 0) = 1
19:19:28.129155,1023,recvfrom(37, "nysv\0\0\0\0,8if+\0\0\0\202\7\0\0\224Â'¸", 24, MSG_DONTWAIT, NULL, NULL) = 24
19:19:28.129926,1023,recvfrom(37, 0xbee6c828, 24, 64, 0, 0) = -1 EAGAIN (Try again)
19:19:28.130808,1023,clock_gettime(CLOCK_MONOTONIC, {186, 415804202}) = 0
19:19:28.131629,1023,clock_gettime(CLOCK_MONOTONIC, {186, 416558856}) = 0
19:19:28.132374,1023,clock_gettime(CLOCK_MONOTONIC, {186, 417303819}) = 0
19:19:28.132987,1023,clock_gettime(CLOCK_MONOTONIC, {186, 417959811}) = 0
19:19:28.133681,1023,clock_gettime(CLOCK_MONOTONIC, {186, 418608153}) = 0
19:19:28.134671,1023,clock_gettime(CLOCK_MONOTONIC, {186, 419602499}) = 0
19:19:28.135403,1023,clock_gettime(CLOCK_MONOTONIC, {186, 420331461}) = 0
19:19:28.136068,1023,recvfrom(37, 0xbee6c9a8, 24, 64, 0, 0) = -1 EAGAIN (Try again)
19:19:28.136707,1023,ioctl(9, 0xc0186201, 0xbee6d178) = 0
19:19:28.137635,1023,clock_gettime(CLOCK_MONOTONIC, {186, 422573122}) = 0
19:19:28.138355,1023,clock_gettime(CLOCK_MONOTONIC, {186, 423290225}) = 0
19:19:28.139167,1023,clock_gettime(CLOCK_MONOTONIC, {186, 424178505}) = 0
19:19:28.139851,1023,clock_gettime(CLOCK_MONOTONIC, {186, 424784423}) = 0
19:19:28.140534,1023,clock_gettime(CLOCK_MONOTONIC, {186, 425469489}) = 0
19:19:28.141176,1023,write(29, "W", 1) = 1
19:19:28.142075,1023,ioctl(9, 0xc0186201, 0xbee6cf10) = 0
19:19:28.142922,1023,ioctl(9, 0xc0186201, 0xbee6cf10) = 0
19:19:28.144400,1023,clock_gettime(CLOCK_MONOTONIC, {186, 429339072}) = 0
19:19:28.147747,1023,clock_gettime(CLOCK_MONOTONIC, {186, 432687588}) = 0
19:19:28.156386,1023,ioctl(9, 0xc0186201, 0xbee6d0c8) = 0
19:19:28.157396,1023,ioctl(9, 0xc0186201, 0xbee6d0c8) = 0
19:19:28.158192,1023,getpid() = 1023
19:19:28.158812,1023,getuid32() = 10050
19:19:28.159583,1023,epoll_wait(0x1e, 0xbee6d1f8, 0x10, 0) = 1
19:19:28.160465,1023,read(23, "W", 16) = 1
19:19:28.166769,1023,clock_gettime(CLOCK_MONOTONIC, {186, 451775656}) = 0
19:19:28.167689,1023,ioctl(9, 0xc0186201, 0xbee6d328) = 0
19:19:28.168419,1023,epoll_wait(0x1e, 0xbee6d1f8, 0x10, 0x3e) = 1
19:19:28.188828,1023,recvfrom(37, "nysv\0\0\0\0àè\207j+\0\0\0\204\7\0\0\224Â'¸", 24, MSG_DONTWAIT, NULL, NULL) = 24
19:19:28.189596,1023,recvfrom(37, 0xbee6c828, 24, 64, 0, 0) = -1 EAGAIN (Try again)
19:19:28.190299,1023,clock_gettime(CLOCK_MONOTONIC, {186, 475236002}) = 0
19:19:28.190957,1023,write(29, "W", 1) = 1
19:19:28.191719,1023,clock_gettime(CLOCK_MONOTONIC, {186, 476655248}) = 0
19:19:28.192387,1023,clock_gettime(CLOCK_MONOTONIC, {186, 477322974}) = 0
19:19:28.193041,1023,clock_gettime(CLOCK_MONOTONIC, {186, 477974386}) = 0
19:19:28.193720,1023,recvfrom(38, 0xb88738b0, 1240, 64, 0, 0) = -1 EAGAIN (Try again)
19:19:28.194406,1023,clock_gettime(CLOCK_MONOTONIC, {186, 479342044}) = 0
19:19:28.195085,1023,clock_gettime(CLOCK_MONOTONIC, {186, 480052748}) = 0
19:19:28.195738,1023,getpid() = 1023
19:19:28.196365,1023,getuid32() = 10050
19:19:28.196931,1023,epoll_wait(0x1e, 0xbee6d1f8, 0x10, 0) = 1
19:19:28.197568,1023,read(23, "W", 16) = 1
19:19:28.198206,1023,clock_gettime(CLOCK_MONOTONIC, {186, 483145982}) = 0
19:19:28.198851,1023,epoll_wait(0x1e, 0xbee6d1f8, 0x10, 0x1e) = 0
19:19:28.234614,1023,clock_gettime(CLOCK_MONOTONIC, {186, 519559126}) = 0
19:19:28.235273,1023,clock_gettime(CLOCK_MONOTONIC, {186, 520216988}) = 0
19:19:28.235907,1023,recvfrom(37, 0xbee6c9a8, 24, 64, 0, 0) = -1 EAGAIN (Try again)
19:19:28.247278,1023,ioctl(9, 0xc0186201, 0xbee6d178) = 0
19:19:28.248153,1023,getpid() = 1023
19:19:28.248793,1023,getuid32() = 10050
19:19:28.249415,1023,epoll_wait(0x1e, 0xbee6d1f8, 0x10, 0) = 0
19:19:28.249950,1023,clock_gettime(CLOCK_MONOTONIC, {186, 535239213}) = 0
19:19:28.250930,1023,epoll_wait(0x1e, 0xbee6d1f8, 0x10, 0xffffffff) = 1
19:19:28.253860,1023,recvfrom(37, "nysv\0\0\0\0\212\1ln+\0\0\0\205\7\0\0\224Â'¸", 24, MSG_DONTWAIT, NULL, NULL) = 24
19:19:28.254635,1023,recvfrom(37, 0xbee6c828, 24, 64, 0, 0) = -1 EAGAIN (Try again)
19:19:28.255309,1023,clock_gettime(CLOCK_MONOTONIC, {186, 540249746}) = 0
19:19:28.255970,1023,write(29, "W", 1) = 1
19:19:28.256743,1023,clock_gettime(CLOCK_MONOTONIC, {186, 541678983}) = 0
19:19:28.257406,1023,clock_gettime(CLOCK_MONOTONIC, {186, 542445237}) = 0
19:19:28.266812,1023,clock_gettime(CLOCK_MONOTONIC, {186, 551761844}) = 0
19:19:28.267483,1023,clock_gettime(CLOCK_MONOTONIC, {186, 552417081}) = 0
19:19:28.268389,1023,clock_gettime(CLOCK_MONOTONIC, {186, 553318124}) = 0
19:19:28.269000,1023,clock_gettime(CLOCK_MONOTONIC, {186, 553929280}) = 0
19:19:28.269862,1023,recvfrom(37, 0xbee6c9a8, 24, 64, 0, 0) = -1 EAGAIN (Try again)
19:19:28.270464,1023,ioctl(9, 0xc0186201, 0xbee6d178) = 0
19:19:28.271276,1023,clock_gettime(CLOCK_MONOTONIC, {186, 556340214}) = 0
19:19:28.272122,1023,clock_gettime(CLOCK_MONOTONIC, {186, 557172609}) = 0
19:19:28.272847,1023,clock_gettime(CLOCK_MONOTONIC, {186, 557820728}) = 0
19:19:28.273549,1023,clock_gettime(CLOCK_MONOTONIC, {186, 558477161}) = 0
19:19:28.274168,1023,clock_gettime(CLOCK_MONOTONIC, {186, 559133993}) = 0
19:19:28.274822,1023,write(29, "W", 1) = 1
19:19:28.275680,1023,ioctl(9, 0xc0186201, 0xbee6cf10) = 0
19:19:28.276538,1023,ioctl(9, 0xc0186201, 0xbee6cf10) = 0
19:19:28.277860,1023,clock_gettime(CLOCK_MONOTONIC, {186, 562793511}) = 0
19:19:28.281166,1023,clock_gettime(CLOCK_MONOTONIC, {186, 566138759}) = 0
19:19:28.281818,1023,ioctl(9, 0xc0186201, 0xbee6d0c8) = 0
19:19:28.282666,1023,ioctl(9, 0xc0186201, 0xbee6d0c8) = 0
19:19:28.283348,1023,getpid() = 1023
19:19:28.283858,1023,getuid32() = 10050
19:19:28.284438,1023,epoll_wait(0x1e, 0xbee6d1f8, 0x10, 0) = 1
19:19:28.284959,1023,read(23, "WW", 16) = 2
19:19:28.285577,1023,clock_gettime(CLOCK_MONOTONIC, {186, 570505412}) = 0
19:19:28.286176,1023,ioctl(9, 0xc0186201, 0xbee6d328) = 0
19:19:28.286787,1023,epoll_wait(0x1e, 0xbee6d1f8, 0x10, 0x4e) = 1
19:19:28.304177,1023,recvfrom(37, "nysv\0\0\0\0Æ\221Ëo+\0\0\0\206\7\0\0\224Â'¸", 24, MSG_DONTWAIT, NULL, NULL) = 24
19:19:28.304936,1023,recvfrom(37, 0xbee6c828, 24, 64, 0, 0) = -1 EAGAIN (Try again)
19:19:28.305558,1023,clock_gettime(CLOCK_MONOTONIC, {186, 590488051}) = 0
19:19:28.306192,1023,write(29, "W", 1) = 1
19:19:28.306872,1023,clock_gettime(CLOCK_MONOTONIC, {186, 591800571}) = 0
19:19:28.307514,1023,clock_gettime(CLOCK_MONOTONIC, {186, 592441490}) = 0
19:19:28.308164,1023,clock_gettime(CLOCK_MONOTONIC, {186, 593132149}) = 0
19:19:28.308816,1023,recvfrom(38, 0xb88738b0, 1240, 64, 0, 0) = -1 EAGAIN (Try again)
19:19:28.309418,1023,clock_gettime(CLOCK_MONOTONIC, {186, 594345626}) = 0
19:19:28.319334,1023,clock_gettime(CLOCK_MONOTONIC, {186, 604271389}) = 0
19:19:28.319945,1023,getpid() = 1023
19:19:28.320511,1023,getuid32() = 10050
19:19:28.321349,1023,epoll_wait(0x1e, 0xbee6d1f8, 0x10, 0) = 1
19:19:28.321966,1023,read(23, "W", 16) = 1
19:19:28.322724,1023,clock_gettime(CLOCK_MONOTONIC, {186, 607661850}) = 0
19:19:28.323484,1023,epoll_wait(0x1e, 0xbee6d1f8, 0x10, 0x29) = 0
19:19:28.376146,1023,clock_gettime(CLOCK_MONOTONIC, {186, 661200238}) = 0
19:19:28.376961,1023,clock_gettime(CLOCK_MONOTONIC, {186, 661893245}) = 0
19:19:28.377642,1023,recvfrom(37, 0xbee6c9a8, 24, 64, 0, 0) = -1 EAGAIN (Try again)
19:19:28.378258,1023,ioctl(9, 0xc0186201, 0xbee6d178) = 0
19:19:28.379642,1023,getpid() = 1023
19:19:28.380155,1023,getuid32() = 10050
19:19:28.380758,1023,epoll_wait(0x1e, 0xbee6d1f8, 0x10, 0) = 0
19:19:28.381380,1023,clock_gettime(CLOCK_MONOTONIC, {186, 666317072}) = 0
19:19:28.382000,1023,epoll_wait(0x1e, 0xbee6d1f8, 0x10, 0xffffffff) = 1
19:19:28.383004,1023,recvfrom(37, "nysv\0\0\0\0Þ24v+\0\0\0\207\7\0\0\224Â'¸", 24, MSG_DONTWAIT, NULL, NULL) = 24
19:19:28.384276,1023,recvfrom(37, 0xbee6c828, 24, 64, 0, 0) = -1 EAGAIN (Try again)
19:19:28.384896,1023,clock_gettime(CLOCK_MONOTONIC, {186, 669824500}) = 0
19:19:28.385573,1023,write(29, "W", 1) = 1
19:19:28.386241,1023,clock_gettime(CLOCK_MONOTONIC, {186, 671216202}) = 0
19:19:28.386888,1023,clock_gettime(CLOCK_MONOTONIC, {186, 671816058}) = 0
19:19:28.387549,1023,clock_gettime(CLOCK_MONOTONIC, {186, 672476405}) = 0
19:19:28.388200,1023,clock_gettime(CLOCK_MONOTONIC, {186, 673197023}) = 0
19:19:28.389483,1023,clock_gettime(CLOCK_MONOTONIC, {186, 674420336}) = 0
19:19:28.390376,1023,clock_gettime(CLOCK_MONOTONIC, {186, 675307637}) = 0
19:19:28.391018,1023,recvfrom(37, 0xbee6c9a8, 24, 64, 0, 0) = -1 EAGAIN (Try again)
19:19:28.391641,1023,ioctl(9, 0xc0186201, 0xbee6d178) = 0
19:19:28.392687,1023,clock_gettime(CLOCK_MONOTONIC, {186, 677677745}) = 0
19:19:28.393593,1023,clock_gettime(CLOCK_MONOTONIC, {186, 678569280}) = 0
19:19:28.394368,1023,clock_gettime(CLOCK_MONOTONIC, {186, 679473952}) = 0
19:19:28.395148,1023,clock_gettime(CLOCK_MONOTONIC, {186, 680117500}) = 0
19:19:28.395812,1023,clock_gettime(CLOCK_MONOTONIC, {186, 680740014}) = 0
19:19:28.396468,1023,write(29, "W", 1) = 1
19:19:28.397330,1023,ioctl(9, 0xc0186201, 0xbee6cf10) = 0
19:19:28.399024,1023,clock_gettime(CLOCK_MONOTONIC, {186, 684010841}) = 0
19:19:28.402629,1023,clock_gettime(CLOCK_MONOTONIC, {186, 687565107}) = 0
19:19:28.403344,1023,ioctl(9, 0xc0186201, 0xbee6d0c8) = 0
19:19:28.404364,1023,getpid() = 1023
19:19:28.404877,1023,getuid32() = 10050
19:19:28.405513,1023,epoll_wait(0x1e, 0xbee6d1f8, 0x10, 0) = 2
19:19:28.406103,1023,read(23, "WW", 16) = 2
19:19:28.406707,1023,recvfrom(37, "nysv\0\0\0\0üúãv+\0\0\0\210\7\0\0\224Â'¸", 24, MSG_DONTWAIT, NULL, NULL) = 24
19:19:28.407481,1023,recvfrom(37, 0xbee6c828, 24, 64, 0, 0) = -1 EAGAIN (Try again)
19:19:28.408049,1023,clock_gettime(CLOCK_MONOTONIC, {186, 693000718}) = 0
19:19:28.408736,1023,clock_gettime(CLOCK_MONOTONIC, {186, 693663142}) = 0
19:19:28.409374,1023,clock_gettime(CLOCK_MONOTONIC, {186, 694301551}) = 0
19:19:28.409963,1023,clock_gettime(CLOCK_MONOTONIC, {186, 694914165}) = 0
19:19:28.410669,1023,recvfrom(38, 0xb88738b0, 1240, 64, 0, 0) = -1 EAGAIN (Try again)
19:19:28.411818,1023,clock_gettime(CLOCK_MONOTONIC, {186, 718758689}) = 0
19:19:28.434591,1023,clock_gettime(CLOCK_MONOTONIC, {186, 719545833}) = 0
19:19:28.435293,1023,getpid() = 1023
19:19:28.435850,1023,getuid32() = 10050
19:19:28.436725,1023,epoll_wait(0x1e, 0xbee6d1f8, 0x10, 0) = 0
19:19:28.437413,1023,clock_gettime(CLOCK_MONOTONIC, {186, 722341517}) = 0
19:19:28.438016,1023,ioctl(9, 0xc0186201, 0xbee6d328) = 0
19:19:28.438677,1023,epoll_wait(0x1e, 0xbee6d1f8, 0x10, 0x2f) = 0
19:19:28.493627,1023,clock_gettime(CLOCK_MONOTONIC, {186, 778577387}) = 0
19:19:28.494326,1023,clock_gettime(CLOCK_MONOTONIC, {186, 779257399}) = 0
19:19:28.494951,1023,recvfrom(37, 0xbee6c9a8, 24, 64, 0, 0) = -1 EAGAIN (Try again)
19:19:28.495574,1023,ioctl(9, 0xc0186201, 0xbee6d178) = 0
19:19:28.496432,1023,getpid() = 1023
19:19:28.497057,1023,getuid32() = 10050
19:19:28.497647,1023,epoll_wait(0x1e, 0xbee6d1f8, 0x10, 0) = 0
19:19:28.498253,1023,clock_gettime(CLOCK_MONOTONIC, {186, 783194427}) = 0
19:19:28.498875,1023,epoll_wait(0x1e, 0xbee6d1f8, 0x10, 0xffffffff) = 1
19:19:28.502874,1023,recvfrom(37, "nysv\0\0\0\0\n\4\22}+\0\0\0\212\7\0\0\224Â'¸", 24, MSG_DONTWAIT, NULL, NULL) = 24
19:19:28.503630,1023,recvfrom(37, 0xbee6c828, 24, 64, 0, 0) = -1 EAGAIN (Try again)
19:19:28.504244,1023,clock_gettime(CLOCK_MONOTONIC, {186, 789200590}) = 0
19:19:28.504899,1023,write(29, "W", 1) = 1
19:19:28.505604,1023,clock_gettime(CLOCK_MONOTONIC, {186, 801540499}) = 0
19:19:28.517369,1023,clock_gettime(CLOCK_MONOTONIC, {186, 802301788}) = 0
19:19:28.517972,1023,clock_gettime(CLOCK_MONOTONIC, {186, 802900052}) = 0
19:19:28.518767,1023,clock_gettime(CLOCK_MONOTONIC, {186, 803695266}) = 0
19:19:28.519687,1023,clock_gettime(CLOCK_MONOTONIC, {186, 804615703}) = 0
19:19:28.520448,1023,clock_gettime(CLOCK_MONOTONIC, {186, 805376483}) = 0
19:19:28.521182,1023,recvfrom(37, 0xbee6c9a8, 24, 64, 0, 0) = -1 EAGAIN (Try again)
19:19:28.521796,1023,ioctl(9, 0xc0186201, 0xbee6d178) = 0
19:19:28.522672,1023,clock_gettime(CLOCK_MONOTONIC, {186, 807661407}) = 0
19:19:28.523500,1023,clock_gettime(CLOCK_MONOTONIC, {186, 808429437}) = 0
19:19:28.524156,1023,clock_gettime(CLOCK_MONOTONIC, {186, 809116798}) = 0
19:19:28.524783,1023,clock_gettime(CLOCK_MONOTONIC, {186, 809710333}) = 0
19:19:28.525439,1023,clock_gettime(CLOCK_MONOTONIC, {186, 810367002}) = 0
19:19:28.526054,1023,write(29, "W", 1) = 1
19:19:28.526856,1023,ioctl(9, 0xc0186201, 0xbee6cf10) = 0
19:19:28.527660,1023,ioctl(9, 0xc0186201, 0xbee6cf10) = 0
19:19:28.528990,1023,clock_gettime(CLOCK_MONOTONIC, {186, 813922050}) = 0
19:19:28.531919,1023,clock_gettime(CLOCK_MONOTONIC, {186, 816851824}) = 0
19:19:28.532566,1023,ioctl(9, 0xc0186201, 0xbee6d0c8) = 0
19:19:28.533408,1023,ioctl(9, 0xc0186201, 0xbee6d0c8) = 0
19:19:28.534049,1023,getpid() = 1023
19:19:28.534598,1023,getuid32() = 10050
19:19:28.535140,1023,epoll_wait(0x1e, 0xbee6d1f8, 0x10, 0) = 1
19:19:28.535700,1023,read(23, "WW", 16) = 2
19:19:28.536317,1023,clock_gettime(CLOCK_MONOTONIC, {186, 821244855}) = 0
19:19:28.536916,1023,ioctl(9, 0xc0186201, 0xbee6d328) = 0
19:19:28.537499,1023,epoll_wait(0x1e, 0xbee6d1f8, 0x10, 0x4d) = 1
19:19:28.546483,1046,<... select resumed> ) = 0 (Timeout)
19:19:28.546829,1023,recvfrom(37, <unfinished ...>
19:19:28.547182,1046,sendto(48, "ûd\1\0\0\1\0\0\0\0\0\0\6client\nmustmobile\3c"..., 39, 0, NULL, 0 <unfinished ...>
19:19:28.547744,1023,<... recvfrom resumed> "nysv\0\0\0\0P,¬~+\0\0\0\213\7\0\0\224Â'¸", 24, MSG_DONTWAIT, NULL, NULL) = 24
19:19:28.548387,1046,<... sendto resumed> ) = 39
19:19:28.548873,1023,recvfrom(37, <unfinished ...>
19:19:28.549195,1046,clock_gettime(CLOCK_REALTIME, <unfinished ...>
19:19:28.549559,1023,<... recvfrom resumed> 0xbee6c828, 24, 64, 0, 0) = -1 EAGAIN (Try again)
19:19:28.549841,1046,<... clock_gettime resumed> {1738783168, 549749816}) = 0
19:19:28.550347,1023,clock_gettime(CLOCK_MONOTONIC, <unfinished ...>
19:19:28.550663,1046,clock_gettime(CLOCK_REALTIME, <unfinished ...>
19:19:28.550944,1023,<... clock_gettime resumed> {186, 835591847}) = 0
19:19:28.551339,1046,<... clock_gettime resumed> {1738783168, 551187670}) = 0
19:19:28.551780,1023,write(29, "W", 1 <unfinished ...>
19:19:28.552104,1046,select(49, [48], NULL, NULL, {4, 998563} <unfinished ...>
19:19:28.552593,1023,<... write resumed> ) = 1
19:19:28.553022,1023,clock_gettime(CLOCK_MONOTONIC, {186, 838094315}) = 0
19:19:28.553788,1023,clock_gettime(CLOCK_MONOTONIC, {186, 838723908}) = 0
19:19:28.554529,1023,clock_gettime(CLOCK_MONOTONIC, {186, 839463920}) = 0
19:19:28.555252,1023,recvfrom(38, 0xb88738b0, 1240, 64, 0, 0) = -1 EAGAIN (Try again)
19:19:28.555886,1023,clock_gettime(CLOCK_MONOTONIC, {186, 840822196}) = 0
19:19:28.556560,1023,clock_gettime(CLOCK_MONOTONIC, {186, 850866040}) = 0
19:19:28.566648,1023,getpid() = 1023
19:19:28.567411,1023,getuid32() = 10050
19:19:28.568005,1023,epoll_wait(0x1e, 0xbee6d1f8, 0x10, 0) = 1
19:19:28.568772,1023,read(23, "W", 16) = 1
19:19:28.569530,1023,clock_gettime(CLOCK_MONOTONIC, {186, 854472575}) = 0
19:19:28.570370,1023,epoll_wait(0x1e, 0xbee6d1f8, 0x10, 0x2c) = 0
19:19:28.616111,1023,clock_gettime(CLOCK_MONOTONIC, {186, 901124323}) = 0
19:19:28.616851,1023,clock_gettime(CLOCK_MONOTONIC, {186, 901800202}) = 0
19:19:28.617650,1023,recvfrom(37, 0xbee6c9a8, 24, 64, 0, 0) = -1 EAGAIN (Try again)
19:19:28.618327,1023,ioctl(9, 0xc0186201, 0xbee6d178) = 0
19:19:28.619723,1023,getpid() = 1023
19:19:28.620332,1023,getuid32() = 10050
19:19:28.620917,1023,epoll_wait(0x1e, 0xbee6d1f8, 0x10, 0) = 0
19:19:28.621525,1023,clock_gettime(CLOCK_MONOTONIC, {186, 906462401}) = 0
19:19:28.622169,1023,epoll_wait(0x1e, 0xbee6d1f8, 0x10, 0xffffffff) = 1
19:19:28.623738,1023,recvfrom(37, "nysv\0\0\0\0J\5e\204+\0\0\0\214\7\0\0\224Â'¸", 24, MSG_DONTWAIT, NULL, NULL) = 24
19:19:28.624806,1023,recvfrom(37, 0xbee6c828, 24, 64, 0, 0) = -1 EAGAIN (Try again)
19:19:28.625479,1023,clock_gettime(CLOCK_MONOTONIC, {186, 910417144}) = 0
19:19:28.626292,1023,write(29, "W", 1) = 1
19:19:28.627092,1023,clock_gettime(CLOCK_MONOTONIC, {186, 912070150}) = 0
19:19:28.627777,1023,clock_gettime(CLOCK_MONOTONIC, {186, 912714862}) = 0
19:19:28.628448,1023,clock_gettime(CLOCK_MONOTONIC, {186, 913385115}) = 0
19:19:28.629318,1023,clock_gettime(CLOCK_MONOTONIC, {186, 914265526}) = 0
19:19:28.630305,1023,clock_gettime(CLOCK_MONOTONIC, {186, 915267446}) = 0
19:19:28.631059,1023,clock_gettime(CLOCK_MONOTONIC, {186, 916037642}) = 0
19:19:28.631873,1023,recvfrom(37, 0xbee6c9a8, 24, 64, 0, 0) = -1 EAGAIN (Try again)
19:19:28.632588,1023,ioctl(9, 0xc0186201, 0xbee6d178) = 0
19:19:28.633748,1023,clock_gettime(CLOCK_MONOTONIC, {186, 918694543}) = 0
19:19:28.634571,1023,clock_gettime(CLOCK_MONOTONIC, {186, 919512746}) = 0
19:19:28.635208,1023,clock_gettime(CLOCK_MONOTONIC, {186, 920183817}) = 0
19:19:28.635875,1023,clock_gettime(CLOCK_MONOTONIC, {186, 920812403}) = 0
19:19:28.636578,1023,clock_gettime(CLOCK_MONOTONIC, {186, 921506195}) = 0
19:19:28.637195,1023,write(29, "W", 1) = 1
19:19:28.638442,1023,ioctl(9, 0xc0186201, 0xbee6cf10) = 0
19:19:28.640153,1023,clock_gettime(CLOCK_MONOTONIC, {186, 925671997}) = 0
19:19:28.644316,1023,clock_gettime(CLOCK_MONOTONIC, {186, 929254369}) = 0
19:19:28.644938,1023,ioctl(9, 0xc0186201, 0xbee6d0c8) = 0
19:19:28.646009,1023,getpid() = 1023
19:19:28.676974,1023,getuid32() = 10050
19:19:28.677689,1023,epoll_wait(0x1e, 0xbee6d1f8, 0x10, 0) = 2
19:19:28.678254,1023,read(23, "WW", 16) = 2
19:19:28.678834,1023,recvfrom(37, "nysv\0\0\0\0reO\205+\0\0\0\215\7\0\0\224Â'¸", 24, MSG_DONTWAIT, NULL, NULL) = 24
19:19:28.679616,1023,recvfrom(37, 0xbee6c828, 24, 64, 0, 0) = -1 EAGAIN (Try again)
19:19:28.680326,1023,clock_gettime(CLOCK_MONOTONIC, {186, 965254424}) = 0
19:19:28.680992,1023,clock_gettime(CLOCK_MONOTONIC, {186, 965920633}) = 0
19:19:28.681631,1023,clock_gettime(CLOCK_MONOTONIC, {186, 966559132}) = 0
19:19:28.682247,1023,clock_gettime(CLOCK_MONOTONIC, {186, 967213533}) = 0
19:19:28.682899,1023,recvfrom(38, 0xb88738b0, 1240, 64, 0, 0) = -1 EAGAIN (Try again)
19:19:28.683500,1023,clock_gettime(CLOCK_MONOTONIC, {186, 968428371}) = 0
19:19:28.684091,1023,clock_gettime(CLOCK_MONOTONIC, {186, 969056767}) = 0
19:19:28.684725,1023,getpid() = 1023
19:19:28.686196,1023,getuid32() = 10050
19:19:28.687302,1023,epoll_wait(0x1e, 0xbee6d1f8, 0x10, 0) = 0
19:19:28.687869,1023,clock_gettime(CLOCK_MONOTONIC, {186, 972863149}) = 0
19:19:28.688596,1023,ioctl(9, 0xc0186201, 0xbee6d328) = 0
19:19:28.689259,1023,epoll_wait(0x1e, 0xbee6d1f8, 0x10, 0x25) = 0
19:19:28.730187,1023,clock_gettime(CLOCK_MONOTONIC, {187, 15141859}) = 0
19:19:28.730829,1023,clock_gettime(CLOCK_MONOTONIC, {187, 15790830}) = 0
19:19:28.731544,1023,recvfrom(37, 0xbee6c9a8, 24, 64, 0, 0) = -1 EAGAIN (Try again)
19:19:28.732164,1023,ioctl(9, 0xc0186201, 0xbee6d178) = 0
19:19:28.733066,1023,getpid() = 1023
19:19:28.733728,1023,getuid32() = 10050
19:19:28.734318,1023,epoll_wait(0x1e, 0xbee6d1f8, 0x10, 0) = 0
19:19:28.734848,1023,clock_gettime(CLOCK_MONOTONIC, {187, 19774871}) = 0
19:19:28.735490,1023,epoll_wait(0x1e, 0xbee6d1f8, 0x10, 0xffffffff) = 1
19:19:28.736821,1023,recvfrom(37, "nysv\0\0\0\0vÖB\213+\0\0\0\217\7\0\0\224Â'¸", 24, MSG_DONTWAIT, NULL, NULL) = 24
19:19:28.737575,1023,recvfrom(37, 0xbee6c828, 24, 64, 0, 0) = -1 EAGAIN (Try again)
19:19:28.738177,1023,clock_gettime(CLOCK_MONOTONIC, {187, 23149057}) = 0
19:19:28.738853,1023,write(29, "W", 1) = 1
19:19:28.739618,1023,clock_gettime(CLOCK_MONOTONIC, {187, 24553952}) = 0
19:19:28.740284,1023,clock_gettime(CLOCK_MONOTONIC, {187, 25220011}) = 0
19:19:28.740898,1023,clock_gettime(CLOCK_MONOTONIC, {187, 25832026}) = 0
19:19:28.741548,1023,clock_gettime(CLOCK_MONOTONIC, {187, 26483362}) = 0
19:19:28.742447,1023,clock_gettime(CLOCK_MONOTONIC, {187, 27384070}) = 0
19:19:28.743140,1023,clock_gettime(CLOCK_MONOTONIC, {187, 28111268}) = 0
19:19:28.743811,1023,recvfrom(37, 0xbee6c9a8, 24, 64, 0, 0) = -1 EAGAIN (Try again)
19:19:28.744420,1023,ioctl(9, 0xc0186201, 0xbee6d178) = 0
19:19:28.745306,1023,clock_gettime(CLOCK_MONOTONIC, {187, 30294172}) = 0
19:19:28.746001,1023,clock_gettime(CLOCK_MONOTONIC, {187, 30937538}) = 0
19:19:28.746627,1023,clock_gettime(CLOCK_MONOTONIC, {187, 31561382}) = 0
19:19:28.747249,1023,clock_gettime(CLOCK_MONOTONIC, {187, 32183770}) = 0
19:19:28.747888,1023,clock_gettime(CLOCK_MONOTONIC, {187, 32838506}) = 0
19:19:28.748558,1023,write(29, "W", 1) = 1
19:19:28.749369,1023,ioctl(9, 0xc0186201, 0xbee6cf10) = 0
19:19:28.750163,1023,ioctl(9, 0xc0186201, 0xbee6cf10) = 0
19:19:28.751448,1023,clock_gettime(CLOCK_MONOTONIC, {187, 36388496}) = 0
19:19:28.754882,1023,clock_gettime(CLOCK_MONOTONIC, {187, 39840051}) = 0
19:19:28.755571,1023,ioctl(9, 0xc0186201, 0xbee6d0c8) = 0
19:19:28.756416,1023,ioctl(9, 0xc0186201, 0xbee6d0c8) = 0
19:19:28.757085,1023,getpid() = 1023
19:19:28.757622,1023,getuid32() = 10050
19:19:28.758201,1023,epoll_wait(0x1e, 0xbee6d1f8, 0x10, 0) = 1
19:19:28.758764,1023,read(23, "WW", 16) = 2
19:19:28.759390,1023,clock_gettime(CLOCK_MONOTONIC, {187, 44328527}) = 0
19:19:28.760027,1023,ioctl(9, 0xc0186201, 0xbee6d328) = 0
19:19:28.760649,1023,epoll_wait(0x1e, 0xbee6d1f8, 0x10, 0x4d) = 1
19:19:28.775208,1023,recvfrom(37, "nysv\0\0\0\0\200n}\213+\0\0\0\220\7\0\0\224Â'¸", 24, MSG_DONTWAIT, NULL, NULL) = 24
19:19:28.776015,1023,recvfrom(37, 0xbee6c828, 24, 64, 0, 0) = -1 EAGAIN (Try again)
19:19:28.776603,1023,clock_gettime(CLOCK_MONOTONIC, {187, 61532272}) = 0
19:19:28.797323,1023,write(29, "W", 1) = 1
19:19:28.798150,1023,clock_gettime(CLOCK_MONOTONIC, {187, 83092485}) = 0
19:19:28.798795,1023,clock_gettime(CLOCK_MONOTONIC, {187, 83731087}) = 0
19:19:28.799466,1023,clock_gettime(CLOCK_MONOTONIC, {187, 84400202}) = 0
19:19:28.800163,1023,recvfrom(38, 0xb88738b0, 1240, 64, 0, 0) = -1 EAGAIN (Try again)
19:19:28.800796,1023,clock_gettime(CLOCK_MONOTONIC, {187, 85761299}) = 0
19:19:28.801506,1023,clock_gettime(CLOCK_MONOTONIC, {187, 86466865}) = 0
19:19:28.802150,1023,getpid() = 1023
19:19:28.802716,1023,getuid32() = 10050
19:19:28.803378,1023,epoll_wait(0x1e, 0xbee6d1f8, 0x10, 0) = 1
19:19:28.803919,1023,read(23, "W", 16) = 1
19:19:28.804558,1023,clock_gettime(CLOCK_MONOTONIC, {187, 89490950}) = 0
19:19:28.805192,1023,epoll_wait(0x1e, 0xbee6d1f8, 0x10, 0x20) = 0
19:19:28.840585,1023,clock_gettime(CLOCK_MONOTONIC, {187, 125548369}) = 0
19:19:28.841379,1023,clock_gettime(CLOCK_MONOTONIC, {187, 126309641}) = 0
19:19:28.842002,1023,recvfrom(37, 0xbee6c9a8, 24, 64, 0, 0) = -1 EAGAIN (Try again)
19:19:28.842720,1023,ioctl(9, 0xc0186201, 0xbee6d178) = 0
19:19:28.843726,1023,getpid() = 1023
19:19:28.844454,1023,getuid32() = 10050
19:19:28.845007,1023,epoll_wait(0x1e, 0xbee6d1f8, 0x10, 0) = 0
19:19:28.845596,1023,clock_gettime(CLOCK_MONOTONIC, {187, 130619616}) = 0
19:19:28.861659,1023,epoll_wait(0x1e, 0xbee6d1f8, 0x10, 0xffffffff) = 1
19:19:28.862451,1023,recvfrom(37, "nysv\0\0\0\0\230\17æ\221+\0\0\0\221\7\0\0\224Â'¸", 24, MSG_DONTWAIT, NULL, NULL) = 24
19:19:28.863169,1023,recvfrom(37, 0xbee6c828, 24, 64, 0, 0) = -1 EAGAIN (Try again)
19:19:28.863812,1023,clock_gettime(CLOCK_MONOTONIC, {187, 148777926}) = 0
19:19:28.864551,1023,write(29, "W", 1) = 1
19:19:28.865244,1023,clock_gettime(CLOCK_MONOTONIC, {187, 150193077}) = 0
19:19:28.865884,1023,clock_gettime(CLOCK_MONOTONIC, {187, 150819139}) = 0
19:19:28.866505,1023,clock_gettime(CLOCK_MONOTONIC, {187, 151440603}) = 0
19:19:28.867138,1023,clock_gettime(CLOCK_MONOTONIC, {187, 152081097}) = 0
19:19:28.868044,1023,clock_gettime(CLOCK_MONOTONIC, {187, 152982817}) = 0
19:19:28.868684,1023,clock_gettime(CLOCK_MONOTONIC, {187, 153619087}) = 0
19:19:28.869328,1023,recvfrom(37, 0xbee6c9a8, 24, 64, 0, 0) = -1 EAGAIN (Try again)
19:19:28.869902,1023,ioctl(9, 0xc0186201, 0xbee6d178) = 0
19:19:28.870709,1023,clock_gettime(CLOCK_MONOTONIC, {187, 155697449}) = 0
19:19:28.871413,1023,clock_gettime(CLOCK_MONOTONIC, {187, 156348411}) = 0
19:19:28.872051,1023,clock_gettime(CLOCK_MONOTONIC, {187, 156996300}) = 0
19:19:28.877803,1023,clock_gettime(CLOCK_MONOTONIC, {187, 162755370}) = 0
19:19:28.878557,1023,clock_gettime(CLOCK_MONOTONIC, {187, 164056253}) = 0
19:19:28.879857,1023,write(29, "W", 1) = 1
19:19:28.880776,1023,ioctl(9, 0xc0186201, 0xbee6cf10) = 0
19:19:28.881640,1023,ioctl(9, 0xc0186201, 0xbee6cf10) = 0
19:19:28.883080,1023,clock_gettime(CLOCK_MONOTONIC, {187, 168133512}) = 0
19:19:28.897926,1023,clock_gettime(CLOCK_MONOTONIC, {187, 182880645}) = 0
19:19:28.898732,1023,ioctl(9, 0xc0186201, 0xbee6d0c8) = 0
19:19:28.900104,1023,getpid() = 1023
19:19:28.900665,1023,getuid32() = 10050
19:19:28.901277,1023,epoll_wait(0x1e, 0xbee6d1f8, 0x10, 0) = 2
19:19:28.901827,1023,read(23, "WW", 16) = 2
19:19:28.902433,1023,recvfrom(37, "nysv\0\0\0\0Þ7\200\223+\0\0\0\222\7\0\0\224Â'¸", 24, MSG_DONTWAIT, NULL, NULL) = 24
19:19:28.903175,1023,recvfrom(37, 0xbee6c828, 24, 64, 0, 0) = -1 EAGAIN (Try again)
19:19:28.903789,1023,clock_gettime(CLOCK_MONOTONIC, {187, 188746723}) = 0
19:19:28.904545,1023,clock_gettime(CLOCK_MONOTONIC, {187, 189472523}) = 0
19:19:28.905143,1023,clock_gettime(CLOCK_MONOTONIC, {187, 190109085}) = 0
19:19:28.905770,1023,clock_gettime(CLOCK_MONOTONIC, {187, 190697585}) = 0
19:19:28.906385,1023,recvfrom(38, 0xb88738b0, 1240, 64, 0, 0) = -1 EAGAIN (Try again)
19:19:28.906946,1023,clock_gettime(CLOCK_MONOTONIC, {187, 191932201}) = 0
19:19:28.907601,1023,clock_gettime(CLOCK_MONOTONIC, {187, 192528080}) = 0
19:19:28.930481,1023,getpid() = 1023
19:19:28.931095,1023,getuid32() = 10050
19:19:28.931728,1023,epoll_wait(0x1e, 0xbee6d1f8, 0x10, 0) = 0
19:19:28.932355,1023,clock_gettime(CLOCK_MONOTONIC, {187, 217307401}) = 0
19:19:28.933043,1023,ioctl(9, 0xc0186201, 0xbee6d328) = 0
19:19:28.933680,1023,epoll_wait(0x1e, 0xbee6d1f8, 0x10, 0x23) = 0
19:19:28.975567,1023,clock_gettime(CLOCK_MONOTONIC, {187, 260519176}) = 0
19:19:28.976246,1023,clock_gettime(CLOCK_MONOTONIC, {187, 277426345}) = 0
19:19:28.993170,1023,recvfrom(37, 0xbee6c9a8, 24, 64, 0, 0) = -1 EAGAIN (Try again)
19:19:28.993792,1023,ioctl(9, 0xc0186201, 0xbee6d178) = 0
19:19:28.994741,1023,getpid() = 1023
19:19:29.016321,1023,getuid32() = 10050
19:19:29.017204,1023,epoll_wait(0x1e, 0xbee6d1f8, 0x10, 0) = 1
19:19:29.017825,1023,recvfrom(37, "nysv\0\0\0\0\0369Ó\232+\0\0\0\224\7\0\0\224Â'¸", 24, MSG_DONTWAIT, NULL, NULL) = 24
19:19:29.018620,1023,recvfrom(37, 0xbee6c828, 24, 64, 0, 0) = -1 EAGAIN (Try again)
19:19:29.019273,1023,clock_gettime(CLOCK_MONOTONIC, {187, 304222143}) = 0
19:19:29.020017,1023,clock_gettime(CLOCK_MONOTONIC, {187, 304966300}) = 0
19:19:29.020702,1023,clock_gettime(CLOCK_MONOTONIC, {187, 305651390}) = 0
19:19:29.021377,1023,clock_gettime(CLOCK_MONOTONIC, {187, 306325556}) = 0
19:19:29.022047,1023,clock_gettime(CLOCK_MONOTONIC, {187, 307000885}) = 0
19:19:29.022986,1023,clock_gettime(CLOCK_MONOTONIC, {187, 307935857}) = 0
19:19:29.023681,1023,clock_gettime(CLOCK_MONOTONIC, {187, 308630550}) = 0
19:19:29.024382,1023,recvfrom(37, 0xbee6c9a8, 24, 64, 0, 0) = -1 EAGAIN (Try again)
19:19:29.025003,1023,ioctl(9, 0xc0186201, 0xbee6d178) = 0
19:19:29.025980,1023,clock_gettime(CLOCK_MONOTONIC, {187, 310991825}) = 0
19:19:29.026743,1023,clock_gettime(CLOCK_MONOTONIC, {187, 311693000}) = 0
19:19:29.027425,1023,clock_gettime(CLOCK_MONOTONIC, {187, 312373739}) = 0
19:19:29.028097,1023,clock_gettime(CLOCK_MONOTONIC, {187, 313050165}) = 0
19:19:29.039762,1023,clock_gettime(CLOCK_MONOTONIC, {187, 324883705}) = 0
19:19:29.040764,1023,write(29, "W", 1) = 1
19:19:29.041658,1023,ioctl(9, 0xc0186201, 0xbee6cf10) = 0
19:19:29.042575,1023,ioctl(9, 0xc0186201, 0xbee6cf10) = 0
19:19:29.043982,1023,clock_gettime(CLOCK_MONOTONIC, {187, 328936002}) = 0
19:19:29.047649,1023,clock_gettime(CLOCK_MONOTONIC, {187, 332605317}) = 0
19:19:29.048347,1023,ioctl(9, 0xc0186201, 0xbee6d0c8) = 0
19:19:29.049264,1023,ioctl(9, 0xc0186201, 0xbee6d0c8) = 0
19:19:29.049994,1023,getpid() = 1023
19:19:29.050576,1023,getuid32() = 10050
19:19:29.051190,1023,epoll_wait(0x1e, 0xbee6d1f8, 0x10, 0) = 2
19:19:29.051797,1023,read(23, "W", 16) = 1
19:19:29.052438,1023,recvfrom(37, "nysv\0\0\0\0ZÉ2\234+\0\0\0\225\7\0\0\224Â'¸", 24, MSG_DONTWAIT, NULL, NULL) = 24
19:19:29.053207,1023,recvfrom(37, 0xbee6c828, 24, 64, 0, 0) = -1 EAGAIN (Try again)
19:19:29.053854,1023,clock_gettime(CLOCK_MONOTONIC, {187, 338804195}) = 0
19:19:29.054604,1023,clock_gettime(CLOCK_MONOTONIC, {187, 339554446}) = 0
19:19:29.055293,1023,clock_gettime(CLOCK_MONOTONIC, {187, 340242105}) = 0
19:19:29.055962,1023,clock_gettime(CLOCK_MONOTONIC, {187, 340909980}) = 0
19:19:29.056658,1023,recvfrom(38, 0xb88738b0, 1240, 64, 0, 0) = -1 EAGAIN (Try again)
19:19:29.080963,1023,clock_gettime(CLOCK_MONOTONIC, {187, 365998279}) = 0
19:19:29.081760,1023,clock_gettime(CLOCK_MONOTONIC, {187, 366712902}) = 0
19:19:29.082470,1023,getpid() = 1023
19:19:29.083047,1023,getuid32() = 10050
19:19:29.083677,1023,epoll_wait(0x1e, 0xbee6d1f8, 0x10, 0) = 0
19:19:29.084300,1023,clock_gettime(CLOCK_MONOTONIC, {187, 369249297}) = 0
19:19:29.084980,1023,ioctl(9, 0xc0186201, 0xbee6d328) = 0
19:19:29.085614,1023,epoll_wait(0x1e, 0xbee6d1f8, 0x10, 0x21) = 0
19:19:29.121103,1023,clock_gettime(CLOCK_MONOTONIC, {187, 406072142}) = 0
19:19:29.121798,1023,clock_gettime(CLOCK_MONOTONIC, {187, 406741928}) = 0
19:19:29.122699,1023,recvfrom(37, 0xbee6c9a8, 24, 64, 0, 0) = -1 EAGAIN (Try again)
19:19:29.123375,1023,ioctl(9, 0xc0186201, 0xbee6d178) = 0
19:19:29.124329,1023,getpid() = 1023
19:19:29.125022,1023,getuid32() = 10050
19:19:29.136247,1023,epoll_wait(0x1e, 0xbee6d1f8, 0x10, 0) = 1
19:19:29.136885,1023,recvfrom(37, "nysv\0\0\0\0rj\233¢+\0\0\0\227\7\0\0\224Â'¸", 24, MSG_DONTWAIT, NULL, NULL) = 24
19:19:29.138082,1023,recvfrom(37, 0xbee6c828, 24, 64, 0, 0) = -1 EAGAIN (Try again)
19:19:29.138769,1023,clock_gettime(CLOCK_MONOTONIC, {187, 423716961}) = 0
19:19:29.139556,1023,clock_gettime(CLOCK_MONOTONIC, {187, 424528219}) = 0
19:19:29.140290,1023,clock_gettime(CLOCK_MONOTONIC, {187, 425233731}) = 0
19:19:29.140943,1023,clock_gettime(CLOCK_MONOTONIC, {187, 427427406}) = 0
19:19:29.144178,1023,clock_gettime(CLOCK_MONOTONIC, {187, 429154573}) = 0
19:19:29.145184,1023,clock_gettime(CLOCK_MONOTONIC, {187, 430140884}) = 0
19:19:29.145868,1023,clock_gettime(CLOCK_MONOTONIC, {187, 430868464}) = 0
19:19:29.160154,1023,recvfrom(37, 0xbee6c9a8, 24, 64, 0, 0) = -1 EAGAIN (Try again)
19:19:29.160786,1023,ioctl(9, 0xc0186201, 0xbee6d178) = 0
19:19:29.161765,1023,clock_gettime(CLOCK_MONOTONIC, {187, 446778422}) = 0
19:19:29.162577,1023,clock_gettime(CLOCK_MONOTONIC, {187, 447521596}) = 0
19:19:29.163287,1023,clock_gettime(CLOCK_MONOTONIC, {187, 448232952}) = 0
19:19:29.163941,1023,clock_gettime(CLOCK_MONOTONIC, {187, 448882609}) = 0
19:19:29.164623,1023,clock_gettime(CLOCK_MONOTONIC, {187, 449565643}) = 0
19:19:29.165313,1023,write(29, "W", 1) = 1
19:19:29.190967,1023,ioctl(9, 0xc0186201, 0xbee6cf10) = 0
19:19:29.192809,1023,clock_gettime(CLOCK_MONOTONIC, {187, 477772663}) = 0
19:19:29.196482,1023,clock_gettime(CLOCK_MONOTONIC, {187, 481441821}) = 0
19:19:29.197181,1023,ioctl(9, 0xc0186201, 0xbee6d0c8) = 0
19:19:29.198727,1023,getpid() = 1023
19:19:29.199315,1023,getuid32() = 10050
19:19:29.199936,1023,epoll_wait(0x1e, 0xbee6d1f8, 0x10, 0) = 2
19:19:29.200547,1023,read(23, "W", 16) = 1
19:19:29.201189,1023,recvfrom(37, "nysv\0\0\0\0ÖZå¤+\0\0\0\230\7\0\0\224Â'¸", 24, MSG_DONTWAIT, NULL, NULL) = 24
19:19:29.222995,1023,recvfrom(37, 0xbee6c828, 24, 64, 0, 0) = -1 EAGAIN (Try again)
19:19:29.223677,1023,clock_gettime(CLOCK_MONOTONIC, {187, 508629214}) = 0
19:19:29.225388,1023,clock_gettime(CLOCK_MONOTONIC, {187, 510352902}) = 0
19:19:29.226087,1023,clock_gettime(CLOCK_MONOTONIC, {187, 511044078}) = 0
19:19:29.226765,1023,clock_gettime(CLOCK_MONOTONIC, {187, 511716013}) = 0
19:19:29.227467,1023,recvfrom(38, 0xb88738b0, 1240, 64, 0, 0) = -1 EAGAIN (Try again)
19:19:29.228109,1023,clock_gettime(CLOCK_MONOTONIC, {187, 513064785}) = 0
19:19:29.228787,1023,clock_gettime(CLOCK_MONOTONIC, {187, 513737401}) = 0
19:19:29.229466,1023,getpid() = 1023
19:19:29.230040,1023,getuid32() = 10050
19:19:29.230657,1023,epoll_wait(0x1e, 0xbee6d1f8, 0x10, 0) = 0
19:19:29.231275,1023,clock_gettime(CLOCK_MONOTONIC, {187, 516224249}) = 0
19:19:29.231953,1023,ioctl(9, 0xc0186201, 0xbee6d328) = 0
19:19:29.232586,1023,epoll_wait(0x1e, 0xbee6d1f8, 0x10, 0x15) = 0
19:19:29.306514,1023,clock_gettime(CLOCK_MONOTONIC, {187, 591509099}) = 0
19:19:29.307250,1023,clock_gettime(CLOCK_MONOTONIC, {187, 592195565}) = 0
19:19:29.307924,1023,recvfrom(37, 0xbee6c9a8, 24, 64, 0, 0) = -1 EAGAIN (Try again)
19:19:29.308537,1023,ioctl(9, 0xc0186201, 0xbee6d178) = 0
19:19:29.309584,1023,getpid() = 1023
19:19:29.310136,1023,getuid32() = 10050
19:19:29.310736,1023,epoll_wait(0x1e, 0xbee6d1f8, 0x10, 0) = 0
19:19:29.311319,1023,clock_gettime(CLOCK_MONOTONIC, {187, 596260819}) = 0
19:19:29.312093,1023,epoll_wait(0x1e, 0xbee6d1f8, 0x10, 0xffffffff) = 1
19:19:29.312896,1023,recvfrom(37, "nysv\0\0\0\0Rì\227­+\0\0\0\232\7\0\0\224Â'¸", 24, MSG_DONTWAIT, NULL, NULL) = 24
19:19:29.313644,1023,recvfrom(37, 0xbee6c828, 24, 64, 0, 0) = -1 EAGAIN (Try again)
19:19:29.314274,1023,clock_gettime(CLOCK_MONOTONIC, {187, 599215118}) = 0
19:19:29.314938,1023,write(29, "W", 1) = 1
19:19:29.315631,1023,clock_gettime(CLOCK_MONOTONIC, {187, 600572992}) = 0
19:19:29.316285,1023,clock_gettime(CLOCK_MONOTONIC, {187, 601227427}) = 0
19:19:29.316924,1023,clock_gettime(CLOCK_MONOTONIC, {187, 601865074}) = 0
19:19:29.317571,1023,clock_gettime(CLOCK_MONOTONIC, {187, 602872576}) = 0
19:19:29.318923,1023,clock_gettime(CLOCK_MONOTONIC, {187, 603869802}) = 0
19:19:29.319598,1023,clock_gettime(CLOCK_MONOTONIC, {187, 604543986}) = 0
19:19:29.320293,1023,recvfrom(37, 0xbee6c9a8, 24, 64, 0, 0) = -1 EAGAIN (Try again)
19:19:29.320920,1023,ioctl(9, 0xc0186201, 0xbee6d178) = 0
19:19:29.321967,1023,clock_gettime(CLOCK_MONOTONIC, {187, 606949153}) = 0
19:19:29.323125,1023,clock_gettime(CLOCK_MONOTONIC, {187, 608332067}) = 0
19:19:29.324048,1023,clock_gettime(CLOCK_MONOTONIC, {187, 608997772}) = 0
19:19:29.324704,1023,clock_gettime(CLOCK_MONOTONIC, {187, 609684154}) = 0
19:19:29.325422,1023,clock_gettime(CLOCK_MONOTONIC, {187, 610364267}) = 0
19:19:29.326090,1023,write(29, "W", 1) = 1
19:19:29.345124,1023,ioctl(9, 0xc0186201, 0xbee6cf10) = 0
19:19:29.346008,1023,ioctl(9, 0xc0186201, 0xbee6cf10) = 0
19:19:29.347352,1023,clock_gettime(CLOCK_MONOTONIC, {187, 632300835}) = 0
19:19:29.349884,1023,clock_gettime(CLOCK_MONOTONIC, {187, 634831993}) = 0
19:19:29.350552,1023,ioctl(9, 0xc0186201, 0xbee6d0c8) = 0
19:19:29.351430,1023,ioctl(9, 0xc0186201, 0xbee6d0c8) = 0
19:19:29.356009,1023,getpid() = 1023
19:19:29.356644,1023,getuid32() = 10050
19:19:29.357271,1023,epoll_wait(0x1e, 0xbee6d1f8, 0x10, 0) = 2
19:19:29.357848,1023,read(23, "WW", 16) = 2
19:19:29.358465,1023,recvfrom(37, "nysv\0\0\0\0p´G®+\0\0\0\233\7\0\0\224Â'¸", 24, MSG_DONTWAIT, NULL, NULL) = 24
19:19:29.359198,1023,recvfrom(37, 0xbee6c828, 24, 64, 0, 0) = -1 EAGAIN (Try again)
19:19:29.359825,1023,clock_gettime(CLOCK_MONOTONIC, {187, 644767630}) = 0
19:19:29.360548,1023,clock_gettime(CLOCK_MONOTONIC, {187, 645491055}) = 0
19:19:29.361200,1023,clock_gettime(CLOCK_MONOTONIC, {187, 646149175}) = 0
19:19:29.361848,1023,clock_gettime(CLOCK_MONOTONIC, {187, 646790187}) = 0
19:19:29.362519,1023,recvfrom(38, 0xb88738b0, 1240, 64, 0, 0) = -1 EAGAIN (Try again)
19:19:29.363129,1023,clock_gettime(CLOCK_MONOTONIC, {187, 648077011}) = 0
19:19:29.363777,1023,clock_gettime(CLOCK_MONOTONIC, {187, 648717913}) = 0
19:19:29.365002,1023,getpid() = 1023
19:19:29.365619,1023,getuid32() = 10050
19:19:29.366211,1023,epoll_wait(0x1e, 0xbee6d1f8, 0x10, 0) = 0
19:19:29.366797,1023,clock_gettime(CLOCK_MONOTONIC, {187, 651738309}) = 0
19:19:29.367453,1023,ioctl(9, 0xc0186201, 0xbee6d328) = 0
19:19:29.368051,1023,epoll_wait(0x1e, 0xbee6d1f8, 0x10, 0x30) = 0
19:19:29.420665,1023,clock_gettime(CLOCK_MONOTONIC, {187, 705628070}) = 0
19:19:29.421359,1023,clock_gettime(CLOCK_MONOTONIC, {187, 706303640}) = 0
19:19:29.422033,1023,recvfrom(37, 0xbee6c9a8, 24, 64, 0, 0) = -1 EAGAIN (Try again)
19:19:29.422648,1023,ioctl(9, 0xc0186201, 0xbee6d178) = 0
19:19:29.423520,1023,getpid() = 1023
19:19:29.424191,1023,getuid32() = 10050
19:19:29.424820,1023,epoll_wait(0x1e, 0xbee6d1f8, 0x10, 0) = 0
19:19:29.425429,1023,clock_gettime(CLOCK_MONOTONIC, {187, 710378875}) = 0
19:19:29.426119,1023,epoll_wait(0x1e, 0xbee6d1f8, 0x10, 0xffffffff) = 1
19:19:29.427232,1023,recvfrom(37, "nysv\0\0\0\0~½u´+\0\0\0\235\7\0\0\224Â'¸", 24, MSG_DONTWAIT, NULL, NULL) = 24
19:19:29.427973,1023,recvfrom(37, 0xbee6c828, 24, 64, 0, 0) = -1 EAGAIN (Try again)
19:19:29.428649,1023,clock_gettime(CLOCK_MONOTONIC, {187, 713592250}) = 0
19:19:29.429324,1023,write(29, "W", 1) = 1
19:19:29.430014,1023,clock_gettime(CLOCK_MONOTONIC, {187, 714956379}) = 0
19:19:29.430671,1023,clock_gettime(CLOCK_MONOTONIC, {187, 715612561}) = 0
19:19:29.431318,1023,clock_gettime(CLOCK_MONOTONIC, {187, 716259483}) = 0
19:19:29.431959,1023,clock_gettime(CLOCK_MONOTONIC, {187, 716899598}) = 0
19:19:29.432858,1023,clock_gettime(CLOCK_MONOTONIC, {187, 717800856}) = 0
19:19:29.433525,1023,clock_gettime(CLOCK_MONOTONIC, {187, 718467909}) = 0
19:19:29.434188,1023,recvfrom(37, 0xbee6c9a8, 24, 64, 0, 0) = -1 EAGAIN (Try again)
19:19:29.434788,1023,ioctl(9, 0xc0186201, 0xbee6d178) = 0
19:19:29.435618,1023,clock_gettime(CLOCK_MONOTONIC, {187, 720613404}) = 0
19:19:29.436346,1023,clock_gettime(CLOCK_MONOTONIC, {187, 721290522}) = 0
19:19:29.436994,1023,clock_gettime(CLOCK_MONOTONIC, {187, 721936321}) = 0
19:19:29.437645,1023,clock_gettime(CLOCK_MONOTONIC, {187, 722586664}) = 0
19:19:29.438318,1023,clock_gettime(CLOCK_MONOTONIC, {187, 723259570}) = 0
19:19:29.438982,1023,write(29, "W", 1) = 1
19:19:29.439798,1023,ioctl(9, 0xc0186201, 0xbee6cf10) = 0
19:19:29.440620,1023,ioctl(9, 0xc0186201, 0xbee6cf10) = 0
19:19:29.441970,1023,clock_gettime(CLOCK_MONOTONIC, {187, 726916568}) = 0
19:19:29.462479,1023,clock_gettime(CLOCK_MONOTONIC, {187, 747474718}) = 0
19:19:29.463203,1023,ioctl(9, 0xc0186201, 0xbee6d0c8) = 0
19:19:29.464386,1023,getpid() = 1023
19:19:29.464943,1023,getuid32() = 10050
19:19:29.465544,1023,epoll_wait(0x1e, 0xbee6d1f8, 0x10, 0) = 2
19:19:29.466120,1023,read(23, "WW", 16) = 2
19:19:29.466738,1023,recvfrom(37, "nysv\0\0\0\0\210U°´+\0\0\0\236\7\0\0\224Â'¸", 24, MSG_DONTWAIT, NULL, NULL) = 24
19:19:29.467481,1023,recvfrom(37, 0xbee6c828, 24, 64, 0, 0) = -1 EAGAIN (Try again)
19:19:29.468098,1023,clock_gettime(CLOCK_MONOTONIC, {187, 753046072}) = 0
19:19:29.468814,1023,clock_gettime(CLOCK_MONOTONIC, {187, 753756885}) = 0
19:19:29.469470,1023,clock_gettime(CLOCK_MONOTONIC, {187, 754412448}) = 0
19:19:29.470109,1023,clock_gettime(CLOCK_MONOTONIC, {187, 755056539}) = 0
19:19:29.470776,1023,recvfrom(38, 0xb88738b0, 1240, 64, 0, 0) = -1 EAGAIN (Try again)
19:19:29.471391,1023,clock_gettime(CLOCK_MONOTONIC, {187, 756333033}) = 0
19:19:29.472032,1023,clock_gettime(CLOCK_MONOTONIC, {187, 756979396}) = 0
19:19:29.472679,1023,getpid() = 1023
19:19:29.473232,1023,getuid32() = 10050
19:19:29.496626,1023,epoll_wait(0x1e, 0xbee6d1f8, 0x10, 0) = 0
19:19:29.497342,1023,clock_gettime(CLOCK_MONOTONIC, {187, 782288474}) = 0
19:19:29.498386,1023,ioctl(9, 0xc0186201, 0xbee6d328) = 0
19:19:29.498993,1023,epoll_wait(0x1e, 0xbee6d1f8, 0x10, 0x1e) = 0
19:19:29.530164,1023,clock_gettime(CLOCK_MONOTONIC, {187, 815127104}) = 0
19:19:29.530849,1023,clock_gettime(CLOCK_MONOTONIC, {187, 815792511}) = 0
19:19:29.531527,1023,recvfrom(37, 0xbee6c9a8, 24, 64, 0, 0) = -1 EAGAIN (Try again)
19:19:29.532135,1023,ioctl(9, 0xc0186201, 0xbee6d178) = 0
19:19:29.532999,1023,getpid() = 1023
19:19:29.533766,1023,getuid32() = 10050
19:19:29.534371,1023,epoll_wait(0x1e, 0xbee6d1f8, 0x10, 0) = 0
19:19:29.534947,1023,clock_gettime(CLOCK_MONOTONIC, {187, 819889114}) = 0
19:19:29.535614,1023,epoll_wait(0x1e, 0xbee6d1f8, 0x10, 0xffffffff) = 1
19:19:29.539570,1023,recvfrom(37, "nysv\0\0\0\0\226^Þº+\0\0\0 \7\0\0\224Â'¸", 24, MSG_DONTWAIT, NULL, NULL) = 24
19:19:29.540361,1023,recvfrom(37, 0xbee6c828, 24, 64, 0, 0) = -1 EAGAIN (Try again)
19:19:29.540985,1023,clock_gettime(CLOCK_MONOTONIC, {187, 825927199}) = 0
19:19:29.541656,1023,write(29, "W", 1) = 1
19:19:29.542397,1023,clock_gettime(CLOCK_MONOTONIC, {187, 827340728}) = 0
19:19:29.543048,1023,clock_gettime(CLOCK_MONOTONIC, {187, 827997623}) = 0
19:19:29.543695,1023,clock_gettime(CLOCK_MONOTONIC, {187, 828637067}) = 0
19:19:29.544342,1023,clock_gettime(CLOCK_MONOTONIC, {187, 829283744}) = 0
19:19:29.545245,1023,clock_gettime(CLOCK_MONOTONIC, {187, 830187385}) = 0
19:19:29.545905,1023,clock_gettime(CLOCK_MONOTONIC, {187, 830848022}) = 0
19:19:29.546575,1023,recvfrom(37, 0xbee6c9a8, 24, 64, 0, 0) = -1 EAGAIN (Try again)
19:19:29.547170,1023,ioctl(9, 0xc0186201, 0xbee6d178) = 0
19:19:29.547999,1023,clock_gettime(CLOCK_MONOTONIC, {187, 833003398}) = 0
19:19:29.548732,1023,clock_gettime(CLOCK_MONOTONIC, {187, 833674197}) = 0
19:19:29.549385,1023,clock_gettime(CLOCK_MONOTONIC, {187, 834326372}) = 0
19:19:29.550028,1023,clock_gettime(CLOCK_MONOTONIC, {187, 834976422}) = 0
19:19:29.550703,1023,clock_gettime(CLOCK_MONOTONIC, {187, 835645200}) = 0
19:19:29.551375,1023,write(29, "W", 1) = 1
19:19:29.552182,1023,ioctl(9, 0xc0186201, 0xbee6cf10) = 0
19:19:29.553005,1023,ioctl(9, 0xc0186201, 0xbee6cf10) = 0
19:19:29.554341,1023,clock_gettime(CLOCK_MONOTONIC, {187, 839288248}) = 0
19:19:29.557800,1023,clock_gettime(CLOCK_MONOTONIC, {187, 843243854}) = 0
19:19:29.576388,1023,ioctl(9, 0xc0186201, 0xbee6d0c8) = 0
19:19:29.577472,1023,ioctl(9, 0xc0186201, 0xbee6d0c8) = 0
19:19:29.578396,1023,getpid() = 1023
19:19:29.579103,1023,getuid32() = 10050
19:19:29.579796,1023,epoll_wait(0x1e, 0xbee6d1f8, 0x10, 0) = 2
19:19:29.580430,1023,read(23, "WW", 16) = 2
19:19:29.581236,1023,recvfrom(37, "nysv\0\0\0\0Ü\206x¼+\0\0\0¡\7\0\0\224Â'¸", 24, MSG_DONTWAIT, NULL, NULL) = 24
19:19:29.586285,1023,recvfrom(37, 0xbee6c828, 24, 64, 0, 0) = -1 EAGAIN (Try again)
19:19:29.587140,1023,clock_gettime(CLOCK_MONOTONIC, {187, 872100117}) = 0
19:19:29.587950,1023,clock_gettime(CLOCK_MONOTONIC, {187, 872895562}) = 0
19:19:29.588879,1023,clock_gettime(CLOCK_MONOTONIC, {187, 873884761}) = 0
19:19:29.590067,1023,clock_gettime(CLOCK_MONOTONIC, {187, 875063555}) = 0
19:19:29.590928,1023,recvfrom(38, 0xb88738b0, 1240, 64, 0, 0) = -1 EAGAIN (Try again)
19:19:29.591593,1023,clock_gettime(CLOCK_MONOTONIC, {187, 876576308}) = 0
19:19:29.592333,1023,clock_gettime(CLOCK_MONOTONIC, {187, 877290563}) = 0
19:19:29.593017,1023,getpid() = 1023
19:19:29.593639,1023,getuid32() = 10050
19:19:29.594282,1023,epoll_wait(0x1e, 0xbee6d1f8, 0x10, 0) = 0
19:19:29.594935,1023,clock_gettime(CLOCK_MONOTONIC, {187, 879878583}) = 0
19:19:29.595597,1023,ioctl(9, 0xc0186201, 0xbee6d328) = 0
19:19:29.607373,1023,epoll_wait(0x1e, 0xbee6d1f8, 0x10, 0x2c) = 0
19:19:29.666102,1023,clock_gettime(CLOCK_MONOTONIC, {187, 951133997}) = 0
19:19:29.666865,1023,clock_gettime(CLOCK_MONOTONIC, {187, 951810250}) = 0
19:19:29.667546,1023,recvfrom(37, 0xbee6c9a8, 24, 64, 0, 0) = -1 EAGAIN (Try again)
19:19:29.668156,1023,ioctl(9, 0xc0186201, 0xbee6d178) = 0
19:19:29.669039,1023,getpid() = 1023
19:19:29.669730,1023,getuid32() = 10050
19:19:29.670334,1023,epoll_wait(0x1e, 0xbee6d1f8, 0x10, 0) = 0
19:19:29.670912,1023,clock_gettime(CLOCK_MONOTONIC, {187, 956034004}) = 0
19:19:29.671860,1023,epoll_wait(0x1e, 0xbee6d1f8, 0x10, 0xffffffff) = 1
19:19:29.673671,1023,recvfrom(37, "nysv\0\0\0\0þ¿\33Ã+\0\0\0£\7\0\0\224Â'¸", 24, MSG_DONTWAIT, NULL, NULL) = 24
19:19:29.674439,1023,recvfrom(37, 0xbee6c828, 24, 64, 0, 0) = -1 EAGAIN (Try again)
19:19:29.675096,1023,clock_gettime(CLOCK_MONOTONIC, {187, 960051957}) = 0
19:19:29.693810,1023,write(29, "W", 1) = 1
19:19:29.694641,1023,clock_gettime(CLOCK_MONOTONIC, {187, 979598051}) = 0
19:19:29.695347,1023,clock_gettime(CLOCK_MONOTONIC, {187, 980298655}) = 0
19:19:29.696024,1023,clock_gettime(CLOCK_MONOTONIC, {187, 980980182}) = 0
19:19:29.696703,1023,clock_gettime(CLOCK_MONOTONIC, {187, 981653427}) = 0
19:19:29.697653,1023,clock_gettime(CLOCK_MONOTONIC, {187, 982732973}) = 0
19:19:29.708051,1023,clock_gettime(CLOCK_MONOTONIC, {187, 993010411}) = 0
19:19:29.708782,1023,recvfrom(37, 0xbee6c9a8, 24, 64, 0, 0) = -1 EAGAIN (Try again)
19:19:29.709401,1023,ioctl(9, 0xc0186201, 0xbee6d178) = 0
19:19:29.710303,1023,clock_gettime(CLOCK_MONOTONIC, {187, 995323642}) = 0
19:19:29.711140,1023,clock_gettime(CLOCK_MONOTONIC, {187, 996100454}) = 0
19:19:29.711829,1023,clock_gettime(CLOCK_MONOTONIC, {187, 996780275}) = 0
19:19:29.712512,1023,clock_gettime(CLOCK_MONOTONIC, {187, 997461127}) = 0
19:19:29.713218,1023,clock_gettime(CLOCK_MONOTONIC, {187, 998170016}) = 0
19:19:29.713919,1023,write(29, "W", 1) = 1
19:19:29.714786,1023,ioctl(9, 0xc0186201, 0xbee6cf10) = 0
19:19:29.715660,1023,ioctl(9, 0xc0186201, 0xbee6cf10) = 0
19:19:29.717060,1023,clock_gettime(CLOCK_MONOTONIC, {188, 2021069}) = 0
19:19:29.720471,1023,clock_gettime(CLOCK_MONOTONIC, {188, 5427877}) = 0
19:19:29.721155,1023,ioctl(9, 0xc0186201, 0xbee6d0c8) = 0
19:19:29.722070,1023,ioctl(9, 0xc0186201, 0xbee6d0c8) = 0
19:19:29.722804,1023,getpid() = 1023
19:19:29.723388,1023,getuid32() = 10050
19:19:29.724003,1023,epoll_wait(0x1e, 0xbee6d1f8, 0x10, 0) = 1
19:19:29.724602,1023,read(23, "WW", 16) = 2
19:19:29.725267,1023,clock_gettime(CLOCK_MONOTONIC, {188, 10217522}) = 0
19:19:29.725944,1023,ioctl(9, 0xc0186201, 0xbee6d328) = 0
19:19:29.726569,1023,epoll_wait(0x1e, 0xbee6d1f8, 0x10, 0x4d) = 1
19:19:29.744430,1023,recvfrom(37, "nysv\0\0\0\0lH Å+\0\0\0¤\7\0\0\224Â'¸", 24, MSG_DONTWAIT, NULL, NULL) = 24
19:19:29.745186,1023,recvfrom(37, 0xbee6c828, 24, 64, 0, 0) = -1 EAGAIN (Try again)
19:19:29.745824,1023,clock_gettime(CLOCK_MONOTONIC, {188, 30767240}) = 0
19:19:29.746511,1023,write(29, "W", 1) = 1
19:19:29.747210,1023,clock_gettime(CLOCK_MONOTONIC, {188, 32180816}) = 0
19:19:29.747889,1023,clock_gettime(CLOCK_MONOTONIC, {188, 32830839}) = 0
19:19:29.748533,1023,clock_gettime(CLOCK_MONOTONIC, {188, 33475306}) = 0
19:19:29.749194,1023,recvfrom(38, 0xb88738b0, 1240, 64, 0, 0) = -1 EAGAIN (Try again)
19:19:29.749809,1023,clock_gettime(CLOCK_MONOTONIC, {188, 34751575}) = 0
19:19:29.750455,1023,clock_gettime(CLOCK_MONOTONIC, {188, 35396344}) = 0
19:19:29.751095,1023,getpid() = 1023
19:19:29.751647,1023,getuid32() = 10050
19:19:29.752238,1023,epoll_wait(0x1e, 0xbee6d1f8, 0x10, 0) = 1
19:19:29.752799,1023,read(23, "W", 16) = 1
19:19:29.753428,1023,clock_gettime(CLOCK_MONOTONIC, {188, 38369951}) = 0
19:19:29.754088,1023,epoll_wait(0x1e, 0xbee6d1f8, 0x10, 0x31) = 0
19:19:29.806052,1023,clock_gettime(CLOCK_MONOTONIC, {188, 91027878}) = 0
19:19:29.806752,1023,clock_gettime(CLOCK_MONOTONIC, {188, 91696279}) = 0
19:19:29.807429,1023,recvfrom(37, 0xbee6c9a8, 24, 64, 0, 0) = -1 EAGAIN (Try again)
19:19:29.808037,1023,ioctl(9, 0xc0186201, 0xbee6d178) = 0
19:19:29.808902,1023,getpid() = 1023
19:19:29.809586,1023,getuid32() = 10050
19:19:29.810182,1023,epoll_wait(0x1e, 0xbee6d1f8, 0x10, 0) = 0
19:19:29.810765,1023,clock_gettime(CLOCK_MONOTONIC, {188, 95706828}) = 0
19:19:29.811427,1023,epoll_wait(0x1e, 0xbee6d1f8, 0x10, 0xffffffff) = 1
19:19:29.815352,1023,recvfrom(37, "nysv\0\0\0\0f!YË+\0\0\0¥\7\0\0\224Â'¸", 24, MSG_DONTWAIT, NULL, NULL) = 24
19:19:29.816090,1023,recvfrom(37, 0xbee6c828, 24, 64, 0, 0) = -1 EAGAIN (Try again)
19:19:29.816721,1023,clock_gettime(CLOCK_MONOTONIC, {188, 101662712}) = 0
19:19:29.817392,1023,write(29, "W", 1) = 1
19:19:29.818083,1023,clock_gettime(CLOCK_MONOTONIC, {188, 103032411}) = 0
19:19:29.818737,1023,clock_gettime(CLOCK_MONOTONIC, {188, 103680162}) = 0
19:19:29.819383,1023,clock_gettime(CLOCK_MONOTONIC, {188, 104324351}) = 0
19:19:29.820023,1023,clock_gettime(CLOCK_MONOTONIC, {188, 104969363}) = 0
19:19:29.820925,1023,clock_gettime(CLOCK_MONOTONIC, {188, 105867285}) = 0
19:19:29.821590,1023,clock_gettime(CLOCK_MONOTONIC, {188, 106532915}) = 0
19:19:29.822257,1023,recvfrom(37, 0xbee6c9a8, 24, 64, 0, 0) = -1 EAGAIN (Try again)
19:19:29.822850,1023,ioctl(9, 0xc0186201, 0xbee6d178) = 0
19:19:29.844476,1023,clock_gettime(CLOCK_MONOTONIC, {188, 129508670}) = 0
19:19:29.845282,1023,clock_gettime(CLOCK_MONOTONIC, {188, 130272165}) = 0
19:19:29.846085,1023,clock_gettime(CLOCK_MONOTONIC, {188, 131062710}) = 0
19:19:29.846790,1023,clock_gettime(CLOCK_MONOTONIC, {188, 131740684}) = 0
19:19:29.847497,1023,clock_gettime(CLOCK_MONOTONIC, {188, 132448186}) = 0
19:19:29.848197,1023,write(29, "W", 1) = 1
19:19:29.849074,1023,ioctl(9, 0xc0186201, 0xbee6cf10) = 0
19:19:29.849962,1023,ioctl(9, 0xc0186201, 0xbee6cf10) = 0
19:19:29.851374,1023,clock_gettime(CLOCK_MONOTONIC, {188, 136329792}) = 0
19:19:29.855013,1023,clock_gettime(CLOCK_MONOTONIC, {188, 139975987}) = 0
19:19:29.855713,1023,ioctl(9, 0xc0186201, 0xbee6d0c8) = 0
19:19:29.856636,1023,ioctl(9, 0xc0186201, 0xbee6d0c8) = 0
19:19:29.857371,1023,getpid() = 1023
19:19:29.857949,1023,getuid32() = 10050
19:19:29.858569,1023,epoll_wait(0x1e, 0xbee6d1f8, 0x10, 0) = 2
19:19:29.859171,1023,read(23, "WW", 16) = 2
19:19:29.859815,1023,recvfrom(37, "nysv\0\0\0\0zQÎË+\0\0\0¦\7\0\0\224Â'¸", 24, MSG_DONTWAIT, NULL, NULL) = 24
19:19:29.867842,1023,recvfrom(37, 0xbee6c828, 24, 64, 0, 0) = -1 EAGAIN (Try again)
19:19:29.868692,1023,clock_gettime(CLOCK_MONOTONIC, {188, 153649371}) = 0
19:19:29.869467,1023,clock_gettime(CLOCK_MONOTONIC, {188, 154419093}) = 0
19:19:29.870151,1023,clock_gettime(CLOCK_MONOTONIC, {188, 155107836}) = 0
19:19:29.870829,1023,clock_gettime(CLOCK_MONOTONIC, {188, 155778204}) = 0
19:19:29.871528,1023,recvfrom(38, 0xb88738b0, 1240, 64, 0, 0) = -1 EAGAIN (Try again)
19:19:29.872166,1023,clock_gettime(CLOCK_MONOTONIC, {188, 157121239}) = 0
19:19:29.872842,1023,clock_gettime(CLOCK_MONOTONIC, {188, 157791811}) = 0
19:19:29.873521,1023,getpid() = 1023
19:19:29.874095,1023,getuid32() = 10050
19:19:29.874741,1023,epoll_wait(0x1e, 0xbee6d1f8, 0x10, 0) = 0
19:19:29.875357,1023,clock_gettime(CLOCK_MONOTONIC, {188, 160307108}) = 0
19:19:29.876035,1023,ioctl(9, 0xc0186201, 0xbee6d328) = 0
19:19:29.876668,1023,epoll_wait(0x1e, 0xbee6d1f8, 0x10, 0x3c) = 0
19:19:29.938761,1023,clock_gettime(CLOCK_MONOTONIC, {188, 223708255}) = 0
19:19:29.939453,1023,clock_gettime(CLOCK_MONOTONIC, {188, 224383913}) = 0
19:19:29.940074,1023,recvfrom(37, 0xbee6c9a8, 24, 64, 0, 0) = -1 EAGAIN (Try again)
19:19:29.940756,1023,ioctl(9, 0xc0186201, 0xbee6d178) = 0
19:19:29.941636,1023,getpid() = 1023
19:19:29.942302,1023,getuid32() = 10050
19:19:29.942851,1023,epoll_wait(0x1e, 0xbee6d1f8, 0x10, 0) = 0
19:19:29.943422,1023,clock_gettime(CLOCK_MONOTONIC, {188, 228349179}) = 0
19:19:29.944029,1023,epoll_wait(0x1e, 0xbee6d1f8, 0x10, 0xffffffff) = 1
19:19:29.958603,1023,recvfrom(37, "nysv\0\0\0\0Äê[Ó+\0\0\0¨\7\0\0\224Â'¸", 24, MSG_DONTWAIT, NULL, NULL) = 24
19:19:29.959326,1023,recvfrom(37, 0xbee6c828, 24, 64, 0, 0) = -1 EAGAIN (Try again)
19:19:29.959902,1023,clock_gettime(CLOCK_MONOTONIC, {188, 244829823}) = 0
19:19:29.960596,1023,write(29, "W", 1) = 1
19:19:29.961272,1023,clock_gettime(CLOCK_MONOTONIC, {188, 246200292}) = 0
19:19:29.961870,1023,clock_gettime(CLOCK_MONOTONIC, {188, 246798029}) = 0
19:19:29.962497,1023,clock_gettime(CLOCK_MONOTONIC, {188, 247424429}) = 0
19:19:29.963148,1023,clock_gettime(CLOCK_MONOTONIC, {188, 248214396}) = 0
19:19:29.964191,1023,clock_gettime(CLOCK_MONOTONIC, {188, 249153562}) = 0
19:19:29.964900,1023,clock_gettime(CLOCK_MONOTONIC, {188, 249829079}) = 0
19:19:29.965573,1023,recvfrom(37, 0xbee6c9a8, 24, 64, 0, 0) = -1 EAGAIN (Try again)
19:19:29.966139,1023,ioctl(9, 0xc0186201, 0xbee6d178) = 0
19:19:29.979758,1023,clock_gettime(CLOCK_MONOTONIC, {188, 264744572}) = 0
19:19:29.980489,1023,clock_gettime(CLOCK_MONOTONIC, {188, 265418538}) = 0
19:19:29.981089,1023,clock_gettime(CLOCK_MONOTONIC, {188, 266055101}) = 0
19:19:29.981722,1023,clock_gettime(CLOCK_MONOTONIC, {188, 266649314}) = 0
19:19:29.982441,1023,clock_gettime(CLOCK_MONOTONIC, {188, 267369631}) = 0
19:19:29.983117,1023,write(29, "W", 1) = 1
19:19:29.983921,1023,ioctl(9, 0xc0186201, 0xbee6cf10) = 0
19:19:29.984718,1023,ioctl(9, 0xc0186201, 0xbee6cf10) = 0
19:19:30.007171,1023,clock_gettime(CLOCK_MONOTONIC, {188, 292999020}) = 0
19:19:30.022946,1023,clock_gettime(CLOCK_MONOTONIC, {188, 307994436}) = 0
19:19:30.023826,1023,ioctl(9, 0xc0186201, 0xbee6d0c8) = 0
19:19:30.024995,1023,getpid() = 1023
19:19:30.025584,1023,getuid32() = 10050
19:19:30.026190,1023,epoll_wait(0x1e, 0xbee6d1f8, 0x10, 0) = 2
19:19:30.026799,1023,read(23, "WW", 16) = 2
19:19:30.027394,1023,recvfrom(37, "nysv\0\0\0\0\0{»Ô+\0\0\0©\7\0\0\224Â'¸", 24, MSG_DONTWAIT, NULL, NULL) = 24
19:19:30.028100,1023,recvfrom(37, 0xbee6c828, 24, 64, 0, 0) = -1 EAGAIN (Try again)
19:19:30.028702,1023,clock_gettime(CLOCK_MONOTONIC, {188, 313635795}) = 0
19:19:30.029387,1023,clock_gettime(CLOCK_MONOTONIC, {188, 314320289}) = 0
19:19:30.030069,1023,clock_gettime(CLOCK_MONOTONIC, {188, 315040790}) = 0
19:19:30.030722,1023,clock_gettime(CLOCK_MONOTONIC, {188, 315655645}) = 0
19:19:30.031396,1023,recvfrom(38, 0xb88738b0, 1240, 64, 0, 0) = -1 EAGAIN (Try again)
19:19:30.031981,1023,clock_gettime(CLOCK_MONOTONIC, {188, 316913511}) = 0
19:19:30.032633,1023,clock_gettime(CLOCK_MONOTONIC, {188, 317567121}) = 0
19:19:30.033285,1023,getpid() = 1023
19:19:30.033811,1023,getuid32() = 10050
19:19:30.034404,1023,epoll_wait(0x1e, 0xbee6d1f8, 0x10, 0) = 0
19:19:30.034961,1023,clock_gettime(CLOCK_MONOTONIC, {188, 319893701}) = 0
19:19:30.035622,1023,ioctl(9, 0xc0186201, 0xbee6d328) = 0
19:19:30.036189,1023,epoll_wait(0x1e, 0xbee6d1f8, 0x10, 0x24) = 0
19:19:30.074059,1023,clock_gettime(CLOCK_MONOTONIC, {188, 359040073}) = 0
19:19:30.074726,1023,clock_gettime(CLOCK_MONOTONIC, {188, 359654665}) = 0
19:19:30.075431,1023,recvfrom(37, 0xbee6c9a8, 24, 64, 0, 0) = -1 EAGAIN (Try again)
19:19:30.076051,1023,ioctl(9, 0xc0186201, 0xbee6d178) = 0
19:19:30.076880,1023,getpid() = 1023
19:19:30.077499,1023,getuid32() = 10050
19:19:30.078045,1023,epoll_wait(0x1e, 0xbee6d1f8, 0x10, 0) = 0
19:19:30.078582,1023,clock_gettime(CLOCK_MONOTONIC, {188, 363508331}) = 0
19:19:30.079186,1023,epoll_wait(0x1e, 0xbee6d1f8, 0x10, 0xffffffff) = 1
19:19:30.087796,1023,recvfrom(37, "nysv\0\0\0\0\"´^Û+\0\0\0«\7\0\0\224Â'¸", 24, MSG_DONTWAIT, NULL, NULL) = 24
19:19:30.088669,1023,recvfrom(37, 0xbee6c828, 24, 64, 0, 0) = -1 EAGAIN (Try again)
19:19:30.089303,1023,clock_gettime(CLOCK_MONOTONIC, {188, 374229265}) = 0
19:19:30.089920,1023,write(29, "W", 1) = 1
19:19:30.090600,1023,clock_gettime(CLOCK_MONOTONIC, {188, 375527094}) = 0
19:19:30.091197,1023,clock_gettime(CLOCK_MONOTONIC, {188, 376770885}) = 0
19:19:30.092574,1023,clock_gettime(CLOCK_MONOTONIC, {188, 377579412}) = 0
19:19:30.093305,1023,clock_gettime(CLOCK_MONOTONIC, {188, 378231451}) = 0
19:19:30.094138,1023,clock_gettime(CLOCK_MONOTONIC, {188, 379107648}) = 0
19:19:30.094790,1023,clock_gettime(CLOCK_MONOTONIC, {188, 379716533}) = 0
19:19:30.095458,1023,recvfrom(37, 0xbee6c9a8, 24, 64, 0, 0) = -1 EAGAIN (Try again)
19:19:30.116676,1023,ioctl(9, 0xc0186201, 0xbee6d178) = 0
19:19:30.117669,1023,clock_gettime(CLOCK_MONOTONIC, {188, 402662864}) = 0
19:19:30.118523,1023,clock_gettime(CLOCK_MONOTONIC, {188, 403459481}) = 0
19:19:30.119149,1023,clock_gettime(CLOCK_MONOTONIC, {188, 404127765}) = 0
19:19:30.119815,1023,clock_gettime(CLOCK_MONOTONIC, {188, 404749715}) = 0
19:19:30.120503,1023,clock_gettime(CLOCK_MONOTONIC, {188, 405436571}) = 0
19:19:30.121221,1023,write(29, "W", 1) = 1
19:19:30.122101,1023,ioctl(9, 0xc0186201, 0xbee6cf10) = 0
19:19:30.122935,1023,ioctl(9, 0xc0186201, 0xbee6cf10) = 0
19:19:30.124519,1023,clock_gettime(CLOCK_MONOTONIC, {188, 409534923}) = 0
19:19:30.140642,1023,clock_gettime(CLOCK_MONOTONIC, {188, 425614098}) = 0
19:19:30.141369,1023,ioctl(9, 0xc0186201, 0xbee6d0c8) = 0
19:19:30.142575,1023,getpid() = 1023
19:19:30.143172,1023,getuid32() = 10050
19:19:30.143799,1023,epoll_wait(0x1e, 0xbee6d1f8, 0x10, 0) = 2
19:19:30.144640,1023,read(23, "WW", 16) = 2
19:19:30.165612,1023,recvfrom(37, "nysv\0\0\0\0\220<ãÝ+\0\0\0¬\7\0\0\224Â'¸", 24, MSG_DONTWAIT, NULL, NULL) = 24
19:19:30.166783,1023,recvfrom(37, 0xbee6c828, 24, 64, 0, 0) = -1 EAGAIN (Try again)
19:19:30.167556,1023,clock_gettime(CLOCK_MONOTONIC, {188, 452499076}) = 0
19:19:30.168345,1023,clock_gettime(CLOCK_MONOTONIC, {188, 453273861}) = 0
19:19:30.168951,1023,clock_gettime(CLOCK_MONOTONIC, {188, 453878597}) = 0
19:19:30.169600,1023,clock_gettime(CLOCK_MONOTONIC, {188, 454591007}) = 0
19:19:30.170357,1023,recvfrom(38, 0xb88738b0, 1240, 64, 0, 0) = -1 EAGAIN (Try again)
19:19:30.171078,1023,clock_gettime(CLOCK_MONOTONIC, {188, 456073286}) = 0
19:19:30.171803,1023,clock_gettime(CLOCK_MONOTONIC, {188, 456745154}) = 0
19:19:30.172451,1023,getpid() = 1023
19:19:30.172957,1023,getuid32() = 10050
19:19:30.173541,1023,epoll_wait(0x1e, 0xbee6d1f8, 0x10, 0) = 0
19:19:30.174081,1023,clock_gettime(CLOCK_MONOTONIC, {188, 459046686}) = 0
19:19:30.174719,1023,ioctl(9, 0xc0186201, 0xbee6d328) = 0
19:19:30.175366,1023,epoll_wait(0x1e, 0xbee6d1f8, 0x10, 0x22) = 0
19:19:30.219684,1023,clock_gettime(CLOCK_MONOTONIC, {188, 504630811}) = 0
19:19:30.220357,1023,clock_gettime(CLOCK_MONOTONIC, {188, 505286535}) = 0
19:19:30.220978,1023,recvfrom(37, 0xbee6c9a8, 24, 64, 0, 0) = -1 EAGAIN (Try again)
19:19:30.221576,1023,ioctl(9, 0xc0186201, 0xbee6d178) = 0
19:19:30.222454,1023,getpid() = 1023
19:19:30.223137,1023,getuid32() = 10050
19:19:30.223725,1023,epoll_wait(0x1e, 0xbee6d1f8, 0x10, 0) = 0
19:19:30.224347,1023,clock_gettime(CLOCK_MONOTONIC, {188, 509273569}) = 0
19:19:30.224953,1023,epoll_wait(0x1e, 0xbee6d1f8, 0x10, 0xffffffff) = 1
19:19:30.229666,1023,recvfrom(37, "nysv\0\0\0\0\236E\21ä+\0\0\0®\7\0\0\224Â'¸", 24, MSG_DONTWAIT, NULL, NULL) = 24
19:19:30.230445,1023,recvfrom(37, 0xbee6c828, 24, 64, 0, 0) = -1 EAGAIN (Try again)
19:19:30.231131,1023,clock_gettime(CLOCK_MONOTONIC, {188, 516100779}) = 0
19:19:30.231799,1023,write(29, "W", 1) = 1
19:19:30.232477,1023,clock_gettime(CLOCK_MONOTONIC, {188, 517405700}) = 0
19:19:30.233137,1023,clock_gettime(CLOCK_MONOTONIC, {188, 518098496}) = 0
19:19:30.233843,1023,clock_gettime(CLOCK_MONOTONIC, {188, 518906171}) = 0
19:19:30.234656,1023,clock_gettime(CLOCK_MONOTONIC, {188, 519584353}) = 0
19:19:30.235580,1023,clock_gettime(CLOCK_MONOTONIC, {188, 520508210}) = 0
19:19:30.236189,1023,clock_gettime(CLOCK_MONOTONIC, {188, 521156322}) = 0
19:19:30.236840,1023,recvfrom(37, 0xbee6c9a8, 24, 64, 0, 0) = -1 EAGAIN (Try again)
19:19:30.237431,1023,ioctl(9, 0xc0186201, 0xbee6d178) = 0
19:19:30.238232,1023,clock_gettime(CLOCK_MONOTONIC, {188, 523222641}) = 0
19:19:30.238913,1023,clock_gettime(CLOCK_MONOTONIC, {188, 523841437}) = 0
19:19:30.239549,1023,clock_gettime(CLOCK_MONOTONIC, {188, 524476616}) = 0
19:19:30.240141,1023,clock_gettime(CLOCK_MONOTONIC, {188, 525107075}) = 0
19:19:30.240795,1023,clock_gettime(CLOCK_MONOTONIC, {188, 525722009}) = 0
19:19:30.241446,1023,write(29, "W", 1) = 1
19:19:30.242239,1023,ioctl(9, 0xc0186201, 0xbee6cf10) = 0
19:19:30.243089,1023,ioctl(9, 0xc0186201, 0xbee6cf10) = 0
19:19:30.244441,1023,clock_gettime(CLOCK_MONOTONIC, {188, 529373097}) = 0
19:19:30.247694,1023,clock_gettime(CLOCK_MONOTONIC, {188, 532629527}) = 0
19:19:30.248312,1023,ioctl(9, 0xc0186201, 0xbee6d0c8) = 0
19:19:30.249134,1023,ioctl(9, 0xc0186201, 0xbee6d0c8) = 0
19:19:30.249799,1023,getpid() = 1023
19:19:30.269889,1023,getuid32() = 10050
19:19:30.270532,1023,epoll_wait(0x1e, 0xbee6d1f8, 0x10, 0) = 2
19:19:30.271156,1023,read(23, "WW", 16) = 2
19:19:30.271766,1023,recvfrom(37, "nysv\0\0\0\0¼\rÁä+\0\0\0¯\7\0\0\224Â'¸", 24, MSG_DONTWAIT, NULL, NULL) = 24
19:19:30.272483,1023,recvfrom(37, 0xbee6c828, 24, 64, 0, 0) = -1 EAGAIN (Try again)
19:19:30.273059,1023,clock_gettime(CLOCK_MONOTONIC, {188, 558025132}) = 0
19:19:30.273765,1023,clock_gettime(CLOCK_MONOTONIC, {188, 558693185}) = 0
19:19:30.274405,1023,clock_gettime(CLOCK_MONOTONIC, {188, 559389026}) = 0
19:19:30.275055,1023,clock_gettime(CLOCK_MONOTONIC, {188, 560008253}) = 0
19:19:30.275705,1023,recvfrom(38, 0xb88738b0, 1240, 64, 0, 0) = -1 EAGAIN (Try again)
19:19:30.276333,1023,clock_gettime(CLOCK_MONOTONIC, {188, 561261845}) = 0
19:19:30.276925,1023,clock_gettime(CLOCK_MONOTONIC, {188, 561911216}) = 0
19:19:30.277583,1023,getpid() = 1023
19:19:30.286196,1023,getuid32() = 10050
19:19:30.287942,1023,epoll_wait(0x1e, 0xbee6d1f8, 0x10, 0) = 0
19:19:30.289043,1023,clock_gettime(CLOCK_MONOTONIC, {188, 574000858}) = 0
19:19:30.289693,1023,ioctl(9, 0xc0186201, 0xbee6d328) = 0
19:19:30.290334,1023,epoll_wait(0x1e, 0xbee6d1f8, 0x10, 0x28) = 0
19:19:30.331662,1023,clock_gettime(CLOCK_MONOTONIC, {188, 616609603}) = 0
19:19:30.332442,1023,clock_gettime(CLOCK_MONOTONIC, {188, 617400682}) = 0
19:19:30.333138,1023,recvfrom(37, 0xbee6c9a8, 24, 64, 0, 0) = -1 EAGAIN (Try again)
19:19:30.333787,1023,ioctl(9, 0xc0186201, 0xbee6d178) = 0
19:19:30.335261,1023,getpid() = 1023
19:19:30.335927,1023,getuid32() = 10050
19:19:30.336560,1023,epoll_wait(0x1e, 0xbee6d1f8, 0x10, 0) = 0
19:19:30.337119,1023,clock_gettime(CLOCK_MONOTONIC, {188, 622098532}) = 0
19:19:30.337801,1023,epoll_wait(0x1e, 0xbee6d1f8, 0x10, 0xffffffff) = 1
19:19:30.339445,1023,recvfrom(37, "nysv\0\0\0\0À~´ê+\0\0\0°\7\0\0\224Â'¸", 24, MSG_DONTWAIT, NULL, NULL) = 24
19:19:30.340130,1023,recvfrom(37, 0xbee6c828, 24, 64, 0, 0) = -1 EAGAIN (Try again)
19:19:30.340881,1023,clock_gettime(CLOCK_MONOTONIC, {188, 625886556}) = 0
19:19:30.341713,1023,write(29, "W", 1) = 1
19:19:30.342365,1023,clock_gettime(CLOCK_MONOTONIC, {188, 627331234}) = 0
19:19:30.343005,1023,clock_gettime(CLOCK_MONOTONIC, {188, 627933790}) = 0
19:19:30.343603,1023,clock_gettime(CLOCK_MONOTONIC, {188, 628530738}) = 0
19:19:30.344260,1023,clock_gettime(CLOCK_MONOTONIC, {188, 629187596}) = 0
19:19:30.345088,1023,clock_gettime(CLOCK_MONOTONIC, {188, 630081770}) = 0
19:19:30.345764,1023,clock_gettime(CLOCK_MONOTONIC, {188, 630691456}) = 0
19:19:30.346441,1023,recvfrom(37, 0xbee6c9a8, 24, 64, 0, 0) = -1 EAGAIN (Try again)
19:19:30.347024,1023,ioctl(9, 0xc0186201, 0xbee6d178) = 0
19:19:30.347844,1023,clock_gettime(CLOCK_MONOTONIC, {188, 632822275}) = 0
19:19:30.348555,1023,clock_gettime(CLOCK_MONOTONIC, {188, 633484574}) = 0
19:19:30.349154,1023,clock_gettime(CLOCK_MONOTONIC, {188, 634106764}) = 0
19:19:30.349788,1023,clock_gettime(CLOCK_MONOTONIC, {188, 634714965}) = 0
19:19:30.350443,1023,clock_gettime(CLOCK_MONOTONIC, {188, 635371210}) = 0
19:19:30.351056,1023,write(29, "W", 1) = 1
19:19:30.351846,1023,ioctl(9, 0xc0186201, 0xbee6cf10) = 0
19:19:30.352647,1023,ioctl(9, 0xc0186201, 0xbee6cf10) = 0
19:19:30.364368,1023,clock_gettime(CLOCK_MONOTONIC, {188, 649327984}) = 0
19:19:30.367931,1023,clock_gettime(CLOCK_MONOTONIC, {188, 652868165}) = 0
19:19:30.387604,1023,ioctl(9, 0xc0186201, 0xbee6d0c8) = 0
19:19:30.388569,1023,ioctl(9, 0xc0186201, 0xbee6d0c8) = 0
19:19:30.390131,1023,getpid() = 1023
19:19:30.390680,1023,getuid32() = 10050
19:19:30.391408,1023,epoll_wait(0x1e, 0xbee6d1f8, 0x10, 0) = 2
19:19:30.392159,1023,read(23, "WW", 16) = 2
19:19:30.405139,1023,recvfrom(37, "nysv\0\0\0\0Ô®)ë+\0\0\0±\7\0\0\224Â'¸", 24, MSG_DONTWAIT, NULL, NULL) = 24
19:19:30.405912,1023,recvfrom(37, 0xbee6c828, 24, 64, 0, 0) = -1 EAGAIN (Try again)
19:19:30.406592,1023,clock_gettime(CLOCK_MONOTONIC, {188, 691520877}) = 0
19:19:30.407303,1023,clock_gettime(CLOCK_MONOTONIC, {188, 692251145}) = 0
19:19:30.407926,1023,clock_gettime(CLOCK_MONOTONIC, {188, 692854442}) = 0
19:19:30.408559,1023,clock_gettime(CLOCK_MONOTONIC, {188, 693486282}) = 0
19:19:30.409172,1023,recvfrom(38, 0xb88738b0, 1240, 64, 0, 0) = -1 EAGAIN (Try again)
19:19:30.409774,1023,clock_gettime(CLOCK_MONOTONIC, {188, 694701798}) = 0
19:19:30.410425,1023,clock_gettime(CLOCK_MONOTONIC, {188, 695356510}) = 0
19:19:30.411092,1023,getpid() = 1023
19:19:30.418172,1023,getuid32() = 10050
19:19:30.418916,1023,epoll_wait(0x1e, 0xbee6d1f8, 0x10, 0) = 0
19:19:30.419574,1023,clock_gettime(CLOCK_MONOTONIC, {188, 704502685}) = 0
19:19:30.420183,1023,ioctl(9, 0xc0186201, 0xbee6d328) = 0
19:19:30.420940,1023,epoll_wait(0x1e, 0xbee6d1f8, 0x10, 0x13) = 0
19:19:30.446135,1023,clock_gettime(CLOCK_MONOTONIC, {188, 731127421}) = 0
19:19:30.446834,1023,clock_gettime(CLOCK_MONOTONIC, {188, 731771010}) = 0
19:19:30.447520,1023,recvfrom(37, 0xbee6c9a8, 24, 64, 0, 0) = -1 EAGAIN (Try again)
19:19:30.448157,1023,ioctl(9, 0xc0186201, 0xbee6d178) = 0
19:19:30.449064,1023,getpid() = 1023
19:19:30.449772,1023,getuid32() = 10050
19:19:30.450383,1023,epoll_wait(0x1e, 0xbee6d1f8, 0x10, 0) = 0
19:19:30.450938,1023,clock_gettime(CLOCK_MONOTONIC, {188, 735873947}) = 0
19:19:30.451612,1023,epoll_wait(0x1e, 0xbee6d1f8, 0x10, 0xffffffff) = 1
19:19:30.456383,1023,recvfrom(37, "nysv\0\0\0\0ìO\222ñ+\0\0\0³\7\0\0\224Â'¸", 24, MSG_DONTWAIT, NULL, NULL) = 24
19:19:30.457088,1023,recvfrom(37, 0xbee6c828, 24, 64, 0, 0) = -1 EAGAIN (Try again)
19:19:30.457707,1023,clock_gettime(CLOCK_MONOTONIC, {188, 742635417}) = 0
19:19:30.458379,1023,write(29, "W", 1) = 1
19:19:30.459017,1023,clock_gettime(CLOCK_MONOTONIC, {188, 743944411}) = 0
19:19:30.459670,1023,clock_gettime(CLOCK_MONOTONIC, {188, 744598244}) = 0
19:19:30.460376,1023,clock_gettime(CLOCK_MONOTONIC, {188, 745304381}) = 0
19:19:30.460969,1023,clock_gettime(CLOCK_MONOTONIC, {188, 746078226}) = 0
19:19:30.461986,1023,clock_gettime(CLOCK_MONOTONIC, {188, 746915279}) = 0
19:19:30.462635,1023,clock_gettime(CLOCK_MONOTONIC, {188, 747564323}) = 0
19:19:30.463287,1023,recvfrom(37, 0xbee6c9a8, 24, 64, 0, 0) = -1 EAGAIN (Try again)
19:19:30.463836,1023,ioctl(9, 0xc0186201, 0xbee6d178) = 0
19:19:30.464696,1023,clock_gettime(CLOCK_MONOTONIC, {188, 749674140}) = 0
19:19:30.465457,1023,clock_gettime(CLOCK_MONOTONIC, {188, 750385265}) = 0
19:19:30.466113,1023,clock_gettime(CLOCK_MONOTONIC, {188, 751073263}) = 0
19:19:30.466740,1023,clock_gettime(CLOCK_MONOTONIC, {188, 751692203}) = 0
19:19:30.467480,1023,clock_gettime(CLOCK_MONOTONIC, {188, 752427801}) = 0
19:19:30.468128,1023,write(29, "W", 1) = 1
19:19:30.468934,1023,ioctl(9, 0xc0186201, 0xbee6cf10) = 0
19:19:30.469730,1023,ioctl(9, 0xc0186201, 0xbee6cf10) = 0
19:19:30.471041,1023,clock_gettime(CLOCK_MONOTONIC, {188, 755999504}) = 0
19:19:30.474290,1023,clock_gettime(CLOCK_MONOTONIC, {188, 759223722}) = 0
19:19:30.474898,1023,ioctl(9, 0xc0186201, 0xbee6d0c8) = 0
19:19:30.475768,1023,ioctl(9, 0xc0186201, 0xbee6d0c8) = 0
19:19:30.476465,1023,getpid() = 1023
19:19:30.476974,1023,getuid32() = 10050
19:19:30.477554,1023,epoll_wait(0x1e, 0xbee6d1f8, 0x10, 0) = 1
19:19:30.500422,1023,read(23, "WW", 16) = 2
19:19:30.501130,1023,clock_gettime(CLOCK_MONOTONIC, {188, 786095931}) = 0
19:19:30.501781,1023,ioctl(9, 0xc0186201, 0xbee6d328) = 0
19:19:30.502382,1023,epoll_wait(0x1e, 0xbee6d1f8, 0x10, 0x36) = 1
19:19:30.502925,1023,recvfrom(37, "nysv\0\0\0\0002x,ó+\0\0\0´\7\0\0\224Â'¸", 24, MSG_DONTWAIT, NULL, NULL) = 24
19:19:30.503644,1023,recvfrom(37, 0xbee6c828, 24, 64, 0, 0) = -1 EAGAIN (Try again)
19:19:30.504310,1023,clock_gettime(CLOCK_MONOTONIC, {188, 789237753}) = 0
19:19:30.504928,1023,write(29, "W", 1) = 1
19:19:30.505601,1023,clock_gettime(CLOCK_MONOTONIC, {188, 790529748}) = 0
19:19:30.506230,1023,clock_gettime(CLOCK_MONOTONIC, {188, 791167251}) = 0
19:19:30.506853,1023,clock_gettime(CLOCK_MONOTONIC, {188, 791833992}) = 0
19:19:30.507538,1023,recvfrom(38, 0xb88738b0, 1240, 64, 0, 0) = -1 EAGAIN (Try again)
19:19:30.517882,1023,clock_gettime(CLOCK_MONOTONIC, {188, 802817658}) = 0
19:19:30.518570,1023,clock_gettime(CLOCK_MONOTONIC, {188, 803498650}) = 0
19:19:30.519166,1023,getpid() = 1023
19:19:30.519769,1023,getuid32() = 10050
19:19:30.520475,1023,epoll_wait(0x1e, 0xbee6d1f8, 0x10, 0) = 1
19:19:30.521033,1023,read(23, "W", 16) = 1
19:19:30.521656,1023,clock_gettime(CLOCK_MONOTONIC, {188, 806583128}) = 0
19:19:30.522429,1023,epoll_wait(0x1e, 0xbee6d1f8, 0x10, 0x22) = 0
19:19:30.572052,1023,clock_gettime(CLOCK_MONOTONIC, {188, 857005059}) = 0
19:19:30.572690,1023,clock_gettime(CLOCK_MONOTONIC, {188, 857620075}) = 0
19:19:30.573312,1023,recvfrom(37, 0xbee6c9a8, 24, 64, 0, 0) = -1 EAGAIN (Try again)
19:19:30.573872,1023,ioctl(9, 0xc0186201, 0xbee6d178) = 0
19:19:30.574717,1023,getpid() = 1023
19:19:30.575401,1023,getuid32() = 10050
19:19:30.575948,1023,epoll_wait(0x1e, 0xbee6d1f8, 0x10, 0) = 0
19:19:30.576486,1023,clock_gettime(CLOCK_MONOTONIC, {188, 861413646}) = 0
19:19:30.577094,1023,epoll_wait(0x1e, 0xbee6d1f8, 0x10, 0xffffffff) = 1
19:19:30.585540,1023,recvfrom(37, "nysv\0\0\0\0006é\37ù+\0\0\0µ\7\0\0\224Â'¸", 24, MSG_DONTWAIT, NULL, NULL) = 24
19:19:30.596537,1023,recvfrom(37, 0xbee6c828, 24, 64, 0, 0) = -1 EAGAIN (Try again)
19:19:30.597160,1023,clock_gettime(CLOCK_MONOTONIC, {188, 882224581}) = 0
19:19:30.597967,1023,write(29, "W", 1) = 1
19:19:30.598825,1023,clock_gettime(CLOCK_MONOTONIC, {188, 883754880}) = 0
19:19:30.599546,1023,clock_gettime(CLOCK_MONOTONIC, {188, 884476100}) = 0
19:19:30.600141,1023,clock_gettime(CLOCK_MONOTONIC, {188, 885125393}) = 0
19:19:30.600790,1023,clock_gettime(CLOCK_MONOTONIC, {188, 885716890}) = 0
19:19:30.601675,1023,clock_gettime(CLOCK_MONOTONIC, {188, 886603351}) = 0
19:19:30.602338,1023,clock_gettime(CLOCK_MONOTONIC, {188, 887662409}) = 0
19:19:30.603413,1023,recvfrom(37, 0xbee6c9a8, 24, 64, 0, 0) = -1 EAGAIN (Try again)
19:19:30.604034,1023,ioctl(9, 0xc0186201, 0xbee6d178) = 0
19:19:30.605008,1023,clock_gettime(CLOCK_MONOTONIC, {188, 890055143}) = 0
19:19:30.605909,1023,clock_gettime(CLOCK_MONOTONIC, {188, 890901143}) = 0
19:19:30.606638,1023,clock_gettime(CLOCK_MONOTONIC, {188, 891828702}) = 0
19:19:30.607570,1023,clock_gettime(CLOCK_MONOTONIC, {188, 892506521}) = 0
19:19:30.608317,1023,clock_gettime(CLOCK_MONOTONIC, {188, 893251745}) = 0
19:19:30.608994,1023,write(29, "W", 1) = 1
19:19:30.609959,1023,ioctl(9, 0xc0186201, 0xbee6cf10) = 0
19:19:30.610795,1023,ioctl(9, 0xc0186201, 0xbee6cf10) = 0
19:19:30.612428,1023,clock_gettime(CLOCK_MONOTONIC, {188, 897374128}) = 0
19:19:30.627306,1023,clock_gettime(CLOCK_MONOTONIC, {188, 912289855}) = 0
19:19:30.628112,1023,ioctl(9, 0xc0186201, 0xbee6d0c8) = 0
19:19:30.629483,1023,getpid() = 1023
19:19:30.630121,1023,getuid32() = 10050
19:19:30.630896,1023,epoll_wait(0x1e, 0xbee6d1f8, 0x10, 0) = 2
19:19:30.631542,1023,read(23, "WW", 16) = 2
19:19:30.632111,1023,recvfrom(37, "nysv\0\0\0\0\206©ôú+\0\0\0¶\7\0\0\224Â'¸", 24, MSG_DONTWAIT, NULL, NULL) = 24
19:19:30.632866,1023,recvfrom(37, 0xbee6c828, 24, 64, 0, 0) = -1 EAGAIN (Try again)
19:19:30.633519,1023,clock_gettime(CLOCK_MONOTONIC, {188, 918453649}) = 0
19:19:30.634231,1023,clock_gettime(CLOCK_MONOTONIC, {188, 919194484}) = 0
19:19:30.657390,1023,clock_gettime(CLOCK_MONOTONIC, {188, 942368948}) = 0
19:19:30.658074,1023,clock_gettime(CLOCK_MONOTONIC, {188, 943050591}) = 0
19:19:30.658762,1023,recvfrom(38, 0xb88738b0, 1240, 64, 0, 0) = -1 EAGAIN (Try again)
19:19:30.659400,1023,clock_gettime(CLOCK_MONOTONIC, {188, 944335123}) = 0
19:19:30.660019,1023,clock_gettime(CLOCK_MONOTONIC, {188, 944976797}) = 0
19:19:30.660677,1023,getpid() = 1023
19:19:30.661258,1023,getuid32() = 10050
19:19:30.677827,1023,epoll_wait(0x1e, 0xbee6d1f8, 0x10, 0) = 0
19:19:30.678552,1023,clock_gettime(CLOCK_MONOTONIC, {188, 963494580}) = 0
19:19:30.679395,1023,ioctl(9, 0xc0186201, 0xbee6d328) = 0
19:19:30.679965,1023,epoll_wait(0x1e, 0xbee6d1f8, 0x10, 0x12) = 0
19:19:30.699657,1023,clock_gettime(CLOCK_MONOTONIC, {188, 984606469}) = 0
19:19:30.700534,1023,clock_gettime(CLOCK_MONOTONIC, {188, 985471858}) = 0
19:19:30.701298,1023,recvfrom(37, 0xbee6c9a8, 24, 64, 0, 0) = -1 EAGAIN (Try again)
19:19:30.701922,1023,ioctl(9, 0xc0186201, 0xbee6d178) = 0
19:19:30.702946,1023,getpid() = 1023
19:19:30.703725,1023,getuid32() = 10050
19:19:30.704321,1023,epoll_wait(0x1e, 0xbee6d1f8, 0x10, 0) = 0
19:19:30.704855,1023,clock_gettime(CLOCK_MONOTONIC, {188, 989781476}) = 0
19:19:30.705527,1023,epoll_wait(0x1e, 0xbee6d1f8, 0x10, 0xffffffff) = 1
19:19:30.707166,1023,recvfrom(37, "nysv\0\0\0\0\200\202­\0,\0\0\0¸\7\0\0\224Â'¸", 24, MSG_DONTWAIT, NULL, NULL) = 24
19:19:30.707896,1023,recvfrom(37, 0xbee6c828, 24, 64, 0, 0) = -1 EAGAIN (Try again)
19:19:30.708511,1023,clock_gettime(CLOCK_MONOTONIC, {188, 993447311}) = 0
19:19:30.709156,1023,write(29, "W", 1) = 1
19:19:30.709840,1023,clock_gettime(CLOCK_MONOTONIC, {188, 994777722}) = 0
19:19:30.710478,1023,clock_gettime(CLOCK_MONOTONIC, {188, 995416820}) = 0
19:19:30.711102,1023,clock_gettime(CLOCK_MONOTONIC, {188, 996044744}) = 0
19:19:30.711732,1023,clock_gettime(CLOCK_MONOTONIC, {188, 996668491}) = 0
19:19:30.712611,1023,clock_gettime(CLOCK_MONOTONIC, {188, 997549444}) = 0
19:19:30.713260,1023,clock_gettime(CLOCK_MONOTONIC, {188, 998198221}) = 0
19:19:30.713907,1023,recvfrom(37, 0xbee6c9a8, 24, 64, 0, 0) = -1 EAGAIN (Try again)
19:19:30.714491,1023,ioctl(9, 0xc0186201, 0xbee6d178) = 0
19:19:30.715301,1023,clock_gettime(CLOCK_MONOTONIC, {189, 291581}) = 0
19:19:30.715998,1023,clock_gettime(CLOCK_MONOTONIC, {189, 936952}) = 0
19:19:30.716637,1023,clock_gettime(CLOCK_MONOTONIC, {189, 1564396}) = 0
19:19:30.717251,1023,clock_gettime(CLOCK_MONOTONIC, {189, 2192874}) = 0
19:19:30.717877,1023,clock_gettime(CLOCK_MONOTONIC, {189, 2804037}) = 0
19:19:30.718491,1023,write(29, "W", 1) = 1
19:19:30.719245,1023,ioctl(9, 0xc0186201, 0xbee6cf10) = 0
19:19:30.720064,1023,ioctl(9, 0xc0186201, 0xbee6cf10) = 0
19:19:30.721307,1023,clock_gettime(CLOCK_MONOTONIC, {189, 6239216}) = 0
19:19:30.748907,1023,clock_gettime(CLOCK_MONOTONIC, {189, 33876188}) = 0
19:19:30.749613,1023,ioctl(9, 0xc0186201, 0xbee6d0c8) = 0
19:19:30.750718,1023,getpid() = 1023
19:19:30.751270,1023,getuid32() = 10050
19:19:30.751817,1023,epoll_wait(0x1e, 0xbee6d1f8, 0x10, 0) = 2
19:19:30.752388,1023,read(23, "WW", 16) = 2
19:19:30.752950,1023,recvfrom(37, "nysv\0\0\0\0²zÒ\1,\0\0\0¹\7\0\0\224Â'¸", 24, MSG_DONTWAIT, NULL, NULL) = 24
19:19:30.753692,1023,recvfrom(37, 0xbee6c828, 24, 64, 0, 0) = -1 EAGAIN (Try again)
19:19:30.754300,1023,clock_gettime(CLOCK_MONOTONIC, {189, 39228773}) = 0
19:19:30.754951,1023,clock_gettime(CLOCK_MONOTONIC, {189, 39879173}) = 0
19:19:30.755586,1023,clock_gettime(CLOCK_MONOTONIC, {189, 40513859}) = 0
19:19:30.756174,1023,clock_gettime(CLOCK_MONOTONIC, {189, 41108086}) = 0
19:19:30.756788,1023,recvfrom(38, 0xb88738b0, 1240, 64, 0, 0) = -1 EAGAIN (Try again)
19:19:30.757355,1023,clock_gettime(CLOCK_MONOTONIC, {189, 42282161}) = 0
19:19:30.757943,1023,clock_gettime(CLOCK_MONOTONIC, {189, 42884573}) = 0
19:19:30.758563,1023,getpid() = 1023
19:19:30.759090,1023,getuid32() = 10050
19:19:30.780342,1023,epoll_wait(0x1e, 0xbee6d1f8, 0x10, 0) = 0
19:19:30.780953,1023,clock_gettime(CLOCK_MONOTONIC, {189, 65943592}) = 0
19:19:30.781630,1023,ioctl(9, 0xc0186201, 0xbee6d328) = 0
19:19:30.782273,1023,epoll_wait(0x1e, 0xbee6d1f8, 0x10, 0x1a) = 0
19:19:30.814889,1023,clock_gettime(CLOCK_MONOTONIC, {189, 99829493}) = 0
19:19:30.815567,1023,clock_gettime(CLOCK_MONOTONIC, {189, 100496688}) = 0
19:19:30.816186,1023,recvfrom(37, 0xbee6c9a8, 24, 64, 0, 0) = -1 EAGAIN (Try again)
19:19:30.826419,1023,ioctl(9, 0xc0186201, 0xbee6d178) = 0
19:19:30.827310,1023,getpid() = 1023
19:19:30.827985,1023,getuid32() = 10050
19:19:30.828609,1023,epoll_wait(0x1e, 0xbee6d1f8, 0x10, 0) = 0
19:19:30.829168,1023,clock_gettime(CLOCK_MONOTONIC, {189, 114175492}) = 0
19:19:30.829879,1023,epoll_wait(0x1e, 0xbee6d1f8, 0x10, 0xffffffff) = 1
19:19:30.832773,1023,recvfrom(37, "nysv\0\0\0\0À\203\0\10,\0\0\0»\7\0\0\224Â'¸", 24, MSG_DONTWAIT, NULL, NULL) = 24
19:19:30.833597,1023,recvfrom(37, 0xbee6c828, 24, 64, 0, 0) = -1 EAGAIN (Try again)
19:19:30.834181,1023,clock_gettime(CLOCK_MONOTONIC, {189, 119174203}) = 0
19:19:30.835020,1023,write(29, "W", 1) = 1
19:19:30.875555,1023,clock_gettime(CLOCK_MONOTONIC, {189, 160500877}) = 0
19:19:30.876213,1023,clock_gettime(CLOCK_MONOTONIC, {189, 161159353}) = 0
19:19:30.876826,1023,clock_gettime(CLOCK_MONOTONIC, {189, 161812511}) = 0
19:19:30.877510,1023,clock_gettime(CLOCK_MONOTONIC, {189, 162437669}) = 0
19:19:30.890262,1023,clock_gettime(CLOCK_MONOTONIC, {189, 175223170}) = 0
19:19:30.890948,1023,clock_gettime(CLOCK_MONOTONIC, {189, 175890555}) = 0
19:19:30.891667,1023,recvfrom(37, 0xbee6c9a8, 24, 64, 0, 0) = -1 EAGAIN (Try again)
19:19:30.892483,1023,ioctl(9, 0xc0186201, 0xbee6d178) = 0
19:19:30.894614,1023,clock_gettime(CLOCK_MONOTONIC, {189, 179682970}) = 0
19:19:30.895518,1023,clock_gettime(CLOCK_MONOTONIC, {189, 180471248}) = 0
19:19:30.896216,1023,clock_gettime(CLOCK_MONOTONIC, {189, 181165651}) = 0
19:19:30.896894,1023,clock_gettime(CLOCK_MONOTONIC, {189, 181843084}) = 0
19:19:30.897600,1023,clock_gettime(CLOCK_MONOTONIC, {189, 182548186}) = 0
19:19:30.898298,1023,write(29, "W", 1) = 1
19:19:30.927764,1023,ioctl(9, 0xc0186201, 0xbee6cf10) = 0
19:19:30.930855,1023,clock_gettime(CLOCK_MONOTONIC, {189, 215835835}) = 0
19:19:30.933718,1023,clock_gettime(CLOCK_MONOTONIC, {189, 218682898}) = 0
19:19:30.934475,1023,ioctl(9, 0xc0186201, 0xbee6d0c8) = 0
19:19:30.935871,1023,getpid() = 1023
19:19:30.936518,1023,getuid32() = 10050
19:19:30.937140,1023,epoll_wait(0x1e, 0xbee6d1f8, 0x10, 0) = 2
19:19:30.937795,1023,read(23, "WW", 16) = 2
19:19:30.960633,1023,recvfrom(37, "nysv\0\0\0\0t4\37\f,\0\0\0¼\7\0\0\224Â'¸", 24, MSG_DONTWAIT, NULL, NULL) = 24
19:19:30.961430,1023,recvfrom(37, 0xbee6c828, 24, 64, 0, 0) = -1 EAGAIN (Try again)
19:19:30.962096,1023,clock_gettime(CLOCK_MONOTONIC, {189, 247053652}) = 0
19:19:30.962871,1023,clock_gettime(CLOCK_MONOTONIC, {189, 247823310}) = 0
19:19:30.963563,1023,clock_gettime(CLOCK_MONOTONIC, {189, 248515013}) = 0
19:19:30.964245,1023,clock_gettime(CLOCK_MONOTONIC, {189, 249195063}) = 0
19:19:30.964940,1023,recvfrom(38, 0xb88738b0, 1240, 64, 0, 0) = -1 EAGAIN (Try again)
19:19:30.965584,1023,clock_gettime(CLOCK_MONOTONIC, {189, 250535037}) = 0
19:19:30.966261,1023,clock_gettime(CLOCK_MONOTONIC, {189, 251239434}) = 0
19:19:30.966966,1023,getpid() = 1023
19:19:30.967548,1023,getuid32() = 10050
19:19:30.968161,1023,epoll_wait(0x1e, 0xbee6d1f8, 0x10, 0) = 0
19:19:30.968777,1023,clock_gettime(CLOCK_MONOTONIC, {189, 253727079}) = 0
19:19:30.969463,1023,ioctl(9, 0xc0186201, 0xbee6d328) = 0
19:19:30.970092,1023,epoll_wait(0x1e, 0xbee6d1f8, 0x10, 0x11) = 0
19:19:30.992542,1023,clock_gettime(CLOCK_MONOTONIC, {189, 277502776}) = 0
19:19:30.993303,1023,clock_gettime(CLOCK_MONOTONIC, {189, 278250966}) = 0
19:19:30.994033,1023,recvfrom(37, 0xbee6c9a8, 24, 64, 0, 0) = -1 EAGAIN (Try again)
19:19:30.994739,1023,ioctl(9, 0xc0186201, 0xbee6d178) = 0
19:19:30.995653,1023,getpid() = 1023
19:19:30.996371,1023,getuid32() = 10050
19:19:30.997000,1023,epoll_wait(0x1e, 0xbee6d1f8, 0x10, 0) = 0
19:19:30.997615,1023,clock_gettime(CLOCK_MONOTONIC, {189, 282567193}) = 0
19:19:30.998316,1023,epoll_wait(0x1e, 0xbee6d1f8, 0x10, 0xffffffff) = 1
19:19:31.008086,1023,recvfrom(37, "nysv\0\0\0\0x¥\22\22,\0\0\0¾\7\0\0\224Â'¸", 24, MSG_DONTWAIT, NULL, NULL) = 24
19:19:31.009339,1023,recvfrom(37, 0xbee6c828, 24, 64, 0, 0) = -1 EAGAIN (Try again)
19:19:31.009971,1023,clock_gettime(CLOCK_MONOTONIC, {189, 294912545}) = 0
19:19:31.010657,1023,write(29, "W", 1) = 1
19:19:31.011446,1023,clock_gettime(CLOCK_MONOTONIC, {189, 296390218}) = 0
19:19:31.012103,1023,clock_gettime(CLOCK_MONOTONIC, {189, 297083546}) = 0
19:19:31.012785,1023,clock_gettime(CLOCK_MONOTONIC, {189, 297726141}) = 0
19:19:31.013433,1023,clock_gettime(CLOCK_MONOTONIC, {189, 298373721}) = 0
19:19:31.014379,1023,clock_gettime(CLOCK_MONOTONIC, {189, 299320882}) = 0
19:19:31.015041,1023,clock_gettime(CLOCK_MONOTONIC, {189, 299988949}) = 0
19:19:31.015712,1023,recvfrom(37, 0xbee6c9a8, 24, 64, 0, 0) = -1 EAGAIN (Try again)
19:19:31.016318,1023,ioctl(9, 0xc0186201, 0xbee6d178) = 0
19:19:31.017181,1023,clock_gettime(CLOCK_MONOTONIC, {189, 302193346}) = 0
19:19:31.017975,1023,clock_gettime(CLOCK_MONOTONIC, {189, 302917840}) = 0
19:19:31.018631,1023,clock_gettime(CLOCK_MONOTONIC, {189, 303571274}) = 0
19:19:31.019280,1023,clock_gettime(CLOCK_MONOTONIC, {189, 304220123}) = 0
19:19:31.019947,1023,clock_gettime(CLOCK_MONOTONIC, {189, 304888228}) = 0
19:19:31.020618,1023,write(29, "W", 1) = 1
19:19:31.021438,1023,ioctl(9, 0xc0186201, 0xbee6cf10) = 0
19:19:31.022269,1023,ioctl(9, 0xc0186201, 0xbee6cf10) = 0
19:19:31.023597,1023,clock_gettime(CLOCK_MONOTONIC, {189, 308542842}) = 0
19:19:31.027056,1023,clock_gettime(CLOCK_MONOTONIC, {189, 312010141}) = 0
19:19:31.027723,1023,ioctl(9, 0xc0186201, 0xbee6d0c8) = 0
19:19:31.028599,1023,ioctl(9, 0xc0186201, 0xbee6d0c8) = 0
19:19:31.049332,1023,getpid() = 1023
19:19:31.050058,1023,getuid32() = 10050
19:19:31.050697,1023,epoll_wait(0x1e, 0xbee6d1f8, 0x10, 0) = 2
19:19:31.051309,1023,read(23, "WW", 16) = 2
19:19:31.051951,1023,recvfrom(37, "nysv\0\0\0\0´5r\23,\0\0\0¿\7\0\0\224Â'¸", 24, MSG_DONTWAIT, NULL, NULL) = 24
19:19:31.052726,1023,recvfrom(37, 0xbee6c828, 24, 64, 0, 0) = -1 EAGAIN (Try again)
19:19:31.053382,1023,clock_gettime(CLOCK_MONOTONIC, {189, 338333096}) = 0
19:19:31.054134,1023,clock_gettime(CLOCK_MONOTONIC, {189, 339089646}) = 0
19:19:31.054822,1023,clock_gettime(CLOCK_MONOTONIC, {189, 339771856}) = 0
19:19:31.066580,1023,clock_gettime(CLOCK_MONOTONIC, {189, 351571516}) = 0
19:19:31.067337,1023,recvfrom(38, 0xb88738b0, 1240, 64, 0, 0) = -1 EAGAIN (Try again)
19:19:31.067964,1023,clock_gettime(CLOCK_MONOTONIC, {189, 352905403}) = 0
19:19:31.068615,1023,clock_gettime(CLOCK_MONOTONIC, {189, 353556414}) = 0
19:19:31.069267,1023,getpid() = 1023
19:19:31.069875,1023,getuid32() = 10050
19:19:31.070502,1023,epoll_wait(0x1e, 0xbee6d1f8, 0x10, 0) = 0
19:19:31.071115,1023,clock_gettime(CLOCK_MONOTONIC, {189, 356068509}) = 0
19:19:31.071799,1023,ioctl(9, 0xc0186201, 0xbee6d328) = 0
19:19:31.072429,1023,epoll_wait(0x1e, 0xbee6d1f8, 0x10, 0x25) = 0
19:19:31.126100,1023,clock_gettime(CLOCK_MONOTONIC, {189, 411072229}) = 0
19:19:31.126833,1023,clock_gettime(CLOCK_MONOTONIC, {189, 411778861}) = 0
19:19:31.127519,1023,recvfrom(37, 0xbee6c9a8, 24, 64, 0, 0) = -1 EAGAIN (Try again)
19:19:31.128131,1023,ioctl(9, 0xc0186201, 0xbee6d178) = 0
19:19:31.129020,1023,getpid() = 1023
19:19:31.129710,1023,getuid32() = 10050
19:19:31.130315,1023,epoll_wait(0x1e, 0xbee6d1f8, 0x10, 0) = 0
19:19:31.130893,1023,clock_gettime(CLOCK_MONOTONIC, {189, 415834764}) = 0
19:19:31.131830,1023,epoll_wait(0x1e, 0xbee6d1f8, 0x10, 0xffffffff) = 1
19:19:31.132690,1023,recvfrom(37, "nysv\0\0\0\0Ön\25\32,\0\0\0À\7\0\0\224Â'¸", 24, MSG_DONTWAIT, NULL, NULL) = 24
19:19:31.133442,1023,recvfrom(37, 0xbee6c828, 24, 64, 0, 0) = -1 EAGAIN (Try again)
19:19:31.134069,1023,clock_gettime(CLOCK_MONOTONIC, {189, 419046581}) = 0
19:19:31.134812,1023,write(29, "W", 1) = 1
19:19:31.146744,1023,clock_gettime(CLOCK_MONOTONIC, {189, 432554952}) = 0
19:19:31.148375,1023,clock_gettime(CLOCK_MONOTONIC, {189, 433328641}) = 0
19:19:31.149061,1023,clock_gettime(CLOCK_MONOTONIC, {189, 434013412}) = 0
19:19:31.149717,1023,clock_gettime(CLOCK_MONOTONIC, {189, 434658985}) = 0
19:19:31.150713,1023,clock_gettime(CLOCK_MONOTONIC, {189, 435659278}) = 0
19:19:31.151392,1023,clock_gettime(CLOCK_MONOTONIC, {189, 436336080}) = 0
19:19:31.152063,1023,recvfrom(37, 0xbee6c9a8, 24, 64, 0, 0) = -1 EAGAIN (Try again)
19:19:31.152679,1023,ioctl(9, 0xc0186201, 0xbee6d178) = 0
19:19:31.153556,1023,clock_gettime(CLOCK_MONOTONIC, {189, 438567053}) = 0
19:19:31.154430,1023,clock_gettime(CLOCK_MONOTONIC, {189, 439374449}) = 0
19:19:31.155081,1023,clock_gettime(CLOCK_MONOTONIC, {189, 440029829}) = 0
19:19:31.155735,1023,clock_gettime(CLOCK_MONOTONIC, {189, 440676917}) = 0
19:19:31.156415,1023,clock_gettime(CLOCK_MONOTONIC, {189, 441356982}) = 0
19:19:31.157082,1023,write(29, "W", 1) = 1
19:19:31.158954,1023,ioctl(9, 0xc0186201, 0xbee6cf10) = 0
19:19:31.160723,1023,clock_gettime(CLOCK_MONOTONIC, {189, 445935638}) = 0
19:19:31.164976,1023,clock_gettime(CLOCK_MONOTONIC, {189, 449932921}) = 0
19:19:31.165810,1023,ioctl(9, 0xc0186201, 0xbee6d0c8) = 0
19:19:31.198554,1023,getpid() = 1023
19:19:31.199160,1023,getuid32() = 10050
19:19:31.199774,1023,epoll_wait(0x1e, 0xbee6d1f8, 0x10, 0) = 2
19:19:31.200367,1023,read(23, "WW", 16) = 2
19:19:31.201063,1023,recvfrom(37, "nysv\0\0\0\0\22ÿt\33,\0\0\0Á\7\0\0\224Â'¸", 24, MSG_DONTWAIT, NULL, NULL) = 24
19:19:31.201851,1023,recvfrom(37, 0xbee6c828, 24, 64, 0, 0) = -1 EAGAIN (Try again)
19:19:31.202717,1023,clock_gettime(CLOCK_MONOTONIC, {189, 487676076}) = 0
19:19:31.203505,1023,clock_gettime(CLOCK_MONOTONIC, {189, 488457417}) = 0
19:19:31.204195,1023,clock_gettime(CLOCK_MONOTONIC, {189, 489145971}) = 0
19:19:31.204867,1023,clock_gettime(CLOCK_MONOTONIC, {189, 489816599}) = 0
19:19:31.205568,1023,recvfrom(38, 0xb88738b0, 1240, 64, 0, 0) = -1 EAGAIN (Try again)
19:19:31.217223,1023,clock_gettime(CLOCK_MONOTONIC, {189, 502213931}) = 0
19:19:31.217958,1023,clock_gettime(CLOCK_MONOTONIC, {189, 502904177}) = 0
19:19:31.218618,1023,getpid() = 1023
19:19:31.219292,1023,getuid32() = 10050
19:19:31.219898,1023,epoll_wait(0x1e, 0xbee6d1f8, 0x10, 0) = 0
19:19:31.220493,1023,clock_gettime(CLOCK_MONOTONIC, {189, 505433585}) = 0
19:19:31.221142,1023,ioctl(9, 0xc0186201, 0xbee6d328) = 0
19:19:31.221747,1023,epoll_wait(0x1e, 0xbee6d1f8, 0x10, 0x18) = 0
19:19:31.253458,1023,clock_gettime(CLOCK_MONOTONIC, {189, 538412450}) = 0
19:19:31.254156,1023,clock_gettime(CLOCK_MONOTONIC, {189, 539106148}) = 0
19:19:31.254833,1023,recvfrom(37, 0xbee6c9a8, 24, 64, 0, 0) = -1 EAGAIN (Try again)
19:19:31.255447,1023,ioctl(9, 0xc0186201, 0xbee6d178) = 0
19:19:31.256330,1023,getpid() = 1023
19:19:31.257003,1023,getuid32() = 10050
19:19:31.257602,1023,epoll_wait(0x1e, 0xbee6d1f8, 0x10, 0) = 0
19:19:31.258179,1023,clock_gettime(CLOCK_MONOTONIC, {189, 557974244}) = 0
19:19:31.273761,1023,epoll_wait(0x1e, 0xbee6d1f8, 0x10, 0xffffffff) = 1
19:19:31.274391,1023,recvfrom(37, "nysv\0\0\0\0 \10£!,\0\0\0Ã\7\0\0\224Â'¸", 24, MSG_DONTWAIT, NULL, NULL) = 24
19:19:31.275196,1023,recvfrom(37, 0xbee6c828, 24, 64, 0, 0) = -1 EAGAIN (Try again)
19:19:31.275855,1023,clock_gettime(CLOCK_MONOTONIC, {189, 560805741}) = 0
19:19:31.276563,1023,write(29, "W", 1) = 1
19:19:31.277299,1023,clock_gettime(CLOCK_MONOTONIC, {189, 562252168}) = 0
19:19:31.277982,1023,clock_gettime(CLOCK_MONOTONIC, {189, 562934005}) = 0
19:19:31.278661,1023,clock_gettime(CLOCK_MONOTONIC, {189, 563610184}) = 0
19:19:31.279337,1023,clock_gettime(CLOCK_MONOTONIC, {189, 564286910}) = 0
19:19:31.280282,1023,clock_gettime(CLOCK_MONOTONIC, {189, 565234155}) = 0
19:19:31.280976,1023,clock_gettime(CLOCK_MONOTONIC, {189, 565927374}) = 0
19:19:31.281679,1023,recvfrom(37, 0xbee6c9a8, 24, 64, 0, 0) = -1 EAGAIN (Try again)
19:19:31.282312,1023,ioctl(9, 0xc0186201, 0xbee6d178) = 0
19:19:31.283127,1023,clock_gettime(CLOCK_MONOTONIC, {189, 568086266}) = 0
19:19:31.283837,1023,clock_gettime(CLOCK_MONOTONIC, {189, 568787535}) = 0
19:19:31.284521,1023,clock_gettime(CLOCK_MONOTONIC, {189, 569472332}) = 0
19:19:31.285203,1023,clock_gettime(CLOCK_MONOTONIC, {189, 570153496}) = 0
19:19:31.285903,1023,clock_gettime(CLOCK_MONOTONIC, {189, 570852827}) = 0
19:19:31.286606,1023,write(29, "W", 1 <unfinished ...>
19:19:31.306199,1041,<... select resumed> ) = 0 (Timeout)
19:19:31.306451,1023,<... write resumed> ) = 1
19:19:31.306878,1041,close(36 <unfinished ...>
19:19:31.307456,1023,ioctl(9, 0xc0186201 <unfinished ...>
19:19:31.307854,1041,<... close resumed> ) = 0
19:19:31.308213,1023,<... ioctl resumed> , 0xbee6cf10) = 0
19:19:31.308533,1041,close(44 <unfinished ...>
19:19:31.309101,1023,ioctl(9, 0xc0186201 <unfinished ...>
19:19:31.309432,1041,<... close resumed> ) = 0
19:19:31.309753,1023,<... ioctl resumed> , 0xbee6cf10) = 0
19:19:31.310081,1041,munmap(0xac857000, 69632 <unfinished ...>
19:19:31.310444,1023,futex(0xb6f62698, FUTEX_WAIT_PRIVATE, 2, NULL <unfinished ...>
19:19:31.310787,1041,<... munmap resumed> ) = 0
19:19:31.311129,1041,futex(0xb6f62698, FUTEX_WAKE_PRIVATE, 1) = 1
19:19:31.311652,1023,<... futex resumed> ) = 0
19:19:31.313739,1041,clock_gettime(CLOCK_MONOTONIC, <unfinished ...>
19:19:31.314092,1023,futex(0xb6f62698, FUTEX_WAKE_PRIVATE, 1 <unfinished ...>
19:19:31.314464,1041,<... clock_gettime resumed> {189, 599116216}) = 0
19:19:31.314853,1023,<... futex resumed> ) = 0
19:19:31.315866,1041,gettimeofday( <unfinished ...>
19:19:31.316948,1023,clock_gettime(CLOCK_MONOTONIC, <unfinished ...>
19:19:31.317288,1041,<... gettimeofday resumed> {1738783171, 317173}, NULL) = 0
19:19:31.317684,1023,<... clock_gettime resumed> {189, 602323404}) = 0
19:19:31.318211,1041,writev(3, [{"\4", 1}, {"HttpRequest\0", 12}, {"doPost retry:1\0", 15}], 3 <unfinished ...>
19:19:31.321535,1023,clock_gettime(CLOCK_MONOTONIC, <unfinished ...>
19:19:31.330758,1041,<... writev resumed> ) = 28
19:19:31.332050,1023,<... clock_gettime resumed> {189, 616675395}) = 0
19:19:31.337212,1023,ioctl(9, 0xc0186201, 0xbee6d0c8) = 0
19:19:31.338173,1023,ioctl(9, 0xc0186201, 0xbee6d0c8) = 0
19:19:31.339431,1023,getpid() = 1023
19:19:31.340046,1023,getuid32() = 10050
19:19:31.340651,1023,epoll_wait(0x1e, 0xbee6d1f8, 0x10, 0) = 2
19:19:31.341236,1023,read(23, "WW", 16) = 2
19:19:31.341851,1023,recvfrom(37, "nysv\0\0\0\0pÈw#,\0\0\0Ä\7\0\0\224Â'¸", 24, MSG_DONTWAIT, NULL, NULL) = 24
19:19:31.342649,1023,recvfrom(37, 0xbee6c828, 24, 64, 0, 0) = -1 EAGAIN (Try again)
19:19:31.343418,1023,clock_gettime(CLOCK_MONOTONIC, {189, 628446921}) = 0
19:19:31.344429,1023,clock_gettime(CLOCK_MONOTONIC, {189, 648985707}) = 0
19:19:31.364893,1023,clock_gettime(CLOCK_MONOTONIC, {189, 649917019}) = 0
19:19:31.365657,1023,clock_gettime(CLOCK_MONOTONIC, {189, 650610861}) = 0
19:19:31.366368,1023,recvfrom(38, 0xb88738b0, 1240, 64, 0, 0) = -1 EAGAIN (Try again)
19:19:31.367017,1023,clock_gettime(CLOCK_MONOTONIC, {189, 651973000}) = 0
19:19:31.367699,1023,clock_gettime(CLOCK_MONOTONIC, {189, 652650575}) = 0
19:19:31.368382,1023,getpid() = 1023
19:19:31.368957,1023,getuid32() = 10050
19:19:31.369608,1023,epoll_wait(0x1e, 0xbee6d1f8, 0x10, 0) = 0
19:19:31.370229,1023,clock_gettime(CLOCK_MONOTONIC, {189, 655179058}) = 0
19:19:31.370910,1023,ioctl(9, 0xc0186201, 0xbee6d328) = 0
19:19:31.371547,1023,epoll_wait(0x1e, 0xbee6d1f8, 0x10, 0x4) = 0
19:19:31.381437,1043,<... select resumed> ) = 0 (Timeout)
19:19:31.382049,1023,clock_gettime(CLOCK_MONOTONIC, <unfinished ...>
19:19:31.382450,1043,close(39 <unfinished ...>
19:19:31.382790,1023,<... clock_gettime resumed> {189, 667428280}) = 0
19:19:31.383208,1043,<... close resumed> ) = 0
19:19:31.383581,1023,clock_gettime(CLOCK_MONOTONIC, <unfinished ...>
19:19:31.383893,1043,close(45 <unfinished ...>
19:19:31.384201,1023,<... clock_gettime resumed> {189, 668833639}) = 0
19:19:31.384592,1043,<... close resumed> ) = 0
19:19:31.384974,1023,recvfrom(37, <unfinished ...>
19:19:31.385300,1043,munmap(0xac846000, 69632 <unfinished ...>
19:19:31.385616,1023,<... recvfrom resumed> 0xbee6c9a8, 24, 64, 0, 0) = -1 EAGAIN (Try again)
19:19:31.385967,1043,<... munmap resumed> ) = 0
19:19:31.386314,1023,futex(0xb6f62698, FUTEX_WAIT_PRIVATE, 2, NULL <unfinished ...>
19:19:31.386631,1043,futex(0xb6f62698, FUTEX_WAKE_PRIVATE, 1 <unfinished ...>
19:19:31.386937,1023,<... futex resumed> ) = -1 EAGAIN (Try again)
19:19:31.387232,1043,<... futex resumed> ) = 0
19:19:31.387561,1023,futex(0xb6f62698, FUTEX_WAKE_PRIVATE, 1 <unfinished ...>
19:19:31.387873,1043,munmap(0xac835000, 69632 <unfinished ...>
19:19:31.395852,1023,<... futex resumed> ) = 0
19:19:31.396062,1043,<... munmap resumed> ) = 0
19:19:31.396290,1041,gettimeofday( <unfinished ...>
19:19:31.396629,1023,futex(0xb6f62698, FUTEX_WAIT_PRIVATE, 2, NULL <unfinished ...>
19:19:31.396949,1043,futex(0xb6f62698, FUTEX_WAKE_PRIVATE, 1 <unfinished ...>
19:19:31.397613,1041,<... gettimeofday resumed> {1738783171, 397507}, NULL) = 0
19:19:31.398038,1023,<... futex resumed> ) = -1 EAGAIN (Try again)
19:19:31.398358,1043,<... futex resumed> ) = 0
19:19:31.399232,1041,clock_gettime(CLOCK_MONOTONIC, <unfinished ...>
19:19:31.399570,1023,futex(0xb6f62698, FUTEX_WAKE_PRIVATE, 1 <unfinished ...>
19:19:31.400429,1043,clock_gettime(CLOCK_MONOTONIC, <unfinished ...>
19:19:31.400725,1041,<... clock_gettime resumed> {189, 685376816}) = 0
19:19:31.401182,1023,<... futex resumed> ) = 0
19:19:31.401481,1043,<... clock_gettime resumed> {189, 686138231}) = 0
19:19:31.402160,1041,gettimeofday( <unfinished ...>
19:19:31.402539,1023,ioctl(9, 0xc0186201 <unfinished ...>
19:19:31.403035,1043,gettimeofday( <unfinished ...>
19:19:31.403331,1041,<... gettimeofday resumed> {1738783171, 403226}, NULL) = 0
19:19:31.403771,1023,<... ioctl resumed> , 0xbee6d178) = 0
19:19:31.404065,1043,<... gettimeofday resumed> {1738783171, 403964}, NULL) = 0
19:19:31.404614,1041,writev(3, [{"\4", 1}, {"HttpRequest\0", 12}, {"doPost retry:2\0", 15}], 3 <unfinished ...>
19:19:31.405569,1023,getpid( <unfinished ...>
19:19:31.446612,1043,writev(3, [{"\4", 1}, {"HttpRequest\0", 12}, {"doPost retry:1\0", 15}], 3 <unfinished ...>
19:19:31.447160,1041,<... writev resumed> ) = 28
19:19:31.447577,1023,<... getpid resumed> ) = 1023
19:19:31.447972,1043,<... writev resumed> ) = 28
19:19:31.453377,1041,gettimeofday( <unfinished ...>
19:19:31.453745,1023,getuid32( <unfinished ...>
19:19:31.458138,1041,<... gettimeofday resumed> {1738783171, 458015}, NULL) = 0
19:19:31.458570,1023,<... getuid32 resumed> ) = 10050
19:19:31.459426,1041,clock_gettime(CLOCK_MONOTONIC, <unfinished ...>
19:19:31.459812,1023,epoll_wait(0x1e, 0xbee6d1f8, 0x10, 0 <unfinished ...>
19:19:31.460111,1041,<... clock_gettime resumed> {189, 744763955}) = 0
19:19:31.460509,1023,<... epoll_wait resumed> ) = 1
19:19:31.460924,1041,gettimeofday( <unfinished ...>
19:19:31.461507,1023,recvfrom(37, <unfinished ...>
19:19:31.462455,1041,<... gettimeofday resumed> {1738783171, 462345}, NULL) = 0
19:19:31.462888,1023,<... recvfrom resumed> "nysv\0\0\0\0¦1\220*,\0\0\0Æ\7\0\0\224Â'¸", 24, MSG_DONTWAIT, NULL, NULL) = 24
19:19:31.463608,1041,writev(3, [{"\4", 1}, {"HttpRequest\0", 12}, {"doPost result:\0", 15}], 3 <unfinished ...>
19:19:31.466378,1023,recvfrom(37, 0xbee6c828, 24, 64, 0, 0) = -1 EAGAIN (Try again)
19:19:31.467760,1041,<... writev resumed> ) = 28
19:19:31.468159,1023,clock_gettime(CLOCK_MONOTONIC, <unfinished ...>
19:19:31.468537,1041,clock_gettime(CLOCK_MONOTONIC, <unfinished ...>
19:19:31.468844,1023,<... clock_gettime resumed> {189, 753481545}) = 0
19:19:31.469221,1041,<... clock_gettime resumed> {189, 753871096}) = 0
19:19:31.469728,1023,clock_gettime(CLOCK_MONOTONIC, <unfinished ...>
19:19:31.470050,1041,clock_gettime(CLOCK_MONOTONIC, <unfinished ...>
19:19:31.470362,1023,<... clock_gettime resumed> {189, 754999100}) = 0
19:19:31.470725,1041,<... clock_gettime resumed> {189, 755381545}) = 0
19:19:31.471159,1023,clock_gettime(CLOCK_MONOTONIC, <unfinished ...>
19:19:31.471481,1041,futex(0xb886bda8, FUTEX_WAIT_PRIVATE, 0, {0, 498489551} <unfinished ...>
19:19:31.471858,1023,<... clock_gettime resumed> {189, 756496288}) = 0
19:19:31.472324,1023,clock_gettime(CLOCK_MONOTONIC, {189, 757266518}) = 0
19:19:31.472971,1023,clock_gettime(CLOCK_MONOTONIC, {189, 757912350}) = 0
19:19:31.473878,1023,clock_gettime(CLOCK_MONOTONIC, {189, 758820802}) = 0
19:19:31.474545,1023,clock_gettime(CLOCK_MONOTONIC, {189, 759487865}) = 0
19:19:31.475218,1023,recvfrom(37, 0xbee6c9a8, 24, 64, 0, 0) = -1 EAGAIN (Try again)
19:19:31.475819,1023,ioctl(9, 0xc0186201, 0xbee6d178) = 0
19:19:31.476681,1023,clock_gettime(CLOCK_MONOTONIC, {189, 761688965}) = 0
19:19:31.477476,1023,clock_gettime(CLOCK_MONOTONIC, {189, 762419430}) = 0
19:19:31.478124,1023,clock_gettime(CLOCK_MONOTONIC, {189, 763073196}) = 0
19:19:31.478777,1023,clock_gettime(CLOCK_MONOTONIC, {189, 763718222}) = 0
19:19:31.481722,1023,clock_gettime(CLOCK_MONOTONIC, {189, 766703232}) = 0
19:19:31.487936,1023,write(29, "W", 1) = 1
19:19:31.491306,1023,ioctl(9, 0xc0186201, 0xbee6cf10) = 0
19:19:31.493806,1023,ioctl(9, 0xc0186201, 0xbee6cf10) = 0
19:19:31.496220,1023,clock_gettime(CLOCK_MONOTONIC, {189, 781447223}) = 0
19:19:31.501990,1023,clock_gettime(CLOCK_MONOTONIC, {189, 787242799}) = 0
19:19:31.504904,1023,ioctl(9, 0xc0186201, 0xbee6d0c8) = 0
19:19:31.506897,1023,ioctl(9, 0xc0186201, 0xbee6d0c8) = 0
19:19:31.509507,1023,getpid() = 1023
19:19:31.511501,1023,getuid32() = 10050
19:19:31.517093,1023,epoll_wait(0x1e, 0xbee6d1f8, 0x10, 0) = 2
19:19:31.517912,1023,read(23, "W", 16) = 1
19:19:31.518616,1023,recvfrom(37, "nysv\0\0\0\0dzé.,\0\0\0Ç\7\0\0\224Â'¸", 24, MSG_DONTWAIT, NULL, NULL) = 24
19:19:31.519416,1023,recvfrom(37, 0xbee6c828, 24, 64, 0, 0) = -1 EAGAIN (Try again)
19:19:31.520043,1023,clock_gettime(CLOCK_MONOTONIC, {189, 804992182}) = 0
19:19:31.520776,1023,clock_gettime(CLOCK_MONOTONIC, {189, 805718659}) = 0
19:19:31.521435,1023,clock_gettime(CLOCK_MONOTONIC, {189, 806378272}) = 0
19:19:31.522077,1023,clock_gettime(CLOCK_MONOTONIC, {189, 807509376}) = 0
19:19:31.523305,1023,recvfrom(38, 0xb88738b0, 1240, 64, 0, 0) = -1 EAGAIN (Try again)
19:19:31.523952,1023,clock_gettime(CLOCK_MONOTONIC, {189, 808894741}) = 0
19:19:31.524603,1023,clock_gettime(CLOCK_MONOTONIC, {189, 809545724}) = 0
19:19:31.525254,1023,getpid() = 1023
19:19:31.525802,1023,getuid32() = 10050
19:19:31.526665,1023,epoll_wait(0x1e, 0xbee6d1f8, 0x10, 0) = 0
19:19:31.527267,1023,clock_gettime(CLOCK_MONOTONIC, {189, 812209070}) = 0
19:19:31.527921,1023,ioctl(9, 0xc0186201, 0xbee6d328) = 0
19:19:31.528529,1023,epoll_wait(0x1e, 0xbee6d1f8, 0x10, 0x28 <unfinished ...>
19:19:31.547429,1043,gettimeofday({1738783171, 547649}, NULL) = 0
19:19:31.548601,1043,clock_gettime(CLOCK_MONOTONIC, {189, 833559051}) = 0
19:19:31.549336,1043,gettimeofday({1738783171, 549527}, NULL) = 0
19:19:31.550067,1043,writev(3, [{"\4", 1}, {"HttpRequest\0", 12}, {"doPost retry:2\0", 15}], 3) = 28
19:19:31.555494,1043,gettimeofday({1738783171, 555690}, NULL) = 0
19:19:31.556585,1043,clock_gettime(CLOCK_MONOTONIC, {189, 841539135}) = 0
19:19:31.557308,1043,gettimeofday({1738783171, 557499}, NULL) = 0
19:19:31.558066,1043,writev(3, [{"\4", 1}, {"HttpRequest\0", 12}, {"doPost result:\0", 15}], 3) = 28
19:19:31.561169,1043,clock_gettime(CLOCK_MONOTONIC, {189, 846135117}) = 0
19:19:31.561843,1043,clock_gettime(CLOCK_MONOTONIC, {189, 846787821}) = 0
19:19:31.562438,1043,futex(0xb8871928, FUTEX_WAIT_PRIVATE, 0, {2, 999347296} <unfinished ...>
19:19:31.578225,1023,<... epoll_wait resumed> ) = 0
19:19:31.578653,1023,clock_gettime(CLOCK_MONOTONIC, {189, 863603198}) = 0
19:19:31.579334,1023,clock_gettime(CLOCK_MONOTONIC, {189, 864278623}) = 0
19:19:31.580007,1023,recvfrom(37, 0xbee6c9a8, 24, 64, 0, 0) = -1 EAGAIN (Try again)
19:19:31.580693,1023,ioctl(9, 0xc0186201, 0xbee6d178) = 0
19:19:31.581565,1023,getpid() = 1023
19:19:31.582256,1023,getuid32() = 10050
19:19:31.582855,1023,epoll_wait(0x1e, 0xbee6d1f8, 0x10, 0) = 0
19:19:31.583442,1023,clock_gettime(CLOCK_MONOTONIC, {189, 868384704}) = 0
19:19:31.584103,1023,epoll_wait(0x1e, 0xbee6d1f8, 0x10, 0xffffffff) = 1
19:19:31.588131,1023,recvfrom(37, "nysv\0\0\0\0r\203\0275,\0\0\0É\7\0\0\224Â'¸", 24, MSG_DONTWAIT, NULL, NULL) = 24
19:19:31.588888,1023,recvfrom(37, 0xbee6c828, 24, 64, 0, 0) = -1 EAGAIN (Try again)
19:19:31.589612,1023,clock_gettime(CLOCK_MONOTONIC, {189, 874556399}) = 0
19:19:31.590396,1023,write(29, "W", 1) = 1
19:19:31.591241,1023,clock_gettime(CLOCK_MONOTONIC, {189, 876200437}) = 0
19:19:31.592012,1023,clock_gettime(CLOCK_MONOTONIC, {189, 876989013}) = 0
19:19:31.592748,1023,clock_gettime(CLOCK_MONOTONIC, {189, 877696096}) = 0
19:19:31.593516,1023,clock_gettime(CLOCK_MONOTONIC, {189, 878881835}) = 0
19:19:31.595034,1023,clock_gettime(CLOCK_MONOTONIC, {189, 880044519}) = 0
19:19:31.608755,1023,clock_gettime(CLOCK_MONOTONIC, {189, 893737106}) = 0
19:19:31.609495,1023,recvfrom(37, 0xbee6c9a8, 24, 64, 0, 0) = -1 EAGAIN (Try again)
19:19:31.610106,1023,ioctl(9, 0xc0186201, 0xbee6d178) = 0
19:19:31.611998,1023,clock_gettime(CLOCK_MONOTONIC, {189, 897133358}) = 0
19:19:31.613001,1023,clock_gettime(CLOCK_MONOTONIC, {189, 898175027}) = 0
19:19:31.613922,1023,clock_gettime(CLOCK_MONOTONIC, {189, 898905412}) = 0
19:19:31.614792,1023,clock_gettime(CLOCK_MONOTONIC, {189, 899775933}) = 0
19:19:31.615586,1023,clock_gettime(CLOCK_MONOTONIC, {189, 900531093}) = 0
19:19:31.616307,1023,write(29, "W", 1) = 1
19:19:31.617155,1023,ioctl(9, 0xc0186201, 0xbee6cf10) = 0
19:19:31.618056,1023,ioctl(9, 0xc0186201, 0xbee6cf10) = 0
19:19:31.628433,1023,clock_gettime(CLOCK_MONOTONIC, {189, 913439062}) = 0
19:19:31.632127,1023,clock_gettime(CLOCK_MONOTONIC, {189, 917089872}) = 0
19:19:31.632815,1023,ioctl(9, 0xc0186201, 0xbee6d0c8) = 0
19:19:31.633732,1023,ioctl(9, 0xc0186201, 0xbee6d0c8) = 0
19:19:31.634588,1023,getpid() = 1023
19:19:31.635144,1023,getuid32() = 10050
19:19:31.669839,1023,epoll_wait(0x1e, 0xbee6d1f8, 0x10, 0) = 2
19:19:31.670519,1023,read(23, "WW", 16) = 2
19:19:31.671165,1023,recvfrom(37, "nysv\0\0\0\0ÂCì6,\0\0\0Ê\7\0\0\224Â'¸", 24, MSG_DONTWAIT, NULL, NULL) = 24
19:19:31.671944,1023,recvfrom(37, 0xbee6c828, 24, 64, 0, 0) = -1 EAGAIN (Try again)
19:19:31.672772,1023,clock_gettime(CLOCK_MONOTONIC, {189, 957722716}) = 0
19:19:31.673560,1023,clock_gettime(CLOCK_MONOTONIC, {189, 958505978}) = 0
19:19:31.674225,1023,clock_gettime(CLOCK_MONOTONIC, {189, 959168588}) = 0
19:19:31.674868,1023,clock_gettime(CLOCK_MONOTONIC, {189, 959809598}) = 0
19:19:31.675538,1023,recvfrom(38, 0xb88738b0, 1240, 64, 0, 0) = -1 EAGAIN (Try again)
19:19:31.676153,1023,clock_gettime(CLOCK_MONOTONIC, {189, 961101453}) = 0
19:19:31.676802,1023,clock_gettime(CLOCK_MONOTONIC, {189, 961742892}) = 0
19:19:31.677450,1023,getpid() = 1023
19:19:31.677998,1023,getuid32() = 10050
19:19:31.678587,1023,epoll_wait(0x1e, 0xbee6d1f8, 0x10, 0) = 0
19:19:31.679169,1023,clock_gettime(CLOCK_MONOTONIC, {189, 964116337}) = 0
19:19:31.679822,1023,ioctl(9, 0xc0186201, 0xbee6d328) = 0
19:19:31.680428,1023,epoll_wait(0x1e, 0xbee6d1f8, 0x10, 0x19) = 0
19:19:31.706975,1023,clock_gettime(CLOCK_MONOTONIC, {189, 991948936}) = 0
19:19:31.707740,1023,clock_gettime(CLOCK_MONOTONIC, {189, 992686457}) = 0
19:19:31.708425,1023,recvfrom(37, 0xbee6c9a8, 24, 64, 0, 0) = -1 EAGAIN (Try again)
19:19:31.709059,1023,ioctl(9, 0xc0186201, 0xbee6d178) = 0
19:19:31.709966,1023,getpid() = 1023
19:19:31.710688,1023,getuid32() = 10050
19:19:31.711319,1023,epoll_wait(0x1e, 0xbee6d1f8, 0x10, 0) = 0
19:19:31.711925,1023,clock_gettime(CLOCK_MONOTONIC, {189, 996875558}) = 0
19:19:31.712622,1023,epoll_wait(0x1e, 0xbee6d1f8, 0x10, 0xffffffff) = 1
19:19:31.715297,1023,recvfrom(37, "nysv\0\0\0\0¼\34¥<,\0\0\0Ì\7\0\0\224Â'¸", 24, MSG_DONTWAIT, NULL, NULL) = 24
19:19:31.716048,1023,recvfrom(37, 0xbee6c828, 24, 64, 0, 0) = -1 EAGAIN (Try again)
19:19:31.716682,1023,clock_gettime(CLOCK_MONOTONIC, {190, 1625334}) = 0
19:19:31.717356,1023,write(29, "W", 1) = 1
19:19:31.737750,1023,clock_gettime(CLOCK_MONOTONIC, {190, 22735731}) = 0
19:19:31.738472,1023,clock_gettime(CLOCK_MONOTONIC, {190, 23417260}) = 0
19:19:31.739225,1023,clock_gettime(CLOCK_MONOTONIC, {190, 24188716}) = 0
19:19:31.739921,1023,clock_gettime(CLOCK_MONOTONIC, {190, 24865241}) = 0
19:19:31.740827,1023,clock_gettime(CLOCK_MONOTONIC, {190, 25770998}) = 0
19:19:31.741496,1023,clock_gettime(CLOCK_MONOTONIC, {190, 26439292}) = 0
19:19:31.742161,1023,recvfrom(37, 0xbee6c9a8, 24, 64, 0, 0) = -1 EAGAIN (Try again)
19:19:31.742777,1023,ioctl(9, 0xc0186201, 0xbee6d178) = 0
19:19:31.743654,1023,clock_gettime(CLOCK_MONOTONIC, {190, 28665300}) = 0
19:19:31.744451,1023,clock_gettime(CLOCK_MONOTONIC, {190, 29396228}) = 0
19:19:31.745100,1023,clock_gettime(CLOCK_MONOTONIC, {190, 30049074}) = 0
19:19:31.745750,1023,clock_gettime(CLOCK_MONOTONIC, {190, 30691635}) = 0
19:19:31.746424,1023,clock_gettime(CLOCK_MONOTONIC, {190, 31521868}) = 0
19:19:31.747360,1023,write(29, "W", 1) = 1
19:19:31.748321,1023,ioctl(9, 0xc0186201, 0xbee6cf10) = 0
19:19:31.749212,1023,ioctl(9, 0xc0186201, 0xbee6cf10) = 0
19:19:31.750751,1023,clock_gettime(CLOCK_MONOTONIC, {190, 35791861}) = 0
19:19:31.754100,1023,clock_gettime(CLOCK_MONOTONIC, {190, 39065143}) = 0
19:19:31.754801,1023,ioctl(9, 0xc0186201, 0xbee6d0c8) = 0
19:19:31.755732,1023,ioctl(9, 0xc0186201, 0xbee6d0c8) = 0
19:19:31.756473,1023,getpid() = 1023
19:19:31.757053,1023,getuid32() = 10050
19:19:31.757678,1023,epoll_wait(0x1e, 0xbee6d1f8, 0x10, 0) = 2
19:19:31.758289,1023,read(23, "WW", 16) = 2
19:19:31.758931,1023,recvfrom(37, "nysv\0\0\0\0\26u´>,\0\0\0Í\7\0\0\224Â'¸", 24, MSG_DONTWAIT, NULL, NULL) = 24
19:19:31.759708,1023,recvfrom(37, 0xbee6c828, 24, 64, 0, 0) = -1 EAGAIN (Try again)
19:19:31.760357,1023,clock_gettime(CLOCK_MONOTONIC, {190, 45307073}) = 0
19:19:31.761090,1023,clock_gettime(CLOCK_MONOTONIC, {190, 46047655}) = 0
19:19:31.761774,1023,clock_gettime(CLOCK_MONOTONIC, {190, 46725263}) = 0
19:19:31.762446,1023,clock_gettime(CLOCK_MONOTONIC, {190, 47396525}) = 0
19:19:31.769220,1023,recvfrom(38, 0xb88738b0, 1240, 64, 0, 0) = -1 EAGAIN (Try again)
19:19:31.769913,1023,clock_gettime(CLOCK_MONOTONIC, {190, 54857467}) = 0
19:19:31.770565,1023,clock_gettime(CLOCK_MONOTONIC, {190, 55507647}) = 0
19:19:31.771216,1023,getpid() = 1023
19:19:31.771765,1023,getuid32() = 10050
19:19:31.772360,1023,epoll_wait(0x1e, 0xbee6d1f8, 0x10, 0) = 0
19:19:31.772946,1023,clock_gettime(CLOCK_MONOTONIC, {190, 57887189}) = 0
19:19:31.773601,1023,ioctl(9, 0xc0186201, 0xbee6d328) = 0
19:19:31.774206,1023,epoll_wait(0x1e, 0xbee6d1f8, 0x10, 0x3e) = 0
19:19:31.839132,1023,clock_gettime(CLOCK_MONOTONIC, {190, 124105102}) = 0
19:19:31.839834,1023,clock_gettime(CLOCK_MONOTONIC, {190, 124779143}) = 0
19:19:31.840516,1023,recvfrom(37, 0xbee6c9a8, 24, 64, 0, 0) = -1 EAGAIN (Try again)
19:19:31.841208,1023,ioctl(9, 0xc0186201, 0xbee6d178) = 0
19:19:31.842493,1023,getpid() = 1023
19:19:31.843177,1023,getuid32() = 10050
19:19:31.843782,1023,epoll_wait(0x1e, 0xbee6d1f8, 0x10, 0) = 0
19:19:31.844368,1023,clock_gettime(CLOCK_MONOTONIC, {190, 129310275}) = 0
19:19:31.845028,1023,epoll_wait(0x1e, 0xbee6d1f8, 0x10, 0xffffffff) = 1
19:19:31.861209,1023,recvfrom(37, "nysv\0\0\0\0\32æ§D,\0\0\0Ï\7\0\0\224Â'¸", 24, MSG_DONTWAIT, NULL, NULL) = 24
19:19:31.862152,1023,recvfrom(37, 0xbee6c828, 24, 64, 0, 0) = -1 EAGAIN (Try again)
19:19:31.862852,1023,clock_gettime(CLOCK_MONOTONIC, {190, 147796535}) = 0
19:19:31.863542,1023,write(29, "W", 1) = 1
19:19:31.864248,1023,clock_gettime(CLOCK_MONOTONIC, {190, 149191220}) = 0
19:19:31.864899,1023,clock_gettime(CLOCK_MONOTONIC, {190, 149842582}) = 0
19:19:31.865548,1023,clock_gettime(CLOCK_MONOTONIC, {190, 150489980}) = 0
19:19:31.866197,1023,clock_gettime(CLOCK_MONOTONIC, {190, 151139315}) = 0
19:19:31.867100,1023,clock_gettime(CLOCK_MONOTONIC, {190, 152049495}) = 0
19:19:31.867768,1023,clock_gettime(CLOCK_MONOTONIC, {190, 152711203}) = 0
19:19:31.868439,1023,recvfrom(37, 0xbee6c9a8, 24, 64, 0, 0) = -1 EAGAIN (Try again)
19:19:31.869040,1023,ioctl(9, 0xc0186201, 0xbee6d178) = 0
19:19:31.869890,1023,clock_gettime(CLOCK_MONOTONIC, {190, 154886447}) = 0
19:19:31.870621,1023,clock_gettime(CLOCK_MONOTONIC, {190, 155564501}) = 0
19:19:31.871276,1023,clock_gettime(CLOCK_MONOTONIC, {190, 156217905}) = 0
19:19:31.871921,1023,clock_gettime(CLOCK_MONOTONIC, {190, 156862200}) = 0
19:19:31.872595,1023,clock_gettime(CLOCK_MONOTONIC, {190, 157537267}) = 0
19:19:31.873266,1023,write(29, "W", 1) = 1
19:19:31.874078,1023,ioctl(9, 0xc0186201, 0xbee6cf10) = 0
19:19:31.874911,1023,ioctl(9, 0xc0186201, 0xbee6cf10) = 0
19:19:31.876257,1023,clock_gettime(CLOCK_MONOTONIC, {190, 161205667}) = 0
19:19:31.916387,1023,clock_gettime(CLOCK_MONOTONIC, {190, 201375529}) = 0
19:19:31.917107,1023,ioctl(9, 0xc0186201, 0xbee6d0c8) = 0
19:19:31.918359,1023,getpid() = 1023
19:19:31.918919,1023,getuid32() = 10050
19:19:31.919520,1023,epoll_wait(0x1e, 0xbee6d1f8, 0x10, 0) = 2
19:19:31.920097,1023,read(23, "WW", 16) = 2
19:19:31.920715,1023,recvfrom(37, "nysv\0\0\0\0LÞÌE,\0\0\0Ð\7\0\0\224Â'¸", 24, MSG_DONTWAIT, NULL, NULL) = 24
19:19:31.921457,1023,recvfrom(37, 0xbee6c828, 24, 64, 0, 0) = -1 EAGAIN (Try again)
19:19:31.922075,1023,clock_gettime(CLOCK_MONOTONIC, {190, 207022349}) = 0
19:19:31.922786,1023,clock_gettime(CLOCK_MONOTONIC, {190, 207728798}) = 0
19:19:31.923443,1023,clock_gettime(CLOCK_MONOTONIC, {190, 208385066}) = 0
19:19:31.924082,1023,clock_gettime(CLOCK_MONOTONIC, {190, 209030653}) = 0
19:19:31.924751,1023,recvfrom(38, 0xb88738b0, 1240, 64, 0, 0) = -1 EAGAIN (Try again)
19:19:31.925366,1023,clock_gettime(CLOCK_MONOTONIC, {190, 210308200}) = 0
19:19:31.926007,1023,clock_gettime(CLOCK_MONOTONIC, {190, 210954615}) = 0
19:19:31.926654,1023,getpid() = 1023
19:19:31.949595,1023,getuid32() = 10050
19:19:31.950399,1023,epoll_wait(0x1e, 0xbee6d1f8, 0x10, 0) = 0
19:19:31.950951,1023,clock_gettime(CLOCK_MONOTONIC, {190, 235880376}) = 0
19:19:31.951605,1023,ioctl(9, 0xc0186201, 0xbee6d328) = 0
19:19:31.952162,1023,epoll_wait(0x1e, 0xbee6d1f8, 0x10, 0xa) = 0
19:19:31.963543,1023,clock_gettime(CLOCK_MONOTONIC, {190, 248499705}) = 0
19:19:31.964237,1023,clock_gettime(CLOCK_MONOTONIC, {190, 249201057}) = 0
19:19:31.964911,1023,recvfrom(37, 0xbee6c9a8, 24, 64, 0, 0) = -1 EAGAIN (Try again)
19:19:31.992099,1023,ioctl(9, 0xc0186201 <unfinished ...>
19:19:31.992381,1041,<... futex resumed> ) = -1 ETIMEDOUT (Connection timed out)
19:19:31.992732,1023,<... ioctl resumed> , 0xbee6d178) = 0
19:19:31.993088,1041,clock_gettime(CLOCK_MONOTONIC, <unfinished ...>
19:19:31.993710,1023,getpid( <unfinished ...>
19:19:31.993980,1041,<... clock_gettime resumed> {190, 278641125}) = 0
19:19:31.994449,1023,<... getpid resumed> ) = 1023
19:19:31.995001,1041,munmap(0xacc80000, 32768 <unfinished ...>
19:19:31.995407,1023,getuid32( <unfinished ...>
19:19:31.995712,1041,<... munmap resumed> ) = 0
19:19:31.995991,1023,<... getuid32 resumed> ) = 10050
19:19:31.996445,1041,sigprocmask(SIG_SETMASK, ~[SEGV], <unfinished ...>
19:19:31.996854,1023,epoll_wait(0x1e, 0xbee6d1f8, 0x10, 0 <unfinished ...>
19:19:31.997127,1041,<... sigprocmask resumed> NULL) = 0
19:19:31.997474,1023,<... epoll_wait resumed> ) = 0
19:19:31.997764,1041,munmap(0xacb80000, 1048576 <unfinished ...>
19:19:31.998096,1023,clock_gettime(CLOCK_MONOTONIC, <unfinished ...>
19:19:31.998451,1041,<... munmap resumed> ) = 0
19:19:31.998735,1023,<... clock_gettime resumed> {190, 283385883}) = 0
19:19:31.999096,1041,exit(0) = ?
19:19:32.003293,1023,clock_gettime(CLOCK_MONOTONIC, {190, 288483762}) = 0
19:19:32.004342,1023,clock_gettime(CLOCK_MONOTONIC, {190, 289270934}) = 0
19:19:32.004946,1023,clock_gettime(CLOCK_MONOTONIC, {190, 289871010}) = 0
19:19:32.046338,1023,clock_gettime(CLOCK_MONOTONIC, {190, 332559330}) = 0
19:19:32.048443,1023,getpid() = 1023
19:19:32.048963,1023,getuid32() = 10050
19:19:32.049546,1023,epoll_wait(0x1e, 0xbee6d1f8, 0x10, 0) = 1
19:19:32.050082,1023,recvfrom(37, "nysv\0\0\0\0 \17\225M,\0\0\0Ò\7\0\0\224Â'¸", 24, MSG_DONTWAIT, NULL, NULL) = 24
19:19:32.051735,1023,recvfrom(37, 0xbee6c828, 24, 64, 0, 0) = -1 EAGAIN (Try again)
19:19:32.052364,1023,clock_gettime(CLOCK_MONOTONIC, {190, 337291750}) = 0
19:19:32.053035,1023,clock_gettime(CLOCK_MONOTONIC, {190, 337987890}) = 0
19:19:32.053674,1023,clock_gettime(CLOCK_MONOTONIC, {190, 338599731}) = 0
19:19:32.054350,1023,clock_gettime(CLOCK_MONOTONIC, {190, 339276461}) = 0
19:19:32.054993,1023,recvfrom(41, 0xb888dc48, 1240, 64, 0, 0) = -1 EAGAIN (Try again)
19:19:32.055591,1023,clock_gettime(CLOCK_MONOTONIC, {190, 340516265}) = 0
19:19:32.056417,1023,clock_gettime(CLOCK_MONOTONIC, {190, 341342563}) = 0
19:19:32.057014,1023,clock_gettime(CLOCK_MONOTONIC, {190, 341945207}) = 0
19:19:32.057611,1023,clock_gettime(CLOCK_MONOTONIC, {190, 342536124}) = 0
19:19:32.058231,1023,clock_gettime(CLOCK_MONOTONIC, {190, 343156522}) = 0
19:19:32.058841,1023,write(29, "W", 1) = 1
19:19:32.063088,1023,ioctl(9, 0xc0186201, 0xbee6cf10) = 0
19:19:32.064387,1023,ioctl(9, 0xc0186201, 0xbee6cf18) = 0
19:19:32.065316,1023,dup(36) = 39
19:19:32.065840,1023,getpid() = 1023
19:19:32.066348,1023,mmap2(NULL, 1536000, PROT_READ|PROT_WRITE, MAP_SHARED, 39, 0) = 0xab376000
19:19:32.085880,1023,close(36) = 0
19:19:32.089612,1023,clock_gettime(CLOCK_MONOTONIC, {190, 374550735}) = 0
19:19:32.107013,1023,sigprocmask(SIG_BLOCK, [], [QUIT USR1 PIPE]) = 0
19:19:32.107939,1023,sigprocmask(SIG_BLOCK, [], [QUIT USR1 PIPE]) = 0
19:19:32.108820,1023,sigprocmask(SIG_BLOCK, [], [QUIT USR1 PIPE]) = 0
19:19:32.109750,1023,sigprocmask(SIG_BLOCK, [], [QUIT USR1 PIPE]) = 0
19:19:32.110653,1023,sigprocmask(SIG_BLOCK, [], [QUIT USR1 PIPE]) = 0
19:19:32.111826,1023,clock_gettime(CLOCK_MONOTONIC, {190, 396756684}) = 0
19:19:32.112449,1023,ioctl(9, 0xc0186201, 0xbee6d0c8) = 0
19:19:32.113978,1023,ioctl(9, 0xc0186201, 0xbee6d0c8) = 0
19:19:32.117618,1023,getpid() = 1023
19:19:32.118558,1023,getuid32() = 10050
19:19:32.119733,1023,epoll_wait(0x1e, 0xbee6d1f8, 0x10, 0) = 1
19:19:32.120665,1023,read(23, "W", 16) = 1
19:19:32.121715,1023,clock_gettime(CLOCK_MONOTONIC, {190, 406887625}) = 0
19:19:32.123370,1023,clock_gettime(CLOCK_MONOTONIC, {190, 408656156}) = 0
19:19:32.179090,1023,ioctl(9, 0xc0186201, 0xbee6d2d0) = 0
19:19:32.179828,1023,getpid() = 1023
19:19:32.180448,1023,munmap(0xab950000, 311296) = 0
19:19:32.181095,1023,close(51) = 0
19:19:32.181680,1023,getpid() = 1023
19:19:32.182207,1023,munmap(0xab8b8000, 311296) = 0
19:19:32.183587,1023,close(46) = 0
19:19:32.184158,1023,ioctl(9, 0xc0186201, 0xbee6d120) = 0
19:19:32.196807,1023,getpid() = 1023
19:19:32.197386,1023,munmap(0xab904000, 311296) = 0
19:19:32.198018,1023,close(54) = 0
19:19:32.198753,1023,epoll_ctl(0x1e, 0x2, 0x26, 0) = 0
19:19:32.199614,1023,getpid() = 1023
19:19:32.200143,1023,gettid() = 1023
19:19:32.200704,1023,clock_gettime(CLOCK_MONOTONIC, {190, 485637408}) = 0
19:19:32.201345,1023,ioctl(9, 0xc0186201, 0xbee6d1f0) = 0
19:19:32.205566,1023,ioctl(9, 0xc0186201 <unfinished ...>
19:19:32.223202,1035,<... ioctl resumed> , 0xacfe2e28) = 0
19:19:32.223573,1056,<... ioctl resumed> , 0xac31fe28) = 0
19:19:32.224071,1035,write(24, "1035", 4 <unfinished ...>
19:19:32.224471,1056,write(24, "1056", 4 <unfinished ...>
19:19:32.224862,1035,<... write resumed> ) = 4
19:19:32.225136,1056,<... write resumed> ) = 4
19:19:32.225532,1035,getpriority(PRIO_PROCESS, 1035 <unfinished ...>
19:19:32.225827,1056,getpriority(PRIO_PROCESS, 1056 <unfinished ...>
19:19:32.226095,1035,<... getpriority resumed> ) = 20
19:19:32.226391,1056,<... getpriority resumed> ) = 20
19:19:32.226949,1035,clock_gettime(CLOCK_MONOTONIC, <unfinished ...>
19:19:32.227483,1056,clock_gettime(CLOCK_MONOTONIC, <unfinished ...>
19:19:32.227755,1035,<... clock_gettime resumed> {190, 512412176}) = 0
19:19:32.228086,1056,<... clock_gettime resumed> {190, 512756083}) = 0
19:19:32.228570,1035,write(24, "1035", 4 <unfinished ...>
19:19:32.236655,1056,write(24, "1056", 4 <unfinished ...>
19:19:32.237074,1023,<... ioctl resumed> , 0xbee6d1f0) = 0
19:19:32.237453,1035,<... write resumed> ) = 4
19:19:32.237731,1056,<... write resumed> ) = 4
19:19:32.238056,1023,clock_gettime(CLOCK_MONOTONIC, <unfinished ...>
19:19:32.238387,1035,ioctl(9, 0xc0186201 <unfinished ...>
19:19:32.238673,1056,ioctl(9, 0xc0186201 <unfinished ...>
19:19:32.238954,1023,<... clock_gettime resumed> {190, 523602346}) = 0
19:19:32.239610,1023,close(38) = 0
19:19:32.240259,1023,getpid() = 1023
19:19:32.240761,1023,getuid32() = 10050
19:19:32.241338,1023,epoll_wait(0x1e, 0xbee6d1f8, 0x10, 0) = 0
19:19:32.241869,1023,clock_gettime(CLOCK_MONOTONIC, {190, 526840248}) = 0
19:19:32.242536,1023,clock_gettime(CLOCK_MONOTONIC, {190, 527462808}) = 0
19:19:32.243123,1023,getpid() = 1023
19:19:32.243660,1023,getuid32() = 10050
19:19:32.244213,1023,epoll_wait(0x1e, 0xbee6d1f8, 0x10, 0) = 0
19:19:32.244749,1023,clock_gettime(CLOCK_MONOTONIC, {190, 529674002}) = 0
19:19:32.245689,1023,clock_gettime(CLOCK_MONOTONIC, {190, 530616289}) = 0
19:19:32.247363,1023,getpid() = 1023
19:19:32.247873,1023,gettid() = 1023
19:19:32.248402,1023,clock_gettime(CLOCK_MONOTONIC, {190, 533331943}) = 0
19:19:32.248990,1023,ioctl(9, 0xc0186201, 0xbee6d1f0) = 0
19:19:32.252829,1023,ioctl(9, 0xc0186201 <unfinished ...>
19:19:32.254051,1036,<... ioctl resumed> , 0xacedae28) = 0
19:19:32.255468,1036,write(24, "1036", 4) = 4
19:19:32.256529,1036,getpriority(PRIO_PROCESS, 1036 <unfinished ...>
19:19:32.266303,1037,<... ioctl resumed> , 0xacdd2e28) = 0
19:19:32.266662,1036,<... getpriority resumed> ) = 20
19:19:32.266990,1037,write(24, "1037", 4 <unfinished ...>
19:19:32.267595,1036,clock_gettime(CLOCK_MONOTONIC, <unfinished ...>
19:19:32.267900,1037,<... write resumed> ) = 4
19:19:32.268206,1036,<... clock_gettime resumed> {190, 552840784}) = 0
19:19:32.268612,1037,getpriority(PRIO_PROCESS, 1037 <unfinished ...>
19:19:32.268999,1036,write(24, "1036", 4 <unfinished ...>
19:19:32.269371,1037,<... getpriority resumed> ) = 20
19:19:32.269665,1036,<... write resumed> ) = 4
19:19:32.270200,1037,clock_gettime(CLOCK_MONOTONIC, <unfinished ...>
19:19:32.270522,1036,ioctl(9, 0xc0186201 <unfinished ...>
19:19:32.270807,1037,<... clock_gettime resumed> {190, 555462313}) = 0
19:19:32.271212,1036,<... ioctl resumed> , 0xacedae28) = 0
19:19:32.271630,1037,write(24, "1037", 4 <unfinished ...>
19:19:32.272030,1036,write(24, "1036", 4 <unfinished ...>
19:19:32.272430,1037,<... write resumed> ) = 4
19:19:32.272724,1036,<... write resumed> ) = 4
19:19:32.273090,1037,ioctl(9, 0xc0186201 <unfinished ...>
19:19:32.273436,1036,getpriority(PRIO_PROCESS, 1036) = 20
19:19:32.274613,1036,clock_gettime(CLOCK_MONOTONIC, {190, 559551532}) = 0
19:19:32.275371,1036,write(24, "1036", 4) = 4
19:19:32.276068,1036,ioctl(9, 0xc0186201 <unfinished ...>
19:19:32.311193,1023,<... ioctl resumed> , 0xbee6d1f0) = 0
19:19:32.311561,1023,clock_gettime(CLOCK_MONOTONIC, {190, 596493263}) = 0
19:19:32.312449,1023,getpid() = 1023
19:19:32.312958,1023,getuid32() = 10050
19:19:32.313548,1023,epoll_wait(0x1e, 0xbee6d1f8, 0x10, 0) = 0
19:19:32.314100,1023,clock_gettime(CLOCK_MONOTONIC, {190, 599031584}) = 0
19:19:32.314700,1023,getpid() = 1023
19:19:32.315225,1023,getuid32() = 10050
19:19:32.315803,1023,epoll_wait(0x1e, 0xbee6d1f8, 0x10, 0) = 0
19:19:32.316335,1023,clock_gettime(CLOCK_MONOTONIC, {190, 601260121}) = 0
19:19:32.316930,1023,getpid() = 1023
19:19:32.338088,1023,getuid32() = 10050
19:19:32.338713,1023,epoll_wait(0x1e, 0xbee6d1f8, 0x10, 0) = 0
19:19:32.339418,1023,clock_gettime(CLOCK_MONOTONIC, {190, 624347331}) = 0
19:19:32.340026,1023,getpid() = 1023
19:19:32.340584,1023,getuid32() = 10050
19:19:32.341116,1023,epoll_wait(0x1e, 0xbee6d1f8, 0x10, 0) = 0
19:19:32.341753,1023,clock_gettime(CLOCK_MONOTONIC, {190, 626679397}) = 0
19:19:32.342633,1023,getpid() = 1023
19:19:32.343246,1023,getuid32() = 10050
19:19:32.343802,1023,epoll_wait(0x1e, 0xbee6d1f8, 0x10, 0) = 0
19:19:32.344436,1023,clock_gettime(CLOCK_MONOTONIC, {190, 629369518}) = 0
19:19:32.345160,1023,getpid() = 1023
19:19:32.371959,1023,getuid32() = 10050
19:19:32.372653,1023,epoll_wait(0x1e, 0xbee6d1f8, 0x10, 0) = 0
19:19:32.373289,1023,clock_gettime(CLOCK_MONOTONIC, {190, 658218129}) = 0
19:19:32.373887,1023,ioctl(9, 0xc0186201, 0xbee6d328) = 0
19:19:32.374444,1023,epoll_wait(0x1e, 0xbee6d1f8, 0x10, 0xffffffff <unfinished ...>
19:19:32.395104,1063,<... select resumed> ) = 0 (Timeout)
19:19:32.395495,1063,socket(PF_INET, SOCK_DGRAM, IPPROTO_IP) = 36
19:19:32.396046,1063,open("/dev/urandom", O_RDONLY) = 38
19:19:32.396713,1063,read(38, "\177¿Ñ¼", 4) = 4
19:19:32.397274,1063,close(38) = 0
19:19:32.397748,1063,bind(36, {sa_family=AF_INET, sin_port=htons(50048), sin_addr=inet_addr("0.0.0.0")}, 16) = 0
19:19:32.398387,1063,connect(36, {sa_family=AF_INET, sin_port=htons(53), sin_addr=inet_addr("10.0.2.4")}, 16) = 0
19:19:32.398978,1063,sendto(36, "­à\1\0\0\1\0\0\0\0\0\0\6client\nmustmobile\3c"..., 39, 0, NULL, 0) = 39
19:19:32.399932,1063,clock_gettime(CLOCK_REALTIME, {1738783172, 400106565}) = 0
19:19:32.400519,1063,clock_gettime(CLOCK_REALTIME, {1738783172, 400689378}) = 0
19:19:32.401118,1063,select(37, [36], NULL, NULL, {4, 999418} <unfinished ...>
19:19:33.555766,1046,<... select resumed> ) = 0 (Timeout)
19:19:33.556179,1046,close(42) = 0
19:19:33.556755,1046,close(48) = 0
19:19:33.557319,1046,munmap(0xac824000, 69632) = 0
19:19:33.557895,1046,munmap(0xac813000, 69632) = 0
19:19:33.559056,1046,clock_gettime(CLOCK_MONOTONIC, {191, 844010107}) = 0
19:19:33.559806,1046,gettimeofday({1738783173, 559990}, NULL) = 0
19:19:33.560459,1046,clock_gettime(CLOCK_MONOTONIC, {191, 845401523}) = 0
19:19:33.561052,1046,clock_gettime(CLOCK_MONOTONIC, {191, 845999322}) = 0
19:19:33.561639,1046,futex(0xb8892570, FUTEX_WAIT_PRIVATE, -2, {0, 999402201}) = -1 ETIMEDOUT (Connection timed out)
19:19:34.572460,1043,<... futex resumed> ) = -1 ETIMEDOUT (Connection timed out)
19:19:34.573856,1046,writev(3, [{"\4", 1}, {"GameService\0", 12}, {"Post to: http://client.mustmobil"..., 58}], 3 <unfinished ...>
19:19:34.574661,1043,clock_gettime(CLOCK_MONOTONIC, {192, 859720409}) = 0
19:19:34.575402,1046,<... writev resumed> ) = 71
19:19:34.575738,1043,write(29, "W", 1 <unfinished ...>
19:19:34.576882,1046,writev(3, [{"\4", 1}, {"GameService\0", 12}, {"parameter: [uid=357242043237511,"..., 320}], 3 <unfinished ...>
19:19:34.605514,1043,<... write resumed> ) = 1
19:19:34.605747,1046,<... writev resumed> ) = 333
19:19:34.605947,1023,<... epoll_wait resumed> ) = 1
19:19:34.606464,1043,munmap(0xacb78000, 32768 <unfinished ...>
19:19:34.611686,1046,gettimeofday( <unfinished ...>
19:19:34.612021,1023,read(23, <unfinished ...>
19:19:34.612373,1043,<... munmap resumed> ) = 0
19:19:34.612653,1046,<... gettimeofday resumed> {1738783174, 612555}, NULL) = 0
19:19:34.613228,1023,<... read resumed> "W", 16) = 1
19:19:34.613604,1043,sigprocmask(SIG_SETMASK, ~[SEGV], <unfinished ...>
19:19:34.615054,1046,clock_gettime(CLOCK_MONOTONIC, <unfinished ...>
19:19:34.626878,1023,clock_gettime(CLOCK_MONOTONIC, <unfinished ...>
19:19:34.627118,1046,<... clock_gettime resumed> {192, 900489946}) = 0
19:19:34.627433,1043,<... sigprocmask resumed> NULL) = 0
19:19:34.627901,1023,<... clock_gettime resumed> {192, 912522852}) = 0
19:19:34.628507,1046,gettimeofday( <unfinished ...>
19:19:34.628825,1043,munmap(0xaca78000, 1048576 <unfinished ...>
19:19:34.629267,1023,getpid( <unfinished ...>
19:19:34.629558,1046,<... gettimeofday resumed> {1738783174, 629453}, NULL) = 0
19:19:34.630395,1043,<... munmap resumed> ) = 0
19:19:34.630708,1023,<... getpid resumed> ) = 1023
19:19:34.631066,1046,clock_gettime(CLOCK_MONOTONIC, <unfinished ...>
19:19:34.631422,1043,exit(0) = ?
19:19:34.633133,1023,getuid32( <unfinished ...>
19:19:34.633493,1046,<... clock_gettime resumed> {192, 918147680}) = 0
19:19:34.635825,1023,<... getuid32 resumed> ) = 10050
19:19:34.636220,1046,clock_gettime(CLOCK_MONOTONIC, <unfinished ...>
19:19:34.637282,1023,epoll_wait(0x1e, 0xbee6d1f8, 0x10, 0 <unfinished ...>
19:19:34.637576,1046,<... clock_gettime resumed> {192, 922233101}) = 0
19:19:34.638525,1023,<... epoll_wait resumed> ) = 0
19:19:34.639707,1046,futex(0xb8892570, FUTEX_WAIT_PRIVATE, -2, {0, 995914579} <unfinished ...>
19:19:34.640596,1023,clock_gettime(CLOCK_MONOTONIC, {192, 927019507}) = 0
19:19:34.642906,1023,epoll_wait(0x1e, 0xbee6d1f8, 0x10, 0xffffffff <unfinished ...>
19:19:35.638580,1046,<... futex resumed> ) = -1 ETIMEDOUT (Connection timed out)
19:19:35.639232,1046,writev(3, [{"\4", 1}, {"GameService\0", 12}, {"Post to: http://client.mustmobil"..., 58}], 3) = 71
19:19:35.641390,1046,writev(3, [{"\4", 1}, {"GameService\0", 12}, {"parameter: [uid=357242043237511,"..., 320}], 3) = 333
19:19:35.652512,1046,gettimeofday({1738783175, 653034}, NULL) = 0
19:19:35.655480,1046,clock_gettime(CLOCK_MONOTONIC, {193, 940609153}) = 0
19:19:35.668472,1046,getpid() = 1023
19:19:35.669120,1046,socket(PF_UNIX, SOCK_STREAM, 0) = 38
19:19:35.669775,1046,setsockopt(38, SOL_SOCKET, SO_REUSEADDR, [1], 4) = 0
19:19:35.670423,1046,connect(38, {sa_family=AF_UNIX, path="/dev/socket/dnsproxyd"}, 110) = 0
19:19:35.672231,1046,fcntl64(38, F_GETFL) = 0x2 (flags O_RDWR)
19:19:35.672975,1046,fstat64(38, {st_mode=S_IFSOCK|0777, st_size=0, ...}) = 0
19:19:35.674156,1046,mprotect(0xb6584000, 4096, PROT_READ|PROT_WRITE) = 0
19:19:35.674850,1046,mprotect(0xb6584000, 4096, PROT_READ) = 0
19:19:35.686357,1046,write(38, "getaddrinfo client.mustmobile.co"..., 47) = 47
19:19:35.690207,1046,read(38, <unfinished ...>
19:19:37.290375,61,<... select resumed> ) = ? ERESTARTNOHAND (To be restarted)
19:19:37.290744,61,--- {si_signo=SIGCHLD, si_code=CLD_KILLED, si_pid=725, si_status=SIGKILL, si_utime=34, si_stime=19} (Child exited) ---
19:19:37.291140,61,wait4(-1, [{WIFSIGNALED(s) && WTERMSIG(s) == SIGKILL}], WNOHANG, NULL) = 725
19:19:37.291926,61,wait4(-1, 0xbee6d2dc, WNOHANG, NULL) = 0
19:19:37.292529,61,sigreturn() = ? (mask now [INT FPE KILL PIPE ALRM STKFLT CHLD CONT STOP XCPU VTALRM PROF IO PWR RTMIN])
19:19:37.293616,61,select(24, [9 23], NULL, NULL, NULL <unfinished ...>
19:19:37.407970,1063,<... select resumed> ) = 0 (Timeout)
19:19:37.409015,1063,sendto(43, "­à\1\0\0\1\0\0\0\0\0\0\6client\nmustmobile\3c"..., 39, 0, NULL, 0) = 39
19:19:37.411694,1063,clock_gettime(CLOCK_REALTIME, {1738783177, 412291103}) = 0
19:19:37.413378,1063,clock_gettime(CLOCK_REALTIME, {1738783177, 414723848}) = 0
19:19:37.416048,1063,select(44, [43], NULL, NULL, {4, 997568}) = 0 (Timeout)
19:19:42.423867,1063,sendto(36, "­à\1\0\0\1\0\0\0\0\0\0\6client\nmustmobile\3c"..., 39, 0, NULL, 0) = 39
19:19:42.427140,1063,clock_gettime(CLOCK_REALTIME, {1738783182, 427566610}) = 0
19:19:42.428762,1063,clock_gettime(CLOCK_REALTIME, {1738783182, 429153553}) = 0
19:19:42.430238,1063,select(37, [36], NULL, NULL, {4, 998414} <unfinished ...>
19:19:42.982810,1050,<... futex resumed> ) = -1 ETIMEDOUT (Connection timed out)
19:19:42.983734,1050,clock_gettime(CLOCK_MONOTONIC, {201, 268996841}) = 0
19:19:42.985189,1050,clock_gettime(CLOCK_MONOTONIC, {201, 270360941}) = 0
19:19:42.986514,1050,futex(0xb8882488, FUTEX_WAIT_PRIVATE, 0, {14, 998635900} <unfinished ...>
19:19:47.435289,1063,<... select resumed> ) = 0 (Timeout)
19:19:47.436162,1063,close(43) = 0
19:19:47.437466,1063,close(36) = 0
19:19:47.438787,1063,munmap(0xac802000, 69632) = 0
19:19:47.440124,1063,munmap(0xac7f1000, 69632) = 0
19:19:47.442686,1063,clock_gettime(CLOCK_MONOTONIC, {205, 727896157}) = 0
19:19:47.444371,1063,gettimeofday({1738783187, 444796}, NULL) = 0
19:19:47.445803,1063,clock_gettime(CLOCK_MONOTONIC, {205, 731004400}) = 0
19:19:47.447175,1063,clock_gettime(CLOCK_MONOTONIC, {205, 732360226}) = 0
19:19:47.448512,1063,futex(0xb892f880, FUTEX_WAIT_PRIVATE, -2, {0, 998644174}) = -1 ETIMEDOUT (Connection timed out)
19:19:48.467538,1063,writev(3, [{"\4", 1}, {"GameService\0", 12}, {"Post to: http://client.mustmobil"..., 56}], 3) = 69
19:19:48.473733,1063,writev(3, [{"\4", 1}, {"GameService\0", 12}, {"parameter: [uid=357242043237511,"..., 335}], 3) = 348
19:19:48.488879,1063,gettimeofday({1738783188, 489365}, NULL) = 0
19:19:48.497572,1063,clock_gettime(CLOCK_MONOTONIC, {206, 785870618}) = 0
19:19:48.505409,1063,gettimeofday({1738783188, 506519}, NULL) = 0
19:19:48.507531,1063,clock_gettime(CLOCK_MONOTONIC, {206, 793275078}) = 0
19:19:48.509125,1063,clock_gettime(CLOCK_MONOTONIC, {206, 794134220}) = 0
19:19:48.509894,1063,futex(0xb892f880, FUTEX_WAIT_PRIVATE, -2, {0, 999140858}) = -1 ETIMEDOUT (Connection timed out)
19:19:49.512603,1063,writev(3, [{"\4", 1}, {"GameService\0", 12}, {"Post to: http://client.mustmobil"..., 56}], 3) = 69
19:19:49.520681,1063,writev(3, [{"\4", 1}, {"GameService\0", 12}, {"parameter: [uid=357242043237511,"..., 335}], 3) = 348
19:19:49.547241,1063,gettimeofday({1738783189, 547540}, NULL) = 0
19:19:49.548758,1063,clock_gettime(CLOCK_MONOTONIC, {207, 833780418}) = 0
19:19:49.549660,1063,getpid() = 1023
19:19:49.550406,1063,socket(PF_UNIX, SOCK_STREAM, 0) = 36
19:19:49.551675,1063,setsockopt(36, SOL_SOCKET, SO_REUSEADDR, [1], 4) = 0
19:19:49.552330,1063,connect(36, {sa_family=AF_UNIX, path="/dev/socket/dnsproxyd"}, 110) = 0
19:19:49.554097,1063,fcntl64(36, F_GETFL) = 0x2 (flags O_RDWR)
19:19:49.554716,1063,fstat64(36, {st_mode=S_IFSOCK|0777, st_size=0, ...}) = 0
19:19:49.556053,1063,mprotect(0xb6584000, 4096, PROT_READ|PROT_WRITE) = 0
19:19:49.556611,1063,mprotect(0xb6584000, 4096, PROT_READ) = 0
19:19:49.557238,1063,write(36, "getaddrinfo client.mustmobile.co"..., 47) = 47
19:19:49.558406,1063,read(36, <unfinished ...>
19:19:57.987601,1050,<... futex resumed> ) = -1 ETIMEDOUT (Connection timed out)
19:19:57.988100,1050,clock_gettime(CLOCK_MONOTONIC, {216, 273101211}) = 0
19:19:57.988841,1050,clock_gettime(CLOCK_MONOTONIC, {216, 273832384}) = 0
19:19:57.989552,1050,futex(0xb8882488, FUTEX_WAIT_PRIVATE, 0, {14, 999268827}) = -1 ETIMEDOUT (Connection timed out)
19:20:12.995522,1050,clock_gettime(CLOCK_MONOTONIC, {231, 280910877}) = 0
19:20:12.997418,1050,clock_gettime(CLOCK_MONOTONIC, {231, 282747372}) = 0
19:20:12.999183,1050,futex(0xb8882488, FUTEX_WAIT_PRIVATE, 0, {14, 998163505} <unfinished ...>
19:20:15.767517,1046,<... read resumed> "401\0\0\0\0\4\7\0\0\0", 4096) = 12
19:20:15.768562,1046,close(38) = 0
19:20:15.770227,1046,open("/system/etc/hosts", O_RDONLY) = 38
19:20:15.771756,1046,fstat64(38, {st_mode=S_IFREG|0644, st_size=25, ...}) = 0
19:20:15.774114,1046,mprotect(0xb6584000, 4096, PROT_READ|PROT_WRITE) = 0
19:20:15.775346,1046,mprotect(0xb6584000, 4096, PROT_READ) = 0
19:20:15.776514,1046,read(38, "127.0.0.1\t\t localhost\n", 4096) = 25
19:20:15.778088,1046,read(38, "", 4096) = 0
19:20:15.779268,1046,close(38) = 0
19:20:15.780448,1046,mmap2(NULL, 69632, PROT_READ|PROT_WRITE, MAP_PRIVATE|MAP_ANONYMOUS, -1, 0) = 0xacc77000
19:20:15.783299,1046,madvise(0xacc77000, 69632, 0xc /* MADV_??? */) = -1 EINVAL (Invalid argument)
19:20:15.784481,1046,getpid() = 1023
19:20:15.785549,1046,socket(PF_INET6, SOCK_DGRAM, IPPROTO_UDP) = 38
19:20:15.786971,1046,connect(38, {sa_family=AF_INET6, sin6_port=htons(0), inet_pton(AF_INET6, "2000::", &sin6_addr), sin6_flowinfo=0, sin6_scope_id=0}, 28) = -1 ENETUNREACH (Network is unreachable)
19:20:15.788390,1046,close(38) = 0
19:20:15.790336,1046,socket(PF_INET, SOCK_DGRAM, IPPROTO_UDP) = 38
19:20:15.791568,1046,connect(38, {sa_family=AF_INET, sin_port=htons(0), sin_addr=inet_addr("8.8.8.8")}, 16) = 0
19:20:15.792593,1046,close(38) = 0
19:20:15.793391,1046,open("/dev/urandom", O_RDONLY) = 38
19:20:15.794227,1046,read(38, ">\200D\4", 4) = 4
19:20:15.795522,1046,close(38) = 0
19:20:15.796446,1046,socket(PF_INET, SOCK_DGRAM, IPPROTO_IP) = 38
19:20:15.797300,1046,open("/dev/urandom", O_RDONLY) = 42
19:20:15.798687,1046,read(42, "ÕÅ×\2", 4) = 4
19:20:15.799342,1046,close(42) = 0
19:20:15.799897,1046,bind(38, {sa_family=AF_INET, sin_port=htons(51670), sin_addr=inet_addr("0.0.0.0")}, 16) = 0
19:20:15.800604,1046,connect(38, {sa_family=AF_INET, sin_port=htons(53), sin_addr=inet_addr("10.0.2.3")}, 16) = 0
19:20:15.801312,1046,sendto(38, "\200>\1\0\0\1\0\0\0\0\0\0\6client\nmustmobile\3c"..., 39, 0, NULL, 0) = 39
19:20:15.802853,1046,clock_gettime(CLOCK_REALTIME, {1738783215, 803031497}) = 0
19:20:15.803469,1046,clock_gettime(CLOCK_REALTIME, {1738783215, 803616879}) = 0
19:20:15.804042,1046,select(39, [38], NULL, NULL, {4, 999415}) = 0 (Timeout)
19:20:20.840831,1046,socket(PF_INET, SOCK_DGRAM, IPPROTO_IP) = 42
19:20:20.843493,1046,open("/dev/urandom", O_RDONLY) = 43
19:20:20.846149,1046,read(43, "îa¨e", 4) = 4
19:20:20.848005,1046,close(43) = 0
19:20:20.849569,1046,bind(42, {sa_family=AF_INET, sin_port=htons(26095), sin_addr=inet_addr("0.0.0.0")}, 16) = 0
19:20:20.851668,1046,connect(42, {sa_family=AF_INET, sin_port=htons(53), sin_addr=inet_addr("10.0.2.4")}, 16) = 0
19:20:20.854444,1046,sendto(42, "\200>\1\0\0\1\0\0\0\0\0\0\6client\nmustmobile\3c"..., 39, 0, NULL, 0) = 39
19:20:20.857172,1046,clock_gettime(CLOCK_REALTIME, {1738783220, 857656703}) = 0
19:20:20.859508,1046,clock_gettime(CLOCK_REALTIME, {1738783220, 859875238}) = 0
19:20:20.860879,1046,select(43, [42], NULL, NULL, {4, 997782}) = 0 (Timeout)
19:20:25.866996,1046,sendto(38, "\200>\1\0\0\1\0\0\0\0\0\0\6client\nmustmobile\3c"..., 39, 0, NULL, 0) = 39
19:20:25.869739,1046,clock_gettime(CLOCK_REALTIME, {1738783225, 870258992}) = 0
19:20:25.871482,1046,clock_gettime(CLOCK_REALTIME, {1738783225, 871966285}) = 0
19:20:25.873185,1046,select(39, [38], NULL, NULL, {4, 998293} <unfinished ...>
19:20:27.999520,1050,<... futex resumed> ) = -1 ETIMEDOUT (Connection timed out)
19:20:28.000684,1050,clock_gettime(CLOCK_MONOTONIC, {246, 285978618}) = 0
19:20:28.003810,1050,clock_gettime(CLOCK_MONOTONIC, {246, 289068221}) = 0
19:20:28.005841,1050,futex(0xb8882488, FUTEX_WAIT_PRIVATE, 0, {14, 996910397} <unfinished ...>
19:20:29.882135,1063,<... read resumed> "401\0\0\0\0\4\7\0\0\0", 4096) = 12
19:20:29.883508,1063,close(36) = 0
19:20:29.885665,1063,open("/system/etc/hosts", O_RDONLY) = 36
19:20:29.887680,1063,fstat64(36, {st_mode=S_IFREG|0644, st_size=25, ...}) = 0
19:20:29.890856,1063,mprotect(0xb6584000, 4096, PROT_READ|PROT_WRITE) = 0
19:20:29.892546,1063,mprotect(0xb6584000, 4096, PROT_READ) = 0
19:20:29.894129,1063,read(36, "127.0.0.1\t\t localhost\n", 4096) = 25
19:20:29.896751,1063,read(36, "", 4096) = 0
19:20:29.899487,1063,close(36) = 0
19:20:29.900717,1063,mmap2(NULL, 69632, PROT_READ|PROT_WRITE, MAP_PRIVATE|MAP_ANONYMOUS, -1, 0) = 0xacc66000
19:20:29.901979,1063,madvise(0xacc66000, 69632, 0xc /* MADV_??? */) = -1 EINVAL (Invalid argument)
19:20:29.903376,1063,mmap2(NULL, 69632, PROT_READ|PROT_WRITE, MAP_PRIVATE|MAP_ANONYMOUS, -1, 0) = 0xacc55000
19:20:29.904633,1063,madvise(0xacc55000, 69632, 0xc /* MADV_??? */) = -1 EINVAL (Invalid argument)
19:20:29.905995,1063,getpid() = 1023
19:20:29.907273,1063,socket(PF_INET6, SOCK_DGRAM, IPPROTO_UDP) = 36
19:20:29.908522,1063,connect(36, {sa_family=AF_INET6, sin6_port=htons(0), inet_pton(AF_INET6, "2000::", &sin6_addr), sin6_flowinfo=0, sin6_scope_id=0}, 28) = -1 ENETUNREACH (Network is unreachable)
19:20:29.910215,1063,close(36) = 0
19:20:29.911388,1063,socket(PF_INET, SOCK_DGRAM, IPPROTO_UDP) = 36
19:20:29.912560,1063,connect(36, {sa_family=AF_INET, sin_port=htons(0), sin_addr=inet_addr("8.8.8.8")}, 16) = 0
19:20:29.913911,1063,close(36) = 0
19:20:29.915786,1063,open("/dev/urandom", O_RDONLY) = 36
19:20:29.916890,1063,read(36, "ì2=\r", 4) = 4
19:20:29.917880,1063,close(36) = 0
19:20:29.918750,1063,socket(PF_INET, SOCK_DGRAM, IPPROTO_IP) = 36
19:20:29.919483,1063,open("/dev/urandom", O_RDONLY) = 43
19:20:29.920356,1063,read(43, "é½Å­", 4) = 4
19:20:29.921100,1063,close(43) = 0
19:20:29.921783,1063,bind(36, {sa_family=AF_INET, sin_port=htons(49642), sin_addr=inet_addr("0.0.0.0")}, 16) = 0
19:20:29.922673,1063,connect(36, {sa_family=AF_INET, sin_port=htons(53), sin_addr=inet_addr("10.0.2.3")}, 16) = 0
19:20:29.923553,1063,sendto(36, "2ì\1\0\0\1\0\0\0\0\0\0\6client\nmustmobile\3c"..., 39, 0, NULL, 0) = 39
19:20:29.924760,1063,clock_gettime(CLOCK_REALTIME, {1738783229, 924945092}) = 0
19:20:29.925441,1063,clock_gettime(CLOCK_REALTIME, {1738783229, 925630682}) = 0
19:20:29.926123,1063,select(37, [36], NULL, NULL, {4, 999315} <unfinished ...>
19:20:30.878955,1046,<... select resumed> ) = 0 (Timeout)
19:20:30.879883,1046,sendto(42, "\200>\1\0\0\1\0\0\0\0\0\0\6client\nmustmobile\3c"..., 39, 0, NULL, 0) = 39
19:20:30.881904,1046,clock_gettime(CLOCK_REALTIME, {1738783230, 882313985}) = 0
19:20:30.883414,1046,clock_gettime(CLOCK_REALTIME, {1738783230, 883951773}) = 0
19:20:30.884979,1046,select(43, [42], NULL, NULL, {4, 998363} <unfinished ...>
19:20:34.927065,1063,<... select resumed> ) = 0 (Timeout)
19:20:34.927902,1063,socket(PF_INET, SOCK_DGRAM, IPPROTO_IP) = 43
19:20:34.929206,1063,open("/dev/urandom", O_RDONLY) = 44
19:20:34.930714,1063,read(44, "\206\210\177Å", 4) = 4
19:20:34.932018,1063,close(44) = 0
19:20:34.933203,1063,bind(43, {sa_family=AF_INET, sin_port=htons(35975), sin_addr=inet_addr("0.0.0.0")}, 16) = 0
19:20:34.934703,1063,connect(43, {sa_family=AF_INET, sin_port=htons(53), sin_addr=inet_addr("10.0.2.4")}, 16) = 0
19:20:34.936172,1063,sendto(43, "2ì\1\0\0\1\0\0\0\0\0\0\6client\nmustmobile\3c"..., 39, 0, NULL, 0) = 39
19:20:34.938274,1063,clock_gettime(CLOCK_REALTIME, {1738783234, 938701118}) = 0
19:20:34.939601,1063,clock_gettime(CLOCK_REALTIME, {1738783234, 940004219}) = 0
19:20:34.940894,1063,select(44, [43], NULL, NULL, {4, 998697} <unfinished ...>
19:20:35.994572,1046,<... select resumed> ) = 0 (Timeout)
19:20:35.997263,1046,close(38) = 0
19:20:36.001987,1046,close(42) = 0
19:20:36.010916,1046,open("/dev/urandom", O_RDONLY) = 38
19:20:36.016080,1046,read(38, "FÎ7\21", 4) = 4
19:20:36.017840,1046,close(38) = 0
19:20:36.019506,1046,socket(PF_INET, SOCK_DGRAM, IPPROTO_IP) = 38
19:20:36.021196,1046,open("/dev/urandom", O_RDONLY) = 42
19:20:36.023159,1046,read(42, "Ú\222\227,", 4) = 4
19:20:36.024875,1046,close(42) = 0
19:20:36.026457,1046,bind(38, {sa_family=AF_INET, sin_port=htons(38619), sin_addr=inet_addr("0.0.0.0")}, 16) = 0
19:20:36.028061,1046,connect(38, {sa_family=AF_INET, sin_port=htons(53), sin_addr=inet_addr("10.0.2.3")}, 16) = 0
19:20:36.029529,1046,sendto(38, "ÎF\1\0\0\1\0\0\0\0\0\0\6client\nmustmobile\3c"..., 39, 0, NULL, 0) = 39
19:20:36.031677,1046,clock_gettime(CLOCK_REALTIME, {1738783236, 32079787}) = 0
19:20:36.032830,1046,clock_gettime(CLOCK_REALTIME, {1738783236, 33154471}) = 0
19:20:36.033896,1046,select(39, [38], NULL, NULL, {4, 998926} <unfinished ...>
19:20:39.945920,1063,<... select resumed> ) = 0 (Timeout)
19:20:39.946970,1063,sendto(36, "2ì\1\0\0\1\0\0\0\0\0\0\6client\nmustmobile\3c"..., 39, 0, NULL, 0) = 39
19:20:39.949436,1063,clock_gettime(CLOCK_REALTIME, {1738783239, 950003109}) = 0
19:20:39.951389,1063,clock_gettime(CLOCK_REALTIME, {1738783239, 952108842}) = 0
19:20:39.953779,1063,select(37, [36], NULL, NULL, {4, 997895} <unfinished ...>
19:20:41.042123,1046,<... select resumed> ) = 0 (Timeout)
19:20:41.043515,1046,socket(PF_INET, SOCK_DGRAM, IPPROTO_IP) = 42
19:20:41.045215,1046,open("/dev/urandom", O_RDONLY) = 44
19:20:41.047531,1046,read(44, "\230=p\222", 4) = 4
19:20:41.049175,1046,close(44) = 0
19:20:41.050501,1046,bind(42, {sa_family=AF_INET, sin_port=htons(16793), sin_addr=inet_addr("0.0.0.0")}, 16) = 0
19:20:41.052196,1046,connect(42, {sa_family=AF_INET, sin_port=htons(53), sin_addr=inet_addr("10.0.2.4")}, 16) = 0
19:20:41.053788,1046,sendto(42, "ÎF\1\0\0\1\0\0\0\0\0\0\6client\nmustmobile\3c"..., 39, 0, NULL, 0) = 39
19:20:41.056198,1046,clock_gettime(CLOCK_REALTIME, {1738783241, 56590067}) = 0
19:20:41.057653,1046,clock_gettime(CLOCK_REALTIME, {1738783241, 58017156}) = 0
19:20:41.059075,1046,select(43, [42], NULL, NULL, {4, 998573} <unfinished ...>
19:20:43.004693,1050,<... futex resumed> ) = -1 ETIMEDOUT (Connection timed out)
19:20:43.006293,1050,clock_gettime(CLOCK_MONOTONIC, {261, 291856852}) = 0
19:20:43.008389,1050,clock_gettime(CLOCK_MONOTONIC, {261, 293696971}) = 0
19:20:43.010287,1050,futex(0xb8882488, FUTEX_WAIT_PRIVATE, 0, {14, 998159881} <unfinished ...>
19:20:44.969931,1063,<... select resumed> ) = 0 (Timeout)
19:20:44.971365,1063,sendto(43, "2ì\1\0\0\1\0\0\0\0\0\0\6client\nmustmobile\3c"..., 39, 0, NULL, 0) = 39
19:20:44.974241,1063,clock_gettime(CLOCK_REALTIME, {1738783244, 975126168}) = 0
19:20:44.976553,1063,clock_gettime(CLOCK_REALTIME, {1738783244, 976973276}) = 0
19:20:44.978168,1063,select(44, [43], NULL, NULL, {4, 998153} <unfinished ...>
19:20:46.072863,1046,<... select resumed> ) = 0 (Timeout)
19:20:46.074096,1046,sendto(38, "ÎF\1\0\0\1\0\0\0\0\0\0\6client\nmustmobile\3c"..., 39, 0, NULL, 0) = 39
19:20:46.077040,1046,clock_gettime(CLOCK_REALTIME, {1738783246, 77582035}) = 0
19:20:46.079054,1046,clock_gettime(CLOCK_REALTIME, {1738783246, 79429509}) = 0
19:20:46.080592,1046,select(39, [38], NULL, NULL, {4, 998153} <unfinished ...>
19:20:49.987677,1063,<... select resumed> ) = 0 (Timeout)
19:20:49.988789,1063,close(36) = 0
19:20:49.990747,1063,close(43) = 0
19:20:49.992906,1063,open("/dev/urandom", O_RDONLY) = 36
19:20:49.995431,1063,read(36, "£I\0*", 4) = 4
19:20:49.997195,1063,close(36) = 0
19:20:49.998854,1063,socket(PF_INET, SOCK_DGRAM, IPPROTO_IP) = 36
19:20:50.000563,1063,open("/dev/urandom", O_RDONLY) = 43
19:20:50.002530,1063,read(43, "mu\rö", 4) = 4
19:20:50.004246,1063,close(43) = 0
19:20:50.005835,1063,bind(36, {sa_family=AF_INET, sin_port=htons(31086), sin_addr=inet_addr("0.0.0.0")}, 16) = 0
19:20:50.007692,1063,connect(36, {sa_family=AF_INET, sin_port=htons(53), sin_addr=inet_addr("10.0.2.3")}, 16) = 0
19:20:50.009510,1063,sendto(36, "I£\1\0\0\1\0\0\0\0\0\0\6client\nmustmobile\3c"..., 39, 0, NULL, 0) = 39
19:20:50.013835,1063,clock_gettime(CLOCK_REALTIME, {1738783250, 14389352}) = 0
19:20:50.015372,1063,clock_gettime(CLOCK_REALTIME, {1738783250, 15682541}) = 0
19:20:50.016717,1063,select(37, [36], NULL, NULL, {4, 998707} <unfinished ...>
19:20:51.113819,1046,<... select resumed> ) = 0 (Timeout)
19:20:51.115957,1046,sendto(42, "ÎF\1\0\0\1\0\0\0\0\0\0\6client\nmustmobile\3c"..., 39, 0, NULL, 0) = 39
19:20:51.122631,1046,clock_gettime(CLOCK_REALTIME, {1738783251, 123053594}) = 0
19:20:51.124572,1046,clock_gettime(CLOCK_REALTIME, {1738783251, 125032692}) = 0
19:20:51.126382,1046,select(43, [42], NULL, NULL, {4, 998021} <unfinished ...>
19:20:55.024164,1063,<... select resumed> ) = 0 (Timeout)
19:20:55.025368,1063,socket(PF_INET, SOCK_DGRAM, IPPROTO_IP) = 43
19:20:55.027097,1063,open("/dev/urandom", O_RDONLY) = 44
19:20:55.029240,1063,read(44, "»ñªy", 4) = 4
19:20:55.031089,1063,close(44) = 0
19:20:55.032769,1063,bind(43, {sa_family=AF_INET, sin_port=htons(62908), sin_addr=inet_addr("0.0.0.0")}, 16) = 0
19:20:55.034907,1063,connect(43, {sa_family=AF_INET, sin_port=htons(53), sin_addr=inet_addr("10.0.2.4")}, 16) = 0
19:20:55.037016,1063,sendto(43, "I£\1\0\0\1\0\0\0\0\0\0\6client\nmustmobile\3c"..., 39, 0, NULL, 0) = 39
19:20:55.040023,1063,clock_gettime(CLOCK_REALTIME, {1738783255, 40590247}) = 0
19:20:55.041807,1063,clock_gettime(CLOCK_REALTIME, {1738783255, 42366379}) = 0
19:20:55.043572,1063,select(44, [43], NULL, NULL, {4, 998224} <unfinished ...>
19:20:56.134611,1046,<... select resumed> ) = 0 (Timeout)
19:20:56.135923,1046,close(38) = 0
19:20:56.138063,1046,close(42) = 0
19:20:56.139734,1046,munmap(0xacc77000, 69632) = 0
19:20:56.143339,1046,clock_gettime(CLOCK_MONOTONIC, {274, 428503664}) = 0
19:20:56.145157,1046,gettimeofday({1738783256, 145518}, NULL) = 0
19:20:56.146890,1046,clock_gettime(CLOCK_MONOTONIC, {274, 432180142}) = 0
19:20:56.148664,1046,clock_gettime(CLOCK_MONOTONIC, {274, 433939178}) = 0
19:20:56.150283,1046,futex(0xb8892570, FUTEX_WAIT_PRIVATE, -2, {0, 998240964}) = -1 ETIMEDOUT (Connection timed out)
19:20:57.224214,1046,clock_gettime(CLOCK_MONOTONIC, {275, 509607364}) = 0
19:20:57.226345,1046,write(29, "W", 1) = 1
19:20:57.228539,1046,writev(3, [{"\4", 1}, {"GameService\0", 12}, {"wait\0", 5}], 3) = 18
19:20:57.231607,1046,futex(0xb8892570, FUTEX_WAIT_PRIVATE, -2, NULL <unfinished ...>
19:20:57.232402,1023,<... epoll_wait resumed> ) = 1
19:20:57.233267,1023,read(23, "W", 16) = 1
19:20:57.234763,1023,clock_gettime(CLOCK_MONOTONIC, {275, 519900690}) = 0
19:20:57.236588,1023,writev(3, [{"\4", 1}, {"GameService\0", 12}, {"Http resonseContent: \0", 22}], 3) = 35
19:20:57.243929,1023,getpid() = 1023
19:20:57.245261,1023,getuid32() = 10050
19:20:57.246645,1023,epoll_wait(0x1e, 0xbee6d1f8, 0x10, 0) = 0
19:20:57.248005,1023,clock_gettime(CLOCK_MONOTONIC, {275, 533144879}) = 0
19:20:57.249600,1023,epoll_wait(0x1e, 0xbee6d1f8, 0x10, 0xffffffff <unfinished ...>
19:20:58.016101,1050,<... futex resumed> ) = -1 ETIMEDOUT (Connection timed out)
19:20:58.017513,1050,clock_gettime(CLOCK_MONOTONIC, {276, 302818332}) = 0
19:20:58.019430,1050,clock_gettime(CLOCK_MONOTONIC, {276, 304745162}) = 0
19:20:58.021337,1050,futex(0xb8882488, FUTEX_WAIT_PRIVATE, 0, {14, 998073170} <unfinished ...>
19:21:00.047090,1063,<... select resumed> ) = 0 (Timeout)
19:21:00.048778,1063,sendto(36, "I£\1\0\0\1\0\0\0\0\0\0\6client\nmustmobile\3c"..., 39, 0, NULL, 0) = 39
19:21:00.051488,1063,clock_gettime(CLOCK_REALTIME, {1738783260, 52092958}) = 0
19:21:00.053144,1063,clock_gettime(CLOCK_REALTIME, {1738783260, 53527065}) = 0
19:21:00.054445,1063,select(37, [36], NULL, NULL, {4, 998566}) = 0 (Timeout)
19:21:05.058580,1063,sendto(43, "I£\1\0\0\1\0\0\0\0\0\0\6client\nmustmobile\3c"..., 39, 0, NULL, 0) = 39
19:21:05.060709,1063,clock_gettime(CLOCK_REALTIME, {1738783265, 61105283}) = 0
19:21:05.062130,1063,clock_gettime(CLOCK_REALTIME, {1738783265, 62506446}) = 0
19:21:05.063585,1063,select(44, [43], NULL, NULL, {4, 998599}) = 0 (Timeout)
19:21:10.080671,1063,close(36) = 0
19:21:10.082500,1063,close(43) = 0
19:21:10.084475,1063,munmap(0xacc66000, 69632) = 0
19:21:10.086175,1063,munmap(0xacc55000, 69632) = 0
19:21:10.089792,1063,clock_gettime(CLOCK_MONOTONIC, {288, 374972905}) = 0
19:21:10.091663,1063,gettimeofday({1738783270, 92070}, NULL) = 0
19:21:10.093165,1063,clock_gettime(CLOCK_MONOTONIC, {288, 378283148}) = 0
19:21:10.094515,1063,clock_gettime(CLOCK_MONOTONIC, {288, 379642446}) = 0
19:21:10.095850,1063,futex(0xb892f880, FUTEX_WAIT_PRIVATE, -2, {0, 998640702}) = -1 ETIMEDOUT (Connection timed out)
19:21:11.144287,1063,clock_gettime(CLOCK_MONOTONIC, {289, 429649926}) = 0
19:21:11.146171,1063,write(29, "W", 1) = 1
19:21:11.148692,1063,writev(3, [{"\4", 1}, {"GameService\0", 12}, {"exiting\0", 8}], 3) = 21
19:21:11.152167,1063,munmap(0xac06f000, 32768) = 0
19:21:11.153653,1063,sigprocmask(SIG_SETMASK, ~[SEGV], NULL) = 0
19:21:11.155095,1063,munmap(0xabf6f000, 1048576) = 0
19:21:11.156515,1063,exit(0) = ?
19:21:11.164645,1023,<... epoll_wait resumed> ) = 1
19:21:11.165730,1023,read(23, "W", 16) = 1
19:21:11.175456,1023,clock_gettime(CLOCK_MONOTONIC, {289, 460503895}) = 0
19:21:11.176890,1023,writev(3, [{"\4", 1}, {"GameService\0", 12}, {"Http resonseContent: \0", 22}], 3) = 35
19:21:11.182358,1023,mprotect(0xb1654000, 8192, PROT_READ|PROT_WRITE) = 0
19:21:11.185094,1023,writev(3, [{"\4", 1}, {"GameUser\0", 9}, {"org.json.JSONException: End of i"..., 56}], 3) = 66
19:21:11.188445,1023,writev(3, [{"\4", 1}, {"GameService\0", 12}, {"firstParseConfig=1\0", 19}], 3) = 32
19:21:11.190150,1023,getpid() = 1023
19:21:11.190724,1023,getuid32() = 10050
19:21:11.191340,1023,epoll_wait(0x1e, 0xbee6d1f8, 0x10, 0) = 0
19:21:11.191938,1023,clock_gettime(CLOCK_MONOTONIC, {289, 476856024}) = 0
19:21:11.192624,1023,epoll_wait(0x1e, 0xbee6d1f8, 0x10, 0xffffffff <unfinished ...>
19:21:13.022851,1050,<... futex resumed> ) = -1 ETIMEDOUT (Connection timed out)
19:21:13.024909,1050,writev(3, [{"\4", 1}, {"GameService\0", 12}, {"get_alert_first:get_list_first ="..., 47}], 3) = 60
19:21:13.028927,1050,gettimeofday({1738783273, 29475}, NULL) = 0
19:21:13.031717,1050,writev(3, [{"\4", 1}, {"GameService\0", 12}, {"firstRunTime:currenttime:(curren"..., 93}], 3) = 106
19:21:13.037041,1050,clock_gettime(CLOCK_MONOTONIC, {291, 322329530}) = 0
19:21:13.040070,1050,clock_gettime(CLOCK_MONOTONIC, {291, 325341455}) = 0
19:21:13.042887,1050,futex(0xb8882488, FUTEX_WAIT_PRIVATE, 0, {14, 996988075}) = -1 ETIMEDOUT (Connection timed out)
19:21:28.059134,1050,writev(3, [{"\4", 1}, {"GameService\0", 12}, {"get_alert_first:get_list_first ="..., 47}], 3) = 60
19:21:28.063450,1050,gettimeofday({1738783288, 64013}, NULL) = 0
19:21:28.066348,1050,writev(3, [{"\4", 1}, {"GameService\0", 12}, {"firstRunTime:currenttime:(curren"..., 93}], 3) = 106
19:21:28.078700,1050,clock_gettime(CLOCK_MONOTONIC, {306, 364086308}) = 0
19:21:28.080573,1050,clock_gettime(CLOCK_MONOTONIC, {306, 365755455}) = 0
19:21:28.085910,1050,futex(0xb8882488, FUTEX_WAIT_PRIVATE, 0, {14, 998330853}) = -1 ETIMEDOUT (Connection timed out)
19:21:43.122561,1050,writev(3, [{"\4", 1}, {"GameService\0", 12}, {"get_alert_first:get_list_first ="..., 47}], 3) = 60
19:21:43.125361,1050,gettimeofday({1738783303, 125534}, NULL) = 0
19:21:43.126086,1050,writev(3, [{"\4", 1}, {"GameService\0", 12}, {"firstRunTime:currenttime:(curren"..., 93}], 3) = 106
19:21:43.128596,1050,clock_gettime(CLOCK_MONOTONIC, {321, 413541737}) = 0
19:21:43.129186,1050,clock_gettime(CLOCK_MONOTONIC, {321, 414161649}) = 0
19:21:43.129795,1050,futex(0xb8882488, FUTEX_WAIT_PRIVATE, 0, {14, 999380088}) = -1 ETIMEDOUT (Connection timed out)
19:21:58.131822,1050,writev(3, [{"\4", 1}, {"GameService\0", 12}, {"get_alert_first:get_list_first ="..., 47}], 3) = 60
19:21:58.134467,1050,gettimeofday({1738783318, 135086}, NULL) = 0
19:21:58.136958,1050,writev(3, [{"\4", 1}, {"GameService\0", 12}, {"firstRunTime:currenttime:(curren"..., 93}], 3) = 106
19:21:58.145035,1050,clock_gettime(CLOCK_MONOTONIC, {336, 430216955}) = 0
19:21:58.146344,1050,clock_gettime(CLOCK_MONOTONIC, {336, 434172531}) = 0
19:21:58.150252,1050,futex(0xb8882488, FUTEX_WAIT_PRIVATE, 0, {14, 996044424}) = -1 ETIMEDOUT (Connection timed out)
19:22:13.157361,1050,writev(3, [{"\4", 1}, {"GameService\0", 12}, {"get_alert_first:get_list_first ="..., 47}], 3) = 60
19:22:13.162060,1050,gettimeofday({1738783333, 162733}, NULL) = 0
19:22:13.164951,1050,writev(3, [{"\4", 1}, {"GameService\0", 12}, {"firstRunTime:currenttime:(curren"..., 93}], 3) = 106
19:22:13.173356,1050,clock_gettime(CLOCK_MONOTONIC, {351, 458841552}) = 0
19:22:13.175614,1050,clock_gettime(CLOCK_MONOTONIC, {351, 461066966}) = 0
19:22:13.177793,1050,futex(0xb8882488, FUTEX_WAIT_PRIVATE, 0, {14, 997774586}) = -1 ETIMEDOUT (Connection timed out)
19:22:28.178619,1050,writev(3, [{"\4", 1}, {"GameService\0", 12}, {"get_alert_first:get_list_first ="..., 47}], 3) = 60
19:22:28.181676,1050,gettimeofday({1738783348, 182132}, NULL) = 0
19:22:28.183811,1050,writev(3, [{"\4", 1}, {"GameService\0", 12}, {"firstRunTime:currenttime:(curren"..., 93}], 3) = 106
19:22:28.193240,1050,clock_gettime(CLOCK_MONOTONIC, {366, 478343303}) = 0
19:22:28.194461,1050,clock_gettime(CLOCK_MONOTONIC, {366, 479536213}) = 0
19:22:28.195677,1050,futex(0xb8882488, FUTEX_WAIT_PRIVATE, 0, {14, 998807090}) = -1 ETIMEDOUT (Connection timed out)
19:22:43.197457,1050,writev(3, [{"\4", 1}, {"GameService\0", 12}, {"get_alert_first:get_list_first ="..., 47}], 3) = 60
19:22:43.201282,1050,gettimeofday({1738783363, 201864}, NULL) = 0
19:22:43.204067,1050,writev(3, [{"\4", 1}, {"GameService\0", 12}, {"firstRunTime:currenttime:(curren"..., 93}], 3) = 106
19:22:43.208023,1050,clock_gettime(CLOCK_MONOTONIC, {381, 493363396}) = 0
19:22:43.209832,1050,clock_gettime(CLOCK_MONOTONIC, {381, 496085931}) = 0
19:22:43.212571,1050,futex(0xb8882488, FUTEX_WAIT_PRIVATE, 0, {14, 997277465}) = -1 ETIMEDOUT (Connection timed out)
19:22:58.216513,1050,writev(3, [{"\4", 1}, {"GameService\0", 12}, {"get_alert_first:get_list_first ="..., 47}], 3) = 60
19:22:58.221073,1050,gettimeofday({1738783378, 221812}, NULL) = 0
19:22:58.224095,1050,writev(3, [{"\4", 1}, {"GameService\0", 12}, {"firstRunTime:currenttime:(curren"..., 93}], 3) = 106
19:22:58.240878,1050,clock_gettime(CLOCK_MONOTONIC, {396, 526312160}) = 0
19:22:58.243094,1050,clock_gettime(CLOCK_MONOTONIC, {396, 528476667}) = 0
19:22:58.245014,1050,futex(0xb8882488, FUTEX_WAIT_PRIVATE, 0, {14, 997835493}